0.000000000000000000e+00 3.008573617315891957e-02
1.000000000000000021e-02 3.008573494327660899e-02
2.000000000000000042e-02 3.008573343241246340e-02
2.999999999999999889e-02 3.008573184264252617e-02
4.000000000000000083e-02 3.008573013054773038e-02
5.000000000000000278e-02 3.008572833234320759e-02
5.999999999999999778e-02 3.008572638511667827e-02
7.000000000000000666e-02 3.008572428435453416e-02
8.000000000000000167e-02 3.008572206268195215e-02
8.999999999999999667e-02 3.008571984000636690e-02
1.000000000000000056e-01 3.008571766552194451e-02
1.100000000000000006e-01 3.008571536636286264e-02
1.199999999999999956e-01 3.008571286922327379e-02
1.300000000000000044e-01 3.008571054823867483e-02
1.400000000000000133e-01 3.008570827988116952e-02
1.499999999999999944e-01 3.008570602958119886e-02
1.600000000000000033e-01 3.008570384846066814e-02
1.700000000000000122e-01 3.008570169758089524e-02
1.799999999999999933e-01 3.008569964989606105e-02
1.900000000000000022e-01 3.008569770820846215e-02
2.000000000000000111e-01 3.008569592598024992e-02
2.099999999999999922e-01 3.008569419952806037e-02
2.200000000000000011e-01 3.008569276904764916e-02
2.300000000000000100e-01 3.008569143188356138e-02
2.399999999999999911e-01 3.008569029871274378e-02
2.500000000000000000e-01 3.008568933850237423e-02
2.600000000000000089e-01 3.008568854093692652e-02
2.700000000000000178e-01 3.008568794336968777e-02
2.800000000000000266e-01 3.008568753865536669e-02
2.899999999999999800e-01 3.008568731088299281e-02
2.999999999999999889e-01 3.008568727486688604e-02
3.099999999999999978e-01 3.008568742647916780e-02
3.200000000000000067e-01 3.008568775722943525e-02
3.300000000000000155e-01 3.008568825459064996e-02
3.400000000000000244e-01 3.008568889716886977e-02
3.500000000000000333e-01 3.008568969575217342e-02
3.599999999999999867e-01 3.008569064771246526e-02
3.699999999999999956e-01 3.008569174178738967e-02
3.800000000000000044e-01 3.008569299572907280e-02
3.900000000000000133e-01 3.008569432139195782e-02
4.000000000000000222e-01 3.008569576467109291e-02
4.100000000000000311e-01 3.008569729884645605e-02
4.199999999999999845e-01 3.008569880084527651e-02
4.299999999999999933e-01 3.008570035969769171e-02
4.400000000000000022e-01 3.008570213701192847e-02
4.500000000000000111e-01 3.008570393358902736e-02
4.600000000000000200e-01 3.008570570620373169e-02
4.700000000000000289e-01 3.008570747595365816e-02
4.799999999999999822e-01 3.008570916106099655e-02
4.899999999999999911e-01 3.008571087325916105e-02
5.000000000000000000e-01 3.008571258316055860e-02
5.100000000000000089e-01 3.008571417976761350e-02
5.200000000000000178e-01 3.008571576062807687e-02
5.300000000000000266e-01 3.008571729519567139e-02
5.400000000000000355e-01 3.008571877389499410e-02
5.500000000000000444e-01 3.008572027545431543e-02
5.600000000000000533e-01 3.008572157790485521e-02
5.700000000000000622e-01 3.008572283263321809e-02
5.799999999999999600e-01 3.008572405607045502e-02
5.899999999999999689e-01 3.008572520089784763e-02
5.999999999999999778e-01 3.008572624065834755e-02
6.099999999999999867e-01 3.008572723732616874e-02
6.199999999999999956e-01 3.008572812974997027e-02
6.300000000000000044e-01 3.008572890164021990e-02
6.400000000000000133e-01 3.008572966932073628e-02
6.500000000000000222e-01 3.008573028867840560e-02
6.600000000000000311e-01 3.008573085032839600e-02
6.700000000000000400e-01 3.008573134343795266e-02
6.800000000000000488e-01 3.008573177940431984e-02
6.900000000000000577e-01 3.008573215455818614e-02
7.000000000000000666e-01 3.008573246217711300e-02
7.099999999999999645e-01 3.008573271339016336e-02
7.199999999999999734e-01 3.008573292185345166e-02
7.299999999999999822e-01 3.008573307574162470e-02
7.399999999999999911e-01 3.008573317644174308e-02
7.500000000000000000e-01 3.008573322119864960e-02
7.600000000000000089e-01 3.008573321503783815e-02
7.700000000000000178e-01 3.008573315767606310e-02
7.800000000000000266e-01 3.008573304509402219e-02
7.900000000000000355e-01 3.008573288166391940e-02
8.000000000000000444e-01 3.008573264623079502e-02
8.100000000000000533e-01 3.008573234825508841e-02
8.200000000000000622e-01 3.008573199228330164e-02
8.300000000000000711e-01 3.008573157879320531e-02
8.399999999999999689e-01 3.008573108306005633e-02
8.499999999999999778e-01 3.008573051570092444e-02
8.599999999999999867e-01 3.008572986403583449e-02
8.699999999999999956e-01 3.008572910161562072e-02
8.800000000000000044e-01 3.008572826761190394e-02
8.900000000000000133e-01 3.008572731266832834e-02
9.000000000000000222e-01 3.008572621281755191e-02
9.100000000000000311e-01 3.008572505291081528e-02
9.200000000000000400e-01 3.008572374244179379e-02
9.300000000000000488e-01 3.008572239965959239e-02
9.400000000000000577e-01 3.008572087661914168e-02
9.500000000000000666e-01 3.008571925845425488e-02
9.599999999999999645e-01 3.008571735063646571e-02
9.699999999999999734e-01 3.008571538615991900e-02
9.799999999999999822e-01 3.008571324542037156e-02
9.899999999999999911e-01 3.008571108593653329e-02
1.000000000000000000e+00 3.008570873376675836e-02
1.010000000000000009e+00 3.008570643481209977e-02
1.020000000000000018e+00 3.008570397598260560e-02
1.030000000000000027e+00 3.008570128895615009e-02
1.040000000000000036e+00 3.008569848507388483e-02
1.050000000000000044e+00 3.008569557479476991e-02
1.060000000000000053e+00 3.008569254806591278e-02
1.070000000000000062e+00 3.008568964903164319e-02
1.080000000000000071e+00 3.008568645782080594e-02
1.090000000000000080e+00 3.008568314374864688e-02
1.100000000000000089e+00 3.008567999318343539e-02
1.110000000000000098e+00 3.008567669807900649e-02
1.120000000000000107e+00 3.008567338695671695e-02
1.130000000000000115e+00 3.008567014910757537e-02
1.140000000000000124e+00 3.008566687049408356e-02
1.150000000000000133e+00 3.008566368616670539e-02
1.159999999999999920e+00 3.008566053000292020e-02
1.169999999999999929e+00 3.008565738354625901e-02
1.179999999999999938e+00 3.008565433664402849e-02
1.189999999999999947e+00 3.008565134851853493e-02
1.199999999999999956e+00 3.008564843180277365e-02
1.209999999999999964e+00 3.008564579847949894e-02
1.219999999999999973e+00 3.008564328935181553e-02
1.229999999999999982e+00 3.008564089316873025e-02
1.239999999999999991e+00 3.008563878349554757e-02
1.250000000000000000e+00 3.008563680204930438e-02
1.260000000000000009e+00 3.008563502182315386e-02
1.270000000000000018e+00 3.008563344715545901e-02
1.280000000000000027e+00 3.008563208899824731e-02
1.290000000000000036e+00 3.008563096336214215e-02
1.300000000000000044e+00 3.008563006441290766e-02
1.310000000000000053e+00 3.008562938244734031e-02
1.320000000000000062e+00 3.008562892746335926e-02
1.330000000000000071e+00 3.008562869902239867e-02
1.340000000000000080e+00 3.008562872376800701e-02
1.350000000000000089e+00 3.008562894948371008e-02
1.360000000000000098e+00 3.008562939609987080e-02
1.370000000000000107e+00 3.008563008907000347e-02
1.380000000000000115e+00 3.008563096742895154e-02
1.390000000000000124e+00 3.008563201284423713e-02
1.400000000000000133e+00 3.008563325282497675e-02
1.409999999999999920e+00 3.008563479239600297e-02
1.419999999999999929e+00 3.008563637413020145e-02
1.429999999999999938e+00 3.008563810544702399e-02
1.439999999999999947e+00 3.008563982074531629e-02
1.449999999999999956e+00 3.008564200303921049e-02
1.459999999999999964e+00 3.008564411093812840e-02
1.469999999999999973e+00 3.008564641869732742e-02
1.479999999999999982e+00 3.008564880462466160e-02
1.489999999999999991e+00 3.008565105117872590e-02
1.500000000000000000e+00 3.008565338867240715e-02
1.510000000000000009e+00 3.008565582484138551e-02
1.520000000000000018e+00 3.008565827341243282e-02
1.530000000000000027e+00 3.008566075253529121e-02
1.540000000000000036e+00 3.008566324025892247e-02
1.550000000000000044e+00 3.008566567425038918e-02
1.560000000000000053e+00 3.008566793523555910e-02
1.570000000000000062e+00 3.008567010663738828e-02
1.580000000000000071e+00 3.008567229663375309e-02
1.590000000000000080e+00 3.008567445417763969e-02
1.600000000000000089e+00 3.008567646762052433e-02
1.610000000000000098e+00 3.008567840975175448e-02
1.620000000000000107e+00 3.008568027083716873e-02
1.630000000000000115e+00 3.008568202462339955e-02
1.640000000000000124e+00 3.008568366526146939e-02
1.650000000000000133e+00 3.008568515446598604e-02
1.660000000000000142e+00 3.008568660906393161e-02
1.669999999999999929e+00 3.008568789249678466e-02
1.679999999999999938e+00 3.008568904589552229e-02
1.689999999999999947e+00 3.008569014528496982e-02
1.699999999999999956e+00 3.008569110989752632e-02
1.709999999999999964e+00 3.008569197048033966e-02
1.719999999999999973e+00 3.008569271662430225e-02
1.729999999999999982e+00 3.008569343624247980e-02
1.739999999999999991e+00 3.008569404507800346e-02
1.750000000000000000e+00 3.008569457422927834e-02
1.760000000000000009e+00 3.008569497799391118e-02
1.770000000000000018e+00 3.008569531370287875e-02
1.780000000000000027e+00 3.008569555563565465e-02
1.790000000000000036e+00 3.008569572424576663e-02
1.800000000000000044e+00 3.008569579820239218e-02
1.810000000000000053e+00 3.008569579284516710e-02
1.820000000000000062e+00 3.008569570747176430e-02
1.830000000000000071e+00 3.008569554048913866e-02
1.840000000000000080e+00 3.008569528438921614e-02
1.850000000000000089e+00 3.008569494677208744e-02
1.860000000000000098e+00 3.008569451484115198e-02
1.870000000000000107e+00 3.008569400423561149e-02
1.880000000000000115e+00 3.008569338119240766e-02
1.890000000000000124e+00 3.008569265004115700e-02
1.900000000000000133e+00 3.008569183614586903e-02
1.910000000000000142e+00 3.008569090272897317e-02
1.919999999999999929e+00 3.008568987487127144e-02
1.929999999999999938e+00 3.008568870361022149e-02
1.939999999999999947e+00 3.008568742332617951e-02
1.949999999999999956e+00 3.008568602634471151e-02
1.959999999999999964e+00 3.008568448170599596e-02
1.969999999999999973e+00 3.008568274408017149e-02
1.979999999999999982e+00 3.008568093235855501e-02
1.989999999999999991e+00 3.008567894180486091e-02
2.000000000000000000e+00 3.008567686054719470e-02
2.010000000000000231e+00 3.008567456999891587e-02
2.020000000000000018e+00 3.008567203071051133e-02
2.030000000000000249e+00 3.008566940153569597e-02
2.040000000000000036e+00 3.008566662303990488e-02
2.049999999999999822e+00 3.008566369160847395e-02
2.060000000000000053e+00 3.008566048617614119e-02
2.069999999999999840e+00 3.008565726436903537e-02
2.080000000000000071e+00 3.008565384214383770e-02
2.089999999999999858e+00 3.008565020116634944e-02
2.100000000000000089e+00 3.008564653640505293e-02
2.109999999999999876e+00 3.008564286705515609e-02
2.120000000000000107e+00 3.008563895862990251e-02
2.129999999999999893e+00 3.008563487435931411e-02
2.140000000000000124e+00 3.008563065103608825e-02
2.149999999999999911e+00 3.008562661697091606e-02
2.160000000000000142e+00 3.008562212406781441e-02
2.169999999999999929e+00 3.008561752158128710e-02
2.180000000000000160e+00 3.008561314380853863e-02
2.189999999999999947e+00 3.008560881386643238e-02
2.200000000000000178e+00 3.008560447155577203e-02
2.209999999999999964e+00 3.008560000872776211e-02
2.220000000000000195e+00 3.008559594870889933e-02
2.229999999999999982e+00 3.008559175361606719e-02
2.240000000000000213e+00 3.008558761744423160e-02
2.250000000000000000e+00 3.008558361000904929e-02
2.260000000000000231e+00 3.008557969698406886e-02
2.270000000000000018e+00 3.008557603420707396e-02
2.280000000000000249e+00 3.008557240581863357e-02
2.290000000000000036e+00 3.008556919160289278e-02
2.300000000000000266e+00 3.008556617556446683e-02
2.310000000000000053e+00 3.008556333777961250e-02
2.319999999999999840e+00 3.008556071535910953e-02
2.330000000000000071e+00 3.008555837053181886e-02
2.339999999999999858e+00 3.008555628614856259e-02
2.350000000000000089e+00 3.008555452048051332e-02
2.359999999999999876e+00 3.008555302745456739e-02
2.370000000000000107e+00 3.008555183921316628e-02
2.379999999999999893e+00 3.008555096044777943e-02
2.390000000000000124e+00 3.008555038472862653e-02
2.399999999999999911e+00 3.008555010407089336e-02
2.410000000000000142e+00 3.008555019711402212e-02
2.419999999999999929e+00 3.008555054922486954e-02
2.430000000000000160e+00 3.008555118685873192e-02
2.439999999999999947e+00 3.008555207873602963e-02
2.450000000000000178e+00 3.008555328636204618e-02
2.459999999999999964e+00 3.008555478333515415e-02
2.470000000000000195e+00 3.008555649213614722e-02
2.479999999999999982e+00 3.008555834724084554e-02
2.490000000000000213e+00 3.008556042177907425e-02
2.500000000000000000e+00 3.008556254979566705e-02
2.510000000000000231e+00 3.008556516194921260e-02
2.520000000000000018e+00 3.008556784287393093e-02
2.530000000000000249e+00 3.008557085143859916e-02
2.540000000000000036e+00 3.008557391871654121e-02
2.550000000000000266e+00 3.008557685735233772e-02
2.560000000000000053e+00 3.008558021663321896e-02
2.569999999999999840e+00 3.008558323693776015e-02
2.580000000000000071e+00 3.008558663813341166e-02
2.589999999999999858e+00 3.008558974434963687e-02
2.600000000000000089e+00 3.008559307509406366e-02
2.609999999999999876e+00 3.008559624173152980e-02
2.620000000000000107e+00 3.008559943389036220e-02
2.629999999999999893e+00 3.008560247697700599e-02
2.640000000000000124e+00 3.008560553640700005e-02
2.649999999999999911e+00 3.008560843909314012e-02
2.660000000000000142e+00 3.008561128631584772e-02
2.669999999999999929e+00 3.008561413960737438e-02
2.680000000000000160e+00 3.008561680017958484e-02
2.689999999999999947e+00 3.008561941555949054e-02
2.700000000000000178e+00 3.008562185453218796e-02
2.709999999999999964e+00 3.008562416616135729e-02
2.720000000000000195e+00 3.008562623251354734e-02
2.729999999999999982e+00 3.008562821870155307e-02
2.740000000000000213e+00 3.008563011460369321e-02
2.750000000000000000e+00 3.008563181818051102e-02
2.760000000000000231e+00 3.008563330110141515e-02
2.770000000000000018e+00 3.008563474520005790e-02
2.780000000000000249e+00 3.008563609185656296e-02
2.790000000000000036e+00 3.008563725713451001e-02
2.800000000000000266e+00 3.008563826632439792e-02
2.810000000000000053e+00 3.008563913381357910e-02
2.819999999999999840e+00 3.008563990976003896e-02
2.830000000000000071e+00 3.008564058693721441e-02
2.839999999999999858e+00 3.008564114386681754e-02
2.850000000000000089e+00 3.008564159062221410e-02
2.859999999999999876e+00 3.008564198892714134e-02
2.870000000000000107e+00 3.008564231681886900e-02
2.879999999999999893e+00 3.008564252842230516e-02
2.890000000000000124e+00 3.008564269039427572e-02
2.899999999999999911e+00 3.008564278444805784e-02
2.910000000000000142e+00 3.008564280373557387e-02
2.919999999999999929e+00 3.008564276276571442e-02
2.930000000000000160e+00 3.008564267685667412e-02
2.939999999999999947e+00 3.008564252400897088e-02
2.950000000000000178e+00 3.008564230748480423e-02
2.959999999999999964e+00 3.008564203298993295e-02
2.970000000000000195e+00 3.008564169820163170e-02
2.979999999999999982e+00 3.008564129780219587e-02
2.990000000000000213e+00 3.008564083400630529e-02
3.000000000000000000e+00 3.008564031019850607e-02
3.010000000000000231e+00 3.008563969978133093e-02
3.020000000000000018e+00 3.008563901456458647e-02
3.030000000000000249e+00 3.008563826334486810e-02
3.040000000000000036e+00 3.008563739255824473e-02
3.050000000000000266e+00 3.008563641628414151e-02
3.060000000000000053e+00 3.008563534777365656e-02
3.070000000000000284e+00 3.008563420847477562e-02
3.080000000000000071e+00 3.008563293966920460e-02
3.089999999999999858e+00 3.008563158041884997e-02
3.100000000000000089e+00 3.008563006773817133e-02
3.109999999999999876e+00 3.008562848347278232e-02
3.120000000000000107e+00 3.008562669925710781e-02
3.129999999999999893e+00 3.008562484556795424e-02
3.140000000000000124e+00 3.008562283328439918e-02
3.149999999999999911e+00 3.008562071998911042e-02
3.160000000000000142e+00 3.008561854020990606e-02
3.169999999999999929e+00 3.008561619751824040e-02
3.180000000000000160e+00 3.008561363681049386e-02
3.189999999999999947e+00 3.008561106066569638e-02
3.200000000000000178e+00 3.008560830441217235e-02
3.209999999999999964e+00 3.008560543758312389e-02
3.220000000000000195e+00 3.008560249973313283e-02
3.229999999999999982e+00 3.008559945699468274e-02
3.240000000000000213e+00 3.008559633538336955e-02
3.250000000000000000e+00 3.008559312812131639e-02
3.260000000000000231e+00 3.008558975131182117e-02
3.270000000000000018e+00 3.008558632685473869e-02
3.280000000000000249e+00 3.008558294513925119e-02
3.290000000000000036e+00 3.008557956049250429e-02
3.300000000000000266e+00 3.008557616477464808e-02
3.310000000000000053e+00 3.008557273401190127e-02
3.320000000000000284e+00 3.008556938908815009e-02
3.330000000000000071e+00 3.008556607600764571e-02
3.339999999999999858e+00 3.008556279374339365e-02
3.350000000000000089e+00 3.008555957474439227e-02
3.359999999999999876e+00 3.008555631141767231e-02
3.370000000000000107e+00 3.008555323418025951e-02
3.379999999999999893e+00 3.008555025321729692e-02
3.390000000000000124e+00 3.008554739555262605e-02
3.399999999999999911e+00 3.008554469128940298e-02
3.410000000000000142e+00 3.008554215117651559e-02
3.419999999999999929e+00 3.008553967160833287e-02
3.430000000000000160e+00 3.008553737384909305e-02
3.439999999999999947e+00 3.008553524244420366e-02
3.450000000000000178e+00 3.008553332827363508e-02
3.459999999999999964e+00 3.008553158353412596e-02
3.470000000000000195e+00 3.008553001223645759e-02
3.479999999999999982e+00 3.008552862923268012e-02
3.490000000000000213e+00 3.008552740475556320e-02
3.500000000000000000e+00 3.008552642305084915e-02
3.510000000000000231e+00 3.008552557340005845e-02
3.520000000000000018e+00 3.008552489550237255e-02
3.530000000000000249e+00 3.008552439993966363e-02
3.540000000000000036e+00 3.008552410512507422e-02
3.550000000000000266e+00 3.008552390952937139e-02
3.560000000000000053e+00 3.008552381553485089e-02
3.570000000000000284e+00 3.008552393883145992e-02
3.580000000000000071e+00 3.008552423862463632e-02
3.589999999999999858e+00 3.008552459875803164e-02
3.600000000000000089e+00 3.008552512576133375e-02
3.609999999999999876e+00 3.008552564291894216e-02
3.620000000000000107e+00 3.008552632113188630e-02
3.629999999999999893e+00 3.008552712753312028e-02
3.640000000000000124e+00 3.008552782504086628e-02
3.649999999999999911e+00 3.008552867451663379e-02
3.660000000000000142e+00 3.008552960621326683e-02
3.669999999999999929e+00 3.008553055386983810e-02
3.680000000000000160e+00 3.008553135628102768e-02
3.689999999999999947e+00 3.008553227959659404e-02
3.700000000000000178e+00 3.008553316177249581e-02
3.709999999999999964e+00 3.008553402304243660e-02
3.720000000000000195e+00 3.008553488420716640e-02
3.729999999999999982e+00 3.008553578526236214e-02
3.740000000000000213e+00 3.008553650950586411e-02
3.750000000000000000e+00 3.008553728553400169e-02
3.760000000000000231e+00 3.008553802470255792e-02
3.770000000000000018e+00 3.008553862250767236e-02
3.780000000000000249e+00 3.008553911514084619e-02
3.790000000000000036e+00 3.008553965547874215e-02
3.800000000000000266e+00 3.008554015904918097e-02
3.810000000000000053e+00 3.008554052445696139e-02
3.820000000000000284e+00 3.008554083366515169e-02
3.830000000000000071e+00 3.008554109979700783e-02
3.839999999999999858e+00 3.008554128422653851e-02
3.850000000000000089e+00 3.008554140680752553e-02
3.859999999999999876e+00 3.008554151225215426e-02
3.870000000000000107e+00 3.008554149988295484e-02
3.879999999999999893e+00 3.008554142775425599e-02
3.890000000000000124e+00 3.008554130058737480e-02
3.899999999999999911e+00 3.008554114018866660e-02
3.910000000000000142e+00 3.008554089955841476e-02
3.919999999999999929e+00 3.008554060936242947e-02
3.930000000000000160e+00 3.008554023748594153e-02
3.939999999999999947e+00 3.008553980176333076e-02
3.950000000000000178e+00 3.008553930614568661e-02
3.959999999999999964e+00 3.008553874581285786e-02
3.970000000000000195e+00 3.008553811269597256e-02
3.979999999999999982e+00 3.008553740667312820e-02
3.990000000000000213e+00 3.008553662968431464e-02
4.000000000000000000e+00 3.008553575621051440e-02
4.009999999999999787e+00 3.008553480256629525e-02
4.020000000000000462e+00 3.008553373902609490e-02
4.030000000000000249e+00 3.008553258163292748e-02
4.040000000000000036e+00 3.008553128519580316e-02
4.049999999999999822e+00 3.008552987708257298e-02
4.060000000000000497e+00 3.008552836089841906e-02
4.070000000000000284e+00 3.008552671627914843e-02
4.080000000000000071e+00 3.008552485832840379e-02
4.089999999999999858e+00 3.008552289364818666e-02
4.099999999999999645e+00 3.008552074417568389e-02
4.110000000000000320e+00 3.008551840729790927e-02
4.120000000000000107e+00 3.008551592148049625e-02
4.129999999999999893e+00 3.008551321680510288e-02
4.139999999999999680e+00 3.008551042392425268e-02
4.150000000000000355e+00 3.008550721165217240e-02
4.160000000000000142e+00 3.008550380375564492e-02
4.169999999999999929e+00 3.008550025019571944e-02
4.179999999999999716e+00 3.008549658688502298e-02
4.190000000000000391e+00 3.008549259766829867e-02
4.200000000000000178e+00 3.008548830773082744e-02
4.209999999999999964e+00 3.008548401483112505e-02
4.219999999999999751e+00 3.008547948220587076e-02
4.230000000000000426e+00 3.008547467554853125e-02
4.240000000000000213e+00 3.008546968246414433e-02
4.250000000000000000e+00 3.008546430974488178e-02
4.259999999999999787e+00 3.008545897813279246e-02
4.270000000000000462e+00 3.008545333817230771e-02
4.280000000000000249e+00 3.008544762637735404e-02
4.290000000000000036e+00 3.008544163814962091e-02
4.299999999999999822e+00 3.008543568419036474e-02
4.310000000000000497e+00 3.008542951540021937e-02
4.320000000000000284e+00 3.008542335489199776e-02
4.330000000000000071e+00 3.008541700059558233e-02
4.339999999999999858e+00 3.008541079750136349e-02
4.350000000000000533e+00 3.008540437028136422e-02
4.360000000000000320e+00 3.008539787866154613e-02
4.370000000000000107e+00 3.008539133617185377e-02
4.379999999999999893e+00 3.008538477757499024e-02
4.389999999999999680e+00 3.008537859604271461e-02
4.400000000000000355e+00 3.008537233891952350e-02
4.410000000000000142e+00 3.008536622998123078e-02
4.419999999999999929e+00 3.008536026116181289e-02
4.429999999999999716e+00 3.008535453988432640e-02
4.440000000000000391e+00 3.008534893039965796e-02
4.450000000000000178e+00 3.008534334074094638e-02
4.459999999999999964e+00 3.008533809345299848e-02
4.469999999999999751e+00 3.008533315419851042e-02
4.480000000000000426e+00 3.008532840100832870e-02
4.490000000000000213e+00 3.008532398523272935e-02
4.500000000000000000e+00 3.008531979255294961e-02
4.509999999999999787e+00 3.008531591686792322e-02
4.520000000000000462e+00 3.008531233406756822e-02
4.530000000000000249e+00 3.008530908376565172e-02
4.540000000000000036e+00 3.008530614934512570e-02
4.549999999999999822e+00 3.008530352508903896e-02
4.560000000000000497e+00 3.008530124543513928e-02
4.570000000000000284e+00 3.008529924796431859e-02
4.580000000000000071e+00 3.008529758456724226e-02
4.589999999999999858e+00 3.008529635057724527e-02
4.600000000000000533e+00 3.008529531594370671e-02
4.610000000000000320e+00 3.008529449287011479e-02
4.620000000000000107e+00 3.008529394744272056e-02
4.629999999999999893e+00 3.008529370687503673e-02
4.639999999999999680e+00 3.008529392025256072e-02
4.650000000000000355e+00 3.008529409263486012e-02
4.660000000000000142e+00 3.008529454003347481e-02
4.669999999999999929e+00 3.008529510129147669e-02
4.679999999999999716e+00 3.008529596440395401e-02
4.690000000000000391e+00 3.008529708640027625e-02
4.700000000000000178e+00 3.008529831156613737e-02
4.709999999999999964e+00 3.008529953217295091e-02
4.719999999999999751e+00 3.008530098604704495e-02
4.730000000000000426e+00 3.008530268513229244e-02
4.740000000000000213e+00 3.008530437598621460e-02
4.750000000000000000e+00 3.008530602386421532e-02
4.759999999999999787e+00 3.008530772226674505e-02
4.770000000000000462e+00 3.008530949688175207e-02
4.780000000000000249e+00 3.008531125334065401e-02
4.790000000000000036e+00 3.008531309579335136e-02
4.799999999999999822e+00 3.008531496304769209e-02
4.810000000000000497e+00 3.008531673620344626e-02
4.820000000000000284e+00 3.008531832688467536e-02
4.830000000000000071e+00 3.008531979393684261e-02
4.839999999999999858e+00 3.008532132037164755e-02
4.850000000000000533e+00 3.008532279210167359e-02
4.860000000000000320e+00 3.008532414134551872e-02
4.870000000000000107e+00 3.008532524048584608e-02
4.879999999999999893e+00 3.008532635983323864e-02
4.889999999999999680e+00 3.008532739490888189e-02
4.900000000000000355e+00 3.008532824532278785e-02
4.910000000000000142e+00 3.008532907897421005e-02
4.919999999999999929e+00 3.008532977342029055e-02
4.929999999999999716e+00 3.008533048862808285e-02
4.940000000000000391e+00 3.008533111937673754e-02
4.950000000000000178e+00 3.008533153008693256e-02
4.959999999999999964e+00 3.008533184491586285e-02
4.969999999999999751e+00 3.008533194882938300e-02
4.980000000000000426e+00 3.008533200258412324e-02
4.990000000000000213e+00 3.008533198991152416e-02
5.000000000000000000e+00 3.008533192229866093e-02
5.009999999999999787e+00 3.008533175666447401e-02
5.020000000000000462e+00 3.008533148622083431e-02
5.030000000000000249e+00 3.008533118556082353e-02
5.040000000000000036e+00 3.008533077498410507e-02
5.049999999999999822e+00 3.008533029912800749e-02
5.060000000000000497e+00 3.008532973310106690e-02
5.070000000000000284e+00 3.008532907753009786e-02
5.080000000000000071e+00 3.008532833886955193e-02
5.089999999999999858e+00 3.008532751330716959e-02
5.100000000000000533e+00 3.008532660257915922e-02
5.110000000000000320e+00 3.008532560925827187e-02
5.120000000000000107e+00 3.008532450679667070e-02
5.129999999999999893e+00 3.008532331139088592e-02
5.139999999999999680e+00 3.008532199806217972e-02
5.150000000000000355e+00 3.008532059321677651e-02
5.160000000000000142e+00 3.008531908222301932e-02
5.169999999999999929e+00 3.008531741286514516e-02
5.179999999999999716e+00 3.008531565284864456e-02
5.190000000000000391e+00 3.008531379495454211e-02
5.200000000000000178e+00 3.008531172769520617e-02
5.209999999999999964e+00 3.008530948836151894e-02
5.219999999999999751e+00 3.008530708981878299e-02
5.230000000000000426e+00 3.008530451229778427e-02
5.240000000000000213e+00 3.008530179676160987e-02
5.250000000000000000e+00 3.008529889221845180e-02
5.259999999999999787e+00 3.008529594748434940e-02
5.270000000000000462e+00 3.008529272154934764e-02
5.280000000000000249e+00 3.008528943679845968e-02
5.290000000000000036e+00 3.008528594938039702e-02
5.299999999999999822e+00 3.008528221710682696e-02
5.310000000000000497e+00 3.008527832244361697e-02
5.320000000000000284e+00 3.008527433712628735e-02
5.330000000000000071e+00 3.008527027893217673e-02
5.339999999999999858e+00 3.008526601473354017e-02
5.350000000000000533e+00 3.008526147245004986e-02
5.360000000000000320e+00 3.008525694624800476e-02
5.370000000000000107e+00 3.008525220691032551e-02
5.379999999999999893e+00 3.008524751774636907e-02
5.389999999999999680e+00 3.008524248403725634e-02
5.400000000000000355e+00 3.008523751593299850e-02
5.410000000000000142e+00 3.008523235731788703e-02
5.419999999999999929e+00 3.008522721314454973e-02
5.429999999999999716e+00 3.008522211000742852e-02
5.440000000000000391e+00 3.008521680324584974e-02
5.450000000000000178e+00 3.008521162094923360e-02
5.459999999999999964e+00 3.008520640329021001e-02
5.469999999999999751e+00 3.008520116479103043e-02
5.480000000000000426e+00 3.008519609395731223e-02
5.490000000000000213e+00 3.008519107983738394e-02
5.500000000000000000e+00 3.008518603192713789e-02
5.509999999999999787e+00 3.008518124262120341e-02
5.520000000000000462e+00 3.008517655199051746e-02
5.530000000000000249e+00 3.008517206016896733e-02
5.540000000000000036e+00 3.008516760981919808e-02
5.549999999999999822e+00 3.008516341970613600e-02
5.560000000000000497e+00 3.008515946805475488e-02
5.570000000000000284e+00 3.008515573706208035e-02
5.580000000000000071e+00 3.008515214831991580e-02
5.589999999999999858e+00 3.008514877849327931e-02
5.600000000000000533e+00 3.008514563280555512e-02
5.610000000000000320e+00 3.008514273832470914e-02
5.620000000000000107e+00 3.008514007841205443e-02
5.629999999999999893e+00 3.008513766376986684e-02
5.639999999999999680e+00 3.008513548367506771e-02
5.650000000000000355e+00 3.008513361265503089e-02
5.660000000000000142e+00 3.008513197164491837e-02
5.669999999999999929e+00 3.008513051072584515e-02
5.679999999999999716e+00 3.008512942843990720e-02
5.690000000000000391e+00 3.008512845525807000e-02
5.700000000000000178e+00 3.008512770828516633e-02
5.709999999999999964e+00 3.008512716272928461e-02
5.719999999999999751e+00 3.008512681345048081e-02
5.730000000000000426e+00 3.008512659182189727e-02
5.740000000000000213e+00 3.008512674068600234e-02
5.750000000000000000e+00 3.008512694781117700e-02
5.759999999999999787e+00 3.008512729428814217e-02
5.770000000000000462e+00 3.008512793267220306e-02
5.780000000000000249e+00 3.008512851866815274e-02
5.790000000000000036e+00 3.008512926423096562e-02
5.799999999999999822e+00 3.008512994172201152e-02
5.810000000000000497e+00 3.008513069629600509e-02
5.820000000000000284e+00 3.008513161949626785e-02
5.830000000000000071e+00 3.008513256707720518e-02
5.839999999999999858e+00 3.008513358802025750e-02
5.850000000000000533e+00 3.008513469888342284e-02
5.860000000000000320e+00 3.008513562917747991e-02
5.870000000000000107e+00 3.008513656622019417e-02
5.879999999999999893e+00 3.008513756803741709e-02
5.889999999999999680e+00 3.008513857982010944e-02
5.900000000000000355e+00 3.008513956973247333e-02
5.910000000000000142e+00 3.008514049453309136e-02
5.919999999999999929e+00 3.008514147292746382e-02
5.929999999999999716e+00 3.008514234746168317e-02
5.940000000000000391e+00 3.008514302210023306e-02
5.950000000000000178e+00 3.008514372127885084e-02
5.959999999999999964e+00 3.008514441842805032e-02
5.969999999999999751e+00 3.008514493602934547e-02
5.980000000000000426e+00 3.008514545694557576e-02
5.990000000000000213e+00 3.008514585258882310e-02
6.000000000000000000e+00 3.008514620325513506e-02
6.009999999999999787e+00 3.008514639960660486e-02
6.020000000000000462e+00 3.008514659487909054e-02
6.030000000000000249e+00 3.008514666368953053e-02
6.040000000000000036e+00 3.008514665462509383e-02
6.049999999999999822e+00 3.008514652812354848e-02
6.060000000000000497e+00 3.008514637149143495e-02
6.070000000000000284e+00 3.008514616845815032e-02
6.080000000000000071e+00 3.008514586212999997e-02
6.089999999999999858e+00 3.008514549489448020e-02
6.100000000000000533e+00 3.008514505136648809e-02
6.110000000000000320e+00 3.008514452505152426e-02
6.120000000000000107e+00 3.008514392036547302e-02
6.129999999999999893e+00 3.008514323094564624e-02
6.140000000000000568e+00 3.008514245514840035e-02
6.150000000000000355e+00 3.008514159213598882e-02
6.160000000000000142e+00 3.008514064094996998e-02
6.169999999999999929e+00 3.008513959587994641e-02
6.179999999999999716e+00 3.008513845231204631e-02
6.190000000000000391e+00 3.008513720778929756e-02
6.200000000000000178e+00 3.008513584611152009e-02
6.209999999999999964e+00 3.008513436718293285e-02
6.219999999999999751e+00 3.008513276988023649e-02
6.230000000000000426e+00 3.008513104669296306e-02
6.240000000000000213e+00 3.008512916027095141e-02
6.250000000000000000e+00 3.008512714681962560e-02
6.259999999999999787e+00 3.008512504396064491e-02
6.270000000000000462e+00 3.008512279516246946e-02
6.280000000000000249e+00 3.008512034492972359e-02
6.290000000000000036e+00 3.008511781269610982e-02
6.299999999999999822e+00 3.008511507340231456e-02
6.310000000000000497e+00 3.008511207478106741e-02
6.320000000000000284e+00 3.008510911924511255e-02
6.330000000000000071e+00 3.008510587056347635e-02
6.339999999999999858e+00 3.008510248574881168e-02
6.350000000000000533e+00 3.008509887858611814e-02
6.360000000000000320e+00 3.008509512424167170e-02
6.370000000000000107e+00 3.008509114856778438e-02
6.379999999999999893e+00 3.008508695059836091e-02
6.390000000000000568e+00 3.008508268257488460e-02
6.400000000000000355e+00 3.008507832569734183e-02
6.410000000000000142e+00 3.008507378249103414e-02
6.419999999999999929e+00 3.008506918253555859e-02
6.429999999999999716e+00 3.008506446409809146e-02
6.440000000000000391e+00 3.008505976585133454e-02
6.450000000000000178e+00 3.008505480912654004e-02
6.459999999999999964e+00 3.008505001212064336e-02
6.469999999999999751e+00 3.008504482328570179e-02
6.480000000000000426e+00 3.008504005908822429e-02
6.490000000000000213e+00 3.008503518437313784e-02
6.500000000000000000e+00 3.008503029175822394e-02
6.509999999999999787e+00 3.008502556072460699e-02
6.520000000000000462e+00 3.008502087553465570e-02
6.530000000000000249e+00 3.008501616774764131e-02
6.540000000000000036e+00 3.008501169570435355e-02
6.549999999999999822e+00 3.008500702424707698e-02
6.560000000000000497e+00 3.008500259554142131e-02
6.570000000000000284e+00 3.008499837006854000e-02
6.580000000000000071e+00 3.008499435364707375e-02
6.589999999999999858e+00 3.008499052607249702e-02
6.600000000000000533e+00 3.008498688457811321e-02
6.610000000000000320e+00 3.008498340524824732e-02
6.620000000000000107e+00 3.008498022809907510e-02
6.629999999999999893e+00 3.008497735074985163e-02
6.640000000000000568e+00 3.008497476602739473e-02
6.650000000000000355e+00 3.008497243815246719e-02
6.660000000000000142e+00 3.008497037811321689e-02
6.669999999999999929e+00 3.008496861445475110e-02
6.679999999999999716e+00 3.008496714853587176e-02
6.690000000000000391e+00 3.008496598421968662e-02
6.700000000000000178e+00 3.008496508274917380e-02
6.709999999999999964e+00 3.008496450286152896e-02
6.719999999999999751e+00 3.008496420803384586e-02
6.730000000000000426e+00 3.008496409706240549e-02
6.740000000000000213e+00 3.008496432569277013e-02
6.750000000000000000e+00 3.008496482673899200e-02
6.759999999999999787e+00 3.008496565535207640e-02
6.770000000000000462e+00 3.008496683282817219e-02
6.780000000000000249e+00 3.008496810473820088e-02
6.790000000000000036e+00 3.008496964785142835e-02
6.799999999999999822e+00 3.008497135843580389e-02
6.810000000000000497e+00 3.008497330991064672e-02
6.820000000000000284e+00 3.008497532191186513e-02
6.830000000000000071e+00 3.008497747813799333e-02
6.839999999999999858e+00 3.008497965626588666e-02
6.850000000000000533e+00 3.008498196608022299e-02
6.860000000000000320e+00 3.008498436962023931e-02
6.870000000000000107e+00 3.008498662565076143e-02
6.879999999999999893e+00 3.008498900775054621e-02
6.890000000000000568e+00 3.008499153807988463e-02
6.900000000000000355e+00 3.008499398538885122e-02
6.910000000000000142e+00 3.008499656388825133e-02
6.919999999999999929e+00 3.008499904671589620e-02
6.929999999999999716e+00 3.008500161801253708e-02
6.940000000000000391e+00 3.008500409538941711e-02
6.950000000000000178e+00 3.008500622277850145e-02
6.959999999999999964e+00 3.008500837305788655e-02
6.969999999999999751e+00 3.008501051323517889e-02
6.980000000000000426e+00 3.008501252403758194e-02
6.990000000000000213e+00 3.008501431610791088e-02
7.000000000000000000e+00 3.008501616282503732e-02
7.009999999999999787e+00 3.008501780746612383e-02
7.020000000000000462e+00 3.008501937665528092e-02
7.030000000000000249e+00 3.008502077344743855e-02
7.040000000000000036e+00 3.008502217514563704e-02
7.049999999999999822e+00 3.008502340145910448e-02
7.060000000000000497e+00 3.008502457167974709e-02
7.070000000000000284e+00 3.008502554435346296e-02
7.080000000000000071e+00 3.008502641650314530e-02
7.089999999999999858e+00 3.008502718934332604e-02
7.100000000000000533e+00 3.008502791192054632e-02
7.110000000000000320e+00 3.008502853869599730e-02
7.120000000000000107e+00 3.008502904868836508e-02
7.129999999999999893e+00 3.008502943476260710e-02
7.140000000000000568e+00 3.008502977431275899e-02
7.150000000000000355e+00 3.008503003631778083e-02
7.160000000000000142e+00 3.008503018409984173e-02
7.169999999999999929e+00 3.008503026559456936e-02
7.179999999999999716e+00 3.008503029109520222e-02
7.190000000000000391e+00 3.008503027045654477e-02
7.200000000000000178e+00 3.008503017805440327e-02
7.209999999999999964e+00 3.008503004015170013e-02
7.219999999999999751e+00 3.008502982900643913e-02
7.230000000000000426e+00 3.008502955757074229e-02
7.240000000000000213e+00 3.008502922150643050e-02
7.250000000000000000e+00 3.008502881926890943e-02
7.259999999999999787e+00 3.008502835590311578e-02
7.270000000000000462e+00 3.008502781939286636e-02
7.280000000000000249e+00 3.008502718301307721e-02
7.290000000000000036e+00 3.008502649286830255e-02
7.299999999999999822e+00 3.008502570009727317e-02
7.310000000000000497e+00 3.008502480852730948e-02
7.320000000000000284e+00 3.008502382450112256e-02
7.330000000000000071e+00 3.008502274954241024e-02
7.339999999999999858e+00 3.008502153141109567e-02
7.350000000000000533e+00 3.008502016681676230e-02
7.360000000000000320e+00 3.008501866806399111e-02
7.370000000000000107e+00 3.008501702578799189e-02
7.379999999999999893e+00 3.008501524146136447e-02
7.390000000000000568e+00 3.008501328576935682e-02
7.400000000000000355e+00 3.008501125496496759e-02
7.410000000000000142e+00 3.008500908431584187e-02
7.419999999999999929e+00 3.008500672842404425e-02
7.429999999999999716e+00 3.008500417275160321e-02
7.440000000000000391e+00 3.008500139282283686e-02
7.450000000000000178e+00 3.008499835481819734e-02
7.459999999999999964e+00 3.008499531221791451e-02
7.469999999999999751e+00 3.008499207945412174e-02
7.480000000000000426e+00 3.008498861520395723e-02
7.490000000000000213e+00 3.008498506610047390e-02
7.500000000000000000e+00 3.008498131987266677e-02
7.509999999999999787e+00 3.008497743223256457e-02
7.520000000000000462e+00 3.008497340051307159e-02
7.530000000000000249e+00 3.008496931679206787e-02
7.540000000000000036e+00 3.008496515022326956e-02
7.549999999999999822e+00 3.008496067687650363e-02
7.560000000000000497e+00 3.008495614404045615e-02
7.570000000000000284e+00 3.008495202114012251e-02
7.580000000000000071e+00 3.008494754362666529e-02
7.589999999999999858e+00 3.008494311926912176e-02
7.600000000000000533e+00 3.008493844236912948e-02
7.610000000000000320e+00 3.008493415001978893e-02
7.620000000000000107e+00 3.008492954336072778e-02
7.629999999999999893e+00 3.008492538263306953e-02
7.640000000000000568e+00 3.008492110421008559e-02
7.650000000000000355e+00 3.008491686774512897e-02
7.660000000000000142e+00 3.008491278328899454e-02
7.669999999999999929e+00 3.008490871185390617e-02
7.679999999999999716e+00 3.008490496557742616e-02
7.690000000000000391e+00 3.008490132154879870e-02
7.700000000000000178e+00 3.008489783939165274e-02
7.709999999999999964e+00 3.008489455540791502e-02
7.719999999999999751e+00 3.008489149501079873e-02
7.730000000000000426e+00 3.008488878100197550e-02
7.740000000000000213e+00 3.008488626207898170e-02
7.750000000000000000e+00 3.008488396630253775e-02
7.759999999999999787e+00 3.008488192331145242e-02
7.770000000000000462e+00 3.008488018991641727e-02
7.780000000000000249e+00 3.008487867329774634e-02
7.790000000000000036e+00 3.008487744229909958e-02
7.799999999999999822e+00 3.008487648069797446e-02
7.810000000000000497e+00 3.008487580329072264e-02
7.820000000000000284e+00 3.008487533772828681e-02
7.830000000000000071e+00 3.008487512382265749e-02
7.839999999999999858e+00 3.008487527107103071e-02
7.850000000000000533e+00 3.008487559980769360e-02
7.860000000000000320e+00 3.008487623409324130e-02
7.870000000000000107e+00 3.008487691760296234e-02
7.879999999999999893e+00 3.008487790698357450e-02
7.890000000000000568e+00 3.008487895235367748e-02
7.900000000000000355e+00 3.008488038178586121e-02
7.910000000000000142e+00 3.008488188024290716e-02
7.919999999999999929e+00 3.008488359921095839e-02
7.930000000000000604e+00 3.008488538942304807e-02
7.940000000000000391e+00 3.008488739849470017e-02
7.950000000000000178e+00 3.008488953017579570e-02
7.959999999999999964e+00 3.008489163787726739e-02
7.969999999999999751e+00 3.008489376661124814e-02
7.980000000000000426e+00 3.008489592999039758e-02
7.990000000000000213e+00 3.008489839764845117e-02
8.000000000000000000e+00 3.008490072300502166e-02
8.009999999999999787e+00 3.008490316296042605e-02
8.019999999999999574e+00 3.008490540204004221e-02
8.029999999999999361e+00 3.008490777401118949e-02
8.040000000000000924e+00 3.008490990740848164e-02
8.050000000000000711e+00 3.008491212404700715e-02
8.060000000000000497e+00 3.008491444105028390e-02
8.070000000000000284e+00 3.008491658034581628e-02
8.080000000000000071e+00 3.008491859840562582e-02
8.089999999999999858e+00 3.008492059937693114e-02
8.099999999999999645e+00 3.008492244607507624e-02
8.109999999999999432e+00 3.008492416561258515e-02
8.120000000000000995e+00 3.008492579877720258e-02
8.130000000000000782e+00 3.008492745632660240e-02
8.140000000000000568e+00 3.008492886579052644e-02
8.150000000000000355e+00 3.008493022264824290e-02
8.160000000000000142e+00 3.008493138755068130e-02
8.169999999999999929e+00 3.008493247809036417e-02
8.179999999999999716e+00 3.008493345936580701e-02
8.189999999999999503e+00 3.008493432986567712e-02
8.199999999999999289e+00 3.008493503686518467e-02
8.210000000000000853e+00 3.008493568041203936e-02
8.220000000000000639e+00 3.008493617925705327e-02
8.230000000000000426e+00 3.008493654965573028e-02
8.240000000000000213e+00 3.008493681752678200e-02
8.250000000000000000e+00 3.008493696129983103e-02
8.259999999999999787e+00 3.008493697531719815e-02
8.269999999999999574e+00 3.008493687122545598e-02
8.279999999999999361e+00 3.008493663814764546e-02
8.290000000000000924e+00 3.008493628390832356e-02
8.300000000000000711e+00 3.008493578953186365e-02
8.310000000000000497e+00 3.008493515228646484e-02
8.320000000000000284e+00 3.008493436771785684e-02
8.330000000000000071e+00 3.008493346586347747e-02
8.339999999999999858e+00 3.008493241627723316e-02
8.349999999999999645e+00 3.008493123348846693e-02
8.359999999999999432e+00 3.008492994445350482e-02
8.370000000000000995e+00 3.008492847155645050e-02
8.380000000000000782e+00 3.008492686916001968e-02
8.390000000000000568e+00 3.008492511153833260e-02
8.400000000000000355e+00 3.008492320972961168e-02
8.410000000000000142e+00 3.008492112440049396e-02
8.419999999999999929e+00 3.008491891959674119e-02
8.429999999999999716e+00 3.008491652167719077e-02
8.439999999999999503e+00 3.008491399250884379e-02
8.449999999999999289e+00 3.008491134887053553e-02
8.460000000000000853e+00 3.008490854301301004e-02
8.470000000000000639e+00 3.008490549638255518e-02
8.480000000000000426e+00 3.008490225382589450e-02
8.490000000000000213e+00 3.008489887766023496e-02
8.500000000000000000e+00 3.008489544196819160e-02
8.509999999999999787e+00 3.008489176468986601e-02
8.519999999999999574e+00 3.008488809624491889e-02
8.529999999999999361e+00 3.008488413654222121e-02
8.540000000000000924e+00 3.008488030010853659e-02
8.550000000000000711e+00 3.008487616870212517e-02
8.560000000000000497e+00 3.008487187568463853e-02
8.570000000000000284e+00 3.008486740255926842e-02
8.580000000000000071e+00 3.008486332022510673e-02
8.589999999999999858e+00 3.008485921897043058e-02
8.599999999999999645e+00 3.008485483565949414e-02
8.609999999999999432e+00 3.008485070740026315e-02
8.620000000000000995e+00 3.008484650853588890e-02
8.630000000000000782e+00 3.008484223476130121e-02
8.640000000000000568e+00 3.008483819528537384e-02
8.650000000000000355e+00 3.008483422576179941e-02
8.660000000000000142e+00 3.008483016795888282e-02
8.669999999999999929e+00 3.008482638542773341e-02
8.679999999999999716e+00 3.008482269640936485e-02
8.689999999999999503e+00 3.008481919266590629e-02
8.700000000000001066e+00 3.008481595391773386e-02
8.710000000000000853e+00 3.008481283998668682e-02
8.720000000000000639e+00 3.008480993255133878e-02
8.730000000000000426e+00 3.008480731127606556e-02
8.740000000000000213e+00 3.008480504467804517e-02
8.750000000000000000e+00 3.008480301289515393e-02
8.759999999999999787e+00 3.008480132161973561e-02
8.769999999999999574e+00 3.008479992594134678e-02
8.779999999999999361e+00 3.008479881767165548e-02
8.790000000000000924e+00 3.008479803790681945e-02
8.800000000000000711e+00 3.008479758132483195e-02
8.810000000000000497e+00 3.008479745835788283e-02
8.820000000000000284e+00 3.008479765257439376e-02
8.830000000000000071e+00 3.008479814795112298e-02
8.839999999999999858e+00 3.008479905266681770e-02
8.849999999999999645e+00 3.008480025397968632e-02
8.859999999999999432e+00 3.008480177526376767e-02
8.870000000000000995e+00 3.008480353550383596e-02
8.880000000000000782e+00 3.008480573611350961e-02
8.890000000000000568e+00 3.008480818052738232e-02
8.900000000000000355e+00 3.008481084962487048e-02
8.910000000000000142e+00 3.008481364854121570e-02
8.919999999999999929e+00 3.008481690345886014e-02
8.929999999999999716e+00 3.008482036253909420e-02
8.939999999999999503e+00 3.008482403991508125e-02
8.950000000000001066e+00 3.008482780138983445e-02
8.960000000000000853e+00 3.008483172807532163e-02
8.970000000000000639e+00 3.008483583402362521e-02
8.980000000000000426e+00 3.008483977536920151e-02
8.990000000000000213e+00 3.008484419938790150e-02
9.000000000000000000e+00 3.008484834786486622e-02
9.009999999999999787e+00 3.008485247941362906e-02
9.019999999999999574e+00 3.008485699342879766e-02
9.029999999999999361e+00 3.008486133867814549e-02
9.040000000000000924e+00 3.008486549820490324e-02
9.050000000000000711e+00 3.008486984560112057e-02
9.060000000000000497e+00 3.008487403284779843e-02
9.070000000000000284e+00 3.008487804500360394e-02
9.080000000000000071e+00 3.008488233995791281e-02
9.089999999999999858e+00 3.008488614494540803e-02
9.099999999999999645e+00 3.008488998108063694e-02
9.109999999999999432e+00 3.008489356951278559e-02
9.120000000000000995e+00 3.008489698220688166e-02
9.130000000000000782e+00 3.008490016903641803e-02
9.140000000000000568e+00 3.008490330087059891e-02
9.150000000000000355e+00 3.008490632216923727e-02
9.160000000000000142e+00 3.008490909019703383e-02
9.169999999999999929e+00 3.008491174564614443e-02
9.179999999999999716e+00 3.008491423007381843e-02
9.189999999999999503e+00 3.008491656633787564e-02
9.200000000000001066e+00 3.008491865406386426e-02
9.210000000000000853e+00 3.008492056429228415e-02
9.220000000000000639e+00 3.008492236836289233e-02
9.230000000000000426e+00 3.008492392038591978e-02
9.240000000000000213e+00 3.008492540826999961e-02
9.250000000000000000e+00 3.008492671940351387e-02
9.259999999999999787e+00 3.008492790261873412e-02
9.269999999999999574e+00 3.008492895969606951e-02
9.279999999999999361e+00 3.008492990184613580e-02
9.290000000000000924e+00 3.008493067390107661e-02
9.300000000000000711e+00 3.008493135197288018e-02
9.310000000000000497e+00 3.008493196560162869e-02
9.320000000000000284e+00 3.008493248859192906e-02
9.330000000000000071e+00 3.008493291803936154e-02
9.339999999999999858e+00 3.008493327122000946e-02
9.349999999999999645e+00 3.008493354212668849e-02
9.359999999999999432e+00 3.008493379366927387e-02
9.370000000000000995e+00 3.008493397717637574e-02
9.380000000000000782e+00 3.008493409999855178e-02
9.390000000000000568e+00 3.008493417564607128e-02
9.400000000000000355e+00 3.008493420353918618e-02
9.410000000000000142e+00 3.008493418533552885e-02
9.419999999999999929e+00 3.008493412191988112e-02
9.429999999999999716e+00 3.008493401477772139e-02
9.439999999999999503e+00 3.008493385729823014e-02
9.450000000000001066e+00 3.008493365464052008e-02
9.460000000000000853e+00 3.008493340647504927e-02
9.470000000000000639e+00 3.008493309649560438e-02
9.480000000000000426e+00 3.008493273379328481e-02
9.490000000000000213e+00 3.008493230526840950e-02
9.500000000000000000e+00 3.008493183200185161e-02
9.509999999999999787e+00 3.008493126274154605e-02
9.519999999999999574e+00 3.008493062053714528e-02
9.529999999999999361e+00 3.008492988997229362e-02
9.540000000000000924e+00 3.008492910982656088e-02
9.550000000000000711e+00 3.008492825109798999e-02
9.560000000000000497e+00 3.008492730155905293e-02
9.570000000000000284e+00 3.008492633237411229e-02
9.580000000000000071e+00 3.008492521104578696e-02
9.589999999999999858e+00 3.008492401498051583e-02
9.599999999999999645e+00 3.008492273355619154e-02
9.609999999999999432e+00 3.008492131777184067e-02
9.620000000000000995e+00 3.008491989168267031e-02
9.630000000000000782e+00 3.008491843219816483e-02
9.640000000000000568e+00 3.008491693443109127e-02
9.650000000000000355e+00 3.008491528814653815e-02
9.660000000000000142e+00 3.008491350980967149e-02
9.669999999999999929e+00 3.008491171684743795e-02
9.679999999999999716e+00 3.008490985753721134e-02
9.689999999999999503e+00 3.008490793274787301e-02
9.700000000000001066e+00 3.008490614075640113e-02
9.710000000000000853e+00 3.008490424612796435e-02
9.720000000000000639e+00 3.008490233900885241e-02
9.730000000000000426e+00 3.008490039734096344e-02
9.740000000000000213e+00 3.008489853443628223e-02
9.750000000000000000e+00 3.008489660767275226e-02
9.759999999999999787e+00 3.008489477880439689e-02
9.769999999999999574e+00 3.008489304820052834e-02
9.779999999999999361e+00 3.008489140860963473e-02
9.790000000000000924e+00 3.008488982072710788e-02
9.800000000000000711e+00 3.008488835588385771e-02
9.810000000000000497e+00 3.008488704226835661e-02
9.820000000000000284e+00 3.008488582898160082e-02
9.830000000000000071e+00 3.008488478803583374e-02
9.839999999999999858e+00 3.008488391349814495e-02
9.849999999999999645e+00 3.008488317315834853e-02
9.859999999999999432e+00 3.008488257953520831e-02
9.870000000000000995e+00 3.008488216446224273e-02
9.880000000000000782e+00 3.008488192704744657e-02
9.890000000000000568e+00 3.008488186585649496e-02
9.900000000000000355e+00 3.008488197921516810e-02
9.910000000000000142e+00 3.008488228128987016e-02
9.919999999999999929e+00 3.008488273972504193e-02
9.929999999999999716e+00 3.008488340866016103e-02
9.939999999999999503e+00 3.008488421932959539e-02
9.950000000000001066e+00 3.008488524585454030e-02
9.960000000000000853e+00 3.008488639179374841e-02
9.970000000000000639e+00 3.008488770409825999e-02
