0.000000000000000000e+00 2.771914099596545566e+06
1.000000000000000021e-02 2.771914099596546963e+06
2.000000000000000042e-02 2.771914099596547429e+06
2.999999999999999889e-02 2.771914099596548826e+06
4.000000000000000083e-02 2.771914099596550688e+06
5.000000000000000278e-02 2.771914099596550222e+06
5.999999999999999778e-02 2.771914099596553016e+06
7.000000000000000666e-02 2.771914099596555345e+06
8.000000000000000167e-02 2.771914099596556742e+06
8.999999999999999667e-02 2.771914099596557673e+06
1.000000000000000056e-01 2.771914099596559536e+06
1.100000000000000006e-01 2.771914099596560467e+06
1.199999999999999956e-01 2.771914099596561864e+06
1.300000000000000044e-01 2.771914099596562330e+06
1.400000000000000133e-01 2.771914099596561398e+06
1.499999999999999944e-01 2.771914099596562330e+06
1.600000000000000033e-01 2.771914099596564192e+06
1.700000000000000122e-01 2.771914099596563727e+06
1.799999999999999933e-01 2.771914099596565124e+06
1.900000000000000022e-01 2.771914099596564658e+06
2.000000000000000111e-01 2.771914099596566521e+06
2.099999999999999922e-01 2.771914099596566521e+06
2.200000000000000011e-01 2.771914099596568383e+06
2.300000000000000100e-01 2.771914099596570246e+06
2.399999999999999911e-01 2.771914099596572109e+06
2.500000000000000000e-01 2.771914099596573040e+06
2.600000000000000089e-01 2.771914099596575368e+06
2.700000000000000178e-01 2.771914099596575834e+06
2.800000000000000266e-01 2.771914099596577697e+06
2.899999999999999800e-01 2.771914099596578628e+06
2.999999999999999889e-01 2.771914099596580490e+06
3.099999999999999978e-01 2.771914099596582353e+06
3.200000000000000067e-01 2.771914099596585147e+06
3.300000000000000155e-01 2.771914099596587010e+06
3.400000000000000244e-01 2.771914099596587010e+06
3.500000000000000333e-01 2.771914099596587475e+06
3.599999999999999867e-01 2.771914099596589804e+06
3.699999999999999956e-01 2.771914099596590269e+06
3.800000000000000044e-01 2.771914099596590269e+06
3.900000000000000133e-01 2.771914099596591201e+06
4.000000000000000222e-01 2.771914099596593529e+06
4.100000000000000311e-01 2.771914099596595857e+06
4.199999999999999845e-01 2.771914099596597254e+06
4.299999999999999933e-01 2.771914099596596789e+06
4.400000000000000022e-01 2.771914099596597254e+06
4.500000000000000111e-01 2.771914099596598651e+06
4.600000000000000200e-01 2.771914099596600514e+06
4.700000000000000289e-01 2.771914099596601911e+06
4.799999999999999822e-01 2.771914099596602842e+06
4.899999999999999911e-01 2.771914099596603308e+06
5.000000000000000000e-01 2.771914099596604705e+06
5.100000000000000089e-01 2.771914099596606568e+06
5.200000000000000178e-01 2.771914099596607033e+06
5.300000000000000266e-01 2.771914099596608896e+06
5.400000000000000355e-01 2.771914099596611224e+06
5.500000000000000444e-01 2.771914099596612155e+06
5.600000000000000533e-01 2.771914099596612621e+06
5.700000000000000622e-01 2.771914099596612621e+06
5.799999999999999600e-01 2.771914099596614484e+06
5.899999999999999689e-01 2.771914099596614484e+06
5.999999999999999778e-01 2.771914099596614949e+06
6.099999999999999867e-01 2.771914099596615881e+06
6.199999999999999956e-01 2.771914099596617743e+06
6.300000000000000044e-01 2.771914099596619140e+06
6.400000000000000133e-01 2.771914099596621003e+06
6.500000000000000222e-01 2.771914099596622400e+06
6.600000000000000311e-01 2.771914099596623331e+06
6.700000000000000400e-01 2.771914099596624728e+06
6.800000000000000488e-01 2.771914099596626591e+06
6.900000000000000577e-01 2.771914099596629851e+06
7.000000000000000666e-01 2.771914099596630316e+06
7.099999999999999645e-01 2.771914099596632645e+06
7.199999999999999734e-01 2.771914099596634042e+06
7.299999999999999822e-01 2.771914099596634973e+06
7.399999999999999911e-01 2.771914099596636370e+06
7.500000000000000000e-01 2.771914099596638232e+06
7.600000000000000089e-01 2.771914099596639629e+06
7.700000000000000178e-01 2.771914099596641492e+06
7.800000000000000266e-01 2.771914099596642423e+06
7.900000000000000355e-01 2.771914099596642423e+06
8.000000000000000444e-01 2.771914099596641958e+06
8.100000000000000533e-01 2.771914099596644286e+06
8.200000000000000622e-01 2.771914099596645217e+06
8.300000000000000711e-01 2.771914099596645683e+06
8.399999999999999689e-01 2.771914099596645683e+06
8.499999999999999778e-01 2.771914099596646149e+06
8.599999999999999867e-01 2.771914099596645683e+06
8.699999999999999956e-01 2.771914099596646149e+06
8.800000000000000044e-01 2.771914099596646614e+06
8.900000000000000133e-01 2.771914099596648477e+06
9.000000000000000222e-01 2.771914099596650805e+06
9.100000000000000311e-01 2.771914099596651271e+06
9.200000000000000400e-01 2.771914099596652668e+06
9.300000000000000488e-01 2.771914099596654065e+06
9.400000000000000577e-01 2.771914099596655462e+06
9.500000000000000666e-01 2.771914099596656859e+06
9.599999999999999645e-01 2.771914099596657325e+06
9.699999999999999734e-01 2.771914099596658256e+06
9.799999999999999822e-01 2.771914099596659187e+06
9.899999999999999911e-01 2.771914099596658722e+06
1.000000000000000000e+00 2.771914099596660119e+06
1.010000000000000009e+00 2.771914099596662447e+06
1.020000000000000018e+00 2.771914099596661981e+06
1.030000000000000027e+00 2.771914099596661981e+06
1.040000000000000036e+00 2.771914099596663378e+06
1.050000000000000044e+00 2.771914099596663844e+06
1.060000000000000053e+00 2.771914099596666172e+06
1.070000000000000062e+00 2.771914099596667103e+06
1.080000000000000071e+00 2.771914099596667569e+06
1.090000000000000080e+00 2.771914099596670363e+06
1.100000000000000089e+00 2.771914099596671760e+06
1.110000000000000098e+00 2.771914099596670829e+06
1.120000000000000107e+00 2.771914099596672226e+06
1.130000000000000115e+00 2.771914099596673157e+06
1.140000000000000124e+00 2.771914099596674088e+06
1.150000000000000133e+00 2.771914099596675485e+06
1.159999999999999920e+00 2.771914099596676882e+06
1.169999999999999929e+00 2.771914099596677348e+06
1.179999999999999938e+00 2.771914099596678279e+06
1.189999999999999947e+00 2.771914099596680142e+06
1.199999999999999956e+00 2.771914099596680142e+06
1.209999999999999964e+00 2.771914099596683867e+06
1.219999999999999973e+00 2.771914099596682005e+06
1.229999999999999982e+00 2.771914099596680608e+06
1.239999999999999991e+00 2.771914099596681539e+06
1.250000000000000000e+00 2.771914099596682470e+06
1.260000000000000009e+00 2.771914099596684333e+06
1.270000000000000018e+00 2.771914099596685264e+06
1.280000000000000027e+00 2.771914099596686196e+06
1.290000000000000036e+00 2.771914099596688058e+06
1.300000000000000044e+00 2.771914099596688058e+06
1.310000000000000053e+00 2.771914099596688990e+06
1.320000000000000062e+00 2.771914099596688990e+06
1.330000000000000071e+00 2.771914099596688990e+06
1.340000000000000080e+00 2.771914099596690387e+06
1.350000000000000089e+00 2.771914099596689921e+06
1.360000000000000098e+00 2.771914099596689921e+06
1.370000000000000107e+00 2.771914099596690852e+06
1.380000000000000115e+00 2.771914099596692249e+06
1.390000000000000124e+00 2.771914099596694112e+06
1.400000000000000133e+00 2.771914099596696906e+06
1.409999999999999920e+00 2.771914099596699234e+06
1.419999999999999929e+00 2.771914099596700631e+06
1.429999999999999938e+00 2.771914099596700165e+06
1.439999999999999947e+00 2.771914099596698768e+06
1.449999999999999956e+00 2.771914099596700165e+06
1.459999999999999964e+00 2.771914099596700631e+06
1.469999999999999973e+00 2.771914099596701097e+06
1.479999999999999982e+00 2.771914099596702494e+06
1.489999999999999991e+00 2.771914099596704356e+06
1.500000000000000000e+00 2.771914099596705288e+06
1.510000000000000009e+00 2.771914099596705753e+06
1.520000000000000018e+00 2.771914099596708082e+06
1.530000000000000027e+00 2.771914099596709013e+06
1.540000000000000036e+00 2.771914099596710410e+06
1.550000000000000044e+00 2.771914099596709944e+06
1.560000000000000053e+00 2.771914099596710410e+06
1.570000000000000062e+00 2.771914099596709944e+06
1.580000000000000071e+00 2.771914099596712273e+06
1.590000000000000080e+00 2.771914099596714135e+06
1.600000000000000089e+00 2.771914099596715067e+06
1.610000000000000098e+00 2.771914099596715532e+06
1.620000000000000107e+00 2.771914099596715532e+06
1.630000000000000115e+00 2.771914099596718792e+06
1.640000000000000124e+00 2.771914099596720189e+06
1.650000000000000133e+00 2.771914099596719258e+06
1.660000000000000142e+00 2.771914099596720189e+06
1.669999999999999929e+00 2.771914099596720655e+06
1.679999999999999938e+00 2.771914099596718792e+06
1.689999999999999947e+00 2.771914099596715998e+06
1.699999999999999956e+00 2.771914099596717861e+06
1.709999999999999964e+00 2.771914099596717861e+06
1.719999999999999973e+00 2.771914099596720655e+06
1.729999999999999982e+00 2.771914099596722052e+06
1.739999999999999991e+00 2.771914099596721586e+06
1.750000000000000000e+00 2.771914099596721586e+06
1.760000000000000009e+00 2.771914099596722052e+06
1.770000000000000018e+00 2.771914099596724380e+06
1.780000000000000027e+00 2.771914099596726708e+06
1.790000000000000036e+00 2.771914099596727174e+06
1.800000000000000044e+00 2.771914099596728105e+06
1.810000000000000053e+00 2.771914099596730433e+06
1.820000000000000062e+00 2.771914099596729968e+06
1.830000000000000071e+00 2.771914099596729502e+06
1.840000000000000080e+00 2.771914099596728571e+06
1.850000000000000089e+00 2.771914099596729968e+06
1.860000000000000098e+00 2.771914099596732296e+06
1.870000000000000107e+00 2.771914099596731830e+06
1.880000000000000115e+00 2.771914099596733227e+06
1.890000000000000124e+00 2.771914099596734624e+06
1.900000000000000133e+00 2.771914099596735090e+06
1.910000000000000142e+00 2.771914099596736021e+06
1.919999999999999929e+00 2.771914099596735556e+06
1.929999999999999938e+00 2.771914099596736953e+06
1.939999999999999947e+00 2.771914099596736953e+06
1.949999999999999956e+00 2.771914099596738350e+06
1.959999999999999964e+00 2.771914099596740212e+06
1.969999999999999973e+00 2.771914099596739281e+06
1.979999999999999982e+00 2.771914099596740212e+06
1.989999999999999991e+00 2.771914099596743006e+06
2.000000000000000000e+00 2.771914099596743472e+06
2.010000000000000231e+00 2.771914099596742541e+06
2.020000000000000018e+00 2.771914099596743938e+06
2.030000000000000249e+00 2.771914099596744869e+06
2.040000000000000036e+00 2.771914099596747197e+06
2.049999999999999822e+00 2.771914099596747197e+06
2.060000000000000053e+00 2.771914099596748594e+06
2.069999999999999840e+00 2.771914099596749060e+06
2.080000000000000071e+00 2.771914099596750923e+06
2.089999999999999858e+00 2.771914099596750457e+06
2.100000000000000089e+00 2.771914099596750923e+06
2.109999999999999876e+00 2.771914099596751854e+06
2.120000000000000107e+00 2.771914099596752319e+06
2.129999999999999893e+00 2.771914099596753716e+06
2.140000000000000124e+00 2.771914099596754182e+06
2.149999999999999911e+00 2.771914099596753716e+06
2.160000000000000142e+00 2.771914099596752319e+06
2.169999999999999929e+00 2.771914099596752319e+06
2.180000000000000160e+00 2.771914099596753716e+06
2.189999999999999947e+00 2.771914099596753716e+06
2.200000000000000178e+00 2.771914099596754182e+06
2.209999999999999964e+00 2.771914099596754182e+06
2.220000000000000195e+00 2.771914099596756976e+06
2.229999999999999982e+00 2.771914099596757442e+06
2.240000000000000213e+00 2.771914099596759304e+06
2.250000000000000000e+00 2.771914099596759770e+06
2.260000000000000231e+00 2.771914099596760236e+06
2.270000000000000018e+00 2.771914099596763495e+06
2.280000000000000249e+00 2.771914099596763495e+06
2.290000000000000036e+00 2.771914099596763495e+06
2.300000000000000266e+00 2.771914099596763495e+06
2.310000000000000053e+00 2.771914099596764892e+06
2.319999999999999840e+00 2.771914099596766289e+06
2.330000000000000071e+00 2.771914099596766755e+06
2.339999999999999858e+00 2.771914099596769083e+06
2.350000000000000089e+00 2.771914099596768618e+06
2.359999999999999876e+00 2.771914099596767686e+06
2.370000000000000107e+00 2.771914099596765824e+06
2.379999999999999893e+00 2.771914099596767221e+06
2.390000000000000124e+00 2.771914099596767221e+06
2.399999999999999911e+00 2.771914099596767686e+06
2.410000000000000142e+00 2.771914099596768618e+06
2.419999999999999929e+00 2.771914099596770015e+06
2.430000000000000160e+00 2.771914099596770480e+06
2.439999999999999947e+00 2.771914099596772809e+06
2.450000000000000178e+00 2.771914099596772343e+06
2.459999999999999964e+00 2.771914099596770480e+06
2.470000000000000195e+00 2.771914099596770480e+06
2.479999999999999982e+00 2.771914099596770480e+06
2.490000000000000213e+00 2.771914099596773740e+06
2.500000000000000000e+00 2.771914099596774671e+06
2.510000000000000231e+00 2.771914099596773740e+06
2.520000000000000018e+00 2.771914099596776534e+06
2.530000000000000249e+00 2.771914099596777931e+06
2.540000000000000036e+00 2.771914099596778397e+06
2.550000000000000266e+00 2.771914099596780259e+06
2.560000000000000053e+00 2.771914099596779328e+06
2.569999999999999840e+00 2.771914099596777931e+06
2.580000000000000071e+00 2.771914099596777465e+06
2.589999999999999858e+00 2.771914099596777931e+06
2.600000000000000089e+00 2.771914099596780725e+06
2.609999999999999876e+00 2.771914099596780725e+06
2.620000000000000107e+00 2.771914099596782587e+06
2.629999999999999893e+00 2.771914099596782587e+06
2.640000000000000124e+00 2.771914099596783053e+06
2.649999999999999911e+00 2.771914099596783519e+06
2.660000000000000142e+00 2.771914099596783984e+06
2.669999999999999929e+00 2.771914099596784916e+06
2.680000000000000160e+00 2.771914099596782122e+06
2.689999999999999947e+00 2.771914099596781656e+06
2.700000000000000178e+00 2.771914099596781190e+06
2.709999999999999964e+00 2.771914099596782587e+06
2.720000000000000195e+00 2.771914099596783519e+06
2.729999999999999982e+00 2.771914099596785847e+06
2.740000000000000213e+00 2.771914099596787710e+06
2.750000000000000000e+00 2.771914099596789572e+06
2.760000000000000231e+00 2.771914099596788175e+06
2.770000000000000018e+00 2.771914099596791435e+06
2.780000000000000249e+00 2.771914099596791435e+06
2.790000000000000036e+00 2.771914099596792366e+06
2.800000000000000266e+00 2.771914099596792832e+06
2.810000000000000053e+00 2.771914099596792832e+06
2.819999999999999840e+00 2.771914099596794695e+06
2.830000000000000071e+00 2.771914099596792832e+06
2.839999999999999858e+00 2.771914099596790969e+06
2.850000000000000089e+00 2.771914099596791901e+06
2.859999999999999876e+00 2.771914099596793763e+06
2.870000000000000107e+00 2.771914099596794229e+06
2.879999999999999893e+00 2.771914099596795160e+06
2.890000000000000124e+00 2.771914099596793763e+06
2.899999999999999911e+00 2.771914099596793298e+06
2.910000000000000142e+00 2.771914099596792832e+06
2.919999999999999929e+00 2.771914099596792832e+06
2.930000000000000160e+00 2.771914099596792832e+06
2.939999999999999947e+00 2.771914099596791435e+06
2.950000000000000178e+00 2.771914099596790038e+06
2.959999999999999964e+00 2.771914099596789572e+06
2.970000000000000195e+00 2.771914099596790504e+06
2.979999999999999982e+00 2.771914099596790504e+06
2.990000000000000213e+00 2.771914099596790969e+06
3.000000000000000000e+00 2.771914099596790969e+06
3.010000000000000231e+00 2.771914099596789107e+06
3.020000000000000018e+00 2.771914099596790969e+06
3.030000000000000249e+00 2.771914099596790038e+06
3.040000000000000036e+00 2.771914099596787710e+06
3.050000000000000266e+00 2.771914099596788175e+06
3.060000000000000053e+00 2.771914099596786778e+06
3.070000000000000284e+00 2.771914099596785381e+06
3.080000000000000071e+00 2.771914099596784916e+06
3.089999999999999858e+00 2.771914099596782587e+06
3.100000000000000089e+00 2.771914099596783519e+06
3.109999999999999876e+00 2.771914099596781656e+06
3.120000000000000107e+00 2.771914099596781190e+06
3.129999999999999893e+00 2.771914099596782587e+06
3.140000000000000124e+00 2.771914099596783053e+06
3.149999999999999911e+00 2.771914099596783984e+06
3.160000000000000142e+00 2.771914099596783053e+06
3.169999999999999929e+00 2.771914099596784916e+06
3.180000000000000160e+00 2.771914099596785847e+06
3.189999999999999947e+00 2.771914099596787710e+06
3.200000000000000178e+00 2.771914099596789572e+06
3.209999999999999964e+00 2.771914099596791901e+06
3.220000000000000195e+00 2.771914099596794695e+06
3.229999999999999982e+00 2.771914099596795626e+06
3.240000000000000213e+00 2.771914099596796092e+06
3.250000000000000000e+00 2.771914099596796557e+06
3.260000000000000231e+00 2.771914099596794695e+06
3.270000000000000018e+00 2.771914099596793763e+06
3.280000000000000249e+00 2.771914099596794229e+06
3.290000000000000036e+00 2.771914099596792366e+06
3.300000000000000266e+00 2.771914099596790969e+06
3.310000000000000053e+00 2.771914099596792366e+06
3.320000000000000284e+00 2.771914099596793763e+06
3.330000000000000071e+00 2.771914099596795626e+06
3.339999999999999858e+00 2.771914099596793763e+06
3.350000000000000089e+00 2.771914099596790504e+06
3.359999999999999876e+00 2.771914099596788641e+06
3.370000000000000107e+00 2.771914099596790969e+06
3.379999999999999893e+00 2.771914099596791901e+06
3.390000000000000124e+00 2.771914099596792832e+06
3.399999999999999911e+00 2.771914099596795160e+06
3.410000000000000142e+00 2.771914099596795160e+06
3.419999999999999929e+00 2.771914099596797023e+06
3.430000000000000160e+00 2.771914099596796092e+06
3.439999999999999947e+00 2.771914099596793298e+06
3.450000000000000178e+00 2.771914099596789572e+06
3.459999999999999964e+00 2.771914099596789572e+06
3.470000000000000195e+00 2.771914099596792366e+06
3.479999999999999982e+00 2.771914099596789572e+06
3.490000000000000213e+00 2.771914099596787710e+06
3.500000000000000000e+00 2.771914099596787710e+06
3.510000000000000231e+00 2.771914099596785381e+06
3.520000000000000018e+00 2.771914099596784916e+06
3.530000000000000249e+00 2.771914099596783053e+06
3.540000000000000036e+00 2.771914099596783519e+06
3.550000000000000266e+00 2.771914099596782122e+06
3.560000000000000053e+00 2.771914099596783053e+06
3.570000000000000284e+00 2.771914099596781190e+06
3.580000000000000071e+00 2.771914099596781190e+06
3.589999999999999858e+00 2.771914099596780725e+06
3.600000000000000089e+00 2.771914099596779328e+06
3.609999999999999876e+00 2.771914099596783053e+06
3.620000000000000107e+00 2.771914099596782122e+06
3.629999999999999893e+00 2.771914099596781656e+06
3.640000000000000124e+00 2.771914099596783984e+06
3.649999999999999911e+00 2.771914099596783984e+06
3.660000000000000142e+00 2.771914099596783519e+06
3.669999999999999929e+00 2.771914099596785381e+06
3.680000000000000160e+00 2.771914099596784450e+06
3.689999999999999947e+00 2.771914099596788641e+06
3.700000000000000178e+00 2.771914099596789572e+06
3.709999999999999964e+00 2.771914099596788641e+06
3.720000000000000195e+00 2.771914099596789107e+06
3.729999999999999982e+00 2.771914099596790504e+06
3.740000000000000213e+00 2.771914099596788641e+06
3.750000000000000000e+00 2.771914099596790038e+06
3.760000000000000231e+00 2.771914099596791901e+06
3.770000000000000018e+00 2.771914099596791901e+06
3.780000000000000249e+00 2.771914099596792366e+06
3.790000000000000036e+00 2.771914099596792832e+06
3.800000000000000266e+00 2.771914099596794695e+06
3.810000000000000053e+00 2.771914099596794695e+06
3.820000000000000284e+00 2.771914099596796557e+06
3.830000000000000071e+00 2.771914099596794229e+06
3.839999999999999858e+00 2.771914099596793763e+06
3.850000000000000089e+00 2.771914099596794695e+06
3.859999999999999876e+00 2.771914099596791901e+06
3.870000000000000107e+00 2.771914099596792366e+06
3.879999999999999893e+00 2.771914099596792832e+06
3.890000000000000124e+00 2.771914099596793298e+06
3.899999999999999911e+00 2.771914099596792832e+06
3.910000000000000142e+00 2.771914099596792366e+06
3.919999999999999929e+00 2.771914099596796557e+06
3.930000000000000160e+00 2.771914099596796557e+06
3.939999999999999947e+00 2.771914099596797023e+06
3.950000000000000178e+00 2.771914099596796092e+06
3.959999999999999964e+00 2.771914099596795160e+06
3.970000000000000195e+00 2.771914099596793298e+06
3.979999999999999982e+00 2.771914099596792366e+06
3.990000000000000213e+00 2.771914099596792366e+06
4.000000000000000000e+00 2.771914099596788641e+06
4.009999999999999787e+00 2.771914099596789107e+06
4.020000000000000462e+00 2.771914099596786778e+06
4.030000000000000249e+00 2.771914099596787244e+06
4.040000000000000036e+00 2.771914099596784916e+06
4.049999999999999822e+00 2.771914099596784450e+06
4.060000000000000497e+00 2.771914099596786313e+06
4.070000000000000284e+00 2.771914099596781656e+06
4.080000000000000071e+00 2.771914099596781190e+06
4.089999999999999858e+00 2.771914099596780259e+06
4.099999999999999645e+00 2.771914099596781190e+06
4.110000000000000320e+00 2.771914099596779328e+06
4.120000000000000107e+00 2.771914099596778862e+06
4.129999999999999893e+00 2.771914099596777000e+06
4.139999999999999680e+00 2.771914099596774206e+06
4.150000000000000355e+00 2.771914099596775137e+06
4.160000000000000142e+00 2.771914099596777000e+06
4.169999999999999929e+00 2.771914099596779328e+06
4.179999999999999716e+00 2.771914099596777931e+06
4.190000000000000391e+00 2.771914099596776068e+06
4.200000000000000178e+00 2.771914099596774206e+06
4.209999999999999964e+00 2.771914099596774206e+06
4.219999999999999751e+00 2.771914099596776534e+06
4.230000000000000426e+00 2.771914099596776068e+06
4.240000000000000213e+00 2.771914099596773740e+06
4.250000000000000000e+00 2.771914099596772809e+06
4.259999999999999787e+00 2.771914099596772809e+06
4.270000000000000462e+00 2.771914099596771412e+06
4.280000000000000249e+00 2.771914099596770015e+06
4.290000000000000036e+00 2.771914099596770946e+06
4.299999999999999822e+00 2.771914099596770946e+06
4.310000000000000497e+00 2.771914099596770015e+06
4.320000000000000284e+00 2.771914099596771412e+06
4.330000000000000071e+00 2.771914099596768152e+06
4.339999999999999858e+00 2.771914099596768152e+06
4.350000000000000533e+00 2.771914099596770015e+06
4.360000000000000320e+00 2.771914099596771412e+06
4.370000000000000107e+00 2.771914099596772343e+06
4.379999999999999893e+00 2.771914099596773274e+06
4.389999999999999680e+00 2.771914099596770946e+06
4.400000000000000355e+00 2.771914099596770480e+06
4.410000000000000142e+00 2.771914099596773274e+06
4.419999999999999929e+00 2.771914099596773740e+06
4.429999999999999716e+00 2.771914099596774671e+06
4.440000000000000391e+00 2.771914099596775603e+06
4.450000000000000178e+00 2.771914099596774671e+06
4.459999999999999964e+00 2.771914099596776068e+06
4.469999999999999751e+00 2.771914099596775603e+06
4.480000000000000426e+00 2.771914099596774671e+06
4.490000000000000213e+00 2.771914099596775603e+06
4.500000000000000000e+00 2.771914099596772809e+06
4.509999999999999787e+00 2.771914099596771877e+06
4.520000000000000462e+00 2.771914099596769549e+06
4.530000000000000249e+00 2.771914099596769549e+06
4.540000000000000036e+00 2.771914099596768618e+06
4.549999999999999822e+00 2.771914099596771412e+06
4.560000000000000497e+00 2.771914099596773274e+06
4.570000000000000284e+00 2.771914099596773740e+06
4.580000000000000071e+00 2.771914099596775603e+06
4.589999999999999858e+00 2.771914099596773740e+06
4.600000000000000533e+00 2.771914099596772809e+06
4.610000000000000320e+00 2.771914099596770015e+06
4.620000000000000107e+00 2.771914099596768618e+06
4.629999999999999893e+00 2.771914099596767686e+06
4.639999999999999680e+00 2.771914099596769083e+06
4.650000000000000355e+00 2.771914099596766755e+06
4.660000000000000142e+00 2.771914099596763030e+06
4.669999999999999929e+00 2.771914099596764892e+06
4.679999999999999716e+00 2.771914099596763030e+06
4.690000000000000391e+00 2.771914099596764892e+06
4.700000000000000178e+00 2.771914099596765358e+06
4.709999999999999964e+00 2.771914099596767686e+06
4.719999999999999751e+00 2.771914099596767221e+06
4.730000000000000426e+00 2.771914099596763495e+06
4.740000000000000213e+00 2.771914099596765824e+06
4.750000000000000000e+00 2.771914099596765358e+06
4.759999999999999787e+00 2.771914099596764892e+06
4.770000000000000462e+00 2.771914099596766755e+06
4.780000000000000249e+00 2.771914099596767221e+06
4.790000000000000036e+00 2.771914099596769083e+06
4.799999999999999822e+00 2.771914099596770480e+06
4.810000000000000497e+00 2.771914099596770480e+06
4.820000000000000284e+00 2.771914099596769549e+06
4.830000000000000071e+00 2.771914099596766289e+06
4.839999999999999858e+00 2.771914099596764427e+06
4.850000000000000533e+00 2.771914099596763030e+06
4.860000000000000320e+00 2.771914099596761633e+06
4.870000000000000107e+00 2.771914099596759304e+06
4.879999999999999893e+00 2.771914099596757442e+06
4.889999999999999680e+00 2.771914099596758373e+06
4.900000000000000355e+00 2.771914099596758839e+06
4.910000000000000142e+00 2.771914099596755579e+06
4.919999999999999929e+00 2.771914099596756510e+06
4.929999999999999716e+00 2.771914099596756510e+06
4.940000000000000391e+00 2.771914099596757907e+06
4.950000000000000178e+00 2.771914099596761633e+06
4.959999999999999964e+00 2.771914099596758839e+06
4.969999999999999751e+00 2.771914099596758373e+06
4.980000000000000426e+00 2.771914099596756976e+06
4.990000000000000213e+00 2.771914099596757907e+06
5.000000000000000000e+00 2.771914099596756976e+06
5.009999999999999787e+00 2.771914099596755579e+06
5.020000000000000462e+00 2.771914099596756976e+06
5.030000000000000249e+00 2.771914099596754648e+06
5.040000000000000036e+00 2.771914099596754182e+06
5.049999999999999822e+00 2.771914099596751854e+06
5.060000000000000497e+00 2.771914099596749526e+06
5.070000000000000284e+00 2.771914099596750457e+06
5.080000000000000071e+00 2.771914099596751388e+06
5.089999999999999858e+00 2.771914099596748594e+06
5.100000000000000533e+00 2.771914099596749526e+06
5.110000000000000320e+00 2.771914099596749060e+06
5.120000000000000107e+00 2.771914099596748129e+06
5.129999999999999893e+00 2.771914099596746732e+06
5.139999999999999680e+00 2.771914099596745800e+06
5.150000000000000355e+00 2.771914099596744869e+06
5.160000000000000142e+00 2.771914099596744403e+06
5.169999999999999929e+00 2.771914099596743938e+06
5.179999999999999716e+00 2.771914099596743472e+06
5.190000000000000391e+00 2.771914099596740212e+06
5.200000000000000178e+00 2.771914099596743472e+06
5.209999999999999964e+00 2.771914099596742541e+06
5.219999999999999751e+00 2.771914099596741609e+06
5.230000000000000426e+00 2.771914099596740678e+06
5.240000000000000213e+00 2.771914099596740678e+06
5.250000000000000000e+00 2.771914099596742541e+06
5.259999999999999787e+00 2.771914099596737418e+06
5.270000000000000462e+00 2.771914099596736953e+06
5.280000000000000249e+00 2.771914099596734159e+06
5.290000000000000036e+00 2.771914099596735090e+06
5.299999999999999822e+00 2.771914099596735090e+06
5.310000000000000497e+00 2.771914099596731830e+06
5.320000000000000284e+00 2.771914099596729502e+06
5.330000000000000071e+00 2.771914099596728571e+06
5.339999999999999858e+00 2.771914099596729968e+06
5.350000000000000533e+00 2.771914099596730899e+06
5.360000000000000320e+00 2.771914099596729036e+06
5.370000000000000107e+00 2.771914099596727639e+06
5.379999999999999893e+00 2.771914099596727174e+06
5.389999999999999680e+00 2.771914099596727639e+06
5.400000000000000355e+00 2.771914099596722517e+06
5.410000000000000142e+00 2.771914099596724380e+06
5.419999999999999929e+00 2.771914099596724845e+06
5.429999999999999716e+00 2.771914099596723448e+06
5.440000000000000391e+00 2.771914099596720655e+06
5.450000000000000178e+00 2.771914099596720189e+06
5.459999999999999964e+00 2.771914099596721586e+06
5.469999999999999751e+00 2.771914099596716929e+06
5.480000000000000426e+00 2.771914099596714601e+06
5.490000000000000213e+00 2.771914099596714601e+06
5.500000000000000000e+00 2.771914099596715998e+06
5.509999999999999787e+00 2.771914099596717861e+06
5.520000000000000462e+00 2.771914099596715067e+06
5.530000000000000249e+00 2.771914099596714135e+06
5.540000000000000036e+00 2.771914099596712738e+06
5.549999999999999822e+00 2.771914099596711341e+06
5.560000000000000497e+00 2.771914099596712273e+06
5.570000000000000284e+00 2.771914099596711807e+06
5.580000000000000071e+00 2.771914099596709944e+06
5.589999999999999858e+00 2.771914099596708547e+06
5.600000000000000533e+00 2.771914099596708547e+06
5.610000000000000320e+00 2.771914099596710876e+06
5.620000000000000107e+00 2.771914099596709479e+06
5.629999999999999893e+00 2.771914099596710410e+06
5.639999999999999680e+00 2.771914099596711341e+06
5.650000000000000355e+00 2.771914099596711341e+06
5.660000000000000142e+00 2.771914099596709013e+06
5.669999999999999929e+00 2.771914099596709944e+06
5.679999999999999716e+00 2.771914099596710410e+06
5.690000000000000391e+00 2.771914099596711341e+06
5.700000000000000178e+00 2.771914099596713670e+06
5.709999999999999964e+00 2.771914099596713204e+06
5.719999999999999751e+00 2.771914099596715067e+06
5.730000000000000426e+00 2.771914099596713204e+06
5.740000000000000213e+00 2.771914099596711341e+06
5.750000000000000000e+00 2.771914099596711807e+06
5.759999999999999787e+00 2.771914099596714135e+06
5.770000000000000462e+00 2.771914099596713670e+06
5.780000000000000249e+00 2.771914099596715532e+06
5.790000000000000036e+00 2.771914099596713670e+06
5.799999999999999822e+00 2.771914099596715067e+06
5.810000000000000497e+00 2.771914099596716464e+06
5.820000000000000284e+00 2.771914099596715998e+06
5.830000000000000071e+00 2.771914099596715532e+06
5.839999999999999858e+00 2.771914099596713670e+06
5.850000000000000533e+00 2.771914099596712273e+06
5.860000000000000320e+00 2.771914099596709479e+06
5.870000000000000107e+00 2.771914099596707616e+06
5.879999999999999893e+00 2.771914099596705288e+06
5.889999999999999680e+00 2.771914099596705753e+06
5.900000000000000355e+00 2.771914099596706219e+06
5.910000000000000142e+00 2.771914099596705288e+06
5.919999999999999929e+00 2.771914099596705288e+06
5.929999999999999716e+00 2.771914099596704822e+06
5.940000000000000391e+00 2.771914099596705288e+06
5.950000000000000178e+00 2.771914099596702959e+06
5.959999999999999964e+00 2.771914099596702494e+06
5.969999999999999751e+00 2.771914099596702494e+06
5.980000000000000426e+00 2.771914099596700165e+06
5.990000000000000213e+00 2.771914099596699234e+06
6.000000000000000000e+00 2.771914099596697837e+06
6.009999999999999787e+00 2.771914099596699700e+06
6.020000000000000462e+00 2.771914099596697837e+06
6.030000000000000249e+00 2.771914099596698768e+06
6.040000000000000036e+00 2.771914099596696906e+06
6.049999999999999822e+00 2.771914099596696440e+06
6.060000000000000497e+00 2.771914099596693646e+06
6.070000000000000284e+00 2.771914099596691318e+06
6.080000000000000071e+00 2.771914099596691784e+06
6.089999999999999858e+00 2.771914099596690852e+06
6.100000000000000533e+00 2.771914099596688524e+06
6.110000000000000320e+00 2.771914099596686661e+06
6.120000000000000107e+00 2.771914099596686661e+06
6.129999999999999893e+00 2.771914099596687127e+06
6.140000000000000568e+00 2.771914099596688058e+06
6.150000000000000355e+00 2.771914099596686196e+06
6.160000000000000142e+00 2.771914099596686196e+06
6.169999999999999929e+00 2.771914099596683867e+06
6.179999999999999716e+00 2.771914099596683402e+06
6.190000000000000391e+00 2.771914099596683867e+06
6.200000000000000178e+00 2.771914099596684333e+06
6.209999999999999964e+00 2.771914099596682005e+06
6.219999999999999751e+00 2.771914099596680142e+06
6.230000000000000426e+00 2.771914099596680608e+06
6.240000000000000213e+00 2.771914099596680142e+06
6.250000000000000000e+00 2.771914099596678279e+06
6.259999999999999787e+00 2.771914099596679211e+06
6.270000000000000462e+00 2.771914099596678279e+06
6.280000000000000249e+00 2.771914099596676882e+06
6.290000000000000036e+00 2.771914099596676417e+06
6.299999999999999822e+00 2.771914099596677814e+06
6.310000000000000497e+00 2.771914099596676417e+06
6.320000000000000284e+00 2.771914099596676417e+06
6.330000000000000071e+00 2.771914099596675020e+06
6.339999999999999858e+00 2.771914099596675020e+06
6.350000000000000533e+00 2.771914099596674088e+06
6.360000000000000320e+00 2.771914099596675485e+06
6.370000000000000107e+00 2.771914099596674554e+06
6.379999999999999893e+00 2.771914099596673623e+06
6.390000000000000568e+00 2.771914099596671760e+06
6.400000000000000355e+00 2.771914099596671760e+06
6.410000000000000142e+00 2.771914099596672226e+06
6.419999999999999929e+00 2.771914099596673157e+06
6.429999999999999716e+00 2.771914099596670829e+06
6.440000000000000391e+00 2.771914099596671294e+06
6.450000000000000178e+00 2.771914099596668500e+06
6.459999999999999964e+00 2.771914099596668500e+06
6.469999999999999751e+00 2.771914099596667569e+06
6.480000000000000426e+00 2.771914099596667569e+06
6.490000000000000213e+00 2.771914099596666638e+06
6.500000000000000000e+00 2.771914099596667103e+06
6.509999999999999787e+00 2.771914099596665241e+06
6.520000000000000462e+00 2.771914099596665241e+06
6.530000000000000249e+00 2.771914099596664775e+06
6.540000000000000036e+00 2.771914099596665241e+06
6.549999999999999822e+00 2.771914099596664310e+06
6.560000000000000497e+00 2.771914099596665241e+06
6.570000000000000284e+00 2.771914099596664775e+06
6.580000000000000071e+00 2.771914099596665241e+06
6.589999999999999858e+00 2.771914099596665706e+06
6.600000000000000533e+00 2.771914099596664310e+06
6.610000000000000320e+00 2.771914099596666638e+06
6.620000000000000107e+00 2.771914099596665706e+06
6.629999999999999893e+00 2.771914099596666638e+06
6.640000000000000568e+00 2.771914099596664310e+06
6.650000000000000355e+00 2.771914099596663844e+06
6.660000000000000142e+00 2.771914099596661050e+06
6.669999999999999929e+00 2.771914099596660119e+06
6.679999999999999716e+00 2.771914099596659653e+06
6.690000000000000391e+00 2.771914099596659187e+06
6.700000000000000178e+00 2.771914099596659653e+06
6.709999999999999964e+00 2.771914099596658722e+06
6.719999999999999751e+00 2.771914099596656393e+06
6.730000000000000426e+00 2.771914099596654996e+06
6.740000000000000213e+00 2.771914099596654531e+06
6.750000000000000000e+00 2.771914099596651271e+06
6.759999999999999787e+00 2.771914099596651737e+06
6.770000000000000462e+00 2.771914099596650805e+06
6.780000000000000249e+00 2.771914099596649874e+06
6.790000000000000036e+00 2.771914099596648011e+06
6.799999999999999822e+00 2.771914099596647546e+06
6.810000000000000497e+00 2.771914099596646614e+06
6.820000000000000284e+00 2.771914099596644286e+06
6.830000000000000071e+00 2.771914099596644752e+06
6.839999999999999858e+00 2.771914099596642423e+06
6.850000000000000533e+00 2.771914099596642423e+06
6.860000000000000320e+00 2.771914099596642889e+06
6.870000000000000107e+00 2.771914099596643820e+06
6.879999999999999893e+00 2.771914099596642889e+06
6.890000000000000568e+00 2.771914099596642889e+06
6.900000000000000355e+00 2.771914099596642423e+06
6.910000000000000142e+00 2.771914099596641026e+06
6.919999999999999929e+00 2.771914099596643355e+06
6.929999999999999716e+00 2.771914099596642889e+06
6.940000000000000391e+00 2.771914099596642889e+06
6.950000000000000178e+00 2.771914099596641958e+06
6.959999999999999964e+00 2.771914099596639629e+06
6.969999999999999751e+00 2.771914099596638698e+06
6.980000000000000426e+00 2.771914099596639164e+06
6.990000000000000213e+00 2.771914099596638698e+06
7.000000000000000000e+00 2.771914099596639629e+06
7.009999999999999787e+00 2.771914099596639629e+06
7.020000000000000462e+00 2.771914099596639164e+06
7.030000000000000249e+00 2.771914099596637301e+06
7.040000000000000036e+00 2.771914099596638232e+06
7.049999999999999822e+00 2.771914099596636835e+06
7.060000000000000497e+00 2.771914099596634507e+06
7.070000000000000284e+00 2.771914099596634042e+06
7.080000000000000071e+00 2.771914099596630316e+06
7.089999999999999858e+00 2.771914099596628919e+06
7.100000000000000533e+00 2.771914099596629851e+06
7.110000000000000320e+00 2.771914099596627522e+06
7.120000000000000107e+00 2.771914099596628454e+06
7.129999999999999893e+00 2.771914099596630782e+06
7.140000000000000568e+00 2.771914099596630316e+06
7.150000000000000355e+00 2.771914099596628454e+06
7.160000000000000142e+00 2.771914099596627988e+06
7.169999999999999929e+00 2.771914099596627057e+06
7.179999999999999716e+00 2.771914099596627057e+06
7.190000000000000391e+00 2.771914099596627057e+06
7.200000000000000178e+00 2.771914099596624263e+06
7.209999999999999964e+00 2.771914099596625194e+06
7.219999999999999751e+00 2.771914099596624263e+06
7.230000000000000426e+00 2.771914099596621934e+06
7.240000000000000213e+00 2.771914099596620537e+06
7.250000000000000000e+00 2.771914099596620537e+06
7.259999999999999787e+00 2.771914099596618209e+06
7.270000000000000462e+00 2.771914099596617278e+06
7.280000000000000249e+00 2.771914099596617743e+06
7.290000000000000036e+00 2.771914099596616346e+06
7.299999999999999822e+00 2.771914099596616346e+06
7.310000000000000497e+00 2.771914099596614484e+06
7.320000000000000284e+00 2.771914099596615881e+06
7.330000000000000071e+00 2.771914099596615881e+06
7.339999999999999858e+00 2.771914099596612621e+06
7.350000000000000533e+00 2.771914099596612621e+06
7.360000000000000320e+00 2.771914099596613087e+06
7.370000000000000107e+00 2.771914099596613552e+06
7.379999999999999893e+00 2.771914099596614018e+06
7.390000000000000568e+00 2.771914099596611224e+06
7.400000000000000355e+00 2.771914099596609827e+06
7.410000000000000142e+00 2.771914099596607033e+06
7.419999999999999929e+00 2.771914099596605171e+06
7.429999999999999716e+00 2.771914099596605636e+06
7.440000000000000391e+00 2.771914099596605171e+06
7.450000000000000178e+00 2.771914099596604239e+06
7.459999999999999964e+00 2.771914099596603308e+06
7.469999999999999751e+00 2.771914099596604239e+06
7.480000000000000426e+00 2.771914099596605171e+06
7.490000000000000213e+00 2.771914099596605171e+06
7.500000000000000000e+00 2.771914099596603308e+06
7.509999999999999787e+00 2.771914099596600980e+06
7.520000000000000462e+00 2.771914099596600048e+06
7.530000000000000249e+00 2.771914099596600980e+06
7.540000000000000036e+00 2.771914099596601445e+06
7.549999999999999822e+00 2.771914099596600980e+06
7.560000000000000497e+00 2.771914099596598651e+06
7.570000000000000284e+00 2.771914099596599117e+06
7.580000000000000071e+00 2.771914099596596789e+06
7.589999999999999858e+00 2.771914099596597720e+06
7.600000000000000533e+00 2.771914099596596323e+06
7.610000000000000320e+00 2.771914099596595392e+06
7.620000000000000107e+00 2.771914099596593529e+06
7.629999999999999893e+00 2.771914099596594460e+06
7.640000000000000568e+00 2.771914099596592598e+06
7.650000000000000355e+00 2.771914099596591666e+06
7.660000000000000142e+00 2.771914099596591666e+06
7.669999999999999929e+00 2.771914099596591201e+06
7.679999999999999716e+00 2.771914099596591666e+06
7.690000000000000391e+00 2.771914099596591201e+06
7.700000000000000178e+00 2.771914099596590735e+06
7.709999999999999964e+00 2.771914099596590269e+06
7.719999999999999751e+00 2.771914099596587941e+06
7.730000000000000426e+00 2.771914099596586544e+06
7.740000000000000213e+00 2.771914099596587475e+06
7.750000000000000000e+00 2.771914099596588407e+06
7.759999999999999787e+00 2.771914099596589338e+06
7.770000000000000462e+00 2.771914099596588407e+06
7.780000000000000249e+00 2.771914099596587475e+06
7.790000000000000036e+00 2.771914099596588407e+06
7.799999999999999822e+00 2.771914099596587941e+06
7.810000000000000497e+00 2.771914099596586544e+06
7.820000000000000284e+00 2.771914099596586544e+06
7.830000000000000071e+00 2.771914099596585613e+06
7.839999999999999858e+00 2.771914099596583284e+06
7.850000000000000533e+00 2.771914099596582819e+06
7.860000000000000320e+00 2.771914099596581422e+06
7.870000000000000107e+00 2.771914099596581422e+06
7.879999999999999893e+00 2.771914099596580025e+06
7.890000000000000568e+00 2.771914099596578162e+06
7.900000000000000355e+00 2.771914099596579559e+06
7.910000000000000142e+00 2.771914099596580025e+06
7.919999999999999929e+00 2.771914099596580490e+06
7.930000000000000604e+00 2.771914099596580956e+06
7.940000000000000391e+00 2.771914099596580490e+06
7.950000000000000178e+00 2.771914099596579093e+06
7.959999999999999964e+00 2.771914099596580490e+06
7.969999999999999751e+00 2.771914099596580025e+06
7.980000000000000426e+00 2.771914099596578162e+06
7.990000000000000213e+00 2.771914099596578628e+06
8.000000000000000000e+00 2.771914099596579093e+06
8.009999999999999787e+00 2.771914099596579093e+06
8.019999999999999574e+00 2.771914099596580025e+06
8.029999999999999361e+00 2.771914099596579559e+06
8.040000000000000924e+00 2.771914099596580025e+06
8.050000000000000711e+00 2.771914099596578628e+06
8.060000000000000497e+00 2.771914099596577697e+06
8.070000000000000284e+00 2.771914099596578162e+06
8.080000000000000071e+00 2.771914099596579559e+06
8.089999999999999858e+00 2.771914099596581422e+06
8.099999999999999645e+00 2.771914099596580490e+06
8.109999999999999432e+00 2.771914099596579559e+06
8.120000000000000995e+00 2.771914099596579093e+06
8.130000000000000782e+00 2.771914099596577231e+06
8.140000000000000568e+00 2.771914099596574903e+06
8.150000000000000355e+00 2.771914099596573506e+06
8.160000000000000142e+00 2.771914099596574903e+06
8.169999999999999929e+00 2.771914099596573040e+06
8.179999999999999716e+00 2.771914099596572574e+06
8.189999999999999503e+00 2.771914099596572574e+06
8.199999999999999289e+00 2.771914099596571643e+06
8.210000000000000853e+00 2.771914099596572574e+06
8.220000000000000639e+00 2.771914099596573040e+06
8.230000000000000426e+00 2.771914099596573506e+06
8.240000000000000213e+00 2.771914099596573971e+06
8.250000000000000000e+00 2.771914099596575834e+06
8.259999999999999787e+00 2.771914099596575368e+06
8.269999999999999574e+00 2.771914099596575368e+06
8.279999999999999361e+00 2.771914099596575368e+06
8.290000000000000924e+00 2.771914099596574437e+06
8.300000000000000711e+00 2.771914099596575368e+06
8.310000000000000497e+00 2.771914099596574903e+06
8.320000000000000284e+00 2.771914099596574437e+06
8.330000000000000071e+00 2.771914099596574903e+06
8.339999999999999858e+00 2.771914099596574437e+06
8.349999999999999645e+00 2.771914099596573971e+06
8.359999999999999432e+00 2.771914099596573040e+06
8.370000000000000995e+00 2.771914099596573506e+06
8.380000000000000782e+00 2.771914099596573971e+06
8.390000000000000568e+00 2.771914099596572109e+06
8.400000000000000355e+00 2.771914099596571643e+06
8.410000000000000142e+00 2.771914099596571177e+06
8.419999999999999929e+00 2.771914099596569780e+06
8.429999999999999716e+00 2.771914099596569315e+06
8.439999999999999503e+00 2.771914099596570712e+06
8.449999999999999289e+00 2.771914099596569315e+06
8.460000000000000853e+00 2.771914099596568383e+06
8.470000000000000639e+00 2.771914099596566986e+06
8.480000000000000426e+00 2.771914099596568383e+06
8.490000000000000213e+00 2.771914099596567452e+06
8.500000000000000000e+00 2.771914099596565124e+06
8.509999999999999787e+00 2.771914099596564658e+06
8.519999999999999574e+00 2.771914099596563727e+06
8.529999999999999361e+00 2.771914099596562330e+06
8.540000000000000924e+00 2.771914099596560933e+06
8.550000000000000711e+00 2.771914099596561398e+06
8.560000000000000497e+00 2.771914099596560467e+06
8.570000000000000284e+00 2.771914099596560001e+06
8.580000000000000071e+00 2.771914099596561398e+06
8.589999999999999858e+00 2.771914099596560467e+06
8.599999999999999645e+00 2.771914099596561864e+06
8.609999999999999432e+00 2.771914099596563261e+06
8.620000000000000995e+00 2.771914099596564192e+06
8.630000000000000782e+00 2.771914099596562330e+06
8.640000000000000568e+00 2.771914099596561864e+06
8.650000000000000355e+00 2.771914099596560467e+06
8.660000000000000142e+00 2.771914099596561864e+06
8.669999999999999929e+00 2.771914099596563261e+06
8.679999999999999716e+00 2.771914099596563727e+06
8.689999999999999503e+00 2.771914099596562795e+06
8.700000000000001066e+00 2.771914099596560933e+06
8.710000000000000853e+00 2.771914099596560467e+06
8.720000000000000639e+00 2.771914099596561398e+06
8.730000000000000426e+00 2.771914099596561864e+06
8.740000000000000213e+00 2.771914099596561398e+06
8.750000000000000000e+00 2.771914099596561864e+06
8.759999999999999787e+00 2.771914099596560001e+06
8.769999999999999574e+00 2.771914099596558139e+06
8.779999999999999361e+00 2.771914099596558139e+06
8.790000000000000924e+00 2.771914099596558604e+06
8.800000000000000711e+00 2.771914099596558604e+06
8.810000000000000497e+00 2.771914099596559070e+06
8.820000000000000284e+00 2.771914099596558604e+06
8.830000000000000071e+00 2.771914099596559536e+06
8.839999999999999858e+00 2.771914099596559070e+06
8.849999999999999645e+00 2.771914099596561864e+06
8.859999999999999432e+00 2.771914099596561864e+06
8.870000000000000995e+00 2.771914099596561864e+06
8.880000000000000782e+00 2.771914099596560933e+06
8.890000000000000568e+00 2.771914099596560933e+06
8.900000000000000355e+00 2.771914099596563261e+06
8.910000000000000142e+00 2.771914099596564192e+06
8.919999999999999929e+00 2.771914099596564192e+06
8.929999999999999716e+00 2.771914099596563727e+06
8.939999999999999503e+00 2.771914099596562330e+06
8.950000000000001066e+00 2.771914099596561864e+06
8.960000000000000853e+00 2.771914099596561864e+06
8.970000000000000639e+00 2.771914099596560933e+06
8.980000000000000426e+00 2.771914099596560933e+06
8.990000000000000213e+00 2.771914099596561398e+06
9.000000000000000000e+00 2.771914099596559536e+06
9.009999999999999787e+00 2.771914099596559070e+06
9.019999999999999574e+00 2.771914099596559070e+06
9.029999999999999361e+00 2.771914099596558604e+06
9.040000000000000924e+00 2.771914099596559536e+06
9.050000000000000711e+00 2.771914099596558139e+06
9.060000000000000497e+00 2.771914099596559536e+06
9.070000000000000284e+00 2.771914099596559536e+06
9.080000000000000071e+00 2.771914099596560467e+06
9.089999999999999858e+00 2.771914099596562330e+06
9.099999999999999645e+00 2.771914099596561864e+06
9.109999999999999432e+00 2.771914099596562795e+06
9.120000000000000995e+00 2.771914099596559070e+06
9.130000000000000782e+00 2.771914099596559070e+06
9.140000000000000568e+00 2.771914099596556742e+06
9.150000000000000355e+00 2.771914099596556276e+06
9.160000000000000142e+00 2.771914099596555345e+06
9.169999999999999929e+00 2.771914099596555810e+06
9.179999999999999716e+00 2.771914099596555345e+06
9.189999999999999503e+00 2.771914099596555345e+06
9.200000000000001066e+00 2.771914099596555810e+06
9.210000000000000853e+00 2.771914099596555345e+06
9.220000000000000639e+00 2.771914099596556276e+06
9.230000000000000426e+00 2.771914099596557207e+06
9.240000000000000213e+00 2.771914099596557207e+06
9.250000000000000000e+00 2.771914099596557673e+06
9.259999999999999787e+00 2.771914099596559536e+06
9.269999999999999574e+00 2.771914099596557673e+06
9.279999999999999361e+00 2.771914099596557673e+06
9.290000000000000924e+00 2.771914099596557207e+06
9.300000000000000711e+00 2.771914099596555810e+06
9.310000000000000497e+00 2.771914099596557207e+06
9.320000000000000284e+00 2.771914099596555810e+06
9.330000000000000071e+00 2.771914099596556276e+06
9.339999999999999858e+00 2.771914099596556276e+06
9.349999999999999645e+00 2.771914099596555810e+06
9.359999999999999432e+00 2.771914099596558604e+06
9.370000000000000995e+00 2.771914099596557673e+06
9.380000000000000782e+00 2.771914099596557673e+06
9.390000000000000568e+00 2.771914099596558139e+06
9.400000000000000355e+00 2.771914099596559070e+06
9.410000000000000142e+00 2.771914099596556276e+06
9.419999999999999929e+00 2.771914099596557673e+06
9.429999999999999716e+00 2.771914099596554879e+06
9.439999999999999503e+00 2.771914099596555345e+06
9.450000000000001066e+00 2.771914099596557673e+06
9.460000000000000853e+00 2.771914099596555810e+06
9.470000000000000639e+00 2.771914099596553482e+06
9.480000000000000426e+00 2.771914099596553016e+06
9.490000000000000213e+00 2.771914099596553016e+06
9.500000000000000000e+00 2.771914099596551619e+06
9.509999999999999787e+00 2.771914099596553016e+06
9.519999999999999574e+00 2.771914099596554879e+06
9.529999999999999361e+00 2.771914099596553016e+06
9.540000000000000924e+00 2.771914099596552085e+06
9.550000000000000711e+00 2.771914099596552551e+06
9.560000000000000497e+00 2.771914099596552551e+06
9.570000000000000284e+00 2.771914099596552551e+06
9.580000000000000071e+00 2.771914099596553948e+06
9.589999999999999858e+00 2.771914099596554413e+06
9.599999999999999645e+00 2.771914099596554879e+06
9.609999999999999432e+00 2.771914099596556276e+06
9.620000000000000995e+00 2.771914099596557207e+06
9.630000000000000782e+00 2.771914099596556742e+06
9.640000000000000568e+00 2.771914099596557207e+06
9.650000000000000355e+00 2.771914099596554413e+06
9.660000000000000142e+00 2.771914099596552551e+06
9.669999999999999929e+00 2.771914099596553016e+06
9.679999999999999716e+00 2.771914099596550688e+06
9.689999999999999503e+00 2.771914099596548826e+06
9.700000000000001066e+00 2.771914099596547894e+06
9.710000000000000853e+00 2.771914099596550222e+06
9.720000000000000639e+00 2.771914099596550688e+06
9.730000000000000426e+00 2.771914099596552085e+06
9.740000000000000213e+00 2.771914099596550688e+06
9.750000000000000000e+00 2.771914099596550688e+06
9.759999999999999787e+00 2.771914099596549757e+06
9.769999999999999574e+00 2.771914099596550688e+06
9.779999999999999361e+00 2.771914099596550688e+06
9.790000000000000924e+00 2.771914099596549291e+06
9.800000000000000711e+00 2.771914099596551154e+06
9.810000000000000497e+00 2.771914099596552551e+06
9.820000000000000284e+00 2.771914099596552551e+06
9.830000000000000071e+00 2.771914099596552551e+06
9.839999999999999858e+00 2.771914099596553482e+06
9.849999999999999645e+00 2.771914099596553016e+06
9.859999999999999432e+00 2.771914099596552551e+06
9.870000000000000995e+00 2.771914099596552551e+06
9.880000000000000782e+00 2.771914099596552551e+06
9.890000000000000568e+00 2.771914099596555810e+06
9.900000000000000355e+00 2.771914099596554413e+06
9.910000000000000142e+00 2.771914099596553016e+06
9.919999999999999929e+00 2.771914099596551154e+06
9.929999999999999716e+00 2.771914099596552085e+06
9.939999999999999503e+00 2.771914099596553482e+06
9.950000000000001066e+00 2.771914099596551154e+06
9.960000000000000853e+00 2.771914099596550688e+06
9.970000000000000639e+00 2.771914099596549291e+06
