0.000000000000000000e+00 5.494104687637734413e+07
1.000000000000000021e-02 5.494104687637734413e+07
2.000000000000000042e-02 5.494104687637734413e+07
2.999999999999999889e-02 5.494104687637734413e+07
4.000000000000000083e-02 5.494104687637734413e+07
5.000000000000000278e-02 5.494104687637734413e+07
5.999999999999999778e-02 5.494104687637734413e+07
7.000000000000000666e-02 5.494104687637734413e+07
8.000000000000000167e-02 5.494104687637734413e+07
8.999999999999999667e-02 5.494104687637734413e+07
1.000000000000000056e-01 5.494104687637734413e+07
1.100000000000000006e-01 5.494104687637734413e+07
1.199999999999999956e-01 5.494104687637734413e+07
1.300000000000000044e-01 5.494104687637734413e+07
1.400000000000000133e-01 5.494104687637734413e+07
1.499999999999999944e-01 5.494104687637734413e+07
1.600000000000000033e-01 5.494104687637734413e+07
1.700000000000000122e-01 5.494104687637734413e+07
1.799999999999999933e-01 5.494104687637734413e+07
1.900000000000000022e-01 5.494104687637734413e+07
2.000000000000000111e-01 5.494104687637734413e+07
2.099999999999999922e-01 5.494104687637734413e+07
2.200000000000000011e-01 5.494104687637734413e+07
2.300000000000000100e-01 5.494104687637734413e+07
2.399999999999999911e-01 5.494104687637734413e+07
2.500000000000000000e-01 5.494104687637734413e+07
2.600000000000000089e-01 5.494104687637734413e+07
2.700000000000000178e-01 5.494104687637734413e+07
2.800000000000000266e-01 5.494104687637734413e+07
2.899999999999999800e-01 5.494104687637734413e+07
2.999999999999999889e-01 5.494104687637734413e+07
3.099999999999999978e-01 5.494104687637734413e+07
3.200000000000000067e-01 5.494104687637734413e+07
3.300000000000000155e-01 5.494104687637734413e+07
3.400000000000000244e-01 5.494104687637734413e+07
3.500000000000000333e-01 5.494104687637734413e+07
3.599999999999999867e-01 5.494104687637734413e+07
3.699999999999999956e-01 5.494104687637734413e+07
3.800000000000000044e-01 5.494104687637734413e+07
3.900000000000000133e-01 5.494104687637734413e+07
4.000000000000000222e-01 5.494104687637734413e+07
4.100000000000000311e-01 5.494104687637734413e+07
4.199999999999999845e-01 5.494104687637734413e+07
4.299999999999999933e-01 5.494104687637734413e+07
4.400000000000000022e-01 5.494104687637734413e+07
4.500000000000000111e-01 5.494104687637734413e+07
4.600000000000000200e-01 5.494104687637734413e+07
4.700000000000000289e-01 5.494104687637734413e+07
4.799999999999999822e-01 5.494104687637734413e+07
4.899999999999999911e-01 5.494104687637734413e+07
5.000000000000000000e-01 5.494104687637734413e+07
5.100000000000000089e-01 5.494104687637734413e+07
5.200000000000000178e-01 5.494104687637734413e+07
5.300000000000000266e-01 5.494104687637734413e+07
5.400000000000000355e-01 5.494104687637734413e+07
5.500000000000000444e-01 5.494104687637734413e+07
5.600000000000000533e-01 5.494104687637734413e+07
5.700000000000000622e-01 5.494104687637734413e+07
5.799999999999999600e-01 5.494104687637734413e+07
5.899999999999999689e-01 5.494104687637734413e+07
5.999999999999999778e-01 5.494104687637734413e+07
6.099999999999999867e-01 5.494104687637734413e+07
6.199999999999999956e-01 5.494104687637734413e+07
6.300000000000000044e-01 5.494104687637734413e+07
6.400000000000000133e-01 5.494104687637734413e+07
6.500000000000000222e-01 5.494104687637734413e+07
6.600000000000000311e-01 5.494104687637734413e+07
6.700000000000000400e-01 5.494104687637734413e+07
6.800000000000000488e-01 5.494104687637734413e+07
6.900000000000000577e-01 5.494104687637734413e+07
7.000000000000000666e-01 5.494104687637734413e+07
7.099999999999999645e-01 5.494104687637734413e+07
7.199999999999999734e-01 5.494104687637734413e+07
7.299999999999999822e-01 5.494104687637734413e+07
7.399999999999999911e-01 5.494104687637734413e+07
7.500000000000000000e-01 5.494104687637734413e+07
7.600000000000000089e-01 5.494104687637734413e+07
7.700000000000000178e-01 5.494104687637734413e+07
7.800000000000000266e-01 5.494104687637734413e+07
7.900000000000000355e-01 5.494104687637734413e+07
8.000000000000000444e-01 5.494104687637734413e+07
8.100000000000000533e-01 5.494104687637734413e+07
8.200000000000000622e-01 5.494104687637734413e+07
8.300000000000000711e-01 5.494104687637734413e+07
8.399999999999999689e-01 5.494104687637734413e+07
8.499999999999999778e-01 5.494104687637734413e+07
8.599999999999999867e-01 5.494104687637734413e+07
8.699999999999999956e-01 5.494104687637734413e+07
8.800000000000000044e-01 5.494104687637734413e+07
8.900000000000000133e-01 5.494104687637734413e+07
9.000000000000000222e-01 5.494104687637734413e+07
9.100000000000000311e-01 5.494104687637734413e+07
9.200000000000000400e-01 5.494104687637734413e+07
9.300000000000000488e-01 5.494104687637734413e+07
9.400000000000000577e-01 5.494104687637734413e+07
9.500000000000000666e-01 5.494104687637734413e+07
9.599999999999999645e-01 5.494104687637734413e+07
9.699999999999999734e-01 5.494104687637734413e+07
9.799999999999999822e-01 5.494104687637734413e+07
9.899999999999999911e-01 5.494104687637734413e+07
1.000000000000000000e+00 5.494104687637734413e+07
1.010000000000000009e+00 5.494104687637734413e+07
1.020000000000000018e+00 5.494104687637734413e+07
1.030000000000000027e+00 5.494104687637734413e+07
1.040000000000000036e+00 5.494104687637734413e+07
1.050000000000000044e+00 5.494104687637734413e+07
1.060000000000000053e+00 5.494104687637734413e+07
1.070000000000000062e+00 5.494104687637734413e+07
1.080000000000000071e+00 5.494104687637734413e+07
1.090000000000000080e+00 5.494104687637734413e+07
1.100000000000000089e+00 5.494104687637734413e+07
1.110000000000000098e+00 5.494104687637734413e+07
1.120000000000000107e+00 5.494104687637734413e+07
1.130000000000000115e+00 5.494104687637734413e+07
1.140000000000000124e+00 5.494104687637734413e+07
1.150000000000000133e+00 5.494104687637734413e+07
1.159999999999999920e+00 5.494104687637734413e+07
1.169999999999999929e+00 5.494104687637734413e+07
1.179999999999999938e+00 5.494104687637734413e+07
1.189999999999999947e+00 5.494104687637734413e+07
1.199999999999999956e+00 5.494104687637734413e+07
1.209999999999999964e+00 5.494104687637734413e+07
1.219999999999999973e+00 5.494104687637734413e+07
1.229999999999999982e+00 5.494104687637734413e+07
1.239999999999999991e+00 5.494104687637734413e+07
1.250000000000000000e+00 5.494104687637734413e+07
1.260000000000000009e+00 5.494104687637734413e+07
1.270000000000000018e+00 5.494104687637734413e+07
1.280000000000000027e+00 5.494104687637734413e+07
1.290000000000000036e+00 5.494104687637734413e+07
1.300000000000000044e+00 5.494104687637734413e+07
1.310000000000000053e+00 5.494104687637734413e+07
1.320000000000000062e+00 5.494104687637734413e+07
1.330000000000000071e+00 5.494104687637734413e+07
1.340000000000000080e+00 5.494104687637734413e+07
1.350000000000000089e+00 5.494104687637734413e+07
1.360000000000000098e+00 5.494104687637734413e+07
1.370000000000000107e+00 5.494104687637734413e+07
1.380000000000000115e+00 5.494104687637734413e+07
1.390000000000000124e+00 5.494104687637734413e+07
1.400000000000000133e+00 5.494104687637734413e+07
1.409999999999999920e+00 5.494104687637734413e+07
1.419999999999999929e+00 5.494104687637734413e+07
1.429999999999999938e+00 5.494104687637734413e+07
1.439999999999999947e+00 5.494104687637734413e+07
1.449999999999999956e+00 5.494104687637734413e+07
1.459999999999999964e+00 5.494104687637734413e+07
1.469999999999999973e+00 5.494104687637734413e+07
1.479999999999999982e+00 5.494104687637734413e+07
1.489999999999999991e+00 5.494104687637734413e+07
1.500000000000000000e+00 5.494104687637734413e+07
1.510000000000000009e+00 5.494104687637734413e+07
1.520000000000000018e+00 5.494104687637734413e+07
1.530000000000000027e+00 5.494104687637734413e+07
1.540000000000000036e+00 5.494104687637734413e+07
1.550000000000000044e+00 5.494104687637734413e+07
1.560000000000000053e+00 5.494104687637734413e+07
1.570000000000000062e+00 5.494104687637734413e+07
1.580000000000000071e+00 5.494104687637734413e+07
1.590000000000000080e+00 5.494104687637734413e+07
1.600000000000000089e+00 5.494104687637734413e+07
1.610000000000000098e+00 5.494104687637734413e+07
1.620000000000000107e+00 5.494104687637734413e+07
1.630000000000000115e+00 5.494104687637734413e+07
1.640000000000000124e+00 5.494104687637734413e+07
1.650000000000000133e+00 5.494104687637734413e+07
1.660000000000000142e+00 5.494104687637734413e+07
1.669999999999999929e+00 5.494104687637734413e+07
1.679999999999999938e+00 5.494104687637734413e+07
1.689999999999999947e+00 5.494104687637734413e+07
1.699999999999999956e+00 5.494104687637734413e+07
1.709999999999999964e+00 5.494104687637734413e+07
1.719999999999999973e+00 5.494104687637734413e+07
1.729999999999999982e+00 5.494104687637734413e+07
1.739999999999999991e+00 5.494104687637734413e+07
1.750000000000000000e+00 5.494104687637734413e+07
1.760000000000000009e+00 5.494104687637734413e+07
1.770000000000000018e+00 5.494104687637734413e+07
1.780000000000000027e+00 5.494104687637734413e+07
1.790000000000000036e+00 5.494104687637734413e+07
1.800000000000000044e+00 5.494104687637734413e+07
1.810000000000000053e+00 5.494104687637734413e+07
1.820000000000000062e+00 5.494104687637734413e+07
1.830000000000000071e+00 5.494104687637734413e+07
1.840000000000000080e+00 5.494104687637734413e+07
1.850000000000000089e+00 5.494104687637734413e+07
1.860000000000000098e+00 5.494104687637734413e+07
1.870000000000000107e+00 5.494104687637734413e+07
1.880000000000000115e+00 5.494104687637734413e+07
1.890000000000000124e+00 5.494104687637734413e+07
1.900000000000000133e+00 5.494104687637734413e+07
1.910000000000000142e+00 5.494104687637734413e+07
1.919999999999999929e+00 5.494104687637734413e+07
1.929999999999999938e+00 5.494104687637734413e+07
1.939999999999999947e+00 5.494104687637734413e+07
1.949999999999999956e+00 5.494104687637734413e+07
1.959999999999999964e+00 5.494104687637734413e+07
1.969999999999999973e+00 5.494104687637734413e+07
1.979999999999999982e+00 5.494104687637734413e+07
1.989999999999999991e+00 5.494104687637734413e+07
2.000000000000000000e+00 5.494104687637734413e+07
2.010000000000000231e+00 5.494104687637734413e+07
2.020000000000000018e+00 5.494104687637734413e+07
2.030000000000000249e+00 5.494104687637734413e+07
2.040000000000000036e+00 5.494104687637734413e+07
2.049999999999999822e+00 5.494104687637734413e+07
2.060000000000000053e+00 5.494104687637734413e+07
2.069999999999999840e+00 5.494104687637734413e+07
2.080000000000000071e+00 5.494104687637734413e+07
2.089999999999999858e+00 5.494104687637734413e+07
2.100000000000000089e+00 5.494104687637734413e+07
2.109999999999999876e+00 5.494104687637734413e+07
2.120000000000000107e+00 5.494104687637734413e+07
2.129999999999999893e+00 5.494104687637734413e+07
2.140000000000000124e+00 5.494104687637734413e+07
2.149999999999999911e+00 5.494104687637734413e+07
2.160000000000000142e+00 5.494104687637734413e+07
2.169999999999999929e+00 5.494104687637734413e+07
2.180000000000000160e+00 5.494104687637734413e+07
2.189999999999999947e+00 5.494104687637734413e+07
2.200000000000000178e+00 5.494104687637734413e+07
2.209999999999999964e+00 5.494104687637734413e+07
2.220000000000000195e+00 5.494104687637734413e+07
2.229999999999999982e+00 5.494104687637734413e+07
2.240000000000000213e+00 5.494104687637734413e+07
2.250000000000000000e+00 5.494104687637734413e+07
2.260000000000000231e+00 5.494104687637734413e+07
2.270000000000000018e+00 5.494104687637734413e+07
2.280000000000000249e+00 5.494104687637734413e+07
2.290000000000000036e+00 5.494104687637734413e+07
2.300000000000000266e+00 5.494104687637734413e+07
2.310000000000000053e+00 5.494104687637734413e+07
2.319999999999999840e+00 5.494104687637734413e+07
2.330000000000000071e+00 5.494104687637734413e+07
2.339999999999999858e+00 5.494104687637734413e+07
2.350000000000000089e+00 5.494104687637734413e+07
2.359999999999999876e+00 5.494104687637734413e+07
2.370000000000000107e+00 5.494104687637734413e+07
2.379999999999999893e+00 5.494104687637734413e+07
2.390000000000000124e+00 5.494104687637734413e+07
2.399999999999999911e+00 5.494104687637734413e+07
2.410000000000000142e+00 5.494104687637734413e+07
2.419999999999999929e+00 5.494104687637734413e+07
2.430000000000000160e+00 5.494104687637734413e+07
2.439999999999999947e+00 5.494104687637734413e+07
2.450000000000000178e+00 5.494104687637734413e+07
2.459999999999999964e+00 5.494104687637734413e+07
2.470000000000000195e+00 5.494104687637734413e+07
2.479999999999999982e+00 5.494104687637734413e+07
2.490000000000000213e+00 5.494104687637734413e+07
2.500000000000000000e+00 5.494104687637734413e+07
2.510000000000000231e+00 5.494104687637734413e+07
2.520000000000000018e+00 5.494104687637734413e+07
2.530000000000000249e+00 5.494104687637734413e+07
2.540000000000000036e+00 5.494104687637734413e+07
2.550000000000000266e+00 5.494104687637734413e+07
2.560000000000000053e+00 5.494104687637734413e+07
2.569999999999999840e+00 5.494104687637734413e+07
2.580000000000000071e+00 5.494104687637734413e+07
2.589999999999999858e+00 5.494104687637734413e+07
2.600000000000000089e+00 5.494104687637734413e+07
2.609999999999999876e+00 5.494104687637734413e+07
2.620000000000000107e+00 5.494104687637734413e+07
2.629999999999999893e+00 5.494104687637734413e+07
2.640000000000000124e+00 5.494104687637734413e+07
2.649999999999999911e+00 5.494104687637734413e+07
2.660000000000000142e+00 5.494104687637734413e+07
2.669999999999999929e+00 5.494104687637734413e+07
2.680000000000000160e+00 5.494104687637734413e+07
2.689999999999999947e+00 5.494104687637734413e+07
2.700000000000000178e+00 5.494104687637734413e+07
2.709999999999999964e+00 5.494104687637734413e+07
2.720000000000000195e+00 5.494104687637734413e+07
2.729999999999999982e+00 5.494104687637734413e+07
2.740000000000000213e+00 5.494104687637734413e+07
2.750000000000000000e+00 5.494104687637734413e+07
2.760000000000000231e+00 5.494104687637734413e+07
2.770000000000000018e+00 5.494104687637734413e+07
2.780000000000000249e+00 5.494104687637734413e+07
2.790000000000000036e+00 5.494104687637734413e+07
2.800000000000000266e+00 5.494104687637734413e+07
2.810000000000000053e+00 5.494104687637734413e+07
2.819999999999999840e+00 5.494104687637734413e+07
2.830000000000000071e+00 5.494104687637734413e+07
2.839999999999999858e+00 5.494104687637734413e+07
2.850000000000000089e+00 5.494104687637734413e+07
2.859999999999999876e+00 5.494104687637734413e+07
2.870000000000000107e+00 5.494104687637734413e+07
2.879999999999999893e+00 5.494104687637734413e+07
2.890000000000000124e+00 5.494104687637734413e+07
2.899999999999999911e+00 5.494104687637734413e+07
2.910000000000000142e+00 5.494104687637734413e+07
2.919999999999999929e+00 5.494104687637734413e+07
2.930000000000000160e+00 5.494104687637734413e+07
2.939999999999999947e+00 5.494104687637734413e+07
2.950000000000000178e+00 5.494104687637734413e+07
2.959999999999999964e+00 5.494104687637734413e+07
2.970000000000000195e+00 5.494104687637734413e+07
2.979999999999999982e+00 5.494104687637734413e+07
2.990000000000000213e+00 5.494104687637734413e+07
3.000000000000000000e+00 5.494104687637734413e+07
3.010000000000000231e+00 5.494104687637734413e+07
3.020000000000000018e+00 5.494104687637734413e+07
3.030000000000000249e+00 5.494104687637734413e+07
3.040000000000000036e+00 5.494104687637734413e+07
3.050000000000000266e+00 5.494104687637734413e+07
3.060000000000000053e+00 5.494104687637734413e+07
3.070000000000000284e+00 5.494104687637734413e+07
3.080000000000000071e+00 5.494104687637734413e+07
3.089999999999999858e+00 5.494104687637734413e+07
3.100000000000000089e+00 5.494104687637734413e+07
3.109999999999999876e+00 5.494104687637734413e+07
3.120000000000000107e+00 5.494104687637734413e+07
3.129999999999999893e+00 5.494104687637734413e+07
3.140000000000000124e+00 5.494104687637734413e+07
3.149999999999999911e+00 5.494104687637734413e+07
3.160000000000000142e+00 5.494104687637734413e+07
3.169999999999999929e+00 5.494104687637734413e+07
3.180000000000000160e+00 5.494104687637734413e+07
3.189999999999999947e+00 5.494104687637734413e+07
3.200000000000000178e+00 5.494104687637734413e+07
3.209999999999999964e+00 5.494104687637734413e+07
3.220000000000000195e+00 5.494104687637734413e+07
3.229999999999999982e+00 5.494104687637734413e+07
3.240000000000000213e+00 5.494104687637734413e+07
3.250000000000000000e+00 5.494104687637734413e+07
3.260000000000000231e+00 5.494104687637734413e+07
3.270000000000000018e+00 5.494104687637734413e+07
3.280000000000000249e+00 5.494104687637734413e+07
3.290000000000000036e+00 5.494104687637734413e+07
3.300000000000000266e+00 5.494104687637734413e+07
3.310000000000000053e+00 5.494104687637734413e+07
3.320000000000000284e+00 5.494104687637734413e+07
3.330000000000000071e+00 5.494104687637734413e+07
3.339999999999999858e+00 5.494104687637734413e+07
3.350000000000000089e+00 5.494104687637734413e+07
3.359999999999999876e+00 5.494104687637734413e+07
3.370000000000000107e+00 5.494104687637734413e+07
3.379999999999999893e+00 5.494104687637734413e+07
3.390000000000000124e+00 5.494104687637734413e+07
3.399999999999999911e+00 5.494104687637734413e+07
3.410000000000000142e+00 5.494104687637734413e+07
3.419999999999999929e+00 5.494104687637734413e+07
3.430000000000000160e+00 5.494104687637734413e+07
3.439999999999999947e+00 5.494104687637734413e+07
3.450000000000000178e+00 5.494104687637734413e+07
3.459999999999999964e+00 5.494104687637734413e+07
3.470000000000000195e+00 5.494104687637734413e+07
3.479999999999999982e+00 5.494104687637734413e+07
3.490000000000000213e+00 5.494104687637734413e+07
3.500000000000000000e+00 5.494104687637734413e+07
3.510000000000000231e+00 5.494104687637734413e+07
3.520000000000000018e+00 5.494104687637734413e+07
3.530000000000000249e+00 5.494104687637734413e+07
3.540000000000000036e+00 5.494104687637734413e+07
3.550000000000000266e+00 5.494104687637734413e+07
3.560000000000000053e+00 5.494104687637734413e+07
3.570000000000000284e+00 5.494104687637734413e+07
3.580000000000000071e+00 5.494104687637734413e+07
3.589999999999999858e+00 5.494104687637734413e+07
3.600000000000000089e+00 5.494104687637734413e+07
3.609999999999999876e+00 5.494104687637734413e+07
3.620000000000000107e+00 5.494104687637734413e+07
3.629999999999999893e+00 5.494104687637734413e+07
3.640000000000000124e+00 5.494104687637734413e+07
3.649999999999999911e+00 5.494104687637734413e+07
3.660000000000000142e+00 5.494104687637734413e+07
3.669999999999999929e+00 5.494104687637734413e+07
3.680000000000000160e+00 5.494104687637734413e+07
3.689999999999999947e+00 5.494104687637734413e+07
3.700000000000000178e+00 5.494104687637734413e+07
3.709999999999999964e+00 5.494104687637734413e+07
3.720000000000000195e+00 5.494104687637734413e+07
3.729999999999999982e+00 5.494104687637734413e+07
3.740000000000000213e+00 5.494104687637734413e+07
3.750000000000000000e+00 5.494104687637734413e+07
3.760000000000000231e+00 5.494104687637734413e+07
3.770000000000000018e+00 5.494104687637734413e+07
3.780000000000000249e+00 5.494104687637734413e+07
3.790000000000000036e+00 5.494104687637734413e+07
3.800000000000000266e+00 5.494104687637734413e+07
3.810000000000000053e+00 5.494104687637734413e+07
3.820000000000000284e+00 5.494104687637734413e+07
3.830000000000000071e+00 5.494104687637734413e+07
3.839999999999999858e+00 5.494104687637734413e+07
3.850000000000000089e+00 5.494104687637734413e+07
3.859999999999999876e+00 5.494104687637734413e+07
3.870000000000000107e+00 5.494104687637734413e+07
3.879999999999999893e+00 5.494104687637734413e+07
3.890000000000000124e+00 5.494104687637734413e+07
3.899999999999999911e+00 5.494104687637734413e+07
3.910000000000000142e+00 5.494104687637734413e+07
3.919999999999999929e+00 5.494104687637734413e+07
3.930000000000000160e+00 5.494104687637734413e+07
3.939999999999999947e+00 5.494104687637734413e+07
3.950000000000000178e+00 5.494104687637734413e+07
3.959999999999999964e+00 5.494104687637734413e+07
3.970000000000000195e+00 5.494104687637734413e+07
3.979999999999999982e+00 5.494104687637734413e+07
3.990000000000000213e+00 5.494104687637734413e+07
4.000000000000000000e+00 5.494104687637734413e+07
4.009999999999999787e+00 5.494104687637734413e+07
4.020000000000000462e+00 5.494104687637734413e+07
4.030000000000000249e+00 5.494104687637734413e+07
4.040000000000000036e+00 5.494104687637734413e+07
4.049999999999999822e+00 5.494104687637734413e+07
4.060000000000000497e+00 5.494104687637734413e+07
4.070000000000000284e+00 5.494104687637734413e+07
4.080000000000000071e+00 5.494104687637734413e+07
4.089999999999999858e+00 5.494104687637734413e+07
4.099999999999999645e+00 5.494104687637734413e+07
4.110000000000000320e+00 5.494104687637734413e+07
4.120000000000000107e+00 5.494104687637734413e+07
4.129999999999999893e+00 5.494104687637734413e+07
4.139999999999999680e+00 5.494104687637734413e+07
4.150000000000000355e+00 5.494104687637734413e+07
4.160000000000000142e+00 5.494104687637734413e+07
4.169999999999999929e+00 5.494104687637734413e+07
4.179999999999999716e+00 5.494104687637734413e+07
4.190000000000000391e+00 5.494104687637734413e+07
4.200000000000000178e+00 5.494104687637734413e+07
4.209999999999999964e+00 5.494104687637734413e+07
4.219999999999999751e+00 5.494104687637734413e+07
4.230000000000000426e+00 5.494104687637734413e+07
4.240000000000000213e+00 5.494104687637734413e+07
4.250000000000000000e+00 5.494104687637734413e+07
4.259999999999999787e+00 5.494104687637734413e+07
4.270000000000000462e+00 5.494104687637734413e+07
4.280000000000000249e+00 5.494104687637734413e+07
4.290000000000000036e+00 5.494104687637734413e+07
4.299999999999999822e+00 5.494104687637734413e+07
4.310000000000000497e+00 5.494104687637734413e+07
4.320000000000000284e+00 5.494104687637734413e+07
4.330000000000000071e+00 5.494104687637734413e+07
4.339999999999999858e+00 5.494104687637734413e+07
4.350000000000000533e+00 5.494104687637734413e+07
4.360000000000000320e+00 5.494104687637734413e+07
4.370000000000000107e+00 5.494104687637734413e+07
4.379999999999999893e+00 5.494104687637734413e+07
4.389999999999999680e+00 5.494104687637734413e+07
4.400000000000000355e+00 5.494104687637734413e+07
4.410000000000000142e+00 5.494104687637734413e+07
4.419999999999999929e+00 5.494104687637734413e+07
4.429999999999999716e+00 5.494104687637734413e+07
4.440000000000000391e+00 5.494104687637734413e+07
4.450000000000000178e+00 5.494104687637734413e+07
4.459999999999999964e+00 5.494104687637734413e+07
4.469999999999999751e+00 5.494104687637734413e+07
4.480000000000000426e+00 5.494104687637734413e+07
4.490000000000000213e+00 5.494104687637734413e+07
4.500000000000000000e+00 5.494104687637734413e+07
4.509999999999999787e+00 5.494104687637734413e+07
4.520000000000000462e+00 5.494104687637734413e+07
4.530000000000000249e+00 5.494104687637734413e+07
4.540000000000000036e+00 5.494104687637734413e+07
4.549999999999999822e+00 5.494104687637734413e+07
4.560000000000000497e+00 5.494104687637734413e+07
4.570000000000000284e+00 5.494104687637734413e+07
4.580000000000000071e+00 5.494104687637734413e+07
4.589999999999999858e+00 5.494104687637734413e+07
4.600000000000000533e+00 5.494104687637734413e+07
4.610000000000000320e+00 5.494104687637734413e+07
4.620000000000000107e+00 5.494104687637734413e+07
4.629999999999999893e+00 5.494104687637734413e+07
4.639999999999999680e+00 5.494104687637734413e+07
4.650000000000000355e+00 5.494104687637734413e+07
4.660000000000000142e+00 5.494104687637734413e+07
4.669999999999999929e+00 5.494104687637734413e+07
4.679999999999999716e+00 5.494104687637734413e+07
4.690000000000000391e+00 5.494104687637734413e+07
4.700000000000000178e+00 5.494104687637734413e+07
4.709999999999999964e+00 5.494104687637734413e+07
4.719999999999999751e+00 5.494104687637734413e+07
4.730000000000000426e+00 5.494104687637734413e+07
4.740000000000000213e+00 5.494104687637734413e+07
4.750000000000000000e+00 5.494104687637734413e+07
4.759999999999999787e+00 5.494104687637734413e+07
4.770000000000000462e+00 5.494104687637734413e+07
4.780000000000000249e+00 5.494104687637734413e+07
4.790000000000000036e+00 5.494104687637734413e+07
4.799999999999999822e+00 5.494104687637734413e+07
4.810000000000000497e+00 5.494104687637734413e+07
4.820000000000000284e+00 5.494104687637734413e+07
4.830000000000000071e+00 5.494104687637734413e+07
4.839999999999999858e+00 5.494104687637734413e+07
4.850000000000000533e+00 5.494104687637734413e+07
4.860000000000000320e+00 5.494104687637734413e+07
4.870000000000000107e+00 5.494104687637734413e+07
4.879999999999999893e+00 5.494104687637734413e+07
4.889999999999999680e+00 5.494104687637734413e+07
4.900000000000000355e+00 5.494104687637734413e+07
4.910000000000000142e+00 5.494104687637734413e+07
4.919999999999999929e+00 5.494104687637734413e+07
4.929999999999999716e+00 5.494104687637734413e+07
4.940000000000000391e+00 5.494104687637734413e+07
4.950000000000000178e+00 5.494104687637734413e+07
4.959999999999999964e+00 5.494104687637734413e+07
4.969999999999999751e+00 5.494104687637734413e+07
4.980000000000000426e+00 5.494104687637734413e+07
4.990000000000000213e+00 5.494104687637734413e+07
5.000000000000000000e+00 5.494104687637734413e+07
5.009999999999999787e+00 5.494104687637734413e+07
5.020000000000000462e+00 5.494104687637734413e+07
5.030000000000000249e+00 5.494104687637734413e+07
5.040000000000000036e+00 5.494104687637734413e+07
5.049999999999999822e+00 5.494104687637734413e+07
5.060000000000000497e+00 5.494104687637734413e+07
5.070000000000000284e+00 5.494104687637734413e+07
5.080000000000000071e+00 5.494104687637734413e+07
5.089999999999999858e+00 5.494104687637734413e+07
5.100000000000000533e+00 5.494104687637734413e+07
5.110000000000000320e+00 5.494104687637734413e+07
5.120000000000000107e+00 5.494104687637734413e+07
5.129999999999999893e+00 5.494104687637734413e+07
5.139999999999999680e+00 5.494104687637734413e+07
5.150000000000000355e+00 5.494104687637734413e+07
5.160000000000000142e+00 5.494104687637734413e+07
5.169999999999999929e+00 5.494104687637734413e+07
5.179999999999999716e+00 5.494104687637734413e+07
5.190000000000000391e+00 5.494104687637734413e+07
5.200000000000000178e+00 5.494104687637734413e+07
5.209999999999999964e+00 5.494104687637734413e+07
5.219999999999999751e+00 5.494104687637734413e+07
5.230000000000000426e+00 5.494104687637734413e+07
5.240000000000000213e+00 5.494104687637734413e+07
5.250000000000000000e+00 5.494104687637734413e+07
5.259999999999999787e+00 5.494104687637734413e+07
5.270000000000000462e+00 5.494104687637734413e+07
5.280000000000000249e+00 5.494104687637734413e+07
5.290000000000000036e+00 5.494104687637734413e+07
5.299999999999999822e+00 5.494104687637734413e+07
5.310000000000000497e+00 5.494104687637734413e+07
5.320000000000000284e+00 5.494104687637734413e+07
5.330000000000000071e+00 5.494104687637734413e+07
5.339999999999999858e+00 5.494104687637734413e+07
5.350000000000000533e+00 5.494104687637734413e+07
5.360000000000000320e+00 5.494104687637734413e+07
5.370000000000000107e+00 5.494104687637734413e+07
5.379999999999999893e+00 5.494104687637734413e+07
5.389999999999999680e+00 5.494104687637734413e+07
5.400000000000000355e+00 5.494104687637734413e+07
5.410000000000000142e+00 5.494104687637734413e+07
5.419999999999999929e+00 5.494104687637734413e+07
5.429999999999999716e+00 5.494104687637734413e+07
5.440000000000000391e+00 5.494104687637734413e+07
5.450000000000000178e+00 5.494104687637734413e+07
5.459999999999999964e+00 5.494104687637734413e+07
5.469999999999999751e+00 5.494104687637734413e+07
5.480000000000000426e+00 5.494104687637734413e+07
5.490000000000000213e+00 5.494104687637734413e+07
5.500000000000000000e+00 5.494104687637734413e+07
5.509999999999999787e+00 5.494104687637734413e+07
5.520000000000000462e+00 5.494104687637734413e+07
5.530000000000000249e+00 5.494104687637734413e+07
5.540000000000000036e+00 5.494104687637734413e+07
5.549999999999999822e+00 5.494104687637734413e+07
5.560000000000000497e+00 5.494104687637734413e+07
5.570000000000000284e+00 5.494104687637734413e+07
5.580000000000000071e+00 5.494104687637734413e+07
5.589999999999999858e+00 5.494104687637734413e+07
5.600000000000000533e+00 5.494104687637734413e+07
5.610000000000000320e+00 5.494104687637734413e+07
5.620000000000000107e+00 5.494104687637734413e+07
5.629999999999999893e+00 5.494104687637734413e+07
5.639999999999999680e+00 5.494104687637734413e+07
5.650000000000000355e+00 5.494104687637734413e+07
5.660000000000000142e+00 5.494104687637734413e+07
5.669999999999999929e+00 5.494104687637734413e+07
5.679999999999999716e+00 5.494104687637734413e+07
5.690000000000000391e+00 5.494104687637734413e+07
5.700000000000000178e+00 5.494104687637734413e+07
5.709999999999999964e+00 5.494104687637734413e+07
5.719999999999999751e+00 5.494104687637734413e+07
5.730000000000000426e+00 5.494104687637734413e+07
5.740000000000000213e+00 5.494104687637734413e+07
5.750000000000000000e+00 5.494104687637734413e+07
5.759999999999999787e+00 5.494104687637734413e+07
5.770000000000000462e+00 5.494104687637734413e+07
5.780000000000000249e+00 5.494104687637734413e+07
5.790000000000000036e+00 5.494104687637734413e+07
5.799999999999999822e+00 5.494104687637734413e+07
5.810000000000000497e+00 5.494104687637734413e+07
5.820000000000000284e+00 5.494104687637734413e+07
5.830000000000000071e+00 5.494104687637734413e+07
5.839999999999999858e+00 5.494104687637734413e+07
5.850000000000000533e+00 5.494104687637734413e+07
5.860000000000000320e+00 5.494104687637734413e+07
5.870000000000000107e+00 5.494104687637734413e+07
5.879999999999999893e+00 5.494104687637734413e+07
5.889999999999999680e+00 5.494104687637734413e+07
5.900000000000000355e+00 5.494104687637734413e+07
5.910000000000000142e+00 5.494104687637734413e+07
5.919999999999999929e+00 5.494104687637734413e+07
5.929999999999999716e+00 5.494104687637734413e+07
5.940000000000000391e+00 5.494104687637734413e+07
5.950000000000000178e+00 5.494104687637734413e+07
5.959999999999999964e+00 5.494104687637734413e+07
5.969999999999999751e+00 5.494104687637734413e+07
5.980000000000000426e+00 5.494104687637734413e+07
5.990000000000000213e+00 5.494104687637734413e+07
6.000000000000000000e+00 5.494104687637734413e+07
6.009999999999999787e+00 5.494104687637734413e+07
6.020000000000000462e+00 5.494104687637734413e+07
6.030000000000000249e+00 5.494104687637734413e+07
6.040000000000000036e+00 5.494104687637734413e+07
6.049999999999999822e+00 5.494104687637734413e+07
6.060000000000000497e+00 5.494104687637734413e+07
6.070000000000000284e+00 5.494104687637734413e+07
6.080000000000000071e+00 5.494104687637734413e+07
6.089999999999999858e+00 5.494104687637734413e+07
6.100000000000000533e+00 5.494104687637734413e+07
6.110000000000000320e+00 5.494104687637734413e+07
6.120000000000000107e+00 5.494104687637734413e+07
6.129999999999999893e+00 5.494104687637734413e+07
6.140000000000000568e+00 5.494104687637734413e+07
6.150000000000000355e+00 5.494104687637734413e+07
6.160000000000000142e+00 5.494104687637734413e+07
6.169999999999999929e+00 5.494104687637734413e+07
6.179999999999999716e+00 5.494104687637734413e+07
6.190000000000000391e+00 5.494104687637734413e+07
6.200000000000000178e+00 5.494104687637734413e+07
6.209999999999999964e+00 5.494104687637734413e+07
6.219999999999999751e+00 5.494104687637734413e+07
6.230000000000000426e+00 5.494104687637734413e+07
6.240000000000000213e+00 5.494104687637734413e+07
6.250000000000000000e+00 5.494104687637734413e+07
6.259999999999999787e+00 5.494104687637734413e+07
6.270000000000000462e+00 5.494104687637734413e+07
6.280000000000000249e+00 5.494104687637734413e+07
6.290000000000000036e+00 5.494104687637734413e+07
6.299999999999999822e+00 5.494104687637734413e+07
6.310000000000000497e+00 5.494104687637734413e+07
6.320000000000000284e+00 5.494104687637734413e+07
6.330000000000000071e+00 5.494104687637734413e+07
6.339999999999999858e+00 5.494104687637734413e+07
6.350000000000000533e+00 5.494104687637734413e+07
6.360000000000000320e+00 5.494104687637734413e+07
6.370000000000000107e+00 5.494104687637734413e+07
6.379999999999999893e+00 5.494104687637734413e+07
6.390000000000000568e+00 5.494104687637734413e+07
6.400000000000000355e+00 5.494104687637734413e+07
6.410000000000000142e+00 5.494104687637734413e+07
6.419999999999999929e+00 5.494104687637734413e+07
6.429999999999999716e+00 5.494104687637734413e+07
6.440000000000000391e+00 5.494104687637734413e+07
6.450000000000000178e+00 5.494104687637734413e+07
6.459999999999999964e+00 5.494104687637734413e+07
6.469999999999999751e+00 5.494104687637734413e+07
6.480000000000000426e+00 5.494104687637734413e+07
6.490000000000000213e+00 5.494104687637734413e+07
6.500000000000000000e+00 5.494104687637734413e+07
6.509999999999999787e+00 5.494104687637734413e+07
6.520000000000000462e+00 5.494104687637734413e+07
6.530000000000000249e+00 5.494104687637734413e+07
6.540000000000000036e+00 5.494104687637734413e+07
6.549999999999999822e+00 5.494104687637734413e+07
6.560000000000000497e+00 5.494104687637734413e+07
6.570000000000000284e+00 5.494104687637734413e+07
6.580000000000000071e+00 5.494104687637734413e+07
6.589999999999999858e+00 5.494104687637734413e+07
6.600000000000000533e+00 5.494104687637734413e+07
6.610000000000000320e+00 5.494104687637734413e+07
6.620000000000000107e+00 5.494104687637734413e+07
6.629999999999999893e+00 5.494104687637734413e+07
6.640000000000000568e+00 5.494104687637734413e+07
6.650000000000000355e+00 5.494104687637734413e+07
6.660000000000000142e+00 5.494104687637734413e+07
6.669999999999999929e+00 5.494104687637734413e+07
6.679999999999999716e+00 5.494104687637734413e+07
6.690000000000000391e+00 5.494104687637734413e+07
6.700000000000000178e+00 5.494104687637734413e+07
6.709999999999999964e+00 5.494104687637734413e+07
6.719999999999999751e+00 5.494104687637734413e+07
6.730000000000000426e+00 5.494104687637734413e+07
6.740000000000000213e+00 5.494104687637734413e+07
6.750000000000000000e+00 5.494104687637734413e+07
6.759999999999999787e+00 5.494104687637734413e+07
6.770000000000000462e+00 5.494104687637734413e+07
6.780000000000000249e+00 5.494104687637734413e+07
6.790000000000000036e+00 5.494104687637734413e+07
6.799999999999999822e+00 5.494104687637734413e+07
6.810000000000000497e+00 5.494104687637734413e+07
6.820000000000000284e+00 5.494104687637734413e+07
6.830000000000000071e+00 5.494104687637734413e+07
6.839999999999999858e+00 5.494104687637734413e+07
6.850000000000000533e+00 5.494104687637734413e+07
6.860000000000000320e+00 5.494104687637734413e+07
6.870000000000000107e+00 5.494104687637734413e+07
6.879999999999999893e+00 5.494104687637734413e+07
6.890000000000000568e+00 5.494104687637734413e+07
6.900000000000000355e+00 5.494104687637734413e+07
6.910000000000000142e+00 5.494104687637734413e+07
6.919999999999999929e+00 5.494104687637734413e+07
6.929999999999999716e+00 5.494104687637734413e+07
6.940000000000000391e+00 5.494104687637734413e+07
6.950000000000000178e+00 5.494104687637734413e+07
6.959999999999999964e+00 5.494104687637734413e+07
6.969999999999999751e+00 5.494104687637734413e+07
6.980000000000000426e+00 5.494104687637734413e+07
6.990000000000000213e+00 5.494104687637734413e+07
7.000000000000000000e+00 5.494104687637734413e+07
7.009999999999999787e+00 5.494104687637734413e+07
7.020000000000000462e+00 5.494104687637734413e+07
7.030000000000000249e+00 5.494104687637734413e+07
7.040000000000000036e+00 5.494104687637734413e+07
7.049999999999999822e+00 5.494104687637734413e+07
7.060000000000000497e+00 5.494104687637734413e+07
7.070000000000000284e+00 5.494104687637734413e+07
7.080000000000000071e+00 5.494104687637734413e+07
7.089999999999999858e+00 5.494104687637734413e+07
7.100000000000000533e+00 5.494104687637734413e+07
7.110000000000000320e+00 5.494104687637734413e+07
7.120000000000000107e+00 5.494104687637734413e+07
7.129999999999999893e+00 5.494104687637734413e+07
7.140000000000000568e+00 5.494104687637734413e+07
7.150000000000000355e+00 5.494104687637734413e+07
7.160000000000000142e+00 5.494104687637734413e+07
7.169999999999999929e+00 5.494104687637734413e+07
7.179999999999999716e+00 5.494104687637734413e+07
7.190000000000000391e+00 5.494104687637734413e+07
7.200000000000000178e+00 5.494104687637734413e+07
7.209999999999999964e+00 5.494104687637734413e+07
7.219999999999999751e+00 5.494104687637734413e+07
7.230000000000000426e+00 5.494104687637734413e+07
7.240000000000000213e+00 5.494104687637734413e+07
7.250000000000000000e+00 5.494104687637734413e+07
7.259999999999999787e+00 5.494104687637734413e+07
7.270000000000000462e+00 5.494104687637734413e+07
7.280000000000000249e+00 5.494104687637734413e+07
7.290000000000000036e+00 5.494104687637734413e+07
7.299999999999999822e+00 5.494104687637734413e+07
7.310000000000000497e+00 5.494104687637734413e+07
7.320000000000000284e+00 5.494104687637734413e+07
7.330000000000000071e+00 5.494104687637734413e+07
7.339999999999999858e+00 5.494104687637734413e+07
7.350000000000000533e+00 5.494104687637734413e+07
7.360000000000000320e+00 5.494104687637734413e+07
7.370000000000000107e+00 5.494104687637734413e+07
7.379999999999999893e+00 5.494104687637734413e+07
7.390000000000000568e+00 5.494104687637734413e+07
7.400000000000000355e+00 5.494104687637734413e+07
7.410000000000000142e+00 5.494104687637734413e+07
7.419999999999999929e+00 5.494104687637734413e+07
7.429999999999999716e+00 5.494104687637734413e+07
7.440000000000000391e+00 5.494104687637734413e+07
7.450000000000000178e+00 5.494104687637734413e+07
7.459999999999999964e+00 5.494104687637734413e+07
7.469999999999999751e+00 5.494104687637734413e+07
7.480000000000000426e+00 5.494104687637734413e+07
7.490000000000000213e+00 5.494104687637734413e+07
7.500000000000000000e+00 5.494104687637734413e+07
7.509999999999999787e+00 5.494104687637734413e+07
7.520000000000000462e+00 5.494104687637734413e+07
7.530000000000000249e+00 5.494104687637734413e+07
7.540000000000000036e+00 5.494104687637734413e+07
7.549999999999999822e+00 5.494104687637734413e+07
7.560000000000000497e+00 5.494104687637734413e+07
7.570000000000000284e+00 5.494104687637734413e+07
7.580000000000000071e+00 5.494104687637734413e+07
7.589999999999999858e+00 5.494104687637734413e+07
7.600000000000000533e+00 5.494104687637734413e+07
7.610000000000000320e+00 5.494104687637734413e+07
7.620000000000000107e+00 5.494104687637734413e+07
7.629999999999999893e+00 5.494104687637734413e+07
7.640000000000000568e+00 5.494104687637734413e+07
7.650000000000000355e+00 5.494104687637734413e+07
7.660000000000000142e+00 5.494104687637734413e+07
7.669999999999999929e+00 5.494104687637734413e+07
7.679999999999999716e+00 5.494104687637734413e+07
7.690000000000000391e+00 5.494104687637734413e+07
7.700000000000000178e+00 5.494104687637734413e+07
7.709999999999999964e+00 5.494104687637734413e+07
7.719999999999999751e+00 5.494104687637734413e+07
7.730000000000000426e+00 5.494104687637734413e+07
7.740000000000000213e+00 5.494104687637734413e+07
7.750000000000000000e+00 5.494104687637734413e+07
7.759999999999999787e+00 5.494104687637734413e+07
7.770000000000000462e+00 5.494104687637734413e+07
7.780000000000000249e+00 5.494104687637734413e+07
7.790000000000000036e+00 5.494104687637734413e+07
7.799999999999999822e+00 5.494104687637734413e+07
7.810000000000000497e+00 5.494104687637734413e+07
7.820000000000000284e+00 5.494104687637734413e+07
7.830000000000000071e+00 5.494104687637734413e+07
7.839999999999999858e+00 5.494104687637734413e+07
7.850000000000000533e+00 5.494104687637734413e+07
7.860000000000000320e+00 5.494104687637734413e+07
7.870000000000000107e+00 5.494104687637734413e+07
7.879999999999999893e+00 5.494104687637734413e+07
7.890000000000000568e+00 5.494104687637734413e+07
7.900000000000000355e+00 5.494104687637734413e+07
7.910000000000000142e+00 5.494104687637734413e+07
7.919999999999999929e+00 5.494104687637734413e+07
7.930000000000000604e+00 5.494104687637734413e+07
7.940000000000000391e+00 5.494104687637734413e+07
7.950000000000000178e+00 5.494104687637734413e+07
7.959999999999999964e+00 5.494104687637734413e+07
7.969999999999999751e+00 5.494104687637734413e+07
7.980000000000000426e+00 5.494104687637734413e+07
7.990000000000000213e+00 5.494104687637734413e+07
8.000000000000000000e+00 5.494104687637734413e+07
8.009999999999999787e+00 5.494104687637734413e+07
8.019999999999999574e+00 5.494104687637734413e+07
8.029999999999999361e+00 5.494104687637734413e+07
8.040000000000000924e+00 5.494104687637734413e+07
8.050000000000000711e+00 5.494104687637734413e+07
8.060000000000000497e+00 5.494104687637734413e+07
8.070000000000000284e+00 5.494104687637734413e+07
8.080000000000000071e+00 5.494104687637734413e+07
8.089999999999999858e+00 5.494104687637734413e+07
8.099999999999999645e+00 5.494104687637734413e+07
8.109999999999999432e+00 5.494104687637734413e+07
8.120000000000000995e+00 5.494104687637734413e+07
8.130000000000000782e+00 5.494104687637734413e+07
8.140000000000000568e+00 5.494104687637734413e+07
8.150000000000000355e+00 5.494104687637734413e+07
8.160000000000000142e+00 5.494104687637734413e+07
8.169999999999999929e+00 5.494104687637734413e+07
8.179999999999999716e+00 5.494104687637734413e+07
8.189999999999999503e+00 5.494104687637734413e+07
8.199999999999999289e+00 5.494104687637734413e+07
8.210000000000000853e+00 5.494104687637734413e+07
8.220000000000000639e+00 5.494104687637734413e+07
8.230000000000000426e+00 5.494104687637734413e+07
8.240000000000000213e+00 5.494104687637734413e+07
8.250000000000000000e+00 5.494104687637734413e+07
8.259999999999999787e+00 5.494104687637734413e+07
8.269999999999999574e+00 5.494104687637734413e+07
8.279999999999999361e+00 5.494104687637734413e+07
8.290000000000000924e+00 5.494104687637734413e+07
8.300000000000000711e+00 5.494104687637734413e+07
8.310000000000000497e+00 5.494104687637734413e+07
8.320000000000000284e+00 5.494104687637734413e+07
8.330000000000000071e+00 5.494104687637734413e+07
8.339999999999999858e+00 5.494104687637734413e+07
8.349999999999999645e+00 5.494104687637734413e+07
8.359999999999999432e+00 5.494104687637734413e+07
8.370000000000000995e+00 5.494104687637734413e+07
8.380000000000000782e+00 5.494104687637734413e+07
8.390000000000000568e+00 5.494104687637734413e+07
8.400000000000000355e+00 5.494104687637734413e+07
8.410000000000000142e+00 5.494104687637734413e+07
8.419999999999999929e+00 5.494104687637734413e+07
8.429999999999999716e+00 5.494104687637734413e+07
8.439999999999999503e+00 5.494104687637734413e+07
8.449999999999999289e+00 5.494104687637734413e+07
8.460000000000000853e+00 5.494104687637734413e+07
8.470000000000000639e+00 5.494104687637734413e+07
8.480000000000000426e+00 5.494104687637734413e+07
8.490000000000000213e+00 5.494104687637734413e+07
8.500000000000000000e+00 5.494104687637734413e+07
8.509999999999999787e+00 5.494104687637734413e+07
8.519999999999999574e+00 5.494104687637734413e+07
8.529999999999999361e+00 5.494104687637734413e+07
8.540000000000000924e+00 5.494104687637734413e+07
8.550000000000000711e+00 5.494104687637734413e+07
8.560000000000000497e+00 5.494104687637734413e+07
8.570000000000000284e+00 5.494104687637734413e+07
8.580000000000000071e+00 5.494104687637734413e+07
8.589999999999999858e+00 5.494104687637734413e+07
8.599999999999999645e+00 5.494104687637734413e+07
8.609999999999999432e+00 5.494104687637734413e+07
8.620000000000000995e+00 5.494104687637734413e+07
8.630000000000000782e+00 5.494104687637734413e+07
8.640000000000000568e+00 5.494104687637734413e+07
8.650000000000000355e+00 5.494104687637734413e+07
8.660000000000000142e+00 5.494104687637734413e+07
8.669999999999999929e+00 5.494104687637734413e+07
8.679999999999999716e+00 5.494104687637734413e+07
8.689999999999999503e+00 5.494104687637734413e+07
8.700000000000001066e+00 5.494104687637734413e+07
8.710000000000000853e+00 5.494104687637734413e+07
8.720000000000000639e+00 5.494104687637734413e+07
8.730000000000000426e+00 5.494104687637734413e+07
8.740000000000000213e+00 5.494104687637734413e+07
8.750000000000000000e+00 5.494104687637734413e+07
8.759999999999999787e+00 5.494104687637734413e+07
8.769999999999999574e+00 5.494104687637734413e+07
8.779999999999999361e+00 5.494104687637734413e+07
8.790000000000000924e+00 5.494104687637734413e+07
8.800000000000000711e+00 5.494104687637734413e+07
8.810000000000000497e+00 5.494104687637734413e+07
8.820000000000000284e+00 5.494104687637734413e+07
8.830000000000000071e+00 5.494104687637734413e+07
8.839999999999999858e+00 5.494104687637734413e+07
8.849999999999999645e+00 5.494104687637734413e+07
8.859999999999999432e+00 5.494104687637734413e+07
8.870000000000000995e+00 5.494104687637734413e+07
8.880000000000000782e+00 5.494104687637734413e+07
8.890000000000000568e+00 5.494104687637734413e+07
8.900000000000000355e+00 5.494104687637734413e+07
8.910000000000000142e+00 5.494104687637734413e+07
8.919999999999999929e+00 5.494104687637734413e+07
8.929999999999999716e+00 5.494104687637734413e+07
8.939999999999999503e+00 5.494104687637734413e+07
8.950000000000001066e+00 5.494104687637734413e+07
8.960000000000000853e+00 5.494104687637734413e+07
8.970000000000000639e+00 5.494104687637734413e+07
8.980000000000000426e+00 5.494104687637734413e+07
8.990000000000000213e+00 5.494104687637734413e+07
9.000000000000000000e+00 5.494104687637734413e+07
9.009999999999999787e+00 5.494104687637734413e+07
9.019999999999999574e+00 5.494104687637734413e+07
9.029999999999999361e+00 5.494104687637734413e+07
9.040000000000000924e+00 5.494104687637734413e+07
9.050000000000000711e+00 5.494104687637734413e+07
9.060000000000000497e+00 5.494104687637734413e+07
9.070000000000000284e+00 5.494104687637734413e+07
9.080000000000000071e+00 5.494104687637734413e+07
9.089999999999999858e+00 5.494104687637734413e+07
9.099999999999999645e+00 5.494104687637734413e+07
9.109999999999999432e+00 5.494104687637734413e+07
9.120000000000000995e+00 5.494104687637734413e+07
9.130000000000000782e+00 5.494104687637734413e+07
9.140000000000000568e+00 5.494104687637734413e+07
9.150000000000000355e+00 5.494104687637734413e+07
9.160000000000000142e+00 5.494104687637734413e+07
9.169999999999999929e+00 5.494104687637734413e+07
9.179999999999999716e+00 5.494104687637734413e+07
9.189999999999999503e+00 5.494104687637734413e+07
9.200000000000001066e+00 5.494104687637734413e+07
9.210000000000000853e+00 5.494104687637734413e+07
9.220000000000000639e+00 5.494104687637734413e+07
9.230000000000000426e+00 5.494104687637734413e+07
9.240000000000000213e+00 5.494104687637734413e+07
9.250000000000000000e+00 5.494104687637734413e+07
9.259999999999999787e+00 5.494104687637734413e+07
9.269999999999999574e+00 5.494104687637734413e+07
9.279999999999999361e+00 5.494104687637734413e+07
9.290000000000000924e+00 5.494104687637734413e+07
9.300000000000000711e+00 5.494104687637734413e+07
9.310000000000000497e+00 5.494104687637734413e+07
9.320000000000000284e+00 5.494104687637734413e+07
9.330000000000000071e+00 5.494104687637734413e+07
9.339999999999999858e+00 5.494104687637734413e+07
9.349999999999999645e+00 5.494104687637734413e+07
9.359999999999999432e+00 5.494104687637734413e+07
9.370000000000000995e+00 5.494104687637734413e+07
9.380000000000000782e+00 5.494104687637734413e+07
9.390000000000000568e+00 5.494104687637734413e+07
9.400000000000000355e+00 5.494104687637734413e+07
9.410000000000000142e+00 5.494104687637734413e+07
9.419999999999999929e+00 5.494104687637734413e+07
9.429999999999999716e+00 5.494104687637734413e+07
9.439999999999999503e+00 5.494104687637734413e+07
9.450000000000001066e+00 5.494104687637734413e+07
9.460000000000000853e+00 5.494104687637734413e+07
9.470000000000000639e+00 5.494104687637734413e+07
9.480000000000000426e+00 5.494104687637734413e+07
9.490000000000000213e+00 5.494104687637734413e+07
9.500000000000000000e+00 5.494104687637734413e+07
9.509999999999999787e+00 5.494104687637734413e+07
9.519999999999999574e+00 5.494104687637734413e+07
9.529999999999999361e+00 5.494104687637734413e+07
9.540000000000000924e+00 5.494104687637734413e+07
9.550000000000000711e+00 5.494104687637734413e+07
9.560000000000000497e+00 5.494104687637734413e+07
9.570000000000000284e+00 5.494104687637734413e+07
9.580000000000000071e+00 5.494104687637734413e+07
9.589999999999999858e+00 5.494104687637734413e+07
9.599999999999999645e+00 5.494104687637734413e+07
9.609999999999999432e+00 5.494104687637734413e+07
9.620000000000000995e+00 5.494104687637734413e+07
9.630000000000000782e+00 5.494104687637734413e+07
9.640000000000000568e+00 5.494104687637734413e+07
9.650000000000000355e+00 5.494104687637734413e+07
9.660000000000000142e+00 5.494104687637734413e+07
9.669999999999999929e+00 5.494104687637734413e+07
9.679999999999999716e+00 5.494104687637734413e+07
9.689999999999999503e+00 5.494104687637734413e+07
9.700000000000001066e+00 5.494104687637734413e+07
9.710000000000000853e+00 5.494104687637734413e+07
9.720000000000000639e+00 5.494104687637734413e+07
9.730000000000000426e+00 5.494104687637734413e+07
9.740000000000000213e+00 5.494104687637734413e+07
9.750000000000000000e+00 5.494104687637734413e+07
9.759999999999999787e+00 5.494104687637734413e+07
9.769999999999999574e+00 5.494104687637734413e+07
9.779999999999999361e+00 5.494104687637734413e+07
9.790000000000000924e+00 5.494104687637734413e+07
9.800000000000000711e+00 5.494104687637734413e+07
9.810000000000000497e+00 5.494104687637734413e+07
9.820000000000000284e+00 5.494104687637734413e+07
9.830000000000000071e+00 5.494104687637734413e+07
9.839999999999999858e+00 5.494104687637734413e+07
9.849999999999999645e+00 5.494104687637734413e+07
9.859999999999999432e+00 5.494104687637734413e+07
9.870000000000000995e+00 5.494104687637734413e+07
9.880000000000000782e+00 5.494104687637734413e+07
9.890000000000000568e+00 5.494104687637734413e+07
9.900000000000000355e+00 5.494104687637734413e+07
9.910000000000000142e+00 5.494104687637734413e+07
9.919999999999999929e+00 5.494104687637734413e+07
9.929999999999999716e+00 5.494104687637734413e+07
9.939999999999999503e+00 5.494104687637734413e+07
9.950000000000001066e+00 5.494104687637734413e+07
9.960000000000000853e+00 5.494104687637734413e+07
9.970000000000000639e+00 5.494104687637734413e+07
