0.000000000000000000e+00 3.163101262264577389e+09
1.000000000000000021e-02 3.163101262264577389e+09
2.000000000000000042e-02 3.163101262264577389e+09
2.999999999999999889e-02 3.163101262264577389e+09
4.000000000000000083e-02 3.163101262264577389e+09
5.000000000000000278e-02 3.163101262264577389e+09
5.999999999999999778e-02 3.163101262264577389e+09
7.000000000000000666e-02 3.163101262264577389e+09
8.000000000000000167e-02 3.163101262264577389e+09
8.999999999999999667e-02 3.163101262264577389e+09
1.000000000000000056e-01 3.163101262264577389e+09
1.100000000000000006e-01 3.163101262264577389e+09
1.199999999999999956e-01 3.163101262264577389e+09
1.300000000000000044e-01 3.163101262264577389e+09
1.400000000000000133e-01 3.163101262264577389e+09
1.499999999999999944e-01 3.163101262264577389e+09
1.600000000000000033e-01 3.163101262264577389e+09
1.700000000000000122e-01 3.163101262264577389e+09
1.799999999999999933e-01 3.163101262264577389e+09
1.900000000000000022e-01 3.163101262264577389e+09
2.000000000000000111e-01 3.163101262264577389e+09
2.099999999999999922e-01 3.163101262264577389e+09
2.200000000000000011e-01 3.163101262264577389e+09
2.300000000000000100e-01 3.163101262264577389e+09
2.399999999999999911e-01 3.163101262264577389e+09
2.500000000000000000e-01 3.163101262264577389e+09
2.600000000000000089e-01 3.163101262264577389e+09
2.700000000000000178e-01 3.163101262264577389e+09
2.800000000000000266e-01 3.163101262264577389e+09
2.899999999999999800e-01 3.163101262264577389e+09
2.999999999999999889e-01 3.163101262264577389e+09
3.099999999999999978e-01 3.163101262264577389e+09
3.200000000000000067e-01 3.163101262264577389e+09
3.300000000000000155e-01 3.163101262264577389e+09
3.400000000000000244e-01 3.163101262264577389e+09
3.500000000000000333e-01 3.163101262264577389e+09
3.599999999999999867e-01 3.163101262264577389e+09
3.699999999999999956e-01 3.163101262264577389e+09
3.800000000000000044e-01 3.163101262264577389e+09
3.900000000000000133e-01 3.163101262264577389e+09
4.000000000000000222e-01 3.163101262264577389e+09
4.100000000000000311e-01 3.163101262264577389e+09
4.199999999999999845e-01 3.163101262264577389e+09
4.299999999999999933e-01 3.163101262264577389e+09
4.400000000000000022e-01 3.163101262264577389e+09
4.500000000000000111e-01 3.163101262264577389e+09
4.600000000000000200e-01 3.163101262264577389e+09
4.700000000000000289e-01 3.163101262264577389e+09
4.799999999999999822e-01 3.163101262264577389e+09
4.899999999999999911e-01 3.163101262264577389e+09
5.000000000000000000e-01 3.163101262264577389e+09
5.100000000000000089e-01 3.163101262264577389e+09
5.200000000000000178e-01 3.163101262264577389e+09
5.300000000000000266e-01 3.163101262264577389e+09
5.400000000000000355e-01 3.163101262264577389e+09
5.500000000000000444e-01 3.163101262264577389e+09
5.600000000000000533e-01 3.163101262264577389e+09
5.700000000000000622e-01 3.163101262264577389e+09
5.799999999999999600e-01 3.163101262264577389e+09
5.899999999999999689e-01 3.163101262264577389e+09
5.999999999999999778e-01 3.163101262264577389e+09
6.099999999999999867e-01 3.163101262264577389e+09
6.199999999999999956e-01 3.163101262264577389e+09
6.300000000000000044e-01 3.163101262264577389e+09
6.400000000000000133e-01 3.163101262264577389e+09
6.500000000000000222e-01 3.163101262264577389e+09
6.600000000000000311e-01 3.163101262264577389e+09
6.700000000000000400e-01 3.163101262264577389e+09
6.800000000000000488e-01 3.163101262264577389e+09
6.900000000000000577e-01 3.163101262264577389e+09
7.000000000000000666e-01 3.163101262264577389e+09
7.099999999999999645e-01 3.163101262264577389e+09
7.199999999999999734e-01 3.163101262264577389e+09
7.299999999999999822e-01 3.163101262264577389e+09
7.399999999999999911e-01 3.163101262264577389e+09
7.500000000000000000e-01 3.163101262264577389e+09
7.600000000000000089e-01 3.163101262264577389e+09
7.700000000000000178e-01 3.163101262264577389e+09
7.800000000000000266e-01 3.163101262264577389e+09
7.900000000000000355e-01 3.163101262264577389e+09
8.000000000000000444e-01 3.163101262264577389e+09
8.100000000000000533e-01 3.163101262264577389e+09
8.200000000000000622e-01 3.163101262264577389e+09
8.300000000000000711e-01 3.163101262264577389e+09
8.399999999999999689e-01 3.163101262264577389e+09
8.499999999999999778e-01 3.163101262264577389e+09
8.599999999999999867e-01 3.163101262264577389e+09
8.699999999999999956e-01 3.163101262264577389e+09
8.800000000000000044e-01 3.163101262264577389e+09
8.900000000000000133e-01 3.163101262264577389e+09
9.000000000000000222e-01 3.163101262264577389e+09
9.100000000000000311e-01 3.163101262264577389e+09
9.200000000000000400e-01 3.163101262264577389e+09
9.300000000000000488e-01 3.163101262264577389e+09
9.400000000000000577e-01 3.163101262264577389e+09
9.500000000000000666e-01 3.163101262264577389e+09
9.599999999999999645e-01 3.163101262264577389e+09
9.699999999999999734e-01 3.163101262264577389e+09
9.799999999999999822e-01 3.163101262264577389e+09
9.899999999999999911e-01 3.163101262264577389e+09
1.000000000000000000e+00 3.163101262264577389e+09
1.010000000000000009e+00 3.163101262264577389e+09
1.020000000000000018e+00 3.163101262264577389e+09
1.030000000000000027e+00 3.163101262264577389e+09
1.040000000000000036e+00 3.163101262264577389e+09
1.050000000000000044e+00 3.163101262264577389e+09
1.060000000000000053e+00 3.163101262264577389e+09
1.070000000000000062e+00 3.163101262264577389e+09
1.080000000000000071e+00 3.163101262264577389e+09
1.090000000000000080e+00 3.163101262264577389e+09
1.100000000000000089e+00 3.163101262264577389e+09
1.110000000000000098e+00 3.163101262264577389e+09
1.120000000000000107e+00 3.163101262264577389e+09
1.130000000000000115e+00 3.163101262264577389e+09
1.140000000000000124e+00 3.163101262264577389e+09
1.150000000000000133e+00 3.163101262264577389e+09
1.159999999999999920e+00 3.163101262264577389e+09
1.169999999999999929e+00 3.163101262264577389e+09
1.179999999999999938e+00 3.163101262264577389e+09
1.189999999999999947e+00 3.163101262264577389e+09
1.199999999999999956e+00 3.163101262264577389e+09
1.209999999999999964e+00 3.163101262264577389e+09
1.219999999999999973e+00 3.163101262264577389e+09
1.229999999999999982e+00 3.163101262264577389e+09
1.239999999999999991e+00 3.163101262264577389e+09
1.250000000000000000e+00 3.163101262264577389e+09
1.260000000000000009e+00 3.163101262264577389e+09
1.270000000000000018e+00 3.163101262264577389e+09
1.280000000000000027e+00 3.163101262264577389e+09
1.290000000000000036e+00 3.163101262264577389e+09
1.300000000000000044e+00 3.163101262264577389e+09
1.310000000000000053e+00 3.163101262264577389e+09
1.320000000000000062e+00 3.163101262264577389e+09
1.330000000000000071e+00 3.163101262264577389e+09
1.340000000000000080e+00 3.163101262264577389e+09
1.350000000000000089e+00 3.163101262264577389e+09
1.360000000000000098e+00 3.163101262264577389e+09
1.370000000000000107e+00 3.163101262264577389e+09
1.380000000000000115e+00 3.163101262264577389e+09
1.390000000000000124e+00 3.163101262264577389e+09
1.400000000000000133e+00 3.163101262264577389e+09
1.409999999999999920e+00 3.163101262264577389e+09
1.419999999999999929e+00 3.163101262264577389e+09
1.429999999999999938e+00 3.163101262264577389e+09
1.439999999999999947e+00 3.163101262264577389e+09
1.449999999999999956e+00 3.163101262264577389e+09
1.459999999999999964e+00 3.163101262264577389e+09
1.469999999999999973e+00 3.163101262264577389e+09
1.479999999999999982e+00 3.163101262264577389e+09
1.489999999999999991e+00 3.163101262264577389e+09
1.500000000000000000e+00 3.163101262264577389e+09
1.510000000000000009e+00 3.163101262264577389e+09
1.520000000000000018e+00 3.163101262264577389e+09
1.530000000000000027e+00 3.163101262264577389e+09
1.540000000000000036e+00 3.163101262264577389e+09
1.550000000000000044e+00 3.163101262264577389e+09
1.560000000000000053e+00 3.163101262264577389e+09
1.570000000000000062e+00 3.163101262264577389e+09
1.580000000000000071e+00 3.163101262264577389e+09
1.590000000000000080e+00 3.163101262264577389e+09
1.600000000000000089e+00 3.163101262264577389e+09
1.610000000000000098e+00 3.163101262264577389e+09
1.620000000000000107e+00 3.163101262264577389e+09
1.630000000000000115e+00 3.163101262264577389e+09
1.640000000000000124e+00 3.163101262264577389e+09
1.650000000000000133e+00 3.163101262264577389e+09
1.660000000000000142e+00 3.163101262264577389e+09
1.669999999999999929e+00 3.163101262264577389e+09
1.679999999999999938e+00 3.163101262264577389e+09
1.689999999999999947e+00 3.163101262264577389e+09
1.699999999999999956e+00 3.163101262264577389e+09
1.709999999999999964e+00 3.163101262264577389e+09
1.719999999999999973e+00 3.163101262264577389e+09
1.729999999999999982e+00 3.163101262264577389e+09
1.739999999999999991e+00 3.163101262264577389e+09
1.750000000000000000e+00 3.163101262264577389e+09
1.760000000000000009e+00 3.163101262264577389e+09
1.770000000000000018e+00 3.163101262264577389e+09
1.780000000000000027e+00 3.163101262264577389e+09
1.790000000000000036e+00 3.163101262264577389e+09
1.800000000000000044e+00 3.163101262264577389e+09
1.810000000000000053e+00 3.163101262264577389e+09
1.820000000000000062e+00 3.163101262264577389e+09
1.830000000000000071e+00 3.163101262264577389e+09
1.840000000000000080e+00 3.163101262264577389e+09
1.850000000000000089e+00 3.163101262264577389e+09
1.860000000000000098e+00 3.163101262264577389e+09
1.870000000000000107e+00 3.163101262264577389e+09
1.880000000000000115e+00 3.163101262264577389e+09
1.890000000000000124e+00 3.163101262264577389e+09
1.900000000000000133e+00 3.163101262264577389e+09
1.910000000000000142e+00 3.163101262264577389e+09
1.919999999999999929e+00 3.163101262264577389e+09
1.929999999999999938e+00 3.163101262264577389e+09
1.939999999999999947e+00 3.163101262264577389e+09
1.949999999999999956e+00 3.163101262264577389e+09
1.959999999999999964e+00 3.163101262264577389e+09
1.969999999999999973e+00 3.163101262264577389e+09
1.979999999999999982e+00 3.163101262264577389e+09
1.989999999999999991e+00 3.163101262264577389e+09
2.000000000000000000e+00 3.163101262264577389e+09
2.010000000000000231e+00 3.163101262264577389e+09
2.020000000000000018e+00 3.163101262264577389e+09
2.030000000000000249e+00 3.163101262264577389e+09
2.040000000000000036e+00 3.163101262264577389e+09
2.049999999999999822e+00 3.163101262264577389e+09
2.060000000000000053e+00 3.163101262264577389e+09
2.069999999999999840e+00 3.163101262264577389e+09
2.080000000000000071e+00 3.163101262264577389e+09
2.089999999999999858e+00 3.163101262264577389e+09
2.100000000000000089e+00 3.163101262264577389e+09
2.109999999999999876e+00 3.163101262264577389e+09
2.120000000000000107e+00 3.163101262264577389e+09
2.129999999999999893e+00 3.163101262264577389e+09
2.140000000000000124e+00 3.163101262264577389e+09
2.149999999999999911e+00 3.163101262264577389e+09
2.160000000000000142e+00 3.163101262264577389e+09
2.169999999999999929e+00 3.163101262264577389e+09
2.180000000000000160e+00 3.163101262264577389e+09
2.189999999999999947e+00 3.163101262264577389e+09
2.200000000000000178e+00 3.163101262264577389e+09
2.209999999999999964e+00 3.163101262264577389e+09
2.220000000000000195e+00 3.163101262264577389e+09
2.229999999999999982e+00 3.163101262264577389e+09
2.240000000000000213e+00 3.163101262264577389e+09
2.250000000000000000e+00 3.163101262264577389e+09
2.260000000000000231e+00 3.163101262264577389e+09
2.270000000000000018e+00 3.163101262264577389e+09
2.280000000000000249e+00 3.163101262264577389e+09
2.290000000000000036e+00 3.163101262264577389e+09
2.300000000000000266e+00 3.163101262264577389e+09
2.310000000000000053e+00 3.163101262264577389e+09
2.319999999999999840e+00 3.163101262264577389e+09
2.330000000000000071e+00 3.163101262264577389e+09
2.339999999999999858e+00 3.163101262264577389e+09
2.350000000000000089e+00 3.163101262264577389e+09
2.359999999999999876e+00 3.163101262264577389e+09
2.370000000000000107e+00 3.163101262264577389e+09
2.379999999999999893e+00 3.163101262264577389e+09
2.390000000000000124e+00 3.163101262264577389e+09
2.399999999999999911e+00 3.163101262264577389e+09
2.410000000000000142e+00 3.163101262264577389e+09
2.419999999999999929e+00 3.163101262264577389e+09
2.430000000000000160e+00 3.163101262264577389e+09
2.439999999999999947e+00 3.163101262264577389e+09
2.450000000000000178e+00 3.163101262264577389e+09
2.459999999999999964e+00 3.163101262264577389e+09
2.470000000000000195e+00 3.163101262264577389e+09
2.479999999999999982e+00 3.163101262264577389e+09
2.490000000000000213e+00 3.163101262264577389e+09
2.500000000000000000e+00 3.163101262264577389e+09
2.510000000000000231e+00 3.163101262264577389e+09
2.520000000000000018e+00 3.163101262264577389e+09
2.530000000000000249e+00 3.163101262264577389e+09
2.540000000000000036e+00 3.163101262264577389e+09
2.550000000000000266e+00 3.163101262264577389e+09
2.560000000000000053e+00 3.163101262264577389e+09
2.569999999999999840e+00 3.163101262264577389e+09
2.580000000000000071e+00 3.163101262264577389e+09
2.589999999999999858e+00 3.163101262264577389e+09
2.600000000000000089e+00 3.163101262264577389e+09
2.609999999999999876e+00 3.163101262264577389e+09
2.620000000000000107e+00 3.163101262264577389e+09
2.629999999999999893e+00 3.163101262264577389e+09
2.640000000000000124e+00 3.163101262264577389e+09
2.649999999999999911e+00 3.163101262264577389e+09
2.660000000000000142e+00 3.163101262264577389e+09
2.669999999999999929e+00 3.163101262264577389e+09
2.680000000000000160e+00 3.163101262264577389e+09
2.689999999999999947e+00 3.163101262264577389e+09
2.700000000000000178e+00 3.163101262264577389e+09
2.709999999999999964e+00 3.163101262264577389e+09
2.720000000000000195e+00 3.163101262264577389e+09
2.729999999999999982e+00 3.163101262264577389e+09
2.740000000000000213e+00 3.163101262264577389e+09
2.750000000000000000e+00 3.163101262264577389e+09
2.760000000000000231e+00 3.163101262264577389e+09
2.770000000000000018e+00 3.163101262264577389e+09
2.780000000000000249e+00 3.163101262264577389e+09
2.790000000000000036e+00 3.163101262264577389e+09
2.800000000000000266e+00 3.163101262264577389e+09
2.810000000000000053e+00 3.163101262264577389e+09
2.819999999999999840e+00 3.163101262264577389e+09
2.830000000000000071e+00 3.163101262264577389e+09
2.839999999999999858e+00 3.163101262264577389e+09
2.850000000000000089e+00 3.163101262264577389e+09
2.859999999999999876e+00 3.163101262264577389e+09
2.870000000000000107e+00 3.163101262264577389e+09
2.879999999999999893e+00 3.163101262264577389e+09
2.890000000000000124e+00 3.163101262264577389e+09
2.899999999999999911e+00 3.163101262264577389e+09
2.910000000000000142e+00 3.163101262264577389e+09
2.919999999999999929e+00 3.163101262264577389e+09
2.930000000000000160e+00 3.163101262264577389e+09
2.939999999999999947e+00 3.163101262264577389e+09
2.950000000000000178e+00 3.163101262264577389e+09
2.959999999999999964e+00 3.163101262264577389e+09
2.970000000000000195e+00 3.163101262264577389e+09
2.979999999999999982e+00 3.163101262264577389e+09
2.990000000000000213e+00 3.163101262264577389e+09
3.000000000000000000e+00 3.163101262264577389e+09
3.010000000000000231e+00 3.163101262264577389e+09
3.020000000000000018e+00 3.163101262264577389e+09
3.030000000000000249e+00 3.163101262264577389e+09
3.040000000000000036e+00 3.163101262264577389e+09
3.050000000000000266e+00 3.163101262264577389e+09
3.060000000000000053e+00 3.163101262264577389e+09
3.070000000000000284e+00 3.163101262264577389e+09
3.080000000000000071e+00 3.163101262264577389e+09
3.089999999999999858e+00 3.163101262264577389e+09
3.100000000000000089e+00 3.163101262264577389e+09
3.109999999999999876e+00 3.163101262264577389e+09
3.120000000000000107e+00 3.163101262264577389e+09
3.129999999999999893e+00 3.163101262264577389e+09
3.140000000000000124e+00 3.163101262264577389e+09
3.149999999999999911e+00 3.163101262264577389e+09
3.160000000000000142e+00 3.163101262264577389e+09
3.169999999999999929e+00 3.163101262264577389e+09
3.180000000000000160e+00 3.163101262264577389e+09
3.189999999999999947e+00 3.163101262264577389e+09
3.200000000000000178e+00 3.163101262264577389e+09
3.209999999999999964e+00 3.163101262264577389e+09
3.220000000000000195e+00 3.163101262264577389e+09
3.229999999999999982e+00 3.163101262264577389e+09
3.240000000000000213e+00 3.163101262264577389e+09
3.250000000000000000e+00 3.163101262264577389e+09
3.260000000000000231e+00 3.163101262264577389e+09
3.270000000000000018e+00 3.163101262264577389e+09
3.280000000000000249e+00 3.163101262264577389e+09
3.290000000000000036e+00 3.163101262264577389e+09
3.300000000000000266e+00 3.163101262264577389e+09
3.310000000000000053e+00 3.163101262264577389e+09
3.320000000000000284e+00 3.163101262264577389e+09
3.330000000000000071e+00 3.163101262264577389e+09
3.339999999999999858e+00 3.163101262264577389e+09
3.350000000000000089e+00 3.163101262264577389e+09
3.359999999999999876e+00 3.163101262264577389e+09
3.370000000000000107e+00 3.163101262264577389e+09
3.379999999999999893e+00 3.163101262264577389e+09
3.390000000000000124e+00 3.163101262264577389e+09
3.399999999999999911e+00 3.163101262264577389e+09
3.410000000000000142e+00 3.163101262264577389e+09
3.419999999999999929e+00 3.163101262264577389e+09
3.430000000000000160e+00 3.163101262264577389e+09
3.439999999999999947e+00 3.163101262264577389e+09
3.450000000000000178e+00 3.163101262264577389e+09
3.459999999999999964e+00 3.163101262264577389e+09
3.470000000000000195e+00 3.163101262264577389e+09
3.479999999999999982e+00 3.163101262264577389e+09
3.490000000000000213e+00 3.163101262264577389e+09
3.500000000000000000e+00 3.163101262264577389e+09
3.510000000000000231e+00 3.163101262264577389e+09
3.520000000000000018e+00 3.163101262264577389e+09
3.530000000000000249e+00 3.163101262264577389e+09
3.540000000000000036e+00 3.163101262264577389e+09
3.550000000000000266e+00 3.163101262264577389e+09
3.560000000000000053e+00 3.163101262264577389e+09
3.570000000000000284e+00 3.163101262264577389e+09
3.580000000000000071e+00 3.163101262264577389e+09
3.589999999999999858e+00 3.163101262264577389e+09
3.600000000000000089e+00 3.163101262264577389e+09
3.609999999999999876e+00 3.163101262264577389e+09
3.620000000000000107e+00 3.163101262264577389e+09
3.629999999999999893e+00 3.163101262264577389e+09
3.640000000000000124e+00 3.163101262264577389e+09
3.649999999999999911e+00 3.163101262264577389e+09
3.660000000000000142e+00 3.163101262264577389e+09
3.669999999999999929e+00 3.163101262264577389e+09
3.680000000000000160e+00 3.163101262264577389e+09
3.689999999999999947e+00 3.163101262264577389e+09
3.700000000000000178e+00 3.163101262264577389e+09
3.709999999999999964e+00 3.163101262264577389e+09
3.720000000000000195e+00 3.163101262264577389e+09
3.729999999999999982e+00 3.163101262264577389e+09
3.740000000000000213e+00 3.163101262264577389e+09
3.750000000000000000e+00 3.163101262264577389e+09
3.760000000000000231e+00 3.163101262264577389e+09
3.770000000000000018e+00 3.163101262264577389e+09
3.780000000000000249e+00 3.163101262264577389e+09
3.790000000000000036e+00 3.163101262264577389e+09
3.800000000000000266e+00 3.163101262264577389e+09
3.810000000000000053e+00 3.163101262264577389e+09
3.820000000000000284e+00 3.163101262264577389e+09
3.830000000000000071e+00 3.163101262264577389e+09
3.839999999999999858e+00 3.163101262264577389e+09
3.850000000000000089e+00 3.163101262264577389e+09
3.859999999999999876e+00 3.163101262264577389e+09
3.870000000000000107e+00 3.163101262264577389e+09
3.879999999999999893e+00 3.163101262264577389e+09
3.890000000000000124e+00 3.163101262264577389e+09
3.899999999999999911e+00 3.163101262264577389e+09
3.910000000000000142e+00 3.163101262264577389e+09
3.919999999999999929e+00 3.163101262264577389e+09
3.930000000000000160e+00 3.163101262264577389e+09
3.939999999999999947e+00 3.163101262264577389e+09
3.950000000000000178e+00 3.163101262264577389e+09
3.959999999999999964e+00 3.163101262264577389e+09
3.970000000000000195e+00 3.163101262264577389e+09
3.979999999999999982e+00 3.163101262264577389e+09
3.990000000000000213e+00 3.163101262264577389e+09
4.000000000000000000e+00 3.163101262264577389e+09
4.009999999999999787e+00 3.163101262264577389e+09
4.020000000000000462e+00 3.163101262264577389e+09
4.030000000000000249e+00 3.163101262264577389e+09
4.040000000000000036e+00 3.163101262264577389e+09
4.049999999999999822e+00 3.163101262264577389e+09
4.060000000000000497e+00 3.163101262264577389e+09
4.070000000000000284e+00 3.163101262264577389e+09
4.080000000000000071e+00 3.163101262264577389e+09
4.089999999999999858e+00 3.163101262264577389e+09
4.099999999999999645e+00 3.163101262264577389e+09
4.110000000000000320e+00 3.163101262264577389e+09
4.120000000000000107e+00 3.163101262264577389e+09
4.129999999999999893e+00 3.163101262264577389e+09
4.139999999999999680e+00 3.163101262264577389e+09
4.150000000000000355e+00 3.163101262264577389e+09
4.160000000000000142e+00 3.163101262264577389e+09
4.169999999999999929e+00 3.163101262264577389e+09
4.179999999999999716e+00 3.163101262264577389e+09
4.190000000000000391e+00 3.163101262264577389e+09
4.200000000000000178e+00 3.163101262264577389e+09
4.209999999999999964e+00 3.163101262264577389e+09
4.219999999999999751e+00 3.163101262264577389e+09
4.230000000000000426e+00 3.163101262264577389e+09
4.240000000000000213e+00 3.163101262264577389e+09
4.250000000000000000e+00 3.163101262264577389e+09
4.259999999999999787e+00 3.163101262264577389e+09
4.270000000000000462e+00 3.163101262264577389e+09
4.280000000000000249e+00 3.163101262264577389e+09
4.290000000000000036e+00 3.163101262264577389e+09
4.299999999999999822e+00 3.163101262264577389e+09
4.310000000000000497e+00 3.163101262264577389e+09
4.320000000000000284e+00 3.163101262264577389e+09
4.330000000000000071e+00 3.163101262264577389e+09
4.339999999999999858e+00 3.163101262264577389e+09
4.350000000000000533e+00 3.163101262264577389e+09
4.360000000000000320e+00 3.163101262264577389e+09
4.370000000000000107e+00 3.163101262264577389e+09
4.379999999999999893e+00 3.163101262264577389e+09
4.389999999999999680e+00 3.163101262264577389e+09
4.400000000000000355e+00 3.163101262264577389e+09
4.410000000000000142e+00 3.163101262264577389e+09
4.419999999999999929e+00 3.163101262264577389e+09
4.429999999999999716e+00 3.163101262264577389e+09
4.440000000000000391e+00 3.163101262264577389e+09
4.450000000000000178e+00 3.163101262264577389e+09
4.459999999999999964e+00 3.163101262264577389e+09
4.469999999999999751e+00 3.163101262264577389e+09
4.480000000000000426e+00 3.163101262264577389e+09
4.490000000000000213e+00 3.163101262264577389e+09
4.500000000000000000e+00 3.163101262264577389e+09
4.509999999999999787e+00 3.163101262264577389e+09
4.520000000000000462e+00 3.163101262264577389e+09
4.530000000000000249e+00 3.163101262264577389e+09
4.540000000000000036e+00 3.163101262264577389e+09
4.549999999999999822e+00 3.163101262264577389e+09
4.560000000000000497e+00 3.163101262264577389e+09
4.570000000000000284e+00 3.163101262264577389e+09
4.580000000000000071e+00 3.163101262264577389e+09
4.589999999999999858e+00 3.163101262264577389e+09
4.600000000000000533e+00 3.163101262264577389e+09
4.610000000000000320e+00 3.163101262264577389e+09
4.620000000000000107e+00 3.163101262264577389e+09
4.629999999999999893e+00 3.163101262264577389e+09
4.639999999999999680e+00 3.163101262264577389e+09
4.650000000000000355e+00 3.163101262264577389e+09
4.660000000000000142e+00 3.163101262264577389e+09
4.669999999999999929e+00 3.163101262264577389e+09
4.679999999999999716e+00 3.163101262264577389e+09
4.690000000000000391e+00 3.163101262264577389e+09
4.700000000000000178e+00 3.163101262264577389e+09
4.709999999999999964e+00 3.163101262264577389e+09
4.719999999999999751e+00 3.163101262264577389e+09
4.730000000000000426e+00 3.163101262264577389e+09
4.740000000000000213e+00 3.163101262264577389e+09
4.750000000000000000e+00 3.163101262264577389e+09
4.759999999999999787e+00 3.163101262264577389e+09
4.770000000000000462e+00 3.163101262264577389e+09
4.780000000000000249e+00 3.163101262264577389e+09
4.790000000000000036e+00 3.163101262264577389e+09
4.799999999999999822e+00 3.163101262264577389e+09
4.810000000000000497e+00 3.163101262264577389e+09
4.820000000000000284e+00 3.163101262264577389e+09
4.830000000000000071e+00 3.163101262264577389e+09
4.839999999999999858e+00 3.163101262264577389e+09
4.850000000000000533e+00 3.163101262264577389e+09
4.860000000000000320e+00 3.163101262264577389e+09
4.870000000000000107e+00 3.163101262264577389e+09
4.879999999999999893e+00 3.163101262264577389e+09
4.889999999999999680e+00 3.163101262264577389e+09
4.900000000000000355e+00 3.163101262264577389e+09
4.910000000000000142e+00 3.163101262264577389e+09
4.919999999999999929e+00 3.163101262264577389e+09
4.929999999999999716e+00 3.163101262264577389e+09
4.940000000000000391e+00 3.163101262264577389e+09
4.950000000000000178e+00 3.163101262264577389e+09
4.959999999999999964e+00 3.163101262264577389e+09
4.969999999999999751e+00 3.163101262264577389e+09
4.980000000000000426e+00 3.163101262264577389e+09
4.990000000000000213e+00 3.163101262264577389e+09
5.000000000000000000e+00 3.163101262264577389e+09
5.009999999999999787e+00 3.163101262264577389e+09
5.020000000000000462e+00 3.163101262264577389e+09
5.030000000000000249e+00 3.163101262264577389e+09
5.040000000000000036e+00 3.163101262264577389e+09
5.049999999999999822e+00 3.163101262264577389e+09
5.060000000000000497e+00 3.163101262264577389e+09
5.070000000000000284e+00 3.163101262264577389e+09
5.080000000000000071e+00 3.163101262264577389e+09
5.089999999999999858e+00 3.163101262264577389e+09
5.100000000000000533e+00 3.163101262264577389e+09
5.110000000000000320e+00 3.163101262264577389e+09
5.120000000000000107e+00 3.163101262264577389e+09
5.129999999999999893e+00 3.163101262264577389e+09
5.139999999999999680e+00 3.163101262264577389e+09
5.150000000000000355e+00 3.163101262264577389e+09
5.160000000000000142e+00 3.163101262264577389e+09
5.169999999999999929e+00 3.163101262264577389e+09
5.179999999999999716e+00 3.163101262264577389e+09
5.190000000000000391e+00 3.163101262264577389e+09
5.200000000000000178e+00 3.163101262264577389e+09
5.209999999999999964e+00 3.163101262264577389e+09
5.219999999999999751e+00 3.163101262264577389e+09
5.230000000000000426e+00 3.163101262264577389e+09
5.240000000000000213e+00 3.163101262264577389e+09
5.250000000000000000e+00 3.163101262264577389e+09
5.259999999999999787e+00 3.163101262264577389e+09
5.270000000000000462e+00 3.163101262264577389e+09
5.280000000000000249e+00 3.163101262264577389e+09
5.290000000000000036e+00 3.163101262264577389e+09
5.299999999999999822e+00 3.163101262264577389e+09
5.310000000000000497e+00 3.163101262264577389e+09
5.320000000000000284e+00 3.163101262264577389e+09
5.330000000000000071e+00 3.163101262264577389e+09
5.339999999999999858e+00 3.163101262264577389e+09
5.350000000000000533e+00 3.163101262264577389e+09
5.360000000000000320e+00 3.163101262264577389e+09
5.370000000000000107e+00 3.163101262264577389e+09
5.379999999999999893e+00 3.163101262264577389e+09
5.389999999999999680e+00 3.163101262264577389e+09
5.400000000000000355e+00 3.163101262264577389e+09
5.410000000000000142e+00 3.163101262264577389e+09
5.419999999999999929e+00 3.163101262264577389e+09
5.429999999999999716e+00 3.163101262264577389e+09
5.440000000000000391e+00 3.163101262264577389e+09
5.450000000000000178e+00 3.163101262264577389e+09
5.459999999999999964e+00 3.163101262264577389e+09
5.469999999999999751e+00 3.163101262264577389e+09
5.480000000000000426e+00 3.163101262264577389e+09
5.490000000000000213e+00 3.163101262264577389e+09
5.500000000000000000e+00 3.163101262264577389e+09
5.509999999999999787e+00 3.163101262264577389e+09
5.520000000000000462e+00 3.163101262264577389e+09
5.530000000000000249e+00 3.163101262264577389e+09
5.540000000000000036e+00 3.163101262264577389e+09
5.549999999999999822e+00 3.163101262264577389e+09
5.560000000000000497e+00 3.163101262264577389e+09
5.570000000000000284e+00 3.163101262264577389e+09
5.580000000000000071e+00 3.163101262264577389e+09
5.589999999999999858e+00 3.163101262264577389e+09
5.600000000000000533e+00 3.163101262264577389e+09
5.610000000000000320e+00 3.163101262264577389e+09
5.620000000000000107e+00 3.163101262264577389e+09
5.629999999999999893e+00 3.163101262264577389e+09
5.639999999999999680e+00 3.163101262264577389e+09
5.650000000000000355e+00 3.163101262264577389e+09
5.660000000000000142e+00 3.163101262264577389e+09
5.669999999999999929e+00 3.163101262264577389e+09
5.679999999999999716e+00 3.163101262264577389e+09
5.690000000000000391e+00 3.163101262264577389e+09
5.700000000000000178e+00 3.163101262264577389e+09
5.709999999999999964e+00 3.163101262264577389e+09
5.719999999999999751e+00 3.163101262264577389e+09
5.730000000000000426e+00 3.163101262264577389e+09
5.740000000000000213e+00 3.163101262264577389e+09
5.750000000000000000e+00 3.163101262264577389e+09
5.759999999999999787e+00 3.163101262264577389e+09
5.770000000000000462e+00 3.163101262264577389e+09
5.780000000000000249e+00 3.163101262264577389e+09
5.790000000000000036e+00 3.163101262264577389e+09
5.799999999999999822e+00 3.163101262264577389e+09
5.810000000000000497e+00 3.163101262264577389e+09
5.820000000000000284e+00 3.163101262264577389e+09
5.830000000000000071e+00 3.163101262264577389e+09
5.839999999999999858e+00 3.163101262264577389e+09
5.850000000000000533e+00 3.163101262264577389e+09
5.860000000000000320e+00 3.163101262264577389e+09
5.870000000000000107e+00 3.163101262264577389e+09
5.879999999999999893e+00 3.163101262264577389e+09
5.889999999999999680e+00 3.163101262264577389e+09
5.900000000000000355e+00 3.163101262264577389e+09
5.910000000000000142e+00 3.163101262264577389e+09
5.919999999999999929e+00 3.163101262264577389e+09
5.929999999999999716e+00 3.163101262264577389e+09
5.940000000000000391e+00 3.163101262264577389e+09
5.950000000000000178e+00 3.163101262264577389e+09
5.959999999999999964e+00 3.163101262264577389e+09
5.969999999999999751e+00 3.163101262264577389e+09
5.980000000000000426e+00 3.163101262264577389e+09
5.990000000000000213e+00 3.163101262264577389e+09
6.000000000000000000e+00 3.163101262264577389e+09
6.009999999999999787e+00 3.163101262264577389e+09
6.020000000000000462e+00 3.163101262264577389e+09
6.030000000000000249e+00 3.163101262264577389e+09
6.040000000000000036e+00 3.163101262264577389e+09
6.049999999999999822e+00 3.163101262264577389e+09
6.060000000000000497e+00 3.163101262264577389e+09
6.070000000000000284e+00 3.163101262264577389e+09
6.080000000000000071e+00 3.163101262264577389e+09
6.089999999999999858e+00 3.163101262264577389e+09
6.100000000000000533e+00 3.163101262264577389e+09
6.110000000000000320e+00 3.163101262264577389e+09
6.120000000000000107e+00 3.163101262264577389e+09
6.129999999999999893e+00 3.163101262264577389e+09
6.140000000000000568e+00 3.163101262264577389e+09
6.150000000000000355e+00 3.163101262264577389e+09
6.160000000000000142e+00 3.163101262264577389e+09
6.169999999999999929e+00 3.163101262264577389e+09
6.179999999999999716e+00 3.163101262264577389e+09
6.190000000000000391e+00 3.163101262264577389e+09
6.200000000000000178e+00 3.163101262264577389e+09
6.209999999999999964e+00 3.163101262264577389e+09
6.219999999999999751e+00 3.163101262264577389e+09
6.230000000000000426e+00 3.163101262264577389e+09
6.240000000000000213e+00 3.163101262264577389e+09
6.250000000000000000e+00 3.163101262264577389e+09
6.259999999999999787e+00 3.163101262264577389e+09
6.270000000000000462e+00 3.163101262264577389e+09
6.280000000000000249e+00 3.163101262264577389e+09
6.290000000000000036e+00 3.163101262264577389e+09
6.299999999999999822e+00 3.163101262264577389e+09
6.310000000000000497e+00 3.163101262264577389e+09
6.320000000000000284e+00 3.163101262264577389e+09
6.330000000000000071e+00 3.163101262264577389e+09
6.339999999999999858e+00 3.163101262264577389e+09
6.350000000000000533e+00 3.163101262264577389e+09
6.360000000000000320e+00 3.163101262264577389e+09
6.370000000000000107e+00 3.163101262264577389e+09
6.379999999999999893e+00 3.163101262264577389e+09
6.390000000000000568e+00 3.163101262264577389e+09
6.400000000000000355e+00 3.163101262264577389e+09
6.410000000000000142e+00 3.163101262264577389e+09
6.419999999999999929e+00 3.163101262264577389e+09
6.429999999999999716e+00 3.163101262264577389e+09
6.440000000000000391e+00 3.163101262264577389e+09
6.450000000000000178e+00 3.163101262264577389e+09
6.459999999999999964e+00 3.163101262264577389e+09
6.469999999999999751e+00 3.163101262264577389e+09
6.480000000000000426e+00 3.163101262264577389e+09
6.490000000000000213e+00 3.163101262264577389e+09
6.500000000000000000e+00 3.163101262264577389e+09
6.509999999999999787e+00 3.163101262264577389e+09
6.520000000000000462e+00 3.163101262264577389e+09
6.530000000000000249e+00 3.163101262264577389e+09
6.540000000000000036e+00 3.163101262264577389e+09
6.549999999999999822e+00 3.163101262264577389e+09
6.560000000000000497e+00 3.163101262264577389e+09
6.570000000000000284e+00 3.163101262264577389e+09
6.580000000000000071e+00 3.163101262264577389e+09
6.589999999999999858e+00 3.163101262264577389e+09
6.600000000000000533e+00 3.163101262264577389e+09
6.610000000000000320e+00 3.163101262264577389e+09
6.620000000000000107e+00 3.163101262264577389e+09
6.629999999999999893e+00 3.163101262264577389e+09
6.640000000000000568e+00 3.163101262264577389e+09
6.650000000000000355e+00 3.163101262264577389e+09
6.660000000000000142e+00 3.163101262264577389e+09
6.669999999999999929e+00 3.163101262264577389e+09
6.679999999999999716e+00 3.163101262264577389e+09
6.690000000000000391e+00 3.163101262264577389e+09
6.700000000000000178e+00 3.163101262264577389e+09
6.709999999999999964e+00 3.163101262264577389e+09
6.719999999999999751e+00 3.163101262264577389e+09
6.730000000000000426e+00 3.163101262264577389e+09
6.740000000000000213e+00 3.163101262264577389e+09
6.750000000000000000e+00 3.163101262264577389e+09
6.759999999999999787e+00 3.163101262264577389e+09
6.770000000000000462e+00 3.163101262264577389e+09
6.780000000000000249e+00 3.163101262264577389e+09
6.790000000000000036e+00 3.163101262264577389e+09
6.799999999999999822e+00 3.163101262264577389e+09
6.810000000000000497e+00 3.163101262264577389e+09
6.820000000000000284e+00 3.163101262264577389e+09
6.830000000000000071e+00 3.163101262264577389e+09
6.839999999999999858e+00 3.163101262264577389e+09
6.850000000000000533e+00 3.163101262264577389e+09
6.860000000000000320e+00 3.163101262264577389e+09
6.870000000000000107e+00 3.163101262264577389e+09
6.879999999999999893e+00 3.163101262264577389e+09
6.890000000000000568e+00 3.163101262264577389e+09
6.900000000000000355e+00 3.163101262264577389e+09
6.910000000000000142e+00 3.163101262264577389e+09
6.919999999999999929e+00 3.163101262264577389e+09
6.929999999999999716e+00 3.163101262264577389e+09
6.940000000000000391e+00 3.163101262264577389e+09
6.950000000000000178e+00 3.163101262264577389e+09
6.959999999999999964e+00 3.163101262264577389e+09
6.969999999999999751e+00 3.163101262264577389e+09
6.980000000000000426e+00 3.163101262264577389e+09
6.990000000000000213e+00 3.163101262264577389e+09
7.000000000000000000e+00 3.163101262264577389e+09
7.009999999999999787e+00 3.163101262264577389e+09
7.020000000000000462e+00 3.163101262264577389e+09
7.030000000000000249e+00 3.163101262264577389e+09
7.040000000000000036e+00 3.163101262264577389e+09
7.049999999999999822e+00 3.163101262264577389e+09
7.060000000000000497e+00 3.163101262264577389e+09
7.070000000000000284e+00 3.163101262264577389e+09
7.080000000000000071e+00 3.163101262264577389e+09
7.089999999999999858e+00 3.163101262264577389e+09
7.100000000000000533e+00 3.163101262264577389e+09
7.110000000000000320e+00 3.163101262264577389e+09
7.120000000000000107e+00 3.163101262264577389e+09
7.129999999999999893e+00 3.163101262264577389e+09
7.140000000000000568e+00 3.163101262264577389e+09
7.150000000000000355e+00 3.163101262264577389e+09
7.160000000000000142e+00 3.163101262264577389e+09
7.169999999999999929e+00 3.163101262264577389e+09
7.179999999999999716e+00 3.163101262264577389e+09
7.190000000000000391e+00 3.163101262264577389e+09
7.200000000000000178e+00 3.163101262264577389e+09
7.209999999999999964e+00 3.163101262264577389e+09
7.219999999999999751e+00 3.163101262264577389e+09
7.230000000000000426e+00 3.163101262264577389e+09
7.240000000000000213e+00 3.163101262264577389e+09
7.250000000000000000e+00 3.163101262264577389e+09
7.259999999999999787e+00 3.163101262264577389e+09
7.270000000000000462e+00 3.163101262264577389e+09
7.280000000000000249e+00 3.163101262264577389e+09
7.290000000000000036e+00 3.163101262264577389e+09
7.299999999999999822e+00 3.163101262264577389e+09
7.310000000000000497e+00 3.163101262264577389e+09
7.320000000000000284e+00 3.163101262264577389e+09
7.330000000000000071e+00 3.163101262264577389e+09
7.339999999999999858e+00 3.163101262264577389e+09
7.350000000000000533e+00 3.163101262264577389e+09
7.360000000000000320e+00 3.163101262264577389e+09
7.370000000000000107e+00 3.163101262264577389e+09
7.379999999999999893e+00 3.163101262264577389e+09
7.390000000000000568e+00 3.163101262264577389e+09
7.400000000000000355e+00 3.163101262264577389e+09
7.410000000000000142e+00 3.163101262264577389e+09
7.419999999999999929e+00 3.163101262264577389e+09
7.429999999999999716e+00 3.163101262264577389e+09
7.440000000000000391e+00 3.163101262264577389e+09
7.450000000000000178e+00 3.163101262264577389e+09
7.459999999999999964e+00 3.163101262264577389e+09
7.469999999999999751e+00 3.163101262264577389e+09
7.480000000000000426e+00 3.163101262264577389e+09
7.490000000000000213e+00 3.163101262264577389e+09
7.500000000000000000e+00 3.163101262264577389e+09
7.509999999999999787e+00 3.163101262264577389e+09
7.520000000000000462e+00 3.163101262264577389e+09
7.530000000000000249e+00 3.163101262264577389e+09
7.540000000000000036e+00 3.163101262264577389e+09
7.549999999999999822e+00 3.163101262264577389e+09
7.560000000000000497e+00 3.163101262264577389e+09
7.570000000000000284e+00 3.163101262264577389e+09
7.580000000000000071e+00 3.163101262264577389e+09
7.589999999999999858e+00 3.163101262264577389e+09
7.600000000000000533e+00 3.163101262264577389e+09
7.610000000000000320e+00 3.163101262264577389e+09
7.620000000000000107e+00 3.163101262264577389e+09
7.629999999999999893e+00 3.163101262264577389e+09
7.640000000000000568e+00 3.163101262264577389e+09
7.650000000000000355e+00 3.163101262264577389e+09
7.660000000000000142e+00 3.163101262264577389e+09
7.669999999999999929e+00 3.163101262264577389e+09
7.679999999999999716e+00 3.163101262264577389e+09
7.690000000000000391e+00 3.163101262264577389e+09
7.700000000000000178e+00 3.163101262264577389e+09
7.709999999999999964e+00 3.163101262264577389e+09
7.719999999999999751e+00 3.163101262264577389e+09
7.730000000000000426e+00 3.163101262264577389e+09
7.740000000000000213e+00 3.163101262264577389e+09
7.750000000000000000e+00 3.163101262264577389e+09
7.759999999999999787e+00 3.163101262264577389e+09
7.770000000000000462e+00 3.163101262264577389e+09
7.780000000000000249e+00 3.163101262264577389e+09
7.790000000000000036e+00 3.163101262264577389e+09
7.799999999999999822e+00 3.163101262264577389e+09
7.810000000000000497e+00 3.163101262264577389e+09
7.820000000000000284e+00 3.163101262264577389e+09
7.830000000000000071e+00 3.163101262264577389e+09
7.839999999999999858e+00 3.163101262264577389e+09
7.850000000000000533e+00 3.163101262264577389e+09
7.860000000000000320e+00 3.163101262264577389e+09
7.870000000000000107e+00 3.163101262264577389e+09
7.879999999999999893e+00 3.163101262264577389e+09
7.890000000000000568e+00 3.163101262264577389e+09
7.900000000000000355e+00 3.163101262264577389e+09
7.910000000000000142e+00 3.163101262264577389e+09
7.919999999999999929e+00 3.163101262264577389e+09
7.930000000000000604e+00 3.163101262264577389e+09
7.940000000000000391e+00 3.163101262264577389e+09
7.950000000000000178e+00 3.163101262264577389e+09
7.959999999999999964e+00 3.163101262264577389e+09
7.969999999999999751e+00 3.163101262264577389e+09
7.980000000000000426e+00 3.163101262264577389e+09
7.990000000000000213e+00 3.163101262264577389e+09
8.000000000000000000e+00 3.163101262264577389e+09
8.009999999999999787e+00 3.163101262264577389e+09
8.019999999999999574e+00 3.163101262264577389e+09
8.029999999999999361e+00 3.163101262264577389e+09
8.040000000000000924e+00 3.163101262264577389e+09
8.050000000000000711e+00 3.163101262264577389e+09
8.060000000000000497e+00 3.163101262264577389e+09
8.070000000000000284e+00 3.163101262264577389e+09
8.080000000000000071e+00 3.163101262264577389e+09
8.089999999999999858e+00 3.163101262264577389e+09
8.099999999999999645e+00 3.163101262264577389e+09
8.109999999999999432e+00 3.163101262264577389e+09
8.120000000000000995e+00 3.163101262264577389e+09
8.130000000000000782e+00 3.163101262264577389e+09
8.140000000000000568e+00 3.163101262264577389e+09
8.150000000000000355e+00 3.163101262264577389e+09
8.160000000000000142e+00 3.163101262264577389e+09
8.169999999999999929e+00 3.163101262264577389e+09
8.179999999999999716e+00 3.163101262264577389e+09
8.189999999999999503e+00 3.163101262264577389e+09
8.199999999999999289e+00 3.163101262264577389e+09
8.210000000000000853e+00 3.163101262264577389e+09
8.220000000000000639e+00 3.163101262264577389e+09
8.230000000000000426e+00 3.163101262264577389e+09
8.240000000000000213e+00 3.163101262264577389e+09
8.250000000000000000e+00 3.163101262264577389e+09
8.259999999999999787e+00 3.163101262264577389e+09
8.269999999999999574e+00 3.163101262264577389e+09
8.279999999999999361e+00 3.163101262264577389e+09
8.290000000000000924e+00 3.163101262264577389e+09
8.300000000000000711e+00 3.163101262264577389e+09
8.310000000000000497e+00 3.163101262264577389e+09
8.320000000000000284e+00 3.163101262264577389e+09
8.330000000000000071e+00 3.163101262264577389e+09
8.339999999999999858e+00 3.163101262264577389e+09
8.349999999999999645e+00 3.163101262264577389e+09
8.359999999999999432e+00 3.163101262264577389e+09
8.370000000000000995e+00 3.163101262264577389e+09
8.380000000000000782e+00 3.163101262264577389e+09
8.390000000000000568e+00 3.163101262264577389e+09
8.400000000000000355e+00 3.163101262264577389e+09
8.410000000000000142e+00 3.163101262264577389e+09
8.419999999999999929e+00 3.163101262264577389e+09
8.429999999999999716e+00 3.163101262264577389e+09
8.439999999999999503e+00 3.163101262264577389e+09
8.449999999999999289e+00 3.163101262264577389e+09
8.460000000000000853e+00 3.163101262264577389e+09
8.470000000000000639e+00 3.163101262264577389e+09
8.480000000000000426e+00 3.163101262264577389e+09
8.490000000000000213e+00 3.163101262264577389e+09
8.500000000000000000e+00 3.163101262264577389e+09
8.509999999999999787e+00 3.163101262264577389e+09
8.519999999999999574e+00 3.163101262264577389e+09
8.529999999999999361e+00 3.163101262264577389e+09
8.540000000000000924e+00 3.163101262264577389e+09
8.550000000000000711e+00 3.163101262264577389e+09
8.560000000000000497e+00 3.163101262264577389e+09
8.570000000000000284e+00 3.163101262264577389e+09
8.580000000000000071e+00 3.163101262264577389e+09
8.589999999999999858e+00 3.163101262264577389e+09
8.599999999999999645e+00 3.163101262264577389e+09
8.609999999999999432e+00 3.163101262264577389e+09
8.620000000000000995e+00 3.163101262264577389e+09
8.630000000000000782e+00 3.163101262264577389e+09
8.640000000000000568e+00 3.163101262264577389e+09
8.650000000000000355e+00 3.163101262264577389e+09
8.660000000000000142e+00 3.163101262264577389e+09
8.669999999999999929e+00 3.163101262264577389e+09
8.679999999999999716e+00 3.163101262264577389e+09
8.689999999999999503e+00 3.163101262264577389e+09
8.700000000000001066e+00 3.163101262264577389e+09
8.710000000000000853e+00 3.163101262264577389e+09
8.720000000000000639e+00 3.163101262264577389e+09
8.730000000000000426e+00 3.163101262264577389e+09
8.740000000000000213e+00 3.163101262264577389e+09
8.750000000000000000e+00 3.163101262264577389e+09
8.759999999999999787e+00 3.163101262264577389e+09
8.769999999999999574e+00 3.163101262264577389e+09
8.779999999999999361e+00 3.163101262264577389e+09
8.790000000000000924e+00 3.163101262264577389e+09
8.800000000000000711e+00 3.163101262264577389e+09
8.810000000000000497e+00 3.163101262264577389e+09
8.820000000000000284e+00 3.163101262264577389e+09
8.830000000000000071e+00 3.163101262264577389e+09
8.839999999999999858e+00 3.163101262264577389e+09
8.849999999999999645e+00 3.163101262264577389e+09
8.859999999999999432e+00 3.163101262264577389e+09
8.870000000000000995e+00 3.163101262264577389e+09
8.880000000000000782e+00 3.163101262264577389e+09
8.890000000000000568e+00 3.163101262264577389e+09
8.900000000000000355e+00 3.163101262264577389e+09
8.910000000000000142e+00 3.163101262264577389e+09
8.919999999999999929e+00 3.163101262264577389e+09
8.929999999999999716e+00 3.163101262264577389e+09
8.939999999999999503e+00 3.163101262264577389e+09
8.950000000000001066e+00 3.163101262264577389e+09
8.960000000000000853e+00 3.163101262264577389e+09
8.970000000000000639e+00 3.163101262264577389e+09
8.980000000000000426e+00 3.163101262264577389e+09
8.990000000000000213e+00 3.163101262264577389e+09
9.000000000000000000e+00 3.163101262264577389e+09
9.009999999999999787e+00 3.163101262264577389e+09
9.019999999999999574e+00 3.163101262264577389e+09
9.029999999999999361e+00 3.163101262264577389e+09
9.040000000000000924e+00 3.163101262264577389e+09
9.050000000000000711e+00 3.163101262264577389e+09
9.060000000000000497e+00 3.163101262264577389e+09
9.070000000000000284e+00 3.163101262264577389e+09
9.080000000000000071e+00 3.163101262264577389e+09
9.089999999999999858e+00 3.163101262264577389e+09
9.099999999999999645e+00 3.163101262264577389e+09
9.109999999999999432e+00 3.163101262264577389e+09
9.120000000000000995e+00 3.163101262264577389e+09
9.130000000000000782e+00 3.163101262264577389e+09
9.140000000000000568e+00 3.163101262264577389e+09
9.150000000000000355e+00 3.163101262264577389e+09
9.160000000000000142e+00 3.163101262264577389e+09
9.169999999999999929e+00 3.163101262264577389e+09
9.179999999999999716e+00 3.163101262264577389e+09
9.189999999999999503e+00 3.163101262264577389e+09
9.200000000000001066e+00 3.163101262264577389e+09
9.210000000000000853e+00 3.163101262264577389e+09
9.220000000000000639e+00 3.163101262264577389e+09
9.230000000000000426e+00 3.163101262264577389e+09
9.240000000000000213e+00 3.163101262264577389e+09
9.250000000000000000e+00 3.163101262264577389e+09
9.259999999999999787e+00 3.163101262264577389e+09
9.269999999999999574e+00 3.163101262264577389e+09
9.279999999999999361e+00 3.163101262264577389e+09
9.290000000000000924e+00 3.163101262264577389e+09
9.300000000000000711e+00 3.163101262264577389e+09
9.310000000000000497e+00 3.163101262264577389e+09
9.320000000000000284e+00 3.163101262264577389e+09
9.330000000000000071e+00 3.163101262264577389e+09
9.339999999999999858e+00 3.163101262264577389e+09
9.349999999999999645e+00 3.163101262264577389e+09
9.359999999999999432e+00 3.163101262264577389e+09
9.370000000000000995e+00 3.163101262264577389e+09
9.380000000000000782e+00 3.163101262264577389e+09
9.390000000000000568e+00 3.163101262264577389e+09
9.400000000000000355e+00 3.163101262264577389e+09
9.410000000000000142e+00 3.163101262264577389e+09
9.419999999999999929e+00 3.163101262264577389e+09
9.429999999999999716e+00 3.163101262264577389e+09
9.439999999999999503e+00 3.163101262264577389e+09
9.450000000000001066e+00 3.163101262264577389e+09
9.460000000000000853e+00 3.163101262264577389e+09
9.470000000000000639e+00 3.163101262264577389e+09
9.480000000000000426e+00 3.163101262264577389e+09
9.490000000000000213e+00 3.163101262264577389e+09
9.500000000000000000e+00 3.163101262264577389e+09
9.509999999999999787e+00 3.163101262264577389e+09
9.519999999999999574e+00 3.163101262264577389e+09
9.529999999999999361e+00 3.163101262264577389e+09
9.540000000000000924e+00 3.163101262264577389e+09
9.550000000000000711e+00 3.163101262264577389e+09
9.560000000000000497e+00 3.163101262264577389e+09
9.570000000000000284e+00 3.163101262264577389e+09
9.580000000000000071e+00 3.163101262264577389e+09
9.589999999999999858e+00 3.163101262264577389e+09
9.599999999999999645e+00 3.163101262264577389e+09
9.609999999999999432e+00 3.163101262264577389e+09
9.620000000000000995e+00 3.163101262264577389e+09
9.630000000000000782e+00 3.163101262264577389e+09
9.640000000000000568e+00 3.163101262264577389e+09
9.650000000000000355e+00 3.163101262264577389e+09
9.660000000000000142e+00 3.163101262264577389e+09
9.669999999999999929e+00 3.163101262264577389e+09
9.679999999999999716e+00 3.163101262264577389e+09
9.689999999999999503e+00 3.163101262264577389e+09
9.700000000000001066e+00 3.163101262264577389e+09
9.710000000000000853e+00 3.163101262264577389e+09
9.720000000000000639e+00 3.163101262264577389e+09
9.730000000000000426e+00 3.163101262264577389e+09
9.740000000000000213e+00 3.163101262264577389e+09
9.750000000000000000e+00 3.163101262264577389e+09
9.759999999999999787e+00 3.163101262264577389e+09
9.769999999999999574e+00 3.163101262264577389e+09
9.779999999999999361e+00 3.163101262264577389e+09
9.790000000000000924e+00 3.163101262264577389e+09
9.800000000000000711e+00 3.163101262264577389e+09
9.810000000000000497e+00 3.163101262264577389e+09
9.820000000000000284e+00 3.163101262264577389e+09
9.830000000000000071e+00 3.163101262264577389e+09
9.839999999999999858e+00 3.163101262264577389e+09
9.849999999999999645e+00 3.163101262264577389e+09
9.859999999999999432e+00 3.163101262264577389e+09
9.870000000000000995e+00 3.163101262264577389e+09
9.880000000000000782e+00 3.163101262264577389e+09
9.890000000000000568e+00 3.163101262264577389e+09
9.900000000000000355e+00 3.163101262264577389e+09
9.910000000000000142e+00 3.163101262264577389e+09
9.919999999999999929e+00 3.163101262264577389e+09
9.929999999999999716e+00 3.163101262264577389e+09
9.939999999999999503e+00 3.163101262264577389e+09
9.950000000000001066e+00 3.163101262264577389e+09
9.960000000000000853e+00 3.163101262264577389e+09
9.970000000000000639e+00 3.163101262264577389e+09
