0.000000000000000000e+00 2.999935733181153738e-02
1.000000000000000021e-02 2.999935733180903938e-02
2.000000000000000042e-02 2.999935733180959796e-02
2.999999999999999889e-02 2.999935733181158942e-02
4.000000000000000083e-02 2.999935733181332762e-02
5.000000000000000278e-02 2.999935733181078798e-02
5.999999999999999778e-02 2.999935733181133268e-02
7.000000000000000666e-02 2.999935733181061798e-02
8.000000000000000167e-02 2.999935733181521152e-02
8.999999999999999667e-02 2.999935733181436151e-02
1.000000000000000056e-01 2.999935733181120778e-02
1.100000000000000006e-01 2.999935733181513173e-02
1.199999999999999956e-01 2.999935733181315761e-02
1.300000000000000044e-01 2.999935733181219658e-02
1.400000000000000133e-01 2.999935733180868550e-02
1.499999999999999944e-01 2.999935733181392783e-02
1.600000000000000033e-01 2.999935733181245331e-02
1.700000000000000122e-01 2.999935733181072553e-02
1.799999999999999933e-01 2.999935733181039940e-02
1.900000000000000022e-01 2.999935733181308822e-02
2.000000000000000111e-01 2.999935733181475356e-02
2.099999999999999922e-01 2.999935733181468070e-02
2.200000000000000011e-01 2.999935733181346986e-02
2.300000000000000100e-01 2.999935733181374742e-02
2.399999999999999911e-01 2.999935733180910530e-02
2.500000000000000000e-01 2.999935733181198841e-02
2.600000000000000089e-01 2.999935733181237005e-02
2.700000000000000178e-01 2.999935733181199882e-02
2.800000000000000266e-01 2.999935733181461478e-02
2.899999999999999800e-01 2.999935733181144371e-02
2.999999999999999889e-01 2.999935733181200229e-02
3.099999999999999978e-01 2.999935733180890754e-02
3.200000000000000067e-01 2.999935733181434416e-02
3.300000000000000155e-01 2.999935733180972286e-02
3.400000000000000244e-01 2.999935733181285577e-02
3.500000000000000333e-01 2.999935733181061798e-02
3.599999999999999867e-01 2.999935733180972286e-02
3.699999999999999956e-01 2.999935733181643624e-02
3.800000000000000044e-01 2.999935733181015654e-02
3.900000000000000133e-01 2.999935733181138819e-02
4.000000000000000222e-01 2.999935733181191555e-02
4.100000000000000311e-01 2.999935733181386191e-02
4.199999999999999845e-01 2.999935733180947653e-02
4.299999999999999933e-01 2.999935733181272046e-02
4.400000000000000022e-01 2.999935733181050695e-02
4.500000000000000111e-01 2.999935733181356701e-02
4.600000000000000200e-01 2.999935733181457315e-02
4.700000000000000289e-01 2.999935733181455927e-02
4.799999999999999822e-01 2.999935733181181147e-02
4.899999999999999911e-01 2.999935733181243250e-02
5.000000000000000000e-01 2.999935733180925101e-02
5.100000000000000089e-01 2.999935733181278638e-02
5.200000000000000178e-01 2.999935733181275516e-02
5.300000000000000266e-01 2.999935733181195371e-02
5.400000000000000355e-01 2.999935733181458009e-02
5.500000000000000444e-01 2.999935733181051736e-02
5.600000000000000533e-01 2.999935733181026409e-02
5.700000000000000622e-01 2.999935733181144717e-02
5.799999999999999600e-01 2.999935733181105166e-02
5.899999999999999689e-01 2.999935733181042369e-02
5.999999999999999778e-01 2.999935733181619338e-02
6.099999999999999867e-01 2.999935733181166922e-02
6.199999999999999956e-01 2.999935733181198147e-02
6.300000000000000044e-01 2.999935733180909142e-02
6.400000000000000133e-01 2.999935733181309169e-02
6.500000000000000222e-01 2.999935733180988939e-02
6.600000000000000311e-01 2.999935733181255046e-02
6.700000000000000400e-01 2.999935733181161718e-02
6.800000000000000488e-01 2.999935733181014613e-02
6.900000000000000577e-01 2.999935733181295638e-02
7.000000000000000666e-01 2.999935733181009756e-02
7.099999999999999645e-01 2.999935733181301883e-02
7.199999999999999734e-01 2.999935733181210637e-02
7.299999999999999822e-01 2.999935733181516989e-02
7.399999999999999911e-01 2.999935733181612746e-02
7.500000000000000000e-01 2.999935733180953551e-02
7.600000000000000089e-01 2.999935733180955633e-02
7.700000000000000178e-01 2.999935733181064226e-02
7.800000000000000266e-01 2.999935733180962572e-02
7.900000000000000355e-01 2.999935733181314026e-02
8.000000000000000444e-01 2.999935733181176983e-02
8.100000000000000533e-01 2.999935733181479172e-02
8.200000000000000622e-01 2.999935733181094757e-02
8.300000000000000711e-01 2.999935733181425396e-02
8.399999999999999689e-01 2.999935733181169351e-02
8.499999999999999778e-01 2.999935733181236311e-02
8.599999999999999867e-01 2.999935733181308128e-02
8.699999999999999956e-01 2.999935733180902203e-02
8.800000000000000044e-01 2.999935733181229719e-02
8.900000000000000133e-01 2.999935733181580827e-02
9.000000000000000222e-01 2.999935733181138126e-02
9.100000000000000311e-01 2.999935733181052430e-02
9.200000000000000400e-01 2.999935733181239433e-02
9.300000000000000488e-01 2.999935733181328945e-02
9.400000000000000577e-01 2.999935733181273434e-02
9.500000000000000666e-01 2.999935733181139513e-02
9.599999999999999645e-01 2.999935733181170044e-02
9.699999999999999734e-01 2.999935733180924061e-02
9.799999999999999822e-01 2.999935733181226943e-02
9.899999999999999911e-01 2.999935733181255393e-02
1.000000000000000000e+00 2.999935733181334843e-02
1.010000000000000009e+00 2.999935733180869243e-02
1.020000000000000018e+00 2.999935733181162412e-02
1.030000000000000027e+00 2.999935733181201269e-02
1.040000000000000036e+00 2.999935733181225556e-02
1.050000000000000044e+00 2.999935733181148881e-02
1.060000000000000053e+00 2.999935733181199188e-02
1.070000000000000062e+00 2.999935733181258862e-02
1.080000000000000071e+00 2.999935733180978184e-02
1.090000000000000080e+00 2.999935733181183922e-02
1.100000000000000089e+00 2.999935733181179065e-02
1.110000000000000098e+00 2.999935733181201269e-02
1.120000000000000107e+00 2.999935733181195024e-02
1.130000000000000115e+00 2.999935733181226249e-02
1.140000000000000124e+00 2.999935733181214453e-02
1.150000000000000133e+00 2.999935733181029879e-02
1.159999999999999920e+00 2.999935733181106901e-02
1.169999999999999929e+00 2.999935733181076022e-02
1.179999999999999938e+00 2.999935733181137085e-02
1.189999999999999947e+00 2.999935733181348374e-02
1.199999999999999956e+00 2.999935733181102043e-02
1.209999999999999964e+00 2.999935733181127023e-02
1.219999999999999973e+00 2.999935733181253311e-02
1.229999999999999982e+00 2.999935733181103084e-02
1.239999999999999991e+00 2.999935733181098227e-02
1.250000000000000000e+00 2.999935733181147146e-02
1.260000000000000009e+00 2.999935733181256434e-02
1.270000000000000018e+00 2.999935733181095451e-02
1.280000000000000027e+00 2.999935733181213759e-02
1.290000000000000036e+00 2.999935733181144371e-02
1.300000000000000044e+00 2.999935733181365721e-02
1.310000000000000053e+00 2.999935733181216882e-02
1.320000000000000062e+00 2.999935733181194331e-02
1.330000000000000071e+00 2.999935733181192943e-02
1.340000000000000080e+00 2.999935733181236658e-02
1.350000000000000089e+00 2.999935733181244638e-02
1.360000000000000098e+00 2.999935733181182534e-02
1.370000000000000107e+00 2.999935733181170044e-02
1.380000000000000115e+00 2.999935733181158248e-02
1.390000000000000124e+00 2.999935733181212372e-02
1.400000000000000133e+00 2.999935733181175596e-02
1.409999999999999920e+00 2.999935733181016001e-02
1.419999999999999929e+00 2.999935733181216535e-02
1.429999999999999938e+00 2.999935733181201616e-02
1.439999999999999947e+00 2.999935733181228331e-02
1.449999999999999956e+00 2.999935733181169698e-02
1.459999999999999964e+00 2.999935733181157554e-02
1.469999999999999973e+00 2.999935733181335884e-02
1.479999999999999982e+00 2.999935733181280373e-02
1.489999999999999991e+00 2.999935733181284536e-02
1.500000000000000000e+00 2.999935733181241168e-02
1.510000000000000009e+00 2.999935733181236311e-02
1.520000000000000018e+00 2.999935733181073247e-02
1.530000000000000027e+00 2.999935733181150269e-02
1.540000000000000036e+00 2.999935733181009756e-02
1.550000000000000044e+00 2.999935733181179065e-02
1.560000000000000053e+00 2.999935733181206821e-02
1.570000000000000062e+00 2.999935733181090247e-02
1.580000000000000071e+00 2.999935733180984776e-02
1.590000000000000080e+00 2.999935733181043063e-02
1.600000000000000089e+00 2.999935733181145411e-02
1.610000000000000098e+00 2.999935733181118697e-02
1.620000000000000107e+00 2.999935733181122166e-02
1.630000000000000115e+00 2.999935733180988245e-02
1.640000000000000124e+00 2.999935733181205086e-02
1.650000000000000133e+00 2.999935733181129452e-02
1.660000000000000142e+00 2.999935733181152003e-02
1.669999999999999929e+00 2.999935733181272046e-02
1.679999999999999938e+00 2.999935733181207514e-02
1.689999999999999947e+00 2.999935733181281414e-02
1.699999999999999956e+00 2.999935733181137432e-02
1.709999999999999964e+00 2.999935733181351150e-02
1.719999999999999973e+00 2.999935733181101349e-02
1.729999999999999982e+00 2.999935733181229719e-02
1.739999999999999991e+00 2.999935733181139513e-02
1.750000000000000000e+00 2.999935733181176983e-02
1.760000000000000009e+00 2.999935733181148534e-02
1.770000000000000018e+00 2.999935733181302924e-02
1.780000000000000027e+00 2.999935733181077063e-02
1.790000000000000036e+00 2.999935733181192596e-02
1.800000000000000044e+00 2.999935733181214453e-02
1.810000000000000053e+00 2.999935733180966735e-02
1.820000000000000062e+00 2.999935733180951122e-02
1.830000000000000071e+00 2.999935733181231454e-02
1.840000000000000080e+00 2.999935733181185310e-02
1.850000000000000089e+00 2.999935733181092329e-02
1.860000000000000098e+00 2.999935733181104819e-02
1.870000000000000107e+00 2.999935733181247066e-02
1.880000000000000115e+00 2.999935733181276210e-02
1.890000000000000124e+00 2.999935733181167269e-02
1.900000000000000133e+00 2.999935733181206821e-02
1.910000000000000142e+00 2.999935733181188086e-02
1.919999999999999929e+00 2.999935733181239780e-02
1.929999999999999938e+00 2.999935733181148534e-02
1.939999999999999947e+00 2.999935733181003164e-02
1.949999999999999956e+00 2.999935733181238739e-02
1.959999999999999964e+00 2.999935733181209596e-02
1.969999999999999973e+00 2.999935733181243944e-02
1.979999999999999982e+00 2.999935733181279679e-02
1.989999999999999991e+00 2.999935733181105513e-02
2.000000000000000000e+00 2.999935733181110717e-02
2.010000000000000231e+00 2.999935733181109676e-02
2.020000000000000018e+00 2.999935733181227637e-02
2.030000000000000249e+00 2.999935733181179412e-02
2.040000000000000036e+00 2.999935733181299802e-02
2.049999999999999822e+00 2.999935733181175596e-02
2.060000000000000053e+00 2.999935733181115227e-02
2.069999999999999840e+00 2.999935733181108288e-02
2.080000000000000071e+00 2.999935733181100309e-02
2.089999999999999858e+00 2.999935733181158942e-02
2.100000000000000089e+00 2.999935733181358782e-02
2.109999999999999876e+00 2.999935733181061451e-02
2.120000000000000107e+00 2.999935733181144024e-02
2.129999999999999893e+00 2.999935733181093023e-02
2.140000000000000124e+00 2.999935733181183228e-02
2.149999999999999911e+00 2.999935733181154779e-02
2.160000000000000142e+00 2.999935733181172820e-02
2.169999999999999929e+00 2.999935733181246372e-02
2.180000000000000160e+00 2.999935733181213413e-02
2.189999999999999947e+00 2.999935733181000388e-02
2.200000000000000178e+00 2.999935733181099962e-02
2.209999999999999964e+00 2.999935733181170738e-02
2.220000000000000195e+00 2.999935733181204045e-02
2.229999999999999982e+00 2.999935733181166575e-02
2.240000000000000213e+00 2.999935733181132574e-02
2.250000000000000000e+00 2.999935733181186698e-02
2.260000000000000231e+00 2.999935733181199188e-02
2.270000000000000018e+00 2.999935733181282455e-02
2.280000000000000249e+00 2.999935733181077063e-02
2.290000000000000036e+00 2.999935733181058328e-02
2.300000000000000266e+00 2.999935733181154779e-02
2.310000000000000053e+00 2.999935733181178024e-02
2.319999999999999840e+00 2.999935733181222780e-02
2.330000000000000071e+00 2.999935733181201963e-02
2.339999999999999858e+00 2.999935733181161024e-02
2.350000000000000089e+00 2.999935733180959102e-02
2.359999999999999876e+00 2.999935733181350456e-02
2.370000000000000107e+00 2.999935733181208902e-02
2.379999999999999893e+00 2.999935733181290781e-02
2.390000000000000124e+00 2.999935733181187045e-02
2.399999999999999911e+00 2.999935733181218964e-02
2.410000000000000142e+00 2.999935733181212372e-02
2.419999999999999929e+00 2.999935733181347333e-02
2.430000000000000160e+00 2.999935733181003511e-02
2.439999999999999947e+00 2.999935733181029185e-02
2.450000000000000178e+00 2.999935733181117309e-02
2.459999999999999964e+00 2.999935733181249148e-02
2.470000000000000195e+00 2.999935733181081920e-02
2.479999999999999982e+00 2.999935733181104819e-02
2.490000000000000213e+00 2.999935733181140901e-02
2.500000000000000000e+00 2.999935733181190861e-02
2.510000000000000231e+00 2.999935733181129799e-02
2.520000000000000018e+00 2.999935733181122166e-02
2.530000000000000249e+00 2.999935733181049308e-02
2.540000000000000036e+00 2.999935733181118350e-02
2.550000000000000266e+00 2.999935733181091635e-02
2.560000000000000053e+00 2.999935733181097880e-02
2.569999999999999840e+00 2.999935733181214453e-02
2.580000000000000071e+00 2.999935733181124942e-02
2.589999999999999858e+00 2.999935733181081227e-02
2.600000000000000089e+00 2.999935733181249148e-02
2.609999999999999876e+00 2.999935733181144371e-02
2.620000000000000107e+00 2.999935733181273781e-02
2.629999999999999893e+00 2.999935733181099615e-02
2.640000000000000124e+00 2.999935733181014613e-02
2.649999999999999911e+00 2.999935733181180453e-02
2.660000000000000142e+00 2.999935733181187392e-02
2.669999999999999929e+00 2.999935733181181494e-02
2.680000000000000160e+00 2.999935733181293557e-02
2.689999999999999947e+00 2.999935733181180106e-02
2.700000000000000178e+00 2.999935733181100656e-02
2.709999999999999964e+00 2.999935733181118350e-02
2.720000000000000195e+00 2.999935733181169351e-02
2.729999999999999982e+00 2.999935733181197453e-02
2.740000000000000213e+00 2.999935733181105513e-02
2.750000000000000000e+00 2.999935733181073941e-02
2.760000000000000231e+00 2.999935733181240821e-02
2.770000000000000018e+00 2.999935733181101349e-02
2.780000000000000249e+00 2.999935733181150269e-02
2.790000000000000036e+00 2.999935733181157207e-02
2.800000000000000266e+00 2.999935733181159289e-02
2.810000000000000053e+00 2.999935733181135697e-02
2.819999999999999840e+00 2.999935733181290434e-02
2.830000000000000071e+00 2.999935733181235964e-02
2.839999999999999858e+00 2.999935733181187392e-02
2.850000000000000089e+00 2.999935733181088859e-02
2.859999999999999876e+00 2.999935733181121472e-02
2.870000000000000107e+00 2.999935733181163106e-02
2.879999999999999893e+00 2.999935733181192249e-02
2.890000000000000124e+00 2.999935733181049655e-02
2.899999999999999911e+00 2.999935733181187739e-02
2.910000000000000142e+00 2.999935733181082267e-02
2.919999999999999929e+00 2.999935733181052430e-02
2.930000000000000160e+00 2.999935733181054512e-02
2.939999999999999947e+00 2.999935733181145411e-02
2.950000000000000178e+00 2.999935733181126329e-02
2.959999999999999964e+00 2.999935733181097880e-02
2.970000000000000195e+00 2.999935733181105513e-02
2.979999999999999982e+00 2.999935733181039593e-02
2.990000000000000213e+00 2.999935733181191902e-02
3.000000000000000000e+00 2.999935733181237005e-02
3.010000000000000231e+00 2.999935733181134656e-02
3.020000000000000018e+00 2.999935733181138819e-02
3.030000000000000249e+00 2.999935733181102043e-02
3.040000000000000036e+00 2.999935733181054165e-02
3.050000000000000266e+00 2.999935733181114880e-02
3.060000000000000053e+00 2.999935733181159636e-02
3.070000000000000284e+00 2.999935733181146452e-02
3.080000000000000071e+00 2.999935733181124942e-02
3.089999999999999858e+00 2.999935733181090247e-02
3.100000000000000089e+00 2.999935733181164840e-02
3.109999999999999876e+00 2.999935733181147493e-02
3.120000000000000107e+00 2.999935733181155473e-02
3.129999999999999893e+00 2.999935733181103778e-02
3.140000000000000124e+00 2.999935733181048267e-02
3.149999999999999911e+00 2.999935733181155126e-02
3.160000000000000142e+00 2.999935733181110023e-02
3.169999999999999929e+00 2.999935733181143677e-02
3.180000000000000160e+00 2.999935733181079839e-02
3.189999999999999947e+00 2.999935733181163452e-02
3.200000000000000178e+00 2.999935733181096492e-02
3.209999999999999964e+00 2.999935733181048267e-02
3.220000000000000195e+00 2.999935733181089206e-02
3.229999999999999982e+00 2.999935733181144371e-02
3.240000000000000213e+00 2.999935733181069777e-02
3.250000000000000000e+00 2.999935733181079839e-02
3.260000000000000231e+00 2.999935733181067349e-02
3.270000000000000018e+00 2.999935733181113839e-02
3.280000000000000249e+00 2.999935733181073941e-02
3.290000000000000036e+00 2.999935733181152003e-02
3.300000000000000266e+00 2.999935733181143330e-02
3.310000000000000053e+00 2.999935733181208208e-02
3.320000000000000284e+00 2.999935733181114880e-02
3.330000000000000071e+00 2.999935733181110023e-02
3.339999999999999858e+00 2.999935733181131881e-02
3.350000000000000089e+00 2.999935733181059369e-02
3.359999999999999876e+00 2.999935733181048267e-02
3.370000000000000107e+00 2.999935733181174555e-02
3.379999999999999893e+00 2.999935733181138819e-02
3.390000000000000124e+00 2.999935733181108288e-02
3.399999999999999911e+00 2.999935733181183575e-02
3.410000000000000142e+00 2.999935733181088859e-02
3.419999999999999929e+00 2.999935733181036124e-02
3.430000000000000160e+00 2.999935733181158942e-02
3.439999999999999947e+00 2.999935733181170044e-02
3.450000000000000178e+00 2.999935733181056247e-02
3.459999999999999964e+00 2.999935733181081227e-02
3.470000000000000195e+00 2.999935733181152003e-02
3.479999999999999982e+00 2.999935733181165187e-02
3.490000000000000213e+00 2.999935733181096145e-02
3.500000000000000000e+00 2.999935733181031960e-02
3.510000000000000231e+00 2.999935733181146452e-02
3.520000000000000018e+00 2.999935733181104125e-02
3.530000000000000249e+00 2.999935733181073594e-02
3.540000000000000036e+00 2.999935733181060063e-02
3.550000000000000266e+00 2.999935733181150616e-02
3.560000000000000053e+00 2.999935733181131881e-02
3.570000000000000284e+00 2.999935733181009409e-02
3.580000000000000071e+00 2.999935733181178371e-02
3.589999999999999858e+00 2.999935733181095798e-02
3.600000000000000089e+00 2.999935733181090594e-02
3.609999999999999876e+00 2.999935733181061451e-02
3.620000000000000107e+00 2.999935733181112452e-02
3.629999999999999893e+00 2.999935733181085737e-02
3.640000000000000124e+00 2.999935733181047920e-02
3.649999999999999911e+00 2.999935733181080533e-02
3.660000000000000142e+00 2.999935733181072900e-02
3.669999999999999929e+00 2.999935733181098574e-02
3.680000000000000160e+00 2.999935733181124248e-02
3.689999999999999947e+00 2.999935733181127023e-02
3.700000000000000178e+00 2.999935733181139513e-02
3.709999999999999964e+00 2.999935733181129105e-02
3.720000000000000195e+00 2.999935733180997613e-02
3.729999999999999982e+00 2.999935733181013919e-02
3.740000000000000213e+00 2.999935733181100309e-02
3.750000000000000000e+00 2.999935733181039593e-02
3.760000000000000231e+00 2.999935733181038205e-02
3.770000000000000018e+00 2.999935733181135350e-02
3.780000000000000249e+00 2.999935733181058328e-02
3.790000000000000036e+00 2.999935733181082267e-02
3.800000000000000266e+00 2.999935733181139166e-02
3.810000000000000053e+00 2.999935733181102390e-02
3.820000000000000284e+00 2.999935733181081227e-02
3.830000000000000071e+00 2.999935733181100656e-02
3.839999999999999858e+00 2.999935733181082267e-02
3.850000000000000089e+00 2.999935733181129105e-02
3.859999999999999876e+00 2.999935733181071859e-02
3.870000000000000107e+00 2.999935733181074982e-02
3.879999999999999893e+00 2.999935733181113492e-02
3.890000000000000124e+00 2.999935733181090941e-02
3.899999999999999911e+00 2.999935733181115921e-02
3.910000000000000142e+00 2.999935733181145064e-02
3.919999999999999929e+00 2.999935733181137085e-02
3.930000000000000160e+00 2.999935733181108982e-02
3.939999999999999947e+00 2.999935733181120778e-02
3.950000000000000178e+00 2.999935733181112452e-02
3.959999999999999964e+00 2.999935733181085390e-02
3.970000000000000195e+00 2.999935733181086778e-02
3.979999999999999982e+00 2.999935733181115227e-02
3.990000000000000213e+00 2.999935733181098574e-02
4.000000000000000000e+00 2.999935733181060410e-02
4.009999999999999787e+00 2.999935733181045144e-02
4.020000000000000462e+00 2.999935733181115921e-02
4.030000000000000249e+00 2.999935733181148187e-02
4.040000000000000036e+00 2.999935733181095451e-02
4.049999999999999822e+00 2.999935733181129105e-02
4.060000000000000497e+00 2.999935733181114186e-02
4.070000000000000284e+00 2.999935733181068737e-02
4.080000000000000071e+00 2.999935733181081920e-02
4.089999999999999858e+00 2.999935733181126676e-02
4.099999999999999645e+00 2.999935733181106901e-02
4.110000000000000320e+00 2.999935733181095798e-02
4.120000000000000107e+00 2.999935733181108982e-02
4.129999999999999893e+00 2.999935733181077410e-02
4.139999999999999680e+00 2.999935733181087125e-02
4.150000000000000355e+00 2.999935733181084696e-02
4.160000000000000142e+00 2.999935733181077063e-02
4.169999999999999929e+00 2.999935733181108982e-02
4.179999999999999716e+00 2.999935733181097186e-02
4.190000000000000391e+00 2.999935733181084696e-02
4.200000000000000178e+00 2.999935733181086778e-02
4.209999999999999964e+00 2.999935733181096492e-02
4.219999999999999751e+00 2.999935733181110370e-02
4.230000000000000426e+00 2.999935733181072553e-02
4.240000000000000213e+00 2.999935733181122860e-02
4.250000000000000000e+00 2.999935733181108982e-02
4.259999999999999787e+00 2.999935733181095798e-02
4.270000000000000462e+00 2.999935733181114533e-02
4.280000000000000249e+00 2.999935733181097186e-02
4.290000000000000036e+00 2.999935733181116615e-02
4.299999999999999822e+00 2.999935733181100656e-02
4.310000000000000497e+00 2.999935733181113146e-02
4.320000000000000284e+00 2.999935733181132227e-02
4.330000000000000071e+00 2.999935733181112105e-02
4.339999999999999858e+00 2.999935733181132921e-02
4.350000000000000533e+00 2.999935733181097186e-02
4.360000000000000320e+00 2.999935733181129799e-02
4.370000000000000107e+00 2.999935733181115921e-02
4.379999999999999893e+00 2.999935733181110023e-02
4.389999999999999680e+00 2.999935733181122513e-02
4.400000000000000355e+00 2.999935733181083655e-02
4.410000000000000142e+00 2.999935733181131187e-02
4.419999999999999929e+00 2.999935733181099615e-02
4.429999999999999716e+00 2.999935733181125289e-02
4.440000000000000391e+00 2.999935733181072206e-02
4.450000000000000178e+00 2.999935733181122860e-02
4.459999999999999964e+00 2.999935733181102737e-02
4.469999999999999751e+00 2.999935733181111758e-02
4.480000000000000426e+00 2.999935733181113492e-02
4.490000000000000213e+00 2.999935733181112799e-02
4.500000000000000000e+00 2.999935733181115921e-02
4.509999999999999787e+00 2.999935733181118697e-02
4.520000000000000462e+00 2.999935733181112105e-02
4.530000000000000249e+00 2.999935733181115574e-02
4.540000000000000036e+00 2.999935733181103431e-02
4.549999999999999822e+00 2.999935733181117309e-02
4.560000000000000497e+00 2.999935733181121472e-02
4.570000000000000284e+00 2.999935733181118003e-02
4.580000000000000071e+00 2.999935733181120431e-02
4.589999999999999858e+00 2.999935733181123901e-02
4.600000000000000533e+00 2.999935733181108288e-02
4.610000000000000320e+00 2.999935733181119737e-02
4.620000000000000107e+00 2.999935733181122166e-02
4.629999999999999893e+00 2.999935733181122860e-02
4.639999999999999680e+00 2.999935733181122166e-02
4.650000000000000355e+00 2.999935733181112105e-02
4.660000000000000142e+00 2.999935733181119044e-02
4.669999999999999929e+00 2.999935733181115227e-02
4.679999999999999716e+00 2.999935733181123207e-02
4.690000000000000391e+00 2.999935733181112799e-02
4.700000000000000178e+00 2.999935733181119044e-02
4.709999999999999964e+00 2.999935733181123207e-02
4.719999999999999751e+00 2.999935733181124942e-02
4.730000000000000426e+00 2.999935733181115921e-02
4.740000000000000213e+00 2.999935733181131534e-02
4.750000000000000000e+00 2.999935733181122513e-02
4.759999999999999787e+00 2.999935733181121819e-02
4.770000000000000462e+00 2.999935733181122860e-02
4.780000000000000249e+00 2.999935733181131534e-02
4.790000000000000036e+00 2.999935733181126329e-02
4.799999999999999822e+00 2.999935733181125289e-02
4.810000000000000497e+00 2.999935733181128064e-02
4.820000000000000284e+00 2.999935733181129452e-02
4.830000000000000071e+00 2.999935733181129452e-02
4.839999999999999858e+00 2.999935733181130493e-02
4.850000000000000533e+00 2.999935733181126676e-02
4.860000000000000320e+00 2.999935733181126329e-02
4.870000000000000107e+00 2.999935733181129452e-02
4.879999999999999893e+00 2.999935733181128411e-02
4.889999999999999680e+00 2.999935733181128064e-02
4.900000000000000355e+00 2.999935733181129452e-02
4.910000000000000142e+00 2.999935733181129799e-02
4.919999999999999929e+00 2.999935733181129799e-02
4.929999999999999716e+00 2.999935733181130493e-02
4.940000000000000391e+00 2.999935733181129799e-02
4.950000000000000178e+00 2.999935733181132227e-02
4.959999999999999964e+00 2.999935733181132574e-02
4.969999999999999751e+00 2.999935733181134309e-02
4.980000000000000426e+00 2.999935733181134656e-02
4.990000000000000213e+00 2.999935733181136391e-02
5.000000000000000000e+00 2.999935733181137432e-02
5.009999999999999787e+00 2.999935733181138126e-02
5.020000000000000462e+00 2.999935733181137779e-02
5.030000000000000249e+00 2.999935733181138819e-02
5.040000000000000036e+00 2.999935733181139513e-02
5.049999999999999822e+00 2.999935733181139860e-02
5.060000000000000497e+00 2.999935733181139513e-02
5.070000000000000284e+00 2.999935733181141248e-02
5.080000000000000071e+00 2.999935733181141248e-02
5.089999999999999858e+00 2.999935733181141942e-02
5.100000000000000533e+00 2.999935733181143677e-02
5.110000000000000320e+00 2.999935733181144024e-02
5.120000000000000107e+00 2.999935733181145064e-02
5.129999999999999893e+00 2.999935733181146105e-02
5.139999999999999680e+00 2.999935733181146799e-02
5.150000000000000355e+00 2.999935733181147493e-02
5.160000000000000142e+00 2.999935733181147493e-02
5.169999999999999929e+00 2.999935733181149922e-02
5.179999999999999716e+00 2.999935733181150616e-02
5.190000000000000391e+00 2.999935733181148534e-02
5.200000000000000178e+00 2.999935733181148187e-02
5.209999999999999964e+00 2.999935733181152350e-02
5.219999999999999751e+00 2.999935733181154432e-02
5.230000000000000426e+00 2.999935733181154085e-02
5.240000000000000213e+00 2.999935733181157554e-02
5.250000000000000000e+00 2.999935733181158595e-02
5.259999999999999787e+00 2.999935733181157554e-02
5.270000000000000462e+00 2.999935733181157901e-02
5.280000000000000249e+00 2.999935733181157207e-02
5.290000000000000036e+00 2.999935733181154779e-02
5.299999999999999822e+00 2.999935733181161024e-02
5.310000000000000497e+00 2.999935733181164840e-02
5.320000000000000284e+00 2.999935733181160330e-02
5.330000000000000071e+00 2.999935733181158942e-02
5.339999999999999858e+00 2.999935733181167616e-02
5.350000000000000533e+00 2.999935733181164146e-02
5.360000000000000320e+00 2.999935733181162412e-02
5.370000000000000107e+00 2.999935733181161718e-02
5.379999999999999893e+00 2.999935733181164146e-02
5.389999999999999680e+00 2.999935733181167616e-02
5.400000000000000355e+00 2.999935733181164840e-02
5.410000000000000142e+00 2.999935733181169698e-02
5.419999999999999929e+00 2.999935733181153391e-02
5.429999999999999716e+00 2.999935733181173514e-02
5.440000000000000391e+00 2.999935733181175249e-02
5.450000000000000178e+00 2.999935733181161371e-02
5.459999999999999964e+00 2.999935733181167269e-02
5.469999999999999751e+00 2.999935733181178024e-02
5.480000000000000426e+00 2.999935733181173514e-02
5.490000000000000213e+00 2.999935733181172820e-02
5.500000000000000000e+00 2.999935733181186698e-02
5.509999999999999787e+00 2.999935733181185657e-02
5.520000000000000462e+00 2.999935733181169004e-02
5.530000000000000249e+00 2.999935733181172820e-02
5.540000000000000036e+00 2.999935733181172473e-02
5.549999999999999822e+00 2.999935733181169698e-02
5.560000000000000497e+00 2.999935733181174902e-02
5.570000000000000284e+00 2.999935733181174902e-02
5.580000000000000071e+00 2.999935733181174902e-02
5.589999999999999858e+00 2.999935733181137432e-02
5.600000000000000533e+00 2.999935733181156861e-02
5.610000000000000320e+00 2.999935733181182534e-02
5.620000000000000107e+00 2.999935733181175249e-02
5.629999999999999893e+00 2.999935733181149575e-02
5.639999999999999680e+00 2.999935733181173514e-02
5.650000000000000355e+00 2.999935733181174902e-02
5.660000000000000142e+00 2.999935733181190167e-02
5.669999999999999929e+00 2.999935733181183575e-02
5.679999999999999716e+00 2.999935733181178371e-02
5.690000000000000391e+00 2.999935733181173514e-02
5.700000000000000178e+00 2.999935733181195718e-02
5.709999999999999964e+00 2.999935733181199188e-02
5.719999999999999751e+00 2.999935733181198494e-02
5.730000000000000426e+00 2.999935733181171432e-02
5.740000000000000213e+00 2.999935733181186351e-02
5.750000000000000000e+00 2.999935733181192943e-02
5.759999999999999787e+00 2.999935733181206127e-02
5.770000000000000462e+00 2.999935733181190861e-02
5.780000000000000249e+00 2.999935733181200229e-02
5.790000000000000036e+00 2.999935733181204045e-02
5.799999999999999822e+00 2.999935733181168657e-02
5.810000000000000497e+00 2.999935733181197453e-02
5.820000000000000284e+00 2.999935733181177330e-02
5.830000000000000071e+00 2.999935733181174902e-02
5.839999999999999858e+00 2.999935733181197106e-02
5.850000000000000533e+00 2.999935733181183922e-02
5.860000000000000320e+00 2.999935733181229719e-02
5.870000000000000107e+00 2.999935733181170738e-02
5.879999999999999893e+00 2.999935733181198494e-02
5.889999999999999680e+00 2.999935733181194331e-02
5.900000000000000355e+00 2.999935733181202657e-02
5.910000000000000142e+00 2.999935733181217923e-02
5.919999999999999929e+00 2.999935733181197106e-02
5.929999999999999716e+00 2.999935733181244291e-02
5.940000000000000391e+00 2.999935733181199188e-02
5.950000000000000178e+00 2.999935733181185310e-02
5.959999999999999964e+00 2.999935733181206127e-02
5.969999999999999751e+00 2.999935733181230413e-02
5.980000000000000426e+00 2.999935733181187392e-02
5.990000000000000213e+00 2.999935733181222433e-02
6.000000000000000000e+00 2.999935733181244291e-02
6.009999999999999787e+00 2.999935733181189126e-02
6.020000000000000462e+00 2.999935733181222780e-02
6.030000000000000249e+00 2.999935733181205780e-02
6.040000000000000036e+00 2.999935733181179065e-02
6.049999999999999822e+00 2.999935733181171085e-02
6.060000000000000497e+00 2.999935733181166575e-02
6.070000000000000284e+00 2.999935733181188433e-02
6.080000000000000071e+00 2.999935733181226943e-02
6.089999999999999858e+00 2.999935733181188779e-02
6.100000000000000533e+00 2.999935733181182188e-02
6.110000000000000320e+00 2.999935733181194331e-02
6.120000000000000107e+00 2.999935733181227984e-02
6.129999999999999893e+00 2.999935733181183228e-02
6.140000000000000568e+00 2.999935733181151309e-02
6.150000000000000355e+00 2.999935733181203698e-02
6.160000000000000142e+00 2.999935733181226943e-02
6.169999999999999929e+00 2.999935733181180453e-02
6.179999999999999716e+00 2.999935733181253311e-02
6.190000000000000391e+00 2.999935733181163799e-02
6.200000000000000178e+00 2.999935733181242903e-02
6.209999999999999964e+00 2.999935733181238046e-02
6.219999999999999751e+00 2.999935733181265454e-02
6.230000000000000426e+00 2.999935733181202310e-02
6.240000000000000213e+00 2.999935733181218964e-02
6.250000000000000000e+00 2.999935733181194331e-02
6.259999999999999787e+00 2.999935733181170044e-02
6.270000000000000462e+00 2.999935733181210984e-02
6.280000000000000249e+00 2.999935733181173861e-02
6.290000000000000036e+00 2.999935733181213066e-02
6.299999999999999822e+00 2.999935733181201269e-02
6.310000000000000497e+00 2.999935733181183228e-02
6.320000000000000284e+00 2.999935733181192596e-02
6.330000000000000071e+00 2.999935733181226596e-02
6.339999999999999858e+00 2.999935733181239433e-02
6.350000000000000533e+00 2.999935733181199535e-02
6.360000000000000320e+00 2.999935733181170738e-02
6.370000000000000107e+00 2.999935733181180106e-02
6.379999999999999893e+00 2.999935733181212372e-02
6.390000000000000568e+00 2.999935733181209249e-02
6.400000000000000355e+00 2.999935733181222780e-02
6.410000000000000142e+00 2.999935733181211331e-02
6.419999999999999929e+00 2.999935733181133615e-02
6.429999999999999716e+00 2.999935733181221045e-02
6.440000000000000391e+00 2.999935733181130493e-02
6.450000000000000178e+00 2.999935733181251576e-02
6.459999999999999964e+00 2.999935733181202310e-02
6.469999999999999751e+00 2.999935733181271699e-02
6.480000000000000426e+00 2.999935733181147493e-02
6.490000000000000213e+00 2.999935733181291128e-02
6.500000000000000000e+00 2.999935733181221392e-02
6.509999999999999787e+00 2.999935733181225209e-02
6.520000000000000462e+00 2.999935733181229719e-02
6.530000000000000249e+00 2.999935733181241168e-02
6.540000000000000036e+00 2.999935733181231454e-02
6.549999999999999822e+00 2.999935733181255393e-02
6.560000000000000497e+00 2.999935733181263026e-02
6.570000000000000284e+00 2.999935733181280373e-02
6.580000000000000071e+00 2.999935733181207514e-02
6.589999999999999858e+00 2.999935733181236311e-02
6.600000000000000533e+00 2.999935733181223821e-02
6.610000000000000320e+00 2.999935733181194331e-02
6.620000000000000107e+00 2.999935733181159983e-02
6.629999999999999893e+00 2.999935733181325476e-02
6.640000000000000568e+00 2.999935733181226596e-02
6.650000000000000355e+00 2.999935733181135003e-02
6.660000000000000142e+00 2.999935733181291128e-02
6.669999999999999929e+00 2.999935733181088859e-02
6.679999999999999716e+00 2.999935733181328251e-02
6.690000000000000391e+00 2.999935733181133962e-02
6.700000000000000178e+00 2.999935733181257128e-02
6.709999999999999964e+00 2.999935733181271352e-02
6.719999999999999751e+00 2.999935733181242903e-02
6.730000000000000426e+00 2.999935733181264413e-02
6.740000000000000213e+00 2.999935733181207168e-02
6.750000000000000000e+00 2.999935733181190514e-02
6.759999999999999787e+00 2.999935733181320618e-02
6.770000000000000462e+00 2.999935733181284189e-02
6.780000000000000249e+00 2.999935733181155126e-02
6.790000000000000036e+00 2.999935733181265454e-02
6.799999999999999822e+00 2.999935733181308475e-02
6.810000000000000497e+00 2.999935733181335884e-02
6.820000000000000284e+00 2.999935733181187392e-02
6.830000000000000071e+00 2.999935733181302577e-02
6.839999999999999858e+00 2.999935733181215841e-02
6.850000000000000533e+00 2.999935733181283495e-02
6.860000000000000320e+00 2.999935733181339353e-02
6.870000000000000107e+00 2.999935733181361558e-02
6.879999999999999893e+00 2.999935733181233882e-02
6.890000000000000568e+00 2.999935733181335884e-02
6.900000000000000355e+00 2.999935733181177677e-02
6.910000000000000142e+00 2.999935733181168657e-02
6.919999999999999929e+00 2.999935733181275516e-02
6.929999999999999716e+00 2.999935733181272740e-02
6.940000000000000391e+00 2.999935733181253311e-02
6.950000000000000178e+00 2.999935733181306741e-02
6.959999999999999964e+00 2.999935733181252270e-02
6.969999999999999751e+00 2.999935733181307435e-02
6.980000000000000426e+00 2.999935733181311251e-02
6.990000000000000213e+00 2.999935733181477784e-02
7.000000000000000000e+00 2.999935733181309863e-02
7.009999999999999787e+00 2.999935733181188433e-02
7.020000000000000462e+00 2.999935733181249148e-02
7.030000000000000249e+00 2.999935733181268577e-02
7.040000000000000036e+00 2.999935733181331374e-02
7.049999999999999822e+00 2.999935733181302577e-02
7.060000000000000497e+00 2.999935733181457315e-02
7.070000000000000284e+00 2.999935733181192596e-02
7.080000000000000071e+00 2.999935733181268924e-02
7.089999999999999858e+00 2.999935733181356007e-02
7.100000000000000533e+00 2.999935733181208555e-02
7.110000000000000320e+00 2.999935733181135003e-02
7.120000000000000107e+00 2.999935733181218617e-02
7.129999999999999893e+00 2.999935733181301190e-02
7.140000000000000568e+00 2.999935733181265454e-02
7.150000000000000355e+00 2.999935733181290781e-02
7.160000000000000142e+00 2.999935733181309516e-02
7.169999999999999929e+00 2.999935733181183922e-02
7.179999999999999716e+00 2.999935733181197106e-02
7.190000000000000391e+00 2.999935733181243597e-02
7.200000000000000178e+00 2.999935733181310210e-02
7.209999999999999964e+00 2.999935733181249148e-02
7.219999999999999751e+00 2.999935733181204045e-02
7.230000000000000426e+00 2.999935733181303271e-02
7.240000000000000213e+00 2.999935733181373701e-02
7.250000000000000000e+00 2.999935733181307435e-02
7.259999999999999787e+00 2.999935733181316802e-02
7.270000000000000462e+00 2.999935733181350803e-02
7.280000000000000249e+00 2.999935733181361558e-02
7.290000000000000036e+00 2.999935733181395212e-02
7.299999999999999822e+00 2.999935733181181147e-02
7.310000000000000497e+00 2.999935733181315761e-02
7.320000000000000284e+00 2.999935733181279332e-02
7.330000000000000071e+00 2.999935733181390701e-02
7.339999999999999858e+00 2.999935733181246372e-02
7.350000000000000533e+00 2.999935733181335884e-02
7.360000000000000320e+00 2.999935733181326863e-02
7.370000000000000107e+00 2.999935733181304659e-02
7.379999999999999893e+00 2.999935733181524275e-02
7.390000000000000568e+00 2.999935733181453498e-02
7.400000000000000355e+00 2.999935733181274128e-02
7.410000000000000142e+00 2.999935733181258862e-02
7.419999999999999929e+00 2.999935733181481254e-02
7.429999999999999716e+00 2.999935733181325129e-02
7.440000000000000391e+00 2.999935733181208555e-02
7.450000000000000178e+00 2.999935733181336578e-02
7.459999999999999964e+00 2.999935733181218617e-02
7.469999999999999751e+00 2.999935733181326863e-02
7.480000000000000426e+00 2.999935733181226943e-02
7.490000000000000213e+00 2.999935733181288700e-02
7.500000000000000000e+00 2.999935733181356007e-02
7.509999999999999787e+00 2.999935733181299108e-02
7.520000000000000462e+00 2.999935733181378558e-02
7.530000000000000249e+00 2.999935733181369885e-02
7.540000000000000036e+00 2.999935733181301883e-02
7.549999999999999822e+00 2.999935733181450723e-02
7.560000000000000497e+00 2.999935733181283495e-02
7.570000000000000284e+00 2.999935733181167269e-02
7.580000000000000071e+00 2.999935733181349762e-02
7.589999999999999858e+00 2.999935733181445865e-02
7.600000000000000533e+00 2.999935733181387926e-02
7.610000000000000320e+00 2.999935733181342129e-02
7.620000000000000107e+00 2.999935733181345598e-02
7.629999999999999893e+00 2.999935733181375783e-02
7.640000000000000568e+00 2.999935733181290087e-02
7.650000000000000355e+00 2.999935733181426090e-02
7.660000000000000142e+00 2.999935733181241862e-02
7.669999999999999929e+00 2.999935733181442743e-02
7.679999999999999716e+00 2.999935733181206127e-02
7.690000000000000391e+00 2.999935733181340047e-02
7.700000000000000178e+00 2.999935733181381334e-02
7.709999999999999964e+00 2.999935733181337272e-02
7.719999999999999751e+00 2.999935733181433722e-02
7.730000000000000426e+00 2.999935733181357395e-02
7.740000000000000213e+00 2.999935733181254699e-02
7.750000000000000000e+00 2.999935733181340741e-02
7.759999999999999787e+00 2.999935733181326170e-02
7.770000000000000462e+00 2.999935733181473968e-02
7.780000000000000249e+00 2.999935733181502764e-02
7.790000000000000036e+00 2.999935733181340047e-02
7.799999999999999822e+00 2.999935733181332415e-02
7.810000000000000497e+00 2.999935733181291475e-02
7.820000000000000284e+00 2.999935733181219311e-02
7.830000000000000071e+00 2.999935733181384456e-02
7.839999999999999858e+00 2.999935733181302577e-02
7.850000000000000533e+00 2.999935733181326863e-02
7.860000000000000320e+00 2.999935733181365721e-02
7.870000000000000107e+00 2.999935733181311251e-02
7.879999999999999893e+00 2.999935733181371272e-02
7.890000000000000568e+00 2.999935733181365721e-02
7.900000000000000355e+00 2.999935733181351843e-02
7.910000000000000142e+00 2.999935733181413600e-02
7.919999999999999929e+00 2.999935733181336578e-02
7.930000000000000604e+00 2.999935733181290087e-02
7.940000000000000391e+00 2.999935733181348027e-02
7.950000000000000178e+00 2.999935733181534683e-02
7.959999999999999964e+00 2.999935733181408742e-02
7.969999999999999751e+00 2.999935733181444825e-02
7.980000000000000426e+00 2.999935733181251923e-02
7.990000000000000213e+00 2.999935733181475356e-02
8.000000000000000000e+00 2.999935733181439967e-02
8.009999999999999787e+00 2.999935733181378905e-02
8.019999999999999574e+00 2.999935733181413600e-02
8.029999999999999361e+00 2.999935733181359476e-02
8.040000000000000924e+00 2.999935733181467029e-02
8.050000000000000711e+00 2.999935733181386538e-02
8.060000000000000497e+00 2.999935733181419151e-02
8.070000000000000284e+00 2.999935733181442743e-02
8.080000000000000071e+00 2.999935733181304659e-02
8.089999999999999858e+00 2.999935733181237005e-02
8.099999999999999645e+00 2.999935733181375436e-02
8.109999999999999432e+00 2.999935733181338660e-02
8.120000000000000995e+00 2.999935733181615521e-02
8.130000000000000782e+00 2.999935733181430947e-02
8.140000000000000568e+00 2.999935733181357048e-02
8.150000000000000355e+00 2.999935733181437886e-02
8.160000000000000142e+00 2.999935733181283148e-02
8.169999999999999929e+00 2.999935733181395558e-02
8.179999999999999716e+00 2.999935733181539541e-02
8.189999999999999503e+00 2.999935733181346639e-02
8.199999999999999289e+00 2.999935733181557235e-02
8.210000000000000853e+00 2.999935733181417069e-02
8.220000000000000639e+00 2.999935733181384109e-02
8.230000000000000426e+00 2.999935733181579786e-02
8.240000000000000213e+00 2.999935733181297026e-02
8.250000000000000000e+00 2.999935733181507275e-02
8.259999999999999787e+00 2.999935733181449682e-02
8.269999999999999574e+00 2.999935733181446906e-02
8.279999999999999361e+00 2.999935733181521846e-02
8.290000000000000924e+00 2.999935733181306047e-02
8.300000000000000711e+00 2.999935733181391395e-02
8.310000000000000497e+00 2.999935733181449682e-02
8.320000000000000284e+00 2.999935733181513520e-02
8.330000000000000071e+00 2.999935733181453151e-02
8.339999999999999858e+00 2.999935733181521846e-02
8.349999999999999645e+00 2.999935733181532949e-02
8.359999999999999432e+00 2.999935733181467029e-02
8.370000000000000995e+00 2.999935733181344558e-02
8.380000000000000782e+00 2.999935733181277250e-02
8.390000000000000568e+00 2.999935733181333802e-02
8.400000000000000355e+00 2.999935733181488887e-02
8.410000000000000142e+00 2.999935733181454192e-02
8.419999999999999929e+00 2.999935733181383068e-02
8.429999999999999716e+00 2.999935733181627318e-02
8.439999999999999503e+00 2.999935733181394171e-02
8.449999999999999289e+00 2.999935733181428865e-02
8.460000000000000853e+00 2.999935733181306741e-02
8.470000000000000639e+00 2.999935733181457315e-02
8.480000000000000426e+00 2.999935733181496172e-02
8.490000000000000213e+00 2.999935733181454539e-02
8.500000000000000000e+00 2.999935733181396252e-02
8.509999999999999787e+00 2.999935733181411171e-02
8.519999999999999574e+00 2.999935733181408742e-02
8.529999999999999361e+00 2.999935733181351150e-02
8.540000000000000924e+00 2.999935733181462172e-02
8.550000000000000711e+00 2.999935733181482295e-02
8.560000000000000497e+00 2.999935733181448294e-02
8.570000000000000284e+00 2.999935733181337619e-02
8.580000000000000071e+00 2.999935733181370232e-02
8.589999999999999858e+00 2.999935733181689074e-02
8.599999999999999645e+00 2.999935733181571806e-02
8.609999999999999432e+00 2.999935733181307435e-02
8.620000000000000995e+00 2.999935733181451764e-02
8.630000000000000782e+00 2.999935733181709197e-02
8.640000000000000568e+00 2.999935733181591235e-02
8.650000000000000355e+00 2.999935733181547173e-02
8.660000000000000142e+00 2.999935733181544745e-02
8.669999999999999929e+00 2.999935733181395212e-02
8.679999999999999716e+00 2.999935733181562092e-02
8.689999999999999503e+00 2.999935733181380293e-02
8.700000000000001066e+00 2.999935733181374742e-02
8.710000000000000853e+00 2.999935733181541969e-02
8.720000000000000639e+00 2.999935733181570766e-02
8.730000000000000426e+00 2.999935733181468070e-02
8.740000000000000213e+00 2.999935733181439620e-02
8.750000000000000000e+00 2.999935733181477437e-02
8.759999999999999787e+00 2.999935733181379599e-02
8.769999999999999574e+00 2.999935733181293210e-02
8.779999999999999361e+00 2.999935733181419498e-02
8.790000000000000924e+00 2.999935733181508662e-02
8.800000000000000711e+00 2.999935733181468070e-02
8.810000000000000497e+00 2.999935733181351843e-02
8.820000000000000284e+00 2.999935733181440661e-02
8.830000000000000071e+00 2.999935733181362946e-02
8.839999999999999858e+00 2.999935733181583603e-02
8.849999999999999645e+00 2.999935733181518377e-02
8.859999999999999432e+00 2.999935733181340047e-02
8.870000000000000995e+00 2.999935733181359476e-02
8.880000000000000782e+00 2.999935733181536418e-02
8.890000000000000568e+00 2.999935733181481601e-02
8.900000000000000355e+00 2.999935733181518377e-02
8.910000000000000142e+00 2.999935733181652645e-02
8.919999999999999929e+00 2.999935733181432335e-02
8.929999999999999716e+00 2.999935733181543357e-02
8.939999999999999503e+00 2.999935733181634950e-02
8.950000000000001066e+00 2.999935733181458009e-02
8.960000000000000853e+00 2.999935733181528438e-02
8.970000000000000639e+00 2.999935733181602338e-02
8.980000000000000426e+00 2.999935733181518377e-02
8.990000000000000213e+00 2.999935733181458702e-02
9.000000000000000000e+00 2.999935733181495479e-02
9.009999999999999787e+00 2.999935733181474662e-02
9.019999999999999574e+00 2.999935733181380293e-02
9.029999999999999361e+00 2.999935733181589154e-02
9.040000000000000924e+00 2.999935733181478825e-02
9.050000000000000711e+00 2.999935733181395558e-02
9.060000000000000497e+00 2.999935733181317496e-02
9.070000000000000284e+00 2.999935733181277597e-02
9.080000000000000071e+00 2.999935733181286618e-02
9.089999999999999858e+00 2.999935733181646746e-02
9.099999999999999645e+00 2.999935733181294945e-02
9.109999999999999432e+00 2.999935733181717870e-02
9.120000000000000995e+00 2.999935733181674155e-02
9.130000000000000782e+00 2.999935733181437539e-02
9.140000000000000568e+00 2.999935733181785524e-02
9.150000000000000355e+00 2.999935733181444131e-02
9.160000000000000142e+00 2.999935733181227290e-02
9.169999999999999929e+00 2.999935733181112105e-02
9.179999999999999716e+00 2.999935733181465641e-02
9.189999999999999503e+00 2.999935733181644665e-02
9.200000000000001066e+00 2.999935733181643277e-02
9.210000000000000853e+00 2.999935733181423314e-02
9.220000000000000639e+00 2.999935733181471886e-02
9.230000000000000426e+00 2.999935733181648481e-02
9.240000000000000213e+00 2.999935733181781361e-02
9.250000000000000000e+00 2.999935733181422967e-02
9.259999999999999787e+00 2.999935733181557929e-02
9.269999999999999574e+00 2.999935733181667910e-02
9.279999999999999361e+00 2.999935733181459396e-02
9.290000000000000924e+00 2.999935733181354619e-02
9.300000000000000711e+00 2.999935733181382722e-02
9.310000000000000497e+00 2.999935733181579786e-02
9.320000000000000284e+00 2.999935733181717176e-02
9.330000000000000071e+00 2.999935733181679706e-02
9.339999999999999858e+00 2.999935733181667563e-02
9.349999999999999645e+00 2.999935733181519765e-02
9.359999999999999432e+00 2.999935733181574235e-02
9.370000000000000995e+00 2.999935733181584990e-02
9.380000000000000782e+00 2.999935733181696013e-02
9.390000000000000568e+00 2.999935733181628705e-02
9.400000000000000355e+00 2.999935733181720993e-02
9.410000000000000142e+00 2.999935733181529479e-02
9.419999999999999929e+00 2.999935733181298067e-02
9.429999999999999716e+00 2.999935733181405620e-02
9.439999999999999503e+00 2.999935733181735564e-02
9.450000000000001066e+00 2.999935733181642930e-02
9.460000000000000853e+00 2.999935733181633216e-02
9.470000000000000639e+00 2.999935733181730707e-02
9.480000000000000426e+00 2.999935733181481601e-02
9.490000000000000213e+00 2.999935733181344905e-02
9.500000000000000000e+00 2.999935733181479172e-02
9.509999999999999787e+00 2.999935733181683870e-02
9.519999999999999574e+00 2.999935733181508316e-02
9.529999999999999361e+00 2.999935733181753605e-02
9.540000000000000924e+00 2.999935733181699482e-02
9.550000000000000711e+00 2.999935733181933670e-02
9.560000000000000497e+00 2.999935733181538500e-02
9.570000000000000284e+00 2.999935733181592276e-02
9.580000000000000071e+00 2.999935733181153738e-02
9.589999999999999858e+00 2.999935733181876424e-02
9.599999999999999645e+00 2.999935733181577011e-02
9.609999999999999432e+00 2.999935733181590541e-02
9.620000000000000995e+00 2.999935733181682135e-02
9.630000000000000782e+00 2.999935733181504499e-02
9.640000000000000568e+00 2.999935733181582215e-02
9.650000000000000355e+00 2.999935733181864281e-02
9.660000000000000142e+00 2.999935733181487152e-02
9.669999999999999929e+00 2.999935733181666175e-02
9.679999999999999716e+00 2.999935733181751524e-02
9.689999999999999503e+00 2.999935733181838607e-02
9.700000000000001066e+00 2.999935733181603378e-02
9.710000000000000853e+00 2.999935733181615521e-02
9.720000000000000639e+00 2.999935733181541275e-02
9.730000000000000426e+00 2.999935733181755687e-02
9.740000000000000213e+00 2.999935733181616562e-02
9.750000000000000000e+00 2.999935733181564174e-02
9.759999999999999787e+00 2.999935733181518724e-02
9.769999999999999574e+00 2.999935733181666869e-02
9.779999999999999361e+00 2.999935733181250883e-02
9.790000000000000924e+00 2.999935733181642583e-02
9.800000000000000711e+00 2.999935733181031960e-02
9.810000000000000497e+00 2.999935733181456968e-02
9.820000000000000284e+00 2.999935733181165187e-02
9.830000000000000071e+00 2.999935733181710584e-02
9.839999999999999858e+00 2.999935733181763320e-02
9.849999999999999645e+00 2.999935733181709197e-02
9.859999999999999432e+00 2.999935733181410824e-02
9.870000000000000995e+00 2.999935733181427130e-02
9.880000000000000782e+00 2.999935733181708850e-02
9.890000000000000568e+00 2.999935733181488540e-02
9.900000000000000355e+00 2.999935733181754646e-02
9.910000000000000142e+00 2.999935733181412212e-02
9.919999999999999929e+00 2.999935733181205433e-02
9.929999999999999716e+00 2.999935733181503458e-02
9.939999999999999503e+00 2.999935733181191902e-02
9.950000000000001066e+00 2.999935733181272046e-02
9.960000000000000853e+00 2.999935733181601297e-02
9.970000000000000639e+00 2.999935733181579439e-02
