0.000000000000000000e+00 4.170952088902752930e-01
1.000000000000000021e-02 4.170952102730511868e-01
2.000000000000000042e-02 4.170952110417706638e-01
2.999999999999999889e-02 4.170952119794003043e-01
4.000000000000000083e-02 4.170952124202607081e-01
5.000000000000000278e-02 4.170952127954856703e-01
5.999999999999999778e-02 4.170952128384103341e-01
7.000000000000000666e-02 4.170952125987403836e-01
8.000000000000000167e-02 4.170952122247824079e-01
8.999999999999999667e-02 4.170952113591595012e-01
1.000000000000000056e-01 4.170952105848464431e-01
1.100000000000000006e-01 4.170952091305074605e-01
1.199999999999999956e-01 4.170952080249376026e-01
1.300000000000000044e-01 4.170952060261609029e-01
1.400000000000000133e-01 4.170952046578379480e-01
1.499999999999999944e-01 4.170952024416894610e-01
1.600000000000000033e-01 4.170952009781719871e-01
1.700000000000000122e-01 4.170951984688458514e-01
1.799999999999999933e-01 4.170951969901040002e-01
1.900000000000000022e-01 4.170951944324537419e-01
2.000000000000000111e-01 4.170951931610273333e-01
2.099999999999999922e-01 4.170951906617985649e-01
2.200000000000000011e-01 4.170951896828144490e-01
2.300000000000000100e-01 4.170951874944969218e-01
2.399999999999999911e-01 4.170951869889920616e-01
2.500000000000000000e-01 4.170951852615711886e-01
2.600000000000000089e-01 4.170951852811619065e-01
2.700000000000000178e-01 4.170951841061982246e-01
2.800000000000000266e-01 4.170951847194038220e-01
2.899999999999999800e-01 4.170951841108108127e-01
2.999999999999999889e-01 4.170951853552277711e-01
3.099999999999999978e-01 4.170951853442303459e-01
3.200000000000000067e-01 4.170951870789214033e-01
3.300000000000000155e-01 4.170951876345782572e-01
3.400000000000000244e-01 4.170951900058588180e-01
3.500000000000000333e-01 4.170951910809001517e-01
3.599999999999999867e-01 4.170951937357030848e-01
3.699999999999999956e-01 4.170951951514987877e-01
3.800000000000000044e-01 4.170951978302024910e-01
3.900000000000000133e-01 4.170951994725744516e-01
4.000000000000000222e-01 4.170952021995988357e-01
4.100000000000000311e-01 4.170952038720583399e-01
4.199999999999999845e-01 4.170952064387442038e-01
4.299999999999999933e-01 4.170952080645249360e-01
4.400000000000000022e-01 4.170952101425510761e-01
4.500000000000000111e-01 4.170952113934788263e-01
4.600000000000000200e-01 4.170952128423573435e-01
4.700000000000000289e-01 4.170952136333346827e-01
4.799999999999999822e-01 4.170952143266180023e-01
4.899999999999999911e-01 4.170952145301450309e-01
5.000000000000000000e-01 4.170952143769453557e-01
5.100000000000000089e-01 4.170952139569608086e-01
5.200000000000000178e-01 4.170952129032459710e-01
5.300000000000000266e-01 4.170952117555745131e-01
5.400000000000000355e-01 4.170952097348439858e-01
5.500000000000000444e-01 4.170952079504285925e-01
5.600000000000000533e-01 4.170952051027314589e-01
5.700000000000000622e-01 4.170952027773659476e-01
5.799999999999999600e-01 4.170951992246522688e-01
5.899999999999999689e-01 4.170951964933757306e-01
5.999999999999999778e-01 4.170951924360182250e-01
6.099999999999999867e-01 4.170951894545255056e-01
6.199999999999999956e-01 4.170951849320218008e-01
6.300000000000000044e-01 4.170951819261904947e-01
6.400000000000000133e-01 4.170951771926344476e-01
6.500000000000000222e-01 4.170951743175055348e-01
6.600000000000000311e-01 4.170951697631796740e-01
6.700000000000000400e-01 4.170951673305671181e-01
6.800000000000000488e-01 4.170951631740727472e-01
6.900000000000000577e-01 4.170951613373281575e-01
7.000000000000000666e-01 4.170951577893384776e-01
7.099999999999999645e-01 4.170951567618636502e-01
7.199999999999999734e-01 4.170951540407185076e-01
7.299999999999999822e-01 4.170951538852175067e-01
7.399999999999999911e-01 4.170951520756825959e-01
7.500000000000000000e-01 4.170951529015677894e-01
7.600000000000000089e-01 4.170951520296302117e-01
7.700000000000000178e-01 4.170951538117594892e-01
7.800000000000000266e-01 4.170951539200696279e-01
7.900000000000000355e-01 4.170951565119260240e-01
8.000000000000000444e-01 4.170951575208535211e-01
8.100000000000000533e-01 4.170951609709288577e-01
8.200000000000000622e-01 4.170951628100453279e-01
8.300000000000000711e-01 4.170951668801836654e-01
8.399999999999999689e-01 4.170951693799047622e-01
8.499999999999999778e-01 4.170951737694347794e-01
8.599999999999999867e-01 4.170951765744693729e-01
8.699999999999999956e-01 4.170951811035068513e-01
8.800000000000000044e-01 4.170951841202873434e-01
8.900000000000000133e-01 4.170951884168085377e-01
9.000000000000000222e-01 4.170951912477633416e-01
9.100000000000000311e-01 4.170951952133964968e-01
9.200000000000000400e-01 4.170951978529003346e-01
9.300000000000000488e-01 4.170952011183133856e-01
9.400000000000000577e-01 4.170952032108442009e-01
9.500000000000000666e-01 4.170952058006030527e-01
9.599999999999999645e-01 4.170952072907330166e-01
9.699999999999999734e-01 4.170952087133196762e-01
9.799999999999999822e-01 4.170952093577986464e-01
9.899999999999999911e-01 4.170952095511342717e-01
1.000000000000000000e+00 4.170952092468646066e-01
1.010000000000000009e+00 4.170952082956871365e-01
1.020000000000000018e+00 4.170952071015412432e-01
1.030000000000000027e+00 4.170952049749314661e-01
1.040000000000000036e+00 4.170952029377754666e-01
1.050000000000000044e+00 4.170951996854453392e-01
1.060000000000000053e+00 4.170951969797264125e-01
1.070000000000000062e+00 4.170951929711050887e-01
1.080000000000000071e+00 4.170951897626336002e-01
1.090000000000000080e+00 4.170951850848435005e-01
1.100000000000000089e+00 4.170951815252265105e-01
1.110000000000000098e+00 4.170951766021240847e-01
1.120000000000000107e+00 4.170951730749543063e-01
1.130000000000000115e+00 4.170951679125372569e-01
1.140000000000000124e+00 4.170951645319501688e-01
1.150000000000000133e+00 4.170951595218241881e-01
1.159999999999999920e+00 4.170951566938158606e-01
1.169999999999999929e+00 4.170951521115078275e-01
1.179999999999999938e+00 4.170951499877558200e-01
1.189999999999999947e+00 4.170951461004781535e-01
1.199999999999999956e+00 4.170951448492547509e-01
1.209999999999999964e+00 4.170951418293546986e-01
1.219999999999999973e+00 4.170951416460683125e-01
1.229999999999999982e+00 4.170951396833804115e-01
1.239999999999999991e+00 4.170951405963392866e-01
1.250000000000000000e+00 4.170951397059379229e-01
1.260000000000000009e+00 4.170951417653283588e-01
1.270000000000000018e+00 4.170951419705637431e-01
1.280000000000000027e+00 4.170951450119197990e-01
1.290000000000000036e+00 4.170951462609056581e-01
1.300000000000000044e+00 4.170951502055076365e-01
1.310000000000000053e+00 4.170951523216941959e-01
1.320000000000000062e+00 4.170951569913145529e-01
1.330000000000000071e+00 4.170951598468180532e-01
1.340000000000000080e+00 4.170951650392931143e-01
1.350000000000000089e+00 4.170951684212683697e-01
1.360000000000000098e+00 4.170951738867466618e-01
1.370000000000000107e+00 4.170951777097325341e-01
1.380000000000000115e+00 4.170951832185128549e-01
1.390000000000000124e+00 4.170951871215570206e-01
1.400000000000000133e+00 4.170951922365487841e-01
1.409999999999999920e+00 4.170951957964933454e-01
1.419999999999999929e+00 4.170952006126068534e-01
1.429999999999999938e+00 4.170952038081751634e-01
1.439999999999999947e+00 4.170952078620042136e-01
1.449999999999999956e+00 4.170952106090010658e-01
1.459999999999999964e+00 4.170952136484823436e-01
1.469999999999999973e+00 4.170952155805965345e-01
1.479999999999999982e+00 4.170952177561415009e-01
1.489999999999999991e+00 4.170952190157155570e-01
1.500000000000000000e+00 4.170952202291067779e-01
1.510000000000000009e+00 4.170952207813258261e-01
1.520000000000000018e+00 4.170952210633229740e-01
1.530000000000000027e+00 4.170952209907787256e-01
1.540000000000000036e+00 4.170952204123169471e-01
1.550000000000000044e+00 4.170952197677337270e-01
1.560000000000000053e+00 4.170952184673825114e-01
1.570000000000000062e+00 4.170952173542770147e-01
1.580000000000000071e+00 4.170952156307392578e-01
1.590000000000000080e+00 4.170952143584538141e-01
1.600000000000000089e+00 4.170952121436867777e-01
1.610000000000000098e+00 4.170952107542588716e-01
1.620000000000000107e+00 4.170952085260802300e-01
1.630000000000000115e+00 4.170952072859867021e-01
1.640000000000000124e+00 4.170952052114860198e-01
1.650000000000000133e+00 4.170952042331585452e-01
1.660000000000000142e+00 4.170952023907702477e-01
1.669999999999999929e+00 4.170952018779350290e-01
1.679999999999999938e+00 4.170952004920273071e-01
1.689999999999999947e+00 4.170952004931212653e-01
1.699999999999999956e+00 4.170951996042316923e-01
1.709999999999999964e+00 4.170952001426544431e-01
1.719999999999999973e+00 4.170951997853273308e-01
1.729999999999999982e+00 4.170952008427873947e-01
1.739999999999999991e+00 4.170952010236204099e-01
1.750000000000000000e+00 4.170952025273258479e-01
1.760000000000000009e+00 4.170952031721720243e-01
1.770000000000000018e+00 4.170952049800777384e-01
1.780000000000000027e+00 4.170952059252154842e-01
1.790000000000000036e+00 4.170952077985456974e-01
1.800000000000000044e+00 4.170952088898655652e-01
1.810000000000000053e+00 4.170952106797459202e-01
1.820000000000000062e+00 4.170952117119744451e-01
1.830000000000000071e+00 4.170952131006077646e-01
1.840000000000000080e+00 4.170952138811580001e-01
1.850000000000000089e+00 4.170952148420213890e-01
1.860000000000000098e+00 4.170952152154706050e-01
1.870000000000000107e+00 4.170952153298240206e-01
1.880000000000000115e+00 4.170952151058319179e-01
1.890000000000000124e+00 4.170952142162898113e-01
1.900000000000000133e+00 4.170952131529503393e-01
1.910000000000000142e+00 4.170952112404729406e-01
1.919999999999999929e+00 4.170952093012326722e-01
1.929999999999999938e+00 4.170952061443126135e-01
1.939999999999999947e+00 4.170952033393400815e-01
1.949999999999999956e+00 4.170951989735472432e-01
1.959999999999999964e+00 4.170951951018744830e-01
1.969999999999999973e+00 4.170951896912282741e-01
1.979999999999999982e+00 4.170951852017174000e-01
1.989999999999999991e+00 4.170951784789757033e-01
2.000000000000000000e+00 4.170951733321777155e-01
2.010000000000000231e+00 4.170951658311897736e-01
2.020000000000000018e+00 4.170951600519526292e-01
2.030000000000000249e+00 4.170951520179771999e-01
2.040000000000000036e+00 4.170951461836268082e-01
2.049999999999999822e+00 4.170951377756023093e-01
2.060000000000000053e+00 4.170951318980821165e-01
2.069999999999999840e+00 4.170951235128196322e-01
2.080000000000000071e+00 4.170951177330109449e-01
2.089999999999999858e+00 4.170951097327810220e-01
2.100000000000000089e+00 4.170951049370924535e-01
2.109999999999999876e+00 4.170950978142062837e-01
2.120000000000000107e+00 4.170950938647182138e-01
2.129999999999999893e+00 4.170950874072582026e-01
2.140000000000000124e+00 4.170950845304978172e-01
2.149999999999999911e+00 4.170950793863762995e-01
2.160000000000000142e+00 4.170950779762664928e-01
2.169999999999999929e+00 4.170950740289872116e-01
2.180000000000000160e+00 4.170950740234449228e-01
2.189999999999999947e+00 4.170950713732826665e-01
2.200000000000000178e+00 4.170950728675168473e-01
2.209999999999999964e+00 4.170950717227059901e-01
2.220000000000000195e+00 4.170950747351064303e-01
2.229999999999999982e+00 4.170950750934600548e-01
2.240000000000000213e+00 4.170950793945844004e-01
2.250000000000000000e+00 4.170950811183791740e-01
2.260000000000000231e+00 4.170950866259187650e-01
2.270000000000000018e+00 4.170950896612901082e-01
2.280000000000000249e+00 4.170950964390153226e-01
2.290000000000000036e+00 4.170951003949713298e-01
2.300000000000000266e+00 4.170951076701922000e-01
2.310000000000000053e+00 4.170951125196051268e-01
2.319999999999999840e+00 4.170951206364099106e-01
2.330000000000000071e+00 4.170951261820119993e-01
2.339999999999999858e+00 4.170951343161066194e-01
2.350000000000000089e+00 4.170951400922691676e-01
2.359999999999999876e+00 4.170951487915445233e-01
2.370000000000000107e+00 4.170951546913303498e-01
2.379999999999999893e+00 4.170951629071419364e-01
2.390000000000000124e+00 4.170951686458621577e-01
2.399999999999999911e+00 4.170951764491218072e-01
2.410000000000000142e+00 4.170951819619404533e-01
2.419999999999999929e+00 4.170951893534917132e-01
2.430000000000000160e+00 4.170951942168690252e-01
2.439999999999999947e+00 4.170952009128958138e-01
2.450000000000000178e+00 4.170952053581141183e-01
2.459999999999999964e+00 4.170952112782599919e-01
2.470000000000000195e+00 4.170952151303898847e-01
2.479999999999999982e+00 4.170952202671270315e-01
2.490000000000000213e+00 4.170952234132261904e-01
2.500000000000000000e+00 4.170952275721782065e-01
2.510000000000000231e+00 4.170952300381738920e-01
2.520000000000000018e+00 4.170952335533281152e-01
2.530000000000000249e+00 4.170952354501191173e-01
2.540000000000000036e+00 4.170952382592539864e-01
2.550000000000000266e+00 4.170952396488500358e-01
2.560000000000000053e+00 4.170952419128073907e-01
2.569999999999999840e+00 4.170952427906495785e-01
2.580000000000000071e+00 4.170952444735818165e-01
2.589999999999999858e+00 4.170952448948472835e-01
2.600000000000000089e+00 4.170952461429163205e-01
2.609999999999999876e+00 4.170952461723620996e-01
2.620000000000000107e+00 4.170952468890333220e-01
2.629999999999999893e+00 4.170952464267932980e-01
2.640000000000000124e+00 4.170952467724399759e-01
2.649999999999999911e+00 4.170952458892306369e-01
2.660000000000000142e+00 4.170952457801574420e-01
2.669999999999999929e+00 4.170952443320690151e-01
2.680000000000000160e+00 4.170952436954841192e-01
2.689999999999999947e+00 4.170952416196723189e-01
2.700000000000000178e+00 4.170952404018233861e-01
2.709999999999999964e+00 4.170952375670479717e-01
2.720000000000000195e+00 4.170952356435472241e-01
2.729999999999999982e+00 4.170952319062871672e-01
2.740000000000000213e+00 4.170952291701130465e-01
2.750000000000000000e+00 4.170952244255640706e-01
2.760000000000000231e+00 4.170952208255643279e-01
2.770000000000000018e+00 4.170952149435362966e-01
2.780000000000000249e+00 4.170952100058301637e-01
2.790000000000000036e+00 4.170952024045184170e-01
2.800000000000000266e+00 4.170951967157508489e-01
2.810000000000000053e+00 4.170951880203733197e-01
2.819999999999999840e+00 4.170951810435575835e-01
2.830000000000000071e+00 4.170951709892744552e-01
2.839999999999999858e+00 4.170951633303888184e-01
2.850000000000000089e+00 4.170951520009605895e-01
2.859999999999999876e+00 4.170951430000965354e-01
2.870000000000000107e+00 4.170951306040036055e-01
2.879999999999999893e+00 4.170951208662606047e-01
2.890000000000000124e+00 4.170951077388315720e-01
2.899999999999999911e+00 4.170950971105741312e-01
2.910000000000000142e+00 4.170950828433419022e-01
2.919999999999999929e+00 4.170950715603971570e-01
2.930000000000000160e+00 4.170950568132100744e-01
2.939999999999999947e+00 4.170950458585453990e-01
2.950000000000000178e+00 4.170950306928363216e-01
2.959999999999999964e+00 4.170950204098476943e-01
2.970000000000000195e+00 4.170950059210468686e-01
2.979999999999999982e+00 4.170949960890881769e-01
2.990000000000000213e+00 4.170949819220620691e-01
3.000000000000000000e+00 4.170949730545637224e-01
3.010000000000000231e+00 4.170949603257791405e-01
3.020000000000000018e+00 4.170949530349132295e-01
3.030000000000000249e+00 4.170949419246173240e-01
3.040000000000000036e+00 4.170949364047474295e-01
3.050000000000000266e+00 4.170949268527409659e-01
3.060000000000000053e+00 4.170949239163039834e-01
3.070000000000000284e+00 4.170949173188146508e-01
3.080000000000000071e+00 4.170949168043366351e-01
3.089999999999999858e+00 4.170949122590724145e-01
3.100000000000000089e+00 4.170949141676600913e-01
3.109999999999999876e+00 4.170949123608044262e-01
3.120000000000000107e+00 4.170949169101655918e-01
3.129999999999999893e+00 4.170949175786045626e-01
3.140000000000000124e+00 4.170949248209648852e-01
3.149999999999999911e+00 4.170949281952001098e-01
3.160000000000000142e+00 4.170949379142273594e-01
3.169999999999999929e+00 4.170949437928213599e-01
3.180000000000000160e+00 4.170949560132219958e-01
3.189999999999999947e+00 4.170949643430977849e-01
3.200000000000000178e+00 4.170949780896653913e-01
3.209999999999999964e+00 4.170949880834605716e-01
3.220000000000000195e+00 4.170950040621087540e-01
3.229999999999999982e+00 4.170950162264459582e-01
3.240000000000000213e+00 4.170950333669207755e-01
3.250000000000000000e+00 4.170950462678639781e-01
3.260000000000000231e+00 4.170950643359577215e-01
3.270000000000000018e+00 4.170950782215682717e-01
3.280000000000000249e+00 4.170950970892568499e-01
3.290000000000000036e+00 4.170951114660029768e-01
3.300000000000000266e+00 4.170951299495574416e-01
3.310000000000000053e+00 4.170951441192990994e-01
3.320000000000000284e+00 4.170951624773516220e-01
3.330000000000000071e+00 4.170951763608501950e-01
3.339999999999999858e+00 4.170951940101663702e-01
3.350000000000000089e+00 4.170952077516756340e-01
3.359999999999999876e+00 4.170952246089194015e-01
3.370000000000000107e+00 4.170952371715267448e-01
3.379999999999999893e+00 4.170952527482850725e-01
3.390000000000000124e+00 4.170952644314658286e-01
3.399999999999999911e+00 4.170952786546403557e-01
3.410000000000000142e+00 4.170952888799151492e-01
3.419999999999999929e+00 4.170953014818196136e-01
3.430000000000000160e+00 4.170953106720304837e-01
3.439999999999999947e+00 4.170953217670703705e-01
3.450000000000000178e+00 4.170953296238050223e-01
3.459999999999999964e+00 4.170953394582535556e-01
3.470000000000000195e+00 4.170953461567626919e-01
3.479999999999999982e+00 4.170953545320029709e-01
3.490000000000000213e+00 4.170953598880935420e-01
3.500000000000000000e+00 4.170953669338390291e-01
3.510000000000000231e+00 4.170953711343295400e-01
3.520000000000000018e+00 4.170953767283619995e-01
3.530000000000000249e+00 4.170953797422818909e-01
3.540000000000000036e+00 4.170953842128626299e-01
3.550000000000000266e+00 4.170953861544182129e-01
3.560000000000000053e+00 4.170953896616822476e-01
3.570000000000000284e+00 4.170953905467836842e-01
3.580000000000000071e+00 4.170953929419535799e-01
3.589999999999999858e+00 4.170953927819641693e-01
3.600000000000000089e+00 4.170953941079885707e-01
3.609999999999999876e+00 4.170953929297290808e-01
3.620000000000000107e+00 4.170953932351730842e-01
3.629999999999999893e+00 4.170953910277888643e-01
3.640000000000000124e+00 4.170953903595080448e-01
3.649999999999999911e+00 4.170953868634010298e-01
3.660000000000000142e+00 4.170953849251762824e-01
3.669999999999999929e+00 4.170953801032795671e-01
3.680000000000000160e+00 4.170953770448507236e-01
3.689999999999999947e+00 4.170953708123925074e-01
3.700000000000000178e+00 4.170953664609062250e-01
3.709999999999999964e+00 4.170953589025514496e-01
3.720000000000000195e+00 4.170953535149830027e-01
3.729999999999999982e+00 4.170953446187982694e-01
3.740000000000000213e+00 4.170953374404144931e-01
3.750000000000000000e+00 4.170953269055014401e-01
3.760000000000000231e+00 4.170953187190055700e-01
3.770000000000000018e+00 4.170953061424168551e-01
3.780000000000000249e+00 4.170952962515434015e-01
3.790000000000000036e+00 4.170952828592812134e-01
3.800000000000000266e+00 4.170952723735147361e-01
3.810000000000000053e+00 4.170952572573004002e-01
3.820000000000000284e+00 4.170952456506977213e-01
3.830000000000000071e+00 4.170952294621334544e-01
3.839999999999999858e+00 4.170952167137918498e-01
3.850000000000000089e+00 4.170951996967556252e-01
3.859999999999999876e+00 4.170951869524993083e-01
3.870000000000000107e+00 4.170951698757457415e-01
3.879999999999999893e+00 4.170951569343183674e-01
3.890000000000000124e+00 4.170951392945069225e-01
3.899999999999999911e+00 4.170951273641582691e-01
3.910000000000000142e+00 4.170951100071367823e-01
3.919999999999999929e+00 4.170950987559403078e-01
3.930000000000000160e+00 4.170950835516285538e-01
3.939999999999999947e+00 4.170950735697832035e-01
3.950000000000000178e+00 4.170950591108370520e-01
3.959999999999999964e+00 4.170950501333948734e-01
3.970000000000000195e+00 4.170950371738189055e-01
3.979999999999999982e+00 4.170950306539130126e-01
3.990000000000000213e+00 4.170950201255854695e-01
4.000000000000000000e+00 4.170950161836948222e-01
4.009999999999999787e+00 4.170950080555475559e-01
4.020000000000000462e+00 4.170950071798508185e-01
4.030000000000000249e+00 4.170950018592938235e-01
4.040000000000000036e+00 4.170950038334095833e-01
4.049999999999999822e+00 4.170950014268008932e-01
4.060000000000000497e+00 4.170950063917900907e-01
4.070000000000000284e+00 4.170950068439743252e-01
4.080000000000000071e+00 4.170950150452312766e-01
4.089999999999999858e+00 4.170950187246245111e-01
4.099999999999999645e+00 4.170950298558123159e-01
4.110000000000000320e+00 4.170950366097876394e-01
4.120000000000000107e+00 4.170950506912790012e-01
4.129999999999999893e+00 4.170950601683228731e-01
4.139999999999999680e+00 4.170950766340844607e-01
4.150000000000000355e+00 4.170950885189609880e-01
4.160000000000000142e+00 4.170951072164831852e-01
4.169999999999999929e+00 4.170951208970265500e-01
4.179999999999999716e+00 4.170951417345299950e-01
4.190000000000000391e+00 4.170951573995336226e-01
4.200000000000000178e+00 4.170951796412131207e-01
4.209999999999999964e+00 4.170951964498351705e-01
4.219999999999999751e+00 4.170952195678158114e-01
4.230000000000000426e+00 4.170952378985633424e-01
4.240000000000000213e+00 4.170952601652609393e-01
4.250000000000000000e+00 4.170952784978056438e-01
4.259999999999999787e+00 4.170953010662651894e-01
4.270000000000000462e+00 4.170953196556163034e-01
4.280000000000000249e+00 4.170953428087527670e-01
4.290000000000000036e+00 4.170953604019044803e-01
4.299999999999999822e+00 4.170953816896553756e-01
4.310000000000000497e+00 4.170953988809890656e-01
4.320000000000000284e+00 4.170954196504246259e-01
4.330000000000000071e+00 4.170954353947839977e-01
4.339999999999999858e+00 4.170954552045978980e-01
4.350000000000000533e+00 4.170954698609487532e-01
4.360000000000000320e+00 4.170954876458781713e-01
4.370000000000000107e+00 4.170955005998968623e-01
4.379999999999999893e+00 4.170955166761339816e-01
4.389999999999999680e+00 4.170955281501358969e-01
4.400000000000000355e+00 4.170955426268936894e-01
4.410000000000000142e+00 4.170955526717326500e-01
4.419999999999999929e+00 4.170955653854887535e-01
4.429999999999999716e+00 4.170955736744220155e-01
4.440000000000000391e+00 4.170955847476034428e-01
4.450000000000000178e+00 4.170955913028533413e-01
4.459999999999999964e+00 4.170956003827277492e-01
4.469999999999999751e+00 4.170956053207182657e-01
4.480000000000000426e+00 4.170956126272608033e-01
4.490000000000000213e+00 4.170956158798883040e-01
4.500000000000000000e+00 4.170956217415399681e-01
4.509999999999999787e+00 4.170956235581184668e-01
4.520000000000000462e+00 4.170956276032785626e-01
4.530000000000000249e+00 4.170956275247087452e-01
4.540000000000000036e+00 4.170956299088114938e-01
4.549999999999999822e+00 4.170956280440730746e-01
4.560000000000000497e+00 4.170956288723073890e-01
4.570000000000000284e+00 4.170956255174424476e-01
4.580000000000000071e+00 4.170956244025401105e-01
4.589999999999999858e+00 4.170956190888697734e-01
4.600000000000000533e+00 4.170956166382283614e-01
4.610000000000000320e+00 4.170956093466146042e-01
4.620000000000000107e+00 4.170956052273132597e-01
4.629999999999999893e+00 4.170955967200744574e-01
4.639999999999999680e+00 4.170955907867002765e-01
4.650000000000000355e+00 4.170955797313866675e-01
4.660000000000000142e+00 4.170955718428642212e-01
4.669999999999999929e+00 4.170955595940981642e-01
4.679999999999999716e+00 4.170955499919328235e-01
4.690000000000000391e+00 4.170955354353114153e-01
4.700000000000000178e+00 4.170955242753418002e-01
4.709999999999999964e+00 4.170955079866556225e-01
4.719999999999999751e+00 4.170954957683686848e-01
4.730000000000000426e+00 4.170954767462161095e-01
4.740000000000000213e+00 4.170954625129036364e-01
4.750000000000000000e+00 4.170954429075753311e-01
4.759999999999999787e+00 4.170954293215247688e-01
4.770000000000000462e+00 4.170954098618159245e-01
4.780000000000000249e+00 4.170953951553054706e-01
4.790000000000000036e+00 4.170953736516010424e-01
4.799999999999999822e+00 4.170953588395738265e-01
4.810000000000000497e+00 4.170953382127183806e-01
4.820000000000000284e+00 4.170953236913703122e-01
4.830000000000000071e+00 4.170953040492083597e-01
4.839999999999999858e+00 4.170952897233591306e-01
4.850000000000000533e+00 4.170952693719077731e-01
4.860000000000000320e+00 4.170952565568353809e-01
4.870000000000000107e+00 4.170952393579212547e-01
4.879999999999999893e+00 4.170952284085912010e-01
4.889999999999999680e+00 4.170952120239643790e-01
4.900000000000000355e+00 4.170952032420870981e-01
4.910000000000000142e+00 4.170951897686488996e-01
4.919999999999999929e+00 4.170951843886708810e-01
4.929999999999999716e+00 4.170951738601316738e-01
4.940000000000000391e+00 4.170951714698943324e-01
4.950000000000000178e+00 4.170951638271584994e-01
4.959999999999999964e+00 4.170951648896463193e-01
4.969999999999999751e+00 4.170951610067755722e-01
4.980000000000000426e+00 4.170951657811963198e-01
4.990000000000000213e+00 4.170951656070380764e-01
5.000000000000000000e+00 4.170951740416657949e-01
5.009999999999999787e+00 4.170951774765571662e-01
5.020000000000000462e+00 4.170951898485186216e-01
5.030000000000000249e+00 4.170951971617808396e-01
5.040000000000000036e+00 4.170952132666252421e-01
5.049999999999999822e+00 4.170952239717936050e-01
5.060000000000000497e+00 4.170952430649633724e-01
5.070000000000000284e+00 4.170952570242445478e-01
5.080000000000000071e+00 4.170952797647156096e-01
5.089999999999999858e+00 4.170952967755596763e-01
5.100000000000000533e+00 4.170953216936408858e-01
5.110000000000000320e+00 4.170953410622702529e-01
5.120000000000000107e+00 4.170953680063637647e-01
5.129999999999999893e+00 4.170953898417080752e-01
5.139999999999999680e+00 4.170954184463385728e-01
5.150000000000000355e+00 4.170954415004139992e-01
5.160000000000000142e+00 4.170954711085933519e-01
5.169999999999999929e+00 4.170954950449177190e-01
5.179999999999999716e+00 4.170955257401816607e-01
5.190000000000000391e+00 4.170955502883043620e-01
5.200000000000000178e+00 4.170955797189342951e-01
5.209999999999999964e+00 4.170956040804424947e-01
5.219999999999999751e+00 4.170956339957772041e-01
5.230000000000000426e+00 4.170956580028440941e-01
5.240000000000000213e+00 4.170956872050628483e-01
5.250000000000000000e+00 4.170957104364360624e-01
5.259999999999999787e+00 4.170957382781720346e-01
5.270000000000000462e+00 4.170957598218899554e-01
5.280000000000000249e+00 4.170957862721194065e-01
5.290000000000000036e+00 4.170958062187191673e-01
5.299999999999999822e+00 4.170958302022727548e-01
5.310000000000000497e+00 4.170958488820931676e-01
5.320000000000000284e+00 4.170958714013591750e-01
5.330000000000000071e+00 4.170958873242385234e-01
5.339999999999999858e+00 4.170959077331355958e-01
5.350000000000000533e+00 4.170959215724692193e-01
5.360000000000000320e+00 4.170959393187617104e-01
5.370000000000000107e+00 4.170959511010903786e-01
5.379999999999999893e+00 4.170959661210360547e-01
5.389999999999999680e+00 4.170959754727145419e-01
5.400000000000000355e+00 4.170959877205406841e-01
5.410000000000000142e+00 4.170959947134520451e-01
5.419999999999999929e+00 4.170960049255087454e-01
5.429999999999999716e+00 4.170960094525489881e-01
5.440000000000000391e+00 4.170960170536353040e-01
5.450000000000000178e+00 4.170960190384348509e-01
5.459999999999999964e+00 4.170960240586547019e-01
5.469999999999999751e+00 4.170960235507632508e-01
5.480000000000000426e+00 4.170960261593736340e-01
5.490000000000000213e+00 4.170960234815235812e-01
5.500000000000000000e+00 4.170960235150752426e-01
5.509999999999999787e+00 4.170960178553097530e-01
5.520000000000000462e+00 4.170960155410075587e-01
5.530000000000000249e+00 4.170960078491103840e-01
5.540000000000000036e+00 4.170960031986694072e-01
5.549999999999999822e+00 4.170959917262380134e-01
5.560000000000000497e+00 4.170959846803373172e-01
5.570000000000000284e+00 4.170959706285741198e-01
5.580000000000000071e+00 4.170959608737914159e-01
5.589999999999999858e+00 4.170959439995907125e-01
5.600000000000000533e+00 4.170959318587895703e-01
5.610000000000000320e+00 4.170959126760639957e-01
5.620000000000000107e+00 4.170958982058187714e-01
5.629999999999999893e+00 4.170958762280808085e-01
5.639999999999999680e+00 4.170958594493701654e-01
5.650000000000000355e+00 4.170958355607146673e-01
5.660000000000000142e+00 4.170958168230137209e-01
5.669999999999999929e+00 4.170957913092129266e-01
5.679999999999999716e+00 4.170957704870992266e-01
5.690000000000000391e+00 4.170957440617156231e-01
5.700000000000000178e+00 4.170957225639301824e-01
5.709999999999999964e+00 4.170956953129588696e-01
5.719999999999999751e+00 4.170956735610796273e-01
5.730000000000000426e+00 4.170956450134523097e-01
5.740000000000000213e+00 4.170956236038544929e-01
5.750000000000000000e+00 4.170955945754945549e-01
5.759999999999999787e+00 4.170955736142864523e-01
5.770000000000000462e+00 4.170955454474395974e-01
5.780000000000000249e+00 4.170955256146006707e-01
5.790000000000000036e+00 4.170954997030971168e-01
5.799999999999999822e+00 4.170954816045200908e-01
5.810000000000000497e+00 4.170954564640411144e-01
5.820000000000000284e+00 4.170954401293190950e-01
5.830000000000000071e+00 4.170954175794948648e-01
5.839999999999999858e+00 4.170954052210513185e-01
5.850000000000000533e+00 4.170953860864478058e-01
5.860000000000000320e+00 4.170953771759048911e-01
5.870000000000000107e+00 4.170953623116849251e-01
5.879999999999999893e+00 4.170953569929923832e-01
5.889999999999999680e+00 4.170953457945629217e-01
5.900000000000000355e+00 4.170953447671491565e-01
5.910000000000000142e+00 4.170953379664409377e-01
5.919999999999999929e+00 4.170953413822595657e-01
5.929999999999999716e+00 4.170953389880285300e-01
5.940000000000000391e+00 4.170953470155148723e-01
5.950000000000000178e+00 4.170953492504027027e-01
5.959999999999999964e+00 4.170953617612069286e-01
5.969999999999999751e+00 4.170953685187533400e-01
5.980000000000000426e+00 4.170953854496181612e-01
5.990000000000000213e+00 4.170953966053358442e-01
6.000000000000000000e+00 4.170954178045673255e-01
6.009999999999999787e+00 4.170954328076639239e-01
6.020000000000000462e+00 4.170954575801706365e-01
6.030000000000000249e+00 4.170954764165932804e-01
6.040000000000000036e+00 4.170955041943429364e-01
6.049999999999999822e+00 4.170955262237504568e-01
6.060000000000000497e+00 4.170955568373606037e-01
6.070000000000000284e+00 4.170955817619285688e-01
6.080000000000000071e+00 4.170956153955028278e-01
6.089999999999999858e+00 4.170956422338695790e-01
6.100000000000000533e+00 4.170956774322602811e-01
6.110000000000000320e+00 4.170957053084493604e-01
6.120000000000000107e+00 4.170957401120948815e-01
6.129999999999999893e+00 4.170957687163903138e-01
6.140000000000000568e+00 4.170958044287408351e-01
6.150000000000000355e+00 4.170958333978197485e-01
6.160000000000000142e+00 4.170958696938686927e-01
6.169999999999999929e+00 4.170958972680827159e-01
6.179999999999999716e+00 4.170959325057914113e-01
6.190000000000000391e+00 4.170959600027850933e-01
6.200000000000000178e+00 4.170959926241611937e-01
6.209999999999999964e+00 4.170960179687873137e-01
6.219999999999999751e+00 4.170960501269609932e-01
6.230000000000000426e+00 4.170960744218005223e-01
6.240000000000000213e+00 4.170961036562539359e-01
6.250000000000000000e+00 4.170961254074785352e-01
6.259999999999999787e+00 4.170961517086175796e-01
6.270000000000000462e+00 4.170961711823334417e-01
6.280000000000000249e+00 4.170961951907788956e-01
6.290000000000000036e+00 4.170962119000896084e-01
6.299999999999999822e+00 4.170962332864515121e-01
6.310000000000000497e+00 4.170962471328160670e-01
6.320000000000000284e+00 4.170962649390193011e-01
6.330000000000000071e+00 4.170962757635871543e-01
6.339999999999999858e+00 4.170962901707520598e-01
6.350000000000000533e+00 4.170962976211450290e-01
6.360000000000000320e+00 4.170963091504797382e-01
6.370000000000000107e+00 4.170963133979816995e-01
6.379999999999999893e+00 4.170963214088573845e-01
6.390000000000000568e+00 4.170963225786611939e-01
6.400000000000000355e+00 4.170963275251756697e-01
6.410000000000000142e+00 4.170963253582760100e-01
6.419999999999999929e+00 4.170963267896753979e-01
6.429999999999999716e+00 4.170963204432514004e-01
6.440000000000000391e+00 4.170963188233265950e-01
6.450000000000000178e+00 4.170963102592032401e-01
6.459999999999999964e+00 4.170963050050302545e-01
6.469999999999999751e+00 4.170962922449113486e-01
6.480000000000000426e+00 4.170962836799419482e-01
6.490000000000000213e+00 4.170962676523319868e-01
6.500000000000000000e+00 4.170962556675854582e-01
6.509999999999999787e+00 4.170962353175838855e-01
6.520000000000000462e+00 4.170962202412374364e-01
6.530000000000000249e+00 4.170961975317549753e-01
6.540000000000000036e+00 4.170961794347433638e-01
6.549999999999999822e+00 4.170961540761631836e-01
6.560000000000000497e+00 4.170961326351247389e-01
6.570000000000000284e+00 4.170961037494119172e-01
6.580000000000000071e+00 4.170960801879138868e-01
6.589999999999999858e+00 4.170960486028096881e-01
6.600000000000000533e+00 4.170960226477479216e-01
6.610000000000000320e+00 4.170959885795022526e-01
6.620000000000000107e+00 4.170959622133826872e-01
6.629999999999999893e+00 4.170959267530888193e-01
6.640000000000000568e+00 4.170958984916309231e-01
6.650000000000000355e+00 4.170958607472777802e-01
6.660000000000000142e+00 4.170958307029555279e-01
6.669999999999999929e+00 4.170957939132746706e-01
6.679999999999999716e+00 4.170957648095341419e-01
6.690000000000000391e+00 4.170957284839007517e-01
6.700000000000000178e+00 4.170956997125325194e-01
6.709999999999999964e+00 4.170956620866050346e-01
6.719999999999999751e+00 4.170956336563164668e-01
6.730000000000000426e+00 4.170955994059991068e-01
6.740000000000000213e+00 4.170955745694560624e-01
6.750000000000000000e+00 4.170955433498316767e-01
6.759999999999999787e+00 4.170955228954095761e-01
6.770000000000000462e+00 4.170954946534872754e-01
6.780000000000000249e+00 4.170954771168062236e-01
6.790000000000000036e+00 4.170954514457548279e-01
6.799999999999999822e+00 4.170954366521326118e-01
6.810000000000000497e+00 4.170954166194433821e-01
6.820000000000000284e+00 4.170954069149303556e-01
6.830000000000000071e+00 4.170953919649974528e-01
6.839999999999999858e+00 4.170953867977901242e-01
6.850000000000000533e+00 4.170953760141545286e-01
6.860000000000000320e+00 4.170953769751437612e-01
6.870000000000000107e+00 4.170953713624455106e-01
6.879999999999999893e+00 4.170953778045778937e-01
6.890000000000000568e+00 4.170953778426435554e-01
6.900000000000000355e+00 4.170953897786778275e-01
6.910000000000000142e+00 4.170953954590584378e-01
6.919999999999999929e+00 4.170954126899935610e-01
6.929999999999999716e+00 4.170954238170446748e-01
6.940000000000000391e+00 4.170954462915017480e-01
6.950000000000000178e+00 4.170954626453081127e-01
6.959999999999999964e+00 4.170954903830886296e-01
6.969999999999999751e+00 4.170955112102543993e-01
6.980000000000000426e+00 4.170955423866771206e-01
6.990000000000000213e+00 4.170955671104069618e-01
7.000000000000000000e+00 4.170956022145183573e-01
7.009999999999999787e+00 4.170956299247901566e-01
7.020000000000000462e+00 4.170956663505955841e-01
7.030000000000000249e+00 4.170956960165603800e-01
7.040000000000000036e+00 4.170957349665948555e-01
7.049999999999999822e+00 4.170957684127274967e-01
7.060000000000000497e+00 4.170958100579188477e-01
7.070000000000000284e+00 4.170958451057447114e-01
7.080000000000000071e+00 4.170958882578734706e-01
7.089999999999999858e+00 4.170959230983504740e-01
7.100000000000000533e+00 4.170959635953763178e-01
7.110000000000000320e+00 4.170959975684436216e-01
7.120000000000000107e+00 4.170960382472357342e-01
7.129999999999999893e+00 4.170960711411943467e-01
7.140000000000000568e+00 4.170961110231558022e-01
7.150000000000000355e+00 4.170961422075451508e-01
7.160000000000000142e+00 4.170961803359028996e-01
7.169999999999999929e+00 4.170962095114738033e-01
7.179999999999999716e+00 4.170962444902713284e-01
7.190000000000000391e+00 4.170962714028988438e-01
7.200000000000000178e+00 4.170963043189455099e-01
7.209999999999999964e+00 4.170963276118504481e-01
7.219999999999999751e+00 4.170963568864556326e-01
7.230000000000000426e+00 4.170963774074920583e-01
7.240000000000000213e+00 4.170964037162589455e-01
7.250000000000000000e+00 4.170964204242815776e-01
7.259999999999999787e+00 4.170964421439988801e-01
7.270000000000000462e+00 4.170964556185881578e-01
7.280000000000000249e+00 4.170964739872302651e-01
7.290000000000000036e+00 4.170964835287291894e-01
7.299999999999999822e+00 4.170964975146722042e-01
7.310000000000000497e+00 4.170965031963282943e-01
7.320000000000000284e+00 4.170965132404522158e-01
7.330000000000000071e+00 4.170965147975535525e-01
7.339999999999999858e+00 4.170965207119123330e-01
7.350000000000000533e+00 4.170965183385726971e-01
7.360000000000000320e+00 4.170965202548396200e-01
7.370000000000000107e+00 4.170965139602932914e-01
7.379999999999999893e+00 4.170965117629474861e-01
7.390000000000000568e+00 4.170965015665018538e-01
7.400000000000000355e+00 4.170964952752383992e-01
7.410000000000000142e+00 4.170964809186569755e-01
7.419999999999999929e+00 4.170964706185542603e-01
7.429999999999999716e+00 4.170964526766289815e-01
7.440000000000000391e+00 4.170964384234308042e-01
7.450000000000000178e+00 4.170964159107174996e-01
7.459999999999999964e+00 4.170963985278896557e-01
7.469999999999999751e+00 4.170963725024912083e-01
7.480000000000000426e+00 4.170963515590190296e-01
7.490000000000000213e+00 4.170963220698578056e-01
7.500000000000000000e+00 4.170962977605173205e-01
7.509999999999999787e+00 4.170962658658285416e-01
7.520000000000000462e+00 4.170962393950550795e-01
7.530000000000000249e+00 4.170962040397332427e-01
7.540000000000000036e+00 4.170961751876404167e-01
7.549999999999999822e+00 4.170961396280090661e-01
7.560000000000000497e+00 4.170961083269528746e-01
7.570000000000000284e+00 4.170960692386371238e-01
7.580000000000000071e+00 4.170960374384630187e-01
7.589999999999999858e+00 4.170959972304341679e-01
7.600000000000000533e+00 4.170959648615721327e-01
7.610000000000000320e+00 4.170959247055178731e-01
7.620000000000000107e+00 4.170958931832049466e-01
7.629999999999999893e+00 4.170958531717928186e-01
7.640000000000000568e+00 4.170958229113816418e-01
7.650000000000000355e+00 4.170957837061403106e-01
7.660000000000000142e+00 4.170957535823361928e-01
7.669999999999999929e+00 4.170957165762590457e-01
7.679999999999999716e+00 4.170956903333724597e-01
7.690000000000000391e+00 4.170956566685938283e-01
7.700000000000000178e+00 4.170956327347745130e-01
7.709999999999999964e+00 4.170956004260046313e-01
7.719999999999999751e+00 4.170955793228811048e-01
7.730000000000000426e+00 4.170955513813489612e-01
7.740000000000000213e+00 4.170955351290304147e-01
7.750000000000000000e+00 4.170955117629926434e-01
7.759999999999999787e+00 4.170955007116648461e-01
7.770000000000000462e+00 4.170954829360037364e-01
7.780000000000000249e+00 4.170954762911373015e-01
7.790000000000000036e+00 4.170954641075397817e-01
7.799999999999999822e+00 4.170954634164015240e-01
7.810000000000000497e+00 4.170954566138472819e-01
7.820000000000000284e+00 4.170954615427007184e-01
7.830000000000000071e+00 4.170954602977889336e-01
7.839999999999999858e+00 4.170954707876184386e-01
7.850000000000000533e+00 4.170954751283006967e-01
7.860000000000000320e+00 4.170954903482523290e-01
7.870000000000000107e+00 4.170954998444712514e-01
7.879999999999999893e+00 4.170955210315540618e-01
7.890000000000000568e+00 4.170955357189303769e-01
7.900000000000000355e+00 4.170955605222911866e-01
7.910000000000000142e+00 4.170955793789974941e-01
7.919999999999999929e+00 4.170956094153421279e-01
7.930000000000000604e+00 4.170956328130783763e-01
7.940000000000000391e+00 4.170956648124614086e-01
7.950000000000000178e+00 4.170956901811406770e-01
7.959999999999999964e+00 4.170957259913743997e-01
7.969999999999999751e+00 4.170957548287600458e-01
7.980000000000000426e+00 4.170957942404680541e-01
7.990000000000000213e+00 4.170958232517478770e-01
8.000000000000000000e+00 4.170958621618462980e-01
8.009999999999999787e+00 4.170958940137954318e-01
8.019999999999999574e+00 4.170959340198435172e-01
8.029999999999999361e+00 4.170959651229760867e-01
8.040000000000000924e+00 4.170960054582760201e-01
8.050000000000000711e+00 4.170960362582785130e-01
8.060000000000000497e+00 4.170960750414063889e-01
8.070000000000000284e+00 4.170961041735102848e-01
8.080000000000000071e+00 4.170961396199004412e-01
8.089999999999999858e+00 4.170961675359302068e-01
8.099999999999999645e+00 4.170962014514512650e-01
8.109999999999999432e+00 4.170962268268457174e-01
8.120000000000000995e+00 4.170962592243828149e-01
8.130000000000000782e+00 4.170962819838617275e-01
8.140000000000000568e+00 4.170963109400807056e-01
8.150000000000000355e+00 4.170963304940881744e-01
8.160000000000000142e+00 4.170963550576389789e-01
8.169999999999999929e+00 4.170963702155244812e-01
8.179999999999999716e+00 4.170963911482299391e-01
8.189999999999999503e+00 4.170964029616618385e-01
8.199999999999999289e+00 4.170964193457704638e-01
8.210000000000000853e+00 4.170964266672225751e-01
8.220000000000000639e+00 4.170964387470068035e-01
8.230000000000000426e+00 4.170964416251861651e-01
8.240000000000000213e+00 4.170964490927522306e-01
8.250000000000000000e+00 4.170964472113947163e-01
8.259999999999999787e+00 4.170964498423426203e-01
8.269999999999999574e+00 4.170964433205980870e-01
8.279999999999999361e+00 4.170964411009602801e-01
8.290000000000000924e+00 4.170964292878625579e-01
8.300000000000000711e+00 4.170964220477242357e-01
8.310000000000000497e+00 4.170964056119217944e-01
8.320000000000000284e+00 4.170963937342303529e-01
8.330000000000000071e+00 4.170963723865311890e-01
8.339999999999999858e+00 4.170963549754946320e-01
8.349999999999999645e+00 4.170963276176594126e-01
8.359999999999999432e+00 4.170963054974120010e-01
8.370000000000000995e+00 4.170962749287396298e-01
8.380000000000000782e+00 4.170962475538824155e-01
8.390000000000000568e+00 4.170962092123778331e-01
8.400000000000000355e+00 4.170961773018720398e-01
8.410000000000000142e+00 4.170961358732041546e-01
8.419999999999999929e+00 4.170961019302943940e-01
8.429999999999999716e+00 4.170960553185237285e-01
8.439999999999999503e+00 4.170960161826834378e-01
8.449999999999999289e+00 4.170959682213370989e-01
8.460000000000000853e+00 4.170959249354011522e-01
8.470000000000000639e+00 4.170958737033015895e-01
8.480000000000000426e+00 4.170958277074006126e-01
8.490000000000000213e+00 4.170957704104031882e-01
8.500000000000000000e+00 4.170957214650486411e-01
8.509999999999999787e+00 4.170956666584199057e-01
8.519999999999999574e+00 4.170956168491436467e-01
8.529999999999999361e+00 4.170955582060962286e-01
8.540000000000000924e+00 4.170955069578146102e-01
8.550000000000000711e+00 4.170954493849507450e-01
8.560000000000000497e+00 4.170953982419757788e-01
8.570000000000000284e+00 4.170953394418288052e-01
8.580000000000000071e+00 4.170952925519437748e-01
8.589999999999999858e+00 4.170952371461429387e-01
8.599999999999999645e+00 4.170951907757419197e-01
8.609999999999999432e+00 4.170951372361765830e-01
8.620000000000000995e+00 4.170950944153687945e-01
8.630000000000000782e+00 4.170950425193667988e-01
8.640000000000000568e+00 4.170950035550628487e-01
8.650000000000000355e+00 4.170949555707696432e-01
8.660000000000000142e+00 4.170949217784418184e-01
8.669999999999999929e+00 4.170948812244180126e-01
8.679999999999999716e+00 4.170948522750003717e-01
8.689999999999999503e+00 4.170948179751163276e-01
8.700000000000001066e+00 4.170947957964325492e-01
8.710000000000000853e+00 4.170947672939052664e-01
8.720000000000000639e+00 4.170947520876195913e-01
8.730000000000000426e+00 4.170947306738824745e-01
8.740000000000000213e+00 4.170947225537894321e-01
8.750000000000000000e+00 4.170947084338495481e-01
8.759999999999999787e+00 4.170947076752878346e-01
8.769999999999999574e+00 4.170947008250597832e-01
8.779999999999999361e+00 4.170947075597962184e-01
8.790000000000000924e+00 4.170947080083952652e-01
8.800000000000000711e+00 4.170947222077358019e-01
8.810000000000000497e+00 4.170947297106069596e-01
8.820000000000000284e+00 4.170947504687535501e-01
8.830000000000000071e+00 4.170947647942247483e-01
8.839999999999999858e+00 4.170947916332439220e-01
8.849999999999999645e+00 4.170948114986245958e-01
8.859999999999999432e+00 4.170948445135974625e-01
8.870000000000000995e+00 4.170948699658138525e-01
8.880000000000000782e+00 4.170949074188122219e-01
8.890000000000000568e+00 4.170949377969700445e-01
8.900000000000000355e+00 4.170949779329214957e-01
8.910000000000000142e+00 4.170950116788144091e-01
8.919999999999999929e+00 4.170950580280449183e-01
8.929999999999999716e+00 4.170950948098896549e-01
8.939999999999999503e+00 4.170951410698612860e-01
8.950000000000001066e+00 4.170951811227656125e-01
8.960000000000000853e+00 4.170952283221511236e-01
8.970000000000000639e+00 4.170952665884247734e-01
8.980000000000000426e+00 4.170953135105469611e-01
8.990000000000000213e+00 4.170953536807180950e-01
9.000000000000000000e+00 4.170954026457897035e-01
9.009999999999999787e+00 4.170954410151865299e-01
9.019999999999999574e+00 4.170954858970526424e-01
9.029999999999999361e+00 4.170955212096432163e-01
9.040000000000000924e+00 4.170955633396532525e-01
9.050000000000000711e+00 4.170955967946768927e-01
9.060000000000000497e+00 4.170956363570547110e-01
9.070000000000000284e+00 4.170956675952243731e-01
9.080000000000000071e+00 4.170957058021858010e-01
9.089999999999999858e+00 4.170957322758643282e-01
9.099999999999999645e+00 4.170957654477698284e-01
9.109999999999999432e+00 4.170957883520211018e-01
9.120000000000000995e+00 4.170958159693871070e-01
9.130000000000000782e+00 4.170958334406840717e-01
9.140000000000000568e+00 4.170958571015345173e-01
9.150000000000000355e+00 4.170958701806531388e-01
9.160000000000000142e+00 4.170958884350953189e-01
9.169999999999999929e+00 4.170958961070259652e-01
9.179999999999999716e+00 4.170959086234793944e-01
9.189999999999999503e+00 4.170959104378378912e-01
9.200000000000001066e+00 4.170959168835011166e-01
9.210000000000000853e+00 4.170959129698996737e-01
9.220000000000000639e+00 4.170959137515331538e-01
9.230000000000000426e+00 4.170959039646912059e-01
9.240000000000000213e+00 4.170958990580466152e-01
9.250000000000000000e+00 4.170958832772858060e-01
9.259999999999999787e+00 4.170958716688271117e-01
9.269999999999999574e+00 4.170958505476916600e-01
9.279999999999999361e+00 4.170958329025897804e-01
9.290000000000000924e+00 4.170958049546977797e-01
9.300000000000000711e+00 4.170957822396744175e-01
9.310000000000000497e+00 4.170957498378866646e-01
9.320000000000000284e+00 4.170957211962726952e-01
9.330000000000000071e+00 4.170956825235522247e-01
9.339999999999999858e+00 4.170956491778277653e-01
9.349999999999999645e+00 4.170956055215687130e-01
9.359999999999999432e+00 4.170955671627252226e-01
9.370000000000000995e+00 4.170955171533692329e-01
9.380000000000000782e+00 4.170954747100581450e-01
9.390000000000000568e+00 4.170954230832740195e-01
9.400000000000000355e+00 4.170953762249568486e-01
9.410000000000000142e+00 4.170953180998883680e-01
9.419999999999999929e+00 4.170952682198853512e-01
9.429999999999999716e+00 4.170952075980446372e-01
9.439999999999999503e+00 4.170951550467550950e-01
9.450000000000001066e+00 4.170950917944951652e-01
9.460000000000000853e+00 4.170950354537364957e-01
9.470000000000000639e+00 4.170949694830679566e-01
9.480000000000000426e+00 4.170949135373953065e-01
9.490000000000000213e+00 4.170948502044437567e-01
9.500000000000000000e+00 4.170947955082390246e-01
9.509999999999999787e+00 4.170947311697378312e-01
9.519999999999999574e+00 4.170946751823367271e-01
9.529999999999999361e+00 4.170946117228427896e-01
9.540000000000000924e+00 4.170945591278560904e-01
9.550000000000000711e+00 4.170944989886079535e-01
9.560000000000000497e+00 4.170944492628197997e-01
9.570000000000000284e+00 4.170943912776481355e-01
9.580000000000000071e+00 4.170943472252712780e-01
9.589999999999999858e+00 4.170942957006746332e-01
9.599999999999999645e+00 4.170942545731072815e-01
9.609999999999999432e+00 4.170942067859562119e-01
9.620000000000000995e+00 4.170941719738311404e-01
9.630000000000000782e+00 4.170941313549907936e-01
9.640000000000000568e+00 4.170941036579745020e-01
9.650000000000000355e+00 4.170940690914671789e-01
9.660000000000000142e+00 4.170940481503132569e-01
9.669999999999999929e+00 4.170940197700429009e-01
9.679999999999999716e+00 4.170940057082201946e-01
9.689999999999999503e+00 4.170939844479685243e-01
9.700000000000001066e+00 4.170939776466833226e-01
9.710000000000000853e+00 4.170939647936020567e-01
9.720000000000000639e+00 4.170939654657907503e-01
9.730000000000000426e+00 4.170939598550365557e-01
9.740000000000000213e+00 4.170939676071413471e-01
9.750000000000000000e+00 4.170939692095639306e-01
9.759999999999999787e+00 4.170939843230373478e-01
9.769999999999999574e+00 4.170939926918468266e-01
9.779999999999999361e+00 4.170940144777375846e-01
9.790000000000000924e+00 4.170940290936016037e-01
9.800000000000000711e+00 4.170940564489786784e-01
9.810000000000000497e+00 4.170940769135946247e-01
9.820000000000000284e+00 4.170941092201858602e-01
9.830000000000000071e+00 4.170941343531930912e-01
9.839999999999999858e+00 4.170941712715105498e-01
9.849999999999999645e+00 4.170942002057906328e-01
9.859999999999999432e+00 4.170942409210968149e-01
9.870000000000000995e+00 4.170942730953782762e-01
9.880000000000000782e+00 4.170943150019101875e-01
9.890000000000000568e+00 4.170943488412586775e-01
9.900000000000000355e+00 4.170943928274303270e-01
9.910000000000000142e+00 4.170944286675455914e-01
9.919999999999999929e+00 4.170944740281332108e-01
9.929999999999999716e+00 4.170945088102355203e-01
9.939999999999999503e+00 4.170945518255967377e-01
9.950000000000001066e+00 4.170945849229479307e-01
9.960000000000000853e+00 4.170946261313649983e-01
9.970000000000000639e+00 4.170946583815038911e-01
