0.000000000000000000e+00 2.095189099857636108e+11
1.000000000000000021e-02 2.095189099857636108e+11
2.000000000000000042e-02 2.095189099857636108e+11
2.999999999999999889e-02 2.095189099857636108e+11
4.000000000000000083e-02 2.095189099857636108e+11
5.000000000000000278e-02 2.095189099857636108e+11
5.999999999999999778e-02 2.095189099857636108e+11
7.000000000000000666e-02 2.095189099857636108e+11
8.000000000000000167e-02 2.095189099857636108e+11
8.999999999999999667e-02 2.095189099857636108e+11
1.000000000000000056e-01 2.095189099857636108e+11
1.100000000000000006e-01 2.095189099857636108e+11
1.199999999999999956e-01 2.095189099857636108e+11
1.300000000000000044e-01 2.095189099857636108e+11
1.400000000000000133e-01 2.095189099857636108e+11
1.499999999999999944e-01 2.095189099857636108e+11
1.600000000000000033e-01 2.095189099857636108e+11
1.700000000000000122e-01 2.095189099857636108e+11
1.799999999999999933e-01 2.095189099857636108e+11
1.900000000000000022e-01 2.095189099857636108e+11
2.000000000000000111e-01 2.095189099857636108e+11
2.099999999999999922e-01 2.095189099857636108e+11
2.200000000000000011e-01 2.095189099857636108e+11
2.300000000000000100e-01 2.095189099857636108e+11
2.399999999999999911e-01 2.095189099857636108e+11
2.500000000000000000e-01 2.095189099857636108e+11
2.600000000000000089e-01 2.095189099857636108e+11
2.700000000000000178e-01 2.095189099857636108e+11
2.800000000000000266e-01 2.095189099857636108e+11
2.899999999999999800e-01 2.095189099857636108e+11
2.999999999999999889e-01 2.095189099857636108e+11
3.099999999999999978e-01 2.095189099857636108e+11
3.200000000000000067e-01 2.095189099857636108e+11
3.300000000000000155e-01 2.095189099857636108e+11
3.400000000000000244e-01 2.095189099857636108e+11
3.500000000000000333e-01 2.095189099857636108e+11
3.599999999999999867e-01 2.095189099857636108e+11
3.699999999999999956e-01 2.095189099857636108e+11
3.800000000000000044e-01 2.095189099857636108e+11
3.900000000000000133e-01 2.095189099857636108e+11
4.000000000000000222e-01 2.095189099857636108e+11
4.100000000000000311e-01 2.095189099857636108e+11
4.199999999999999845e-01 2.095189099857636108e+11
4.299999999999999933e-01 2.095189099857636108e+11
4.400000000000000022e-01 2.095189099857636108e+11
4.500000000000000111e-01 2.095189099857636108e+11
4.600000000000000200e-01 2.095189099857636108e+11
4.700000000000000289e-01 2.095189099857636108e+11
4.799999999999999822e-01 2.095189099857636108e+11
4.899999999999999911e-01 2.095189099857636108e+11
5.000000000000000000e-01 2.095189099857636108e+11
5.100000000000000089e-01 2.095189099857636108e+11
5.200000000000000178e-01 2.095189099857636108e+11
5.300000000000000266e-01 2.095189099857636108e+11
5.400000000000000355e-01 2.095189099857636108e+11
5.500000000000000444e-01 2.095189099857636108e+11
5.600000000000000533e-01 2.095189099857636108e+11
5.700000000000000622e-01 2.095189099857636108e+11
5.799999999999999600e-01 2.095189099857636108e+11
5.899999999999999689e-01 2.095189099857636108e+11
5.999999999999999778e-01 2.095189099857636108e+11
6.099999999999999867e-01 2.095189099857636108e+11
6.199999999999999956e-01 2.095189099857636108e+11
6.300000000000000044e-01 2.095189099857636108e+11
6.400000000000000133e-01 2.095189099857636108e+11
6.500000000000000222e-01 2.095189099857636108e+11
6.600000000000000311e-01 2.095189099857636108e+11
6.700000000000000400e-01 2.095189099857636108e+11
6.800000000000000488e-01 2.095189099857636108e+11
6.900000000000000577e-01 2.095189099857636108e+11
7.000000000000000666e-01 2.095189099857636108e+11
7.099999999999999645e-01 2.095189099857636108e+11
7.199999999999999734e-01 2.095189099857636108e+11
7.299999999999999822e-01 2.095189099857636108e+11
7.399999999999999911e-01 2.095189099857636108e+11
7.500000000000000000e-01 2.095189099857636108e+11
7.600000000000000089e-01 2.095189099857636108e+11
7.700000000000000178e-01 2.095189099857636108e+11
7.800000000000000266e-01 2.095189099857636108e+11
7.900000000000000355e-01 2.095189099857636108e+11
8.000000000000000444e-01 2.095189099857636108e+11
8.100000000000000533e-01 2.095189099857636108e+11
8.200000000000000622e-01 2.095189099857636108e+11
8.300000000000000711e-01 2.095189099857636108e+11
8.399999999999999689e-01 2.095189099857636108e+11
8.499999999999999778e-01 2.095189099857636108e+11
8.599999999999999867e-01 2.095189099857636108e+11
8.699999999999999956e-01 2.095189099857636108e+11
8.800000000000000044e-01 2.095189099857636108e+11
8.900000000000000133e-01 2.095189099857636108e+11
9.000000000000000222e-01 2.095189099857636108e+11
9.100000000000000311e-01 2.095189099857636108e+11
9.200000000000000400e-01 2.095189099857636108e+11
9.300000000000000488e-01 2.095189099857636108e+11
9.400000000000000577e-01 2.095189099857636108e+11
9.500000000000000666e-01 2.095189099857636108e+11
9.599999999999999645e-01 2.095189099857636108e+11
9.699999999999999734e-01 2.095189099857636108e+11
9.799999999999999822e-01 2.095189099857636108e+11
9.899999999999999911e-01 2.095189099857636108e+11
1.000000000000000000e+00 2.095189099857636108e+11
1.010000000000000009e+00 2.095189099857636108e+11
1.020000000000000018e+00 2.095189099857636108e+11
1.030000000000000027e+00 2.095189099857636108e+11
1.040000000000000036e+00 2.095189099857636108e+11
1.050000000000000044e+00 2.095189099857636108e+11
1.060000000000000053e+00 2.095189099857636108e+11
1.070000000000000062e+00 2.095189099857636108e+11
1.080000000000000071e+00 2.095189099857636108e+11
1.090000000000000080e+00 2.095189099857636108e+11
1.100000000000000089e+00 2.095189099857636108e+11
1.110000000000000098e+00 2.095189099857636108e+11
1.120000000000000107e+00 2.095189099857636108e+11
1.130000000000000115e+00 2.095189099857636108e+11
1.140000000000000124e+00 2.095189099857636108e+11
1.150000000000000133e+00 2.095189099857636108e+11
1.159999999999999920e+00 2.095189099857636108e+11
1.169999999999999929e+00 2.095189099857636108e+11
1.179999999999999938e+00 2.095189099857636108e+11
1.189999999999999947e+00 2.095189099857636108e+11
1.199999999999999956e+00 2.095189099857636108e+11
1.209999999999999964e+00 2.095189099857636108e+11
1.219999999999999973e+00 2.095189099857636108e+11
1.229999999999999982e+00 2.095189099857636108e+11
1.239999999999999991e+00 2.095189099857636108e+11
1.250000000000000000e+00 2.095189099857636108e+11
1.260000000000000009e+00 2.095189099857636108e+11
1.270000000000000018e+00 2.095189099857636108e+11
1.280000000000000027e+00 2.095189099857636108e+11
1.290000000000000036e+00 2.095189099857636108e+11
1.300000000000000044e+00 2.095189099857636108e+11
1.310000000000000053e+00 2.095189099857636108e+11
1.320000000000000062e+00 2.095189099857636108e+11
1.330000000000000071e+00 2.095189099857636108e+11
1.340000000000000080e+00 2.095189099857636108e+11
1.350000000000000089e+00 2.095189099857636108e+11
1.360000000000000098e+00 2.095189099857636108e+11
1.370000000000000107e+00 2.095189099857636108e+11
1.380000000000000115e+00 2.095189099857636108e+11
1.390000000000000124e+00 2.095189099857636108e+11
1.400000000000000133e+00 2.095189099857636108e+11
1.409999999999999920e+00 2.095189099857636108e+11
1.419999999999999929e+00 2.095189099857636108e+11
1.429999999999999938e+00 2.095189099857636108e+11
1.439999999999999947e+00 2.095189099857636108e+11
1.449999999999999956e+00 2.095189099857636108e+11
1.459999999999999964e+00 2.095189099857636108e+11
1.469999999999999973e+00 2.095189099857636108e+11
1.479999999999999982e+00 2.095189099857636108e+11
1.489999999999999991e+00 2.095189099857636108e+11
1.500000000000000000e+00 2.095189099857636108e+11
1.510000000000000009e+00 2.095189099857636108e+11
1.520000000000000018e+00 2.095189099857636108e+11
1.530000000000000027e+00 2.095189099857636108e+11
1.540000000000000036e+00 2.095189099857636108e+11
1.550000000000000044e+00 2.095189099857636108e+11
1.560000000000000053e+00 2.095189099857636108e+11
1.570000000000000062e+00 2.095189099857636108e+11
1.580000000000000071e+00 2.095189099857636108e+11
1.590000000000000080e+00 2.095189099857636108e+11
1.600000000000000089e+00 2.095189099857636108e+11
1.610000000000000098e+00 2.095189099857636108e+11
1.620000000000000107e+00 2.095189099857636108e+11
1.630000000000000115e+00 2.095189099857636108e+11
1.640000000000000124e+00 2.095189099857636108e+11
1.650000000000000133e+00 2.095189099857636108e+11
1.660000000000000142e+00 2.095189099857636108e+11
1.669999999999999929e+00 2.095189099857636108e+11
1.679999999999999938e+00 2.095189099857636108e+11
1.689999999999999947e+00 2.095189099857636108e+11
1.699999999999999956e+00 2.095189099857636108e+11
1.709999999999999964e+00 2.095189099857636108e+11
1.719999999999999973e+00 2.095189099857636108e+11
1.729999999999999982e+00 2.095189099857636108e+11
1.739999999999999991e+00 2.095189099857636108e+11
1.750000000000000000e+00 2.095189099857636108e+11
1.760000000000000009e+00 2.095189099857636108e+11
1.770000000000000018e+00 2.095189099857636108e+11
1.780000000000000027e+00 2.095189099857636108e+11
1.790000000000000036e+00 2.095189099857636108e+11
1.800000000000000044e+00 2.095189099857636108e+11
1.810000000000000053e+00 2.095189099857636108e+11
1.820000000000000062e+00 2.095189099857636108e+11
1.830000000000000071e+00 2.095189099857636108e+11
1.840000000000000080e+00 2.095189099857636108e+11
1.850000000000000089e+00 2.095189099857636108e+11
1.860000000000000098e+00 2.095189099857636108e+11
1.870000000000000107e+00 2.095189099857636108e+11
1.880000000000000115e+00 2.095189099857636108e+11
1.890000000000000124e+00 2.095189099857636108e+11
1.900000000000000133e+00 2.095189099857636108e+11
1.910000000000000142e+00 2.095189099857636108e+11
1.919999999999999929e+00 2.095189099857636108e+11
1.929999999999999938e+00 2.095189099857636108e+11
1.939999999999999947e+00 2.095189099857636108e+11
1.949999999999999956e+00 2.095189099857636108e+11
1.959999999999999964e+00 2.095189099857636108e+11
1.969999999999999973e+00 2.095189099857636108e+11
1.979999999999999982e+00 2.095189099857636108e+11
1.989999999999999991e+00 2.095189099857636108e+11
2.000000000000000000e+00 2.095189099857636108e+11
2.010000000000000231e+00 2.095189099857636108e+11
2.020000000000000018e+00 2.095189099857636108e+11
2.030000000000000249e+00 2.095189099857636108e+11
2.040000000000000036e+00 2.095189099857636108e+11
2.049999999999999822e+00 2.095189099857636108e+11
2.060000000000000053e+00 2.095189099857636108e+11
2.069999999999999840e+00 2.095189099857636108e+11
2.080000000000000071e+00 2.095189099857636108e+11
2.089999999999999858e+00 2.095189099857636108e+11
2.100000000000000089e+00 2.095189099857636108e+11
2.109999999999999876e+00 2.095189099857636108e+11
2.120000000000000107e+00 2.095189099857636108e+11
2.129999999999999893e+00 2.095189099857636108e+11
2.140000000000000124e+00 2.095189099857636108e+11
2.149999999999999911e+00 2.095189099857636108e+11
2.160000000000000142e+00 2.095189099857636108e+11
2.169999999999999929e+00 2.095189099857636108e+11
2.180000000000000160e+00 2.095189099857636108e+11
2.189999999999999947e+00 2.095189099857636108e+11
2.200000000000000178e+00 2.095189099857636108e+11
2.209999999999999964e+00 2.095189099857636108e+11
2.220000000000000195e+00 2.095189099857636108e+11
2.229999999999999982e+00 2.095189099857636108e+11
2.240000000000000213e+00 2.095189099857636108e+11
2.250000000000000000e+00 2.095189099857636108e+11
2.260000000000000231e+00 2.095189099857636108e+11
2.270000000000000018e+00 2.095189099857636108e+11
2.280000000000000249e+00 2.095189099857636108e+11
2.290000000000000036e+00 2.095189099857636108e+11
2.300000000000000266e+00 2.095189099857636108e+11
2.310000000000000053e+00 2.095189099857636108e+11
2.319999999999999840e+00 2.095189099857636108e+11
2.330000000000000071e+00 2.095189099857636108e+11
2.339999999999999858e+00 2.095189099857636108e+11
2.350000000000000089e+00 2.095189099857636108e+11
2.359999999999999876e+00 2.095189099857636108e+11
2.370000000000000107e+00 2.095189099857636108e+11
2.379999999999999893e+00 2.095189099857636108e+11
2.390000000000000124e+00 2.095189099857636108e+11
2.399999999999999911e+00 2.095189099857636108e+11
2.410000000000000142e+00 2.095189099857636108e+11
2.419999999999999929e+00 2.095189099857636108e+11
2.430000000000000160e+00 2.095189099857636108e+11
2.439999999999999947e+00 2.095189099857636108e+11
2.450000000000000178e+00 2.095189099857636108e+11
2.459999999999999964e+00 2.095189099857636108e+11
2.470000000000000195e+00 2.095189099857636108e+11
2.479999999999999982e+00 2.095189099857636108e+11
2.490000000000000213e+00 2.095189099857636108e+11
2.500000000000000000e+00 2.095189099857636108e+11
2.510000000000000231e+00 2.095189099857636108e+11
2.520000000000000018e+00 2.095189099857636108e+11
2.530000000000000249e+00 2.095189099857636108e+11
2.540000000000000036e+00 2.095189099857636108e+11
2.550000000000000266e+00 2.095189099857636108e+11
2.560000000000000053e+00 2.095189099857636108e+11
2.569999999999999840e+00 2.095189099857636108e+11
2.580000000000000071e+00 2.095189099857636108e+11
2.589999999999999858e+00 2.095189099857636108e+11
2.600000000000000089e+00 2.095189099857636108e+11
2.609999999999999876e+00 2.095189099857636108e+11
2.620000000000000107e+00 2.095189099857636108e+11
2.629999999999999893e+00 2.095189099857636108e+11
2.640000000000000124e+00 2.095189099857636108e+11
2.649999999999999911e+00 2.095189099857636108e+11
2.660000000000000142e+00 2.095189099857636108e+11
2.669999999999999929e+00 2.095189099857636108e+11
2.680000000000000160e+00 2.095189099857636108e+11
2.689999999999999947e+00 2.095189099857636108e+11
2.700000000000000178e+00 2.095189099857636108e+11
2.709999999999999964e+00 2.095189099857636108e+11
2.720000000000000195e+00 2.095189099857636108e+11
2.729999999999999982e+00 2.095189099857636108e+11
2.740000000000000213e+00 2.095189099857636108e+11
2.750000000000000000e+00 2.095189099857636108e+11
2.760000000000000231e+00 2.095189099857636108e+11
2.770000000000000018e+00 2.095189099857636108e+11
2.780000000000000249e+00 2.095189099857636108e+11
2.790000000000000036e+00 2.095189099857636108e+11
2.800000000000000266e+00 2.095189099857636108e+11
2.810000000000000053e+00 2.095189099857636108e+11
2.819999999999999840e+00 2.095189099857636108e+11
2.830000000000000071e+00 2.095189099857636108e+11
2.839999999999999858e+00 2.095189099857636108e+11
2.850000000000000089e+00 2.095189099857636108e+11
2.859999999999999876e+00 2.095189099857636108e+11
2.870000000000000107e+00 2.095189099857636108e+11
2.879999999999999893e+00 2.095189099857636108e+11
2.890000000000000124e+00 2.095189099857636108e+11
2.899999999999999911e+00 2.095189099857636108e+11
2.910000000000000142e+00 2.095189099857636108e+11
2.919999999999999929e+00 2.095189099857636108e+11
2.930000000000000160e+00 2.095189099857636108e+11
2.939999999999999947e+00 2.095189099857636108e+11
2.950000000000000178e+00 2.095189099857636108e+11
2.959999999999999964e+00 2.095189099857636108e+11
2.970000000000000195e+00 2.095189099857636108e+11
2.979999999999999982e+00 2.095189099857636108e+11
2.990000000000000213e+00 2.095189099857636108e+11
3.000000000000000000e+00 2.095189099857636108e+11
3.010000000000000231e+00 2.095189099857636108e+11
3.020000000000000018e+00 2.095189099857636108e+11
3.030000000000000249e+00 2.095189099857636108e+11
3.040000000000000036e+00 2.095189099857636108e+11
3.050000000000000266e+00 2.095189099857636108e+11
3.060000000000000053e+00 2.095189099857636108e+11
3.070000000000000284e+00 2.095189099857636108e+11
3.080000000000000071e+00 2.095189099857636108e+11
3.089999999999999858e+00 2.095189099857636108e+11
3.100000000000000089e+00 2.095189099857636108e+11
3.109999999999999876e+00 2.095189099857636108e+11
3.120000000000000107e+00 2.095189099857636108e+11
3.129999999999999893e+00 2.095189099857636108e+11
3.140000000000000124e+00 2.095189099857636108e+11
3.149999999999999911e+00 2.095189099857636108e+11
3.160000000000000142e+00 2.095189099857636108e+11
3.169999999999999929e+00 2.095189099857636108e+11
3.180000000000000160e+00 2.095189099857636108e+11
3.189999999999999947e+00 2.095189099857636108e+11
3.200000000000000178e+00 2.095189099857636108e+11
3.209999999999999964e+00 2.095189099857636108e+11
3.220000000000000195e+00 2.095189099857636108e+11
3.229999999999999982e+00 2.095189099857636108e+11
3.240000000000000213e+00 2.095189099857636108e+11
3.250000000000000000e+00 2.095189099857636108e+11
3.260000000000000231e+00 2.095189099857636108e+11
3.270000000000000018e+00 2.095189099857636108e+11
3.280000000000000249e+00 2.095189099857636108e+11
3.290000000000000036e+00 2.095189099857636108e+11
3.300000000000000266e+00 2.095189099857636108e+11
3.310000000000000053e+00 2.095189099857636108e+11
3.320000000000000284e+00 2.095189099857636108e+11
3.330000000000000071e+00 2.095189099857636108e+11
3.339999999999999858e+00 2.095189099857636108e+11
3.350000000000000089e+00 2.095189099857636108e+11
3.359999999999999876e+00 2.095189099857636108e+11
3.370000000000000107e+00 2.095189099857636108e+11
3.379999999999999893e+00 2.095189099857636108e+11
3.390000000000000124e+00 2.095189099857636108e+11
3.399999999999999911e+00 2.095189099857636108e+11
3.410000000000000142e+00 2.095189099857636108e+11
3.419999999999999929e+00 2.095189099857636108e+11
3.430000000000000160e+00 2.095189099857636108e+11
3.439999999999999947e+00 2.095189099857636108e+11
3.450000000000000178e+00 2.095189099857636108e+11
3.459999999999999964e+00 2.095189099857636108e+11
3.470000000000000195e+00 2.095189099857636108e+11
3.479999999999999982e+00 2.095189099857636108e+11
3.490000000000000213e+00 2.095189099857636108e+11
3.500000000000000000e+00 2.095189099857636108e+11
3.510000000000000231e+00 2.095189099857636108e+11
3.520000000000000018e+00 2.095189099857636108e+11
3.530000000000000249e+00 2.095189099857636108e+11
3.540000000000000036e+00 2.095189099857636108e+11
3.550000000000000266e+00 2.095189099857636108e+11
3.560000000000000053e+00 2.095189099857636108e+11
3.570000000000000284e+00 2.095189099857636108e+11
3.580000000000000071e+00 2.095189099857636108e+11
3.589999999999999858e+00 2.095189099857636108e+11
3.600000000000000089e+00 2.095189099857636108e+11
3.609999999999999876e+00 2.095189099857636108e+11
3.620000000000000107e+00 2.095189099857636108e+11
3.629999999999999893e+00 2.095189099857636108e+11
3.640000000000000124e+00 2.095189099857636108e+11
3.649999999999999911e+00 2.095189099857636108e+11
3.660000000000000142e+00 2.095189099857636108e+11
3.669999999999999929e+00 2.095189099857636108e+11
3.680000000000000160e+00 2.095189099857636108e+11
3.689999999999999947e+00 2.095189099857636108e+11
3.700000000000000178e+00 2.095189099857636108e+11
3.709999999999999964e+00 2.095189099857636108e+11
3.720000000000000195e+00 2.095189099857636108e+11
3.729999999999999982e+00 2.095189099857636108e+11
3.740000000000000213e+00 2.095189099857636108e+11
3.750000000000000000e+00 2.095189099857636108e+11
3.760000000000000231e+00 2.095189099857636108e+11
3.770000000000000018e+00 2.095189099857636108e+11
3.780000000000000249e+00 2.095189099857636108e+11
3.790000000000000036e+00 2.095189099857636108e+11
3.800000000000000266e+00 2.095189099857636108e+11
3.810000000000000053e+00 2.095189099857636108e+11
3.820000000000000284e+00 2.095189099857636108e+11
3.830000000000000071e+00 2.095189099857636108e+11
3.839999999999999858e+00 2.095189099857636108e+11
3.850000000000000089e+00 2.095189099857636108e+11
3.859999999999999876e+00 2.095189099857636108e+11
3.870000000000000107e+00 2.095189099857636108e+11
3.879999999999999893e+00 2.095189099857636108e+11
3.890000000000000124e+00 2.095189099857636108e+11
3.899999999999999911e+00 2.095189099857636108e+11
3.910000000000000142e+00 2.095189099857636108e+11
3.919999999999999929e+00 2.095189099857636108e+11
3.930000000000000160e+00 2.095189099857636108e+11
3.939999999999999947e+00 2.095189099857636108e+11
3.950000000000000178e+00 2.095189099857636108e+11
3.959999999999999964e+00 2.095189099857636108e+11
3.970000000000000195e+00 2.095189099857636108e+11
3.979999999999999982e+00 2.095189099857636108e+11
3.990000000000000213e+00 2.095189099857636108e+11
4.000000000000000000e+00 2.095189099857636108e+11
4.009999999999999787e+00 2.095189099857636108e+11
4.020000000000000462e+00 2.095189099857636108e+11
4.030000000000000249e+00 2.095189099857636108e+11
4.040000000000000036e+00 2.095189099857636108e+11
4.049999999999999822e+00 2.095189099857636108e+11
4.060000000000000497e+00 2.095189099857636108e+11
4.070000000000000284e+00 2.095189099857636108e+11
4.080000000000000071e+00 2.095189099857636108e+11
4.089999999999999858e+00 2.095189099857636108e+11
4.099999999999999645e+00 2.095189099857636108e+11
4.110000000000000320e+00 2.095189099857636108e+11
4.120000000000000107e+00 2.095189099857636108e+11
4.129999999999999893e+00 2.095189099857636108e+11
4.139999999999999680e+00 2.095189099857636108e+11
4.150000000000000355e+00 2.095189099857636108e+11
4.160000000000000142e+00 2.095189099857636108e+11
4.169999999999999929e+00 2.095189099857636108e+11
4.179999999999999716e+00 2.095189099857636108e+11
4.190000000000000391e+00 2.095189099857636108e+11
4.200000000000000178e+00 2.095189099857636108e+11
4.209999999999999964e+00 2.095189099857636108e+11
4.219999999999999751e+00 2.095189099857636108e+11
4.230000000000000426e+00 2.095189099857636108e+11
4.240000000000000213e+00 2.095189099857636108e+11
4.250000000000000000e+00 2.095189099857636108e+11
4.259999999999999787e+00 2.095189099857636108e+11
4.270000000000000462e+00 2.095189099857636108e+11
4.280000000000000249e+00 2.095189099857636108e+11
4.290000000000000036e+00 2.095189099857636108e+11
4.299999999999999822e+00 2.095189099857636108e+11
4.310000000000000497e+00 2.095189099857636108e+11
4.320000000000000284e+00 2.095189099857636108e+11
4.330000000000000071e+00 2.095189099857636108e+11
4.339999999999999858e+00 2.095189099857636108e+11
4.350000000000000533e+00 2.095189099857636108e+11
4.360000000000000320e+00 2.095189099857636108e+11
4.370000000000000107e+00 2.095189099857636108e+11
4.379999999999999893e+00 2.095189099857636108e+11
4.389999999999999680e+00 2.095189099857636108e+11
4.400000000000000355e+00 2.095189099857636108e+11
4.410000000000000142e+00 2.095189099857636108e+11
4.419999999999999929e+00 2.095189099857636108e+11
4.429999999999999716e+00 2.095189099857636108e+11
4.440000000000000391e+00 2.095189099857636108e+11
4.450000000000000178e+00 2.095189099857636108e+11
4.459999999999999964e+00 2.095189099857636108e+11
4.469999999999999751e+00 2.095189099857636108e+11
4.480000000000000426e+00 2.095189099857636108e+11
4.490000000000000213e+00 2.095189099857636108e+11
4.500000000000000000e+00 2.095189099857636108e+11
4.509999999999999787e+00 2.095189099857636108e+11
4.520000000000000462e+00 2.095189099857636108e+11
4.530000000000000249e+00 2.095189099857636108e+11
4.540000000000000036e+00 2.095189099857636108e+11
4.549999999999999822e+00 2.095189099857636108e+11
4.560000000000000497e+00 2.095189099857636108e+11
4.570000000000000284e+00 2.095189099857636108e+11
4.580000000000000071e+00 2.095189099857636108e+11
4.589999999999999858e+00 2.095189099857636108e+11
4.600000000000000533e+00 2.095189099857636108e+11
4.610000000000000320e+00 2.095189099857636108e+11
4.620000000000000107e+00 2.095189099857636108e+11
4.629999999999999893e+00 2.095189099857636108e+11
4.639999999999999680e+00 2.095189099857636108e+11
4.650000000000000355e+00 2.095189099857636108e+11
4.660000000000000142e+00 2.095189099857636108e+11
4.669999999999999929e+00 2.095189099857636108e+11
4.679999999999999716e+00 2.095189099857636108e+11
4.690000000000000391e+00 2.095189099857636108e+11
4.700000000000000178e+00 2.095189099857636108e+11
4.709999999999999964e+00 2.095189099857636108e+11
4.719999999999999751e+00 2.095189099857636108e+11
4.730000000000000426e+00 2.095189099857636108e+11
4.740000000000000213e+00 2.095189099857636108e+11
4.750000000000000000e+00 2.095189099857636108e+11
4.759999999999999787e+00 2.095189099857636108e+11
4.770000000000000462e+00 2.095189099857636108e+11
4.780000000000000249e+00 2.095189099857636108e+11
4.790000000000000036e+00 2.095189099857636108e+11
4.799999999999999822e+00 2.095189099857636108e+11
4.810000000000000497e+00 2.095189099857636108e+11
4.820000000000000284e+00 2.095189099857636108e+11
4.830000000000000071e+00 2.095189099857636108e+11
4.839999999999999858e+00 2.095189099857636108e+11
4.850000000000000533e+00 2.095189099857636108e+11
4.860000000000000320e+00 2.095189099857636108e+11
4.870000000000000107e+00 2.095189099857636108e+11
4.879999999999999893e+00 2.095189099857636108e+11
4.889999999999999680e+00 2.095189099857636108e+11
4.900000000000000355e+00 2.095189099857636108e+11
4.910000000000000142e+00 2.095189099857636108e+11
4.919999999999999929e+00 2.095189099857636108e+11
4.929999999999999716e+00 2.095189099857636108e+11
4.940000000000000391e+00 2.095189099857636108e+11
4.950000000000000178e+00 2.095189099857636108e+11
4.959999999999999964e+00 2.095189099857636108e+11
4.969999999999999751e+00 2.095189099857636108e+11
4.980000000000000426e+00 2.095189099857636108e+11
4.990000000000000213e+00 2.095189099857636108e+11
5.000000000000000000e+00 2.095189099857636108e+11
5.009999999999999787e+00 2.095189099857636108e+11
5.020000000000000462e+00 2.095189099857636108e+11
5.030000000000000249e+00 2.095189099857636108e+11
5.040000000000000036e+00 2.095189099857636108e+11
5.049999999999999822e+00 2.095189099857636108e+11
5.060000000000000497e+00 2.095189099857636108e+11
5.070000000000000284e+00 2.095189099857636108e+11
5.080000000000000071e+00 2.095189099857636108e+11
5.089999999999999858e+00 2.095189099857636108e+11
5.100000000000000533e+00 2.095189099857636108e+11
5.110000000000000320e+00 2.095189099857636108e+11
5.120000000000000107e+00 2.095189099857636108e+11
5.129999999999999893e+00 2.095189099857636108e+11
5.139999999999999680e+00 2.095189099857636108e+11
5.150000000000000355e+00 2.095189099857636108e+11
5.160000000000000142e+00 2.095189099857636108e+11
5.169999999999999929e+00 2.095189099857636108e+11
5.179999999999999716e+00 2.095189099857636108e+11
5.190000000000000391e+00 2.095189099857636108e+11
5.200000000000000178e+00 2.095189099857636108e+11
5.209999999999999964e+00 2.095189099857636108e+11
5.219999999999999751e+00 2.095189099857636108e+11
5.230000000000000426e+00 2.095189099857636108e+11
5.240000000000000213e+00 2.095189099857636108e+11
5.250000000000000000e+00 2.095189099857636108e+11
5.259999999999999787e+00 2.095189099857636108e+11
5.270000000000000462e+00 2.095189099857636108e+11
5.280000000000000249e+00 2.095189099857636108e+11
5.290000000000000036e+00 2.095189099857636108e+11
5.299999999999999822e+00 2.095189099857636108e+11
5.310000000000000497e+00 2.095189099857636108e+11
5.320000000000000284e+00 2.095189099857636108e+11
5.330000000000000071e+00 2.095189099857636108e+11
5.339999999999999858e+00 2.095189099857636108e+11
5.350000000000000533e+00 2.095189099857636108e+11
5.360000000000000320e+00 2.095189099857636108e+11
5.370000000000000107e+00 2.095189099857636108e+11
5.379999999999999893e+00 2.095189099857636108e+11
5.389999999999999680e+00 2.095189099857636108e+11
5.400000000000000355e+00 2.095189099857636108e+11
5.410000000000000142e+00 2.095189099857636108e+11
5.419999999999999929e+00 2.095189099857636108e+11
5.429999999999999716e+00 2.095189099857636108e+11
5.440000000000000391e+00 2.095189099857636108e+11
5.450000000000000178e+00 2.095189099857636108e+11
5.459999999999999964e+00 2.095189099857636108e+11
5.469999999999999751e+00 2.095189099857636108e+11
5.480000000000000426e+00 2.095189099857636108e+11
5.490000000000000213e+00 2.095189099857636108e+11
5.500000000000000000e+00 2.095189099857636108e+11
5.509999999999999787e+00 2.095189099857636108e+11
5.520000000000000462e+00 2.095189099857636108e+11
5.530000000000000249e+00 2.095189099857636108e+11
5.540000000000000036e+00 2.095189099857636108e+11
5.549999999999999822e+00 2.095189099857636108e+11
5.560000000000000497e+00 2.095189099857636108e+11
5.570000000000000284e+00 2.095189099857636108e+11
5.580000000000000071e+00 2.095189099857636108e+11
5.589999999999999858e+00 2.095189099857636108e+11
5.600000000000000533e+00 2.095189099857636108e+11
5.610000000000000320e+00 2.095189099857636108e+11
5.620000000000000107e+00 2.095189099857636108e+11
5.629999999999999893e+00 2.095189099857636108e+11
5.639999999999999680e+00 2.095189099857636108e+11
5.650000000000000355e+00 2.095189099857636108e+11
5.660000000000000142e+00 2.095189099857636108e+11
5.669999999999999929e+00 2.095189099857636108e+11
5.679999999999999716e+00 2.095189099857636108e+11
5.690000000000000391e+00 2.095189099857636108e+11
5.700000000000000178e+00 2.095189099857636108e+11
5.709999999999999964e+00 2.095189099857636108e+11
5.719999999999999751e+00 2.095189099857636108e+11
5.730000000000000426e+00 2.095189099857636108e+11
5.740000000000000213e+00 2.095189099857636108e+11
5.750000000000000000e+00 2.095189099857636108e+11
5.759999999999999787e+00 2.095189099857636108e+11
5.770000000000000462e+00 2.095189099857636108e+11
5.780000000000000249e+00 2.095189099857636108e+11
5.790000000000000036e+00 2.095189099857636108e+11
5.799999999999999822e+00 2.095189099857636108e+11
5.810000000000000497e+00 2.095189099857636108e+11
5.820000000000000284e+00 2.095189099857636108e+11
5.830000000000000071e+00 2.095189099857636108e+11
5.839999999999999858e+00 2.095189099857636108e+11
5.850000000000000533e+00 2.095189099857636108e+11
5.860000000000000320e+00 2.095189099857636108e+11
5.870000000000000107e+00 2.095189099857636108e+11
5.879999999999999893e+00 2.095189099857636108e+11
5.889999999999999680e+00 2.095189099857636108e+11
5.900000000000000355e+00 2.095189099857636108e+11
5.910000000000000142e+00 2.095189099857636108e+11
5.919999999999999929e+00 2.095189099857636108e+11
5.929999999999999716e+00 2.095189099857636108e+11
5.940000000000000391e+00 2.095189099857636108e+11
5.950000000000000178e+00 2.095189099857636108e+11
5.959999999999999964e+00 2.095189099857636108e+11
5.969999999999999751e+00 2.095189099857636108e+11
5.980000000000000426e+00 2.095189099857636108e+11
5.990000000000000213e+00 2.095189099857636108e+11
6.000000000000000000e+00 2.095189099857636108e+11
6.009999999999999787e+00 2.095189099857636108e+11
6.020000000000000462e+00 2.095189099857636108e+11
6.030000000000000249e+00 2.095189099857636108e+11
6.040000000000000036e+00 2.095189099857636108e+11
6.049999999999999822e+00 2.095189099857636108e+11
6.060000000000000497e+00 2.095189099857636108e+11
6.070000000000000284e+00 2.095189099857636108e+11
6.080000000000000071e+00 2.095189099857636108e+11
6.089999999999999858e+00 2.095189099857636108e+11
6.100000000000000533e+00 2.095189099857636108e+11
6.110000000000000320e+00 2.095189099857636108e+11
6.120000000000000107e+00 2.095189099857636108e+11
6.129999999999999893e+00 2.095189099857636108e+11
6.140000000000000568e+00 2.095189099857636108e+11
6.150000000000000355e+00 2.095189099857636108e+11
6.160000000000000142e+00 2.095189099857636108e+11
6.169999999999999929e+00 2.095189099857636108e+11
6.179999999999999716e+00 2.095189099857636108e+11
6.190000000000000391e+00 2.095189099857636108e+11
6.200000000000000178e+00 2.095189099857636108e+11
6.209999999999999964e+00 2.095189099857636108e+11
6.219999999999999751e+00 2.095189099857636108e+11
6.230000000000000426e+00 2.095189099857636108e+11
6.240000000000000213e+00 2.095189099857636108e+11
6.250000000000000000e+00 2.095189099857636108e+11
6.259999999999999787e+00 2.095189099857636108e+11
6.270000000000000462e+00 2.095189099857636108e+11
6.280000000000000249e+00 2.095189099857636108e+11
6.290000000000000036e+00 2.095189099857636108e+11
6.299999999999999822e+00 2.095189099857636108e+11
6.310000000000000497e+00 2.095189099857636108e+11
6.320000000000000284e+00 2.095189099857636108e+11
6.330000000000000071e+00 2.095189099857636108e+11
6.339999999999999858e+00 2.095189099857636108e+11
6.350000000000000533e+00 2.095189099857636108e+11
6.360000000000000320e+00 2.095189099857636108e+11
6.370000000000000107e+00 2.095189099857636108e+11
6.379999999999999893e+00 2.095189099857636108e+11
6.390000000000000568e+00 2.095189099857636108e+11
6.400000000000000355e+00 2.095189099857636108e+11
6.410000000000000142e+00 2.095189099857636108e+11
6.419999999999999929e+00 2.095189099857636108e+11
6.429999999999999716e+00 2.095189099857636108e+11
6.440000000000000391e+00 2.095189099857636108e+11
6.450000000000000178e+00 2.095189099857636108e+11
6.459999999999999964e+00 2.095189099857636108e+11
6.469999999999999751e+00 2.095189099857636108e+11
6.480000000000000426e+00 2.095189099857636108e+11
6.490000000000000213e+00 2.095189099857636108e+11
6.500000000000000000e+00 2.095189099857636108e+11
6.509999999999999787e+00 2.095189099857636108e+11
6.520000000000000462e+00 2.095189099857636108e+11
6.530000000000000249e+00 2.095189099857636108e+11
6.540000000000000036e+00 2.095189099857636108e+11
6.549999999999999822e+00 2.095189099857636108e+11
6.560000000000000497e+00 2.095189099857636108e+11
6.570000000000000284e+00 2.095189099857636108e+11
6.580000000000000071e+00 2.095189099857636108e+11
6.589999999999999858e+00 2.095189099857636108e+11
6.600000000000000533e+00 2.095189099857636108e+11
6.610000000000000320e+00 2.095189099857636108e+11
6.620000000000000107e+00 2.095189099857636108e+11
6.629999999999999893e+00 2.095189099857636108e+11
6.640000000000000568e+00 2.095189099857636108e+11
6.650000000000000355e+00 2.095189099857636108e+11
6.660000000000000142e+00 2.095189099857636108e+11
6.669999999999999929e+00 2.095189099857636108e+11
6.679999999999999716e+00 2.095189099857636108e+11
6.690000000000000391e+00 2.095189099857636108e+11
6.700000000000000178e+00 2.095189099857636108e+11
6.709999999999999964e+00 2.095189099857636108e+11
6.719999999999999751e+00 2.095189099857636108e+11
6.730000000000000426e+00 2.095189099857636108e+11
6.740000000000000213e+00 2.095189099857636108e+11
6.750000000000000000e+00 2.095189099857636108e+11
6.759999999999999787e+00 2.095189099857636108e+11
6.770000000000000462e+00 2.095189099857636108e+11
6.780000000000000249e+00 2.095189099857636108e+11
6.790000000000000036e+00 2.095189099857636108e+11
6.799999999999999822e+00 2.095189099857636108e+11
6.810000000000000497e+00 2.095189099857636108e+11
6.820000000000000284e+00 2.095189099857636108e+11
6.830000000000000071e+00 2.095189099857636108e+11
6.839999999999999858e+00 2.095189099857636108e+11
6.850000000000000533e+00 2.095189099857636108e+11
6.860000000000000320e+00 2.095189099857636108e+11
6.870000000000000107e+00 2.095189099857636108e+11
6.879999999999999893e+00 2.095189099857636108e+11
6.890000000000000568e+00 2.095189099857636108e+11
6.900000000000000355e+00 2.095189099857636108e+11
6.910000000000000142e+00 2.095189099857636108e+11
6.919999999999999929e+00 2.095189099857636108e+11
6.929999999999999716e+00 2.095189099857636108e+11
6.940000000000000391e+00 2.095189099857636108e+11
6.950000000000000178e+00 2.095189099857636108e+11
6.959999999999999964e+00 2.095189099857636108e+11
6.969999999999999751e+00 2.095189099857636108e+11
6.980000000000000426e+00 2.095189099857636108e+11
6.990000000000000213e+00 2.095189099857636108e+11
7.000000000000000000e+00 2.095189099857636108e+11
7.009999999999999787e+00 2.095189099857636108e+11
7.020000000000000462e+00 2.095189099857636108e+11
7.030000000000000249e+00 2.095189099857636108e+11
7.040000000000000036e+00 2.095189099857636108e+11
7.049999999999999822e+00 2.095189099857636108e+11
7.060000000000000497e+00 2.095189099857636108e+11
7.070000000000000284e+00 2.095189099857636108e+11
7.080000000000000071e+00 2.095189099857636108e+11
7.089999999999999858e+00 2.095189099857636108e+11
7.100000000000000533e+00 2.095189099857636108e+11
7.110000000000000320e+00 2.095189099857636108e+11
7.120000000000000107e+00 2.095189099857636108e+11
7.129999999999999893e+00 2.095189099857636108e+11
7.140000000000000568e+00 2.095189099857636108e+11
7.150000000000000355e+00 2.095189099857636108e+11
7.160000000000000142e+00 2.095189099857636108e+11
7.169999999999999929e+00 2.095189099857636108e+11
7.179999999999999716e+00 2.095189099857636108e+11
7.190000000000000391e+00 2.095189099857636108e+11
7.200000000000000178e+00 2.095189099857636108e+11
7.209999999999999964e+00 2.095189099857636108e+11
7.219999999999999751e+00 2.095189099857636108e+11
7.230000000000000426e+00 2.095189099857636108e+11
7.240000000000000213e+00 2.095189099857636108e+11
7.250000000000000000e+00 2.095189099857636108e+11
7.259999999999999787e+00 2.095189099857636108e+11
7.270000000000000462e+00 2.095189099857636108e+11
7.280000000000000249e+00 2.095189099857636108e+11
7.290000000000000036e+00 2.095189099857636108e+11
7.299999999999999822e+00 2.095189099857636108e+11
7.310000000000000497e+00 2.095189099857636108e+11
7.320000000000000284e+00 2.095189099857636108e+11
7.330000000000000071e+00 2.095189099857636108e+11
7.339999999999999858e+00 2.095189099857636108e+11
7.350000000000000533e+00 2.095189099857636108e+11
7.360000000000000320e+00 2.095189099857636108e+11
7.370000000000000107e+00 2.095189099857636108e+11
7.379999999999999893e+00 2.095189099857636108e+11
7.390000000000000568e+00 2.095189099857636108e+11
7.400000000000000355e+00 2.095189099857636108e+11
7.410000000000000142e+00 2.095189099857636108e+11
7.419999999999999929e+00 2.095189099857636108e+11
7.429999999999999716e+00 2.095189099857636108e+11
7.440000000000000391e+00 2.095189099857636108e+11
7.450000000000000178e+00 2.095189099857636108e+11
7.459999999999999964e+00 2.095189099857636108e+11
7.469999999999999751e+00 2.095189099857636108e+11
7.480000000000000426e+00 2.095189099857636108e+11
7.490000000000000213e+00 2.095189099857636108e+11
7.500000000000000000e+00 2.095189099857636108e+11
7.509999999999999787e+00 2.095189099857636108e+11
7.520000000000000462e+00 2.095189099857636108e+11
7.530000000000000249e+00 2.095189099857636108e+11
7.540000000000000036e+00 2.095189099857636108e+11
7.549999999999999822e+00 2.095189099857636108e+11
7.560000000000000497e+00 2.095189099857636108e+11
7.570000000000000284e+00 2.095189099857636108e+11
7.580000000000000071e+00 2.095189099857636108e+11
7.589999999999999858e+00 2.095189099857636108e+11
7.600000000000000533e+00 2.095189099857636108e+11
7.610000000000000320e+00 2.095189099857636108e+11
7.620000000000000107e+00 2.095189099857636108e+11
7.629999999999999893e+00 2.095189099857636108e+11
7.640000000000000568e+00 2.095189099857636108e+11
7.650000000000000355e+00 2.095189099857636108e+11
7.660000000000000142e+00 2.095189099857636108e+11
7.669999999999999929e+00 2.095189099857636108e+11
7.679999999999999716e+00 2.095189099857636108e+11
7.690000000000000391e+00 2.095189099857636108e+11
7.700000000000000178e+00 2.095189099857636108e+11
7.709999999999999964e+00 2.095189099857636108e+11
7.719999999999999751e+00 2.095189099857636108e+11
7.730000000000000426e+00 2.095189099857636108e+11
7.740000000000000213e+00 2.095189099857636108e+11
7.750000000000000000e+00 2.095189099857636108e+11
7.759999999999999787e+00 2.095189099857636108e+11
7.770000000000000462e+00 2.095189099857636108e+11
7.780000000000000249e+00 2.095189099857636108e+11
7.790000000000000036e+00 2.095189099857636108e+11
7.799999999999999822e+00 2.095189099857636108e+11
7.810000000000000497e+00 2.095189099857636108e+11
7.820000000000000284e+00 2.095189099857636108e+11
7.830000000000000071e+00 2.095189099857636108e+11
7.839999999999999858e+00 2.095189099857636108e+11
7.850000000000000533e+00 2.095189099857636108e+11
7.860000000000000320e+00 2.095189099857636108e+11
7.870000000000000107e+00 2.095189099857636108e+11
7.879999999999999893e+00 2.095189099857636108e+11
7.890000000000000568e+00 2.095189099857636108e+11
7.900000000000000355e+00 2.095189099857636108e+11
7.910000000000000142e+00 2.095189099857636108e+11
7.919999999999999929e+00 2.095189099857636108e+11
7.930000000000000604e+00 2.095189099857636108e+11
7.940000000000000391e+00 2.095189099857636108e+11
7.950000000000000178e+00 2.095189099857636108e+11
7.959999999999999964e+00 2.095189099857636108e+11
7.969999999999999751e+00 2.095189099857636108e+11
7.980000000000000426e+00 2.095189099857636108e+11
7.990000000000000213e+00 2.095189099857636108e+11
8.000000000000000000e+00 2.095189099857636108e+11
8.009999999999999787e+00 2.095189099857636108e+11
8.019999999999999574e+00 2.095189099857636108e+11
8.029999999999999361e+00 2.095189099857636108e+11
8.040000000000000924e+00 2.095189099857636108e+11
8.050000000000000711e+00 2.095189099857636108e+11
8.060000000000000497e+00 2.095189099857636108e+11
8.070000000000000284e+00 2.095189099857636108e+11
8.080000000000000071e+00 2.095189099857636108e+11
8.089999999999999858e+00 2.095189099857636108e+11
8.099999999999999645e+00 2.095189099857636108e+11
8.109999999999999432e+00 2.095189099857636108e+11
8.120000000000000995e+00 2.095189099857636108e+11
8.130000000000000782e+00 2.095189099857636108e+11
8.140000000000000568e+00 2.095189099857636108e+11
8.150000000000000355e+00 2.095189099857636108e+11
8.160000000000000142e+00 2.095189099857636108e+11
8.169999999999999929e+00 2.095189099857636108e+11
8.179999999999999716e+00 2.095189099857636108e+11
8.189999999999999503e+00 2.095189099857636108e+11
8.199999999999999289e+00 2.095189099857636108e+11
8.210000000000000853e+00 2.095189099857636108e+11
8.220000000000000639e+00 2.095189099857636108e+11
8.230000000000000426e+00 2.095189099857636108e+11
8.240000000000000213e+00 2.095189099857636108e+11
8.250000000000000000e+00 2.095189099857636108e+11
8.259999999999999787e+00 2.095189099857636108e+11
8.269999999999999574e+00 2.095189099857636108e+11
8.279999999999999361e+00 2.095189099857636108e+11
8.290000000000000924e+00 2.095189099857636108e+11
8.300000000000000711e+00 2.095189099857636108e+11
8.310000000000000497e+00 2.095189099857636108e+11
8.320000000000000284e+00 2.095189099857636108e+11
8.330000000000000071e+00 2.095189099857636108e+11
8.339999999999999858e+00 2.095189099857636108e+11
8.349999999999999645e+00 2.095189099857636108e+11
8.359999999999999432e+00 2.095189099857636108e+11
8.370000000000000995e+00 2.095189099857636108e+11
8.380000000000000782e+00 2.095189099857636108e+11
8.390000000000000568e+00 2.095189099857636108e+11
8.400000000000000355e+00 2.095189099857636108e+11
8.410000000000000142e+00 2.095189099857636108e+11
8.419999999999999929e+00 2.095189099857636108e+11
8.429999999999999716e+00 2.095189099857636108e+11
8.439999999999999503e+00 2.095189099857636108e+11
8.449999999999999289e+00 2.095189099857636108e+11
8.460000000000000853e+00 2.095189099857636108e+11
8.470000000000000639e+00 2.095189099857636108e+11
8.480000000000000426e+00 2.095189099857636108e+11
8.490000000000000213e+00 2.095189099857636108e+11
8.500000000000000000e+00 2.095189099857636108e+11
8.509999999999999787e+00 2.095189099857636108e+11
8.519999999999999574e+00 2.095189099857636108e+11
8.529999999999999361e+00 2.095189099857636108e+11
8.540000000000000924e+00 2.095189099857636108e+11
8.550000000000000711e+00 2.095189099857636108e+11
8.560000000000000497e+00 2.095189099857636108e+11
8.570000000000000284e+00 2.095189099857636108e+11
8.580000000000000071e+00 2.095189099857636108e+11
8.589999999999999858e+00 2.095189099857636108e+11
8.599999999999999645e+00 2.095189099857636108e+11
8.609999999999999432e+00 2.095189099857636108e+11
8.620000000000000995e+00 2.095189099857636108e+11
8.630000000000000782e+00 2.095189099857636108e+11
8.640000000000000568e+00 2.095189099857636108e+11
8.650000000000000355e+00 2.095189099857636108e+11
8.660000000000000142e+00 2.095189099857636108e+11
8.669999999999999929e+00 2.095189099857636108e+11
8.679999999999999716e+00 2.095189099857636108e+11
8.689999999999999503e+00 2.095189099857636108e+11
8.700000000000001066e+00 2.095189099857636108e+11
8.710000000000000853e+00 2.095189099857636108e+11
8.720000000000000639e+00 2.095189099857636108e+11
8.730000000000000426e+00 2.095189099857636108e+11
8.740000000000000213e+00 2.095189099857636108e+11
8.750000000000000000e+00 2.095189099857636108e+11
8.759999999999999787e+00 2.095189099857636108e+11
8.769999999999999574e+00 2.095189099857636108e+11
8.779999999999999361e+00 2.095189099857636108e+11
8.790000000000000924e+00 2.095189099857636108e+11
8.800000000000000711e+00 2.095189099857636108e+11
8.810000000000000497e+00 2.095189099857636108e+11
8.820000000000000284e+00 2.095189099857636108e+11
8.830000000000000071e+00 2.095189099857636108e+11
8.839999999999999858e+00 2.095189099857636108e+11
8.849999999999999645e+00 2.095189099857636108e+11
8.859999999999999432e+00 2.095189099857636108e+11
8.870000000000000995e+00 2.095189099857636108e+11
8.880000000000000782e+00 2.095189099857636108e+11
8.890000000000000568e+00 2.095189099857636108e+11
8.900000000000000355e+00 2.095189099857636108e+11
8.910000000000000142e+00 2.095189099857636108e+11
8.919999999999999929e+00 2.095189099857636108e+11
8.929999999999999716e+00 2.095189099857636108e+11
8.939999999999999503e+00 2.095189099857636108e+11
8.950000000000001066e+00 2.095189099857636108e+11
8.960000000000000853e+00 2.095189099857636108e+11
8.970000000000000639e+00 2.095189099857636108e+11
8.980000000000000426e+00 2.095189099857636108e+11
8.990000000000000213e+00 2.095189099857636108e+11
9.000000000000000000e+00 2.095189099857636108e+11
9.009999999999999787e+00 2.095189099857636108e+11
9.019999999999999574e+00 2.095189099857636108e+11
9.029999999999999361e+00 2.095189099857636108e+11
9.040000000000000924e+00 2.095189099857636108e+11
9.050000000000000711e+00 2.095189099857636108e+11
9.060000000000000497e+00 2.095189099857636108e+11
9.070000000000000284e+00 2.095189099857636108e+11
9.080000000000000071e+00 2.095189099857636108e+11
9.089999999999999858e+00 2.095189099857636108e+11
9.099999999999999645e+00 2.095189099857636108e+11
9.109999999999999432e+00 2.095189099857636108e+11
9.120000000000000995e+00 2.095189099857636108e+11
9.130000000000000782e+00 2.095189099857636108e+11
9.140000000000000568e+00 2.095189099857636108e+11
9.150000000000000355e+00 2.095189099857636108e+11
9.160000000000000142e+00 2.095189099857636108e+11
9.169999999999999929e+00 2.095189099857636108e+11
9.179999999999999716e+00 2.095189099857636108e+11
9.189999999999999503e+00 2.095189099857636108e+11
9.200000000000001066e+00 2.095189099857636108e+11
9.210000000000000853e+00 2.095189099857636108e+11
9.220000000000000639e+00 2.095189099857636108e+11
9.230000000000000426e+00 2.095189099857636108e+11
9.240000000000000213e+00 2.095189099857636108e+11
9.250000000000000000e+00 2.095189099857636108e+11
9.259999999999999787e+00 2.095189099857636108e+11
9.269999999999999574e+00 2.095189099857636108e+11
9.279999999999999361e+00 2.095189099857636108e+11
9.290000000000000924e+00 2.095189099857636108e+11
9.300000000000000711e+00 2.095189099857636108e+11
9.310000000000000497e+00 2.095189099857636108e+11
9.320000000000000284e+00 2.095189099857636108e+11
9.330000000000000071e+00 2.095189099857636108e+11
9.339999999999999858e+00 2.095189099857636108e+11
9.349999999999999645e+00 2.095189099857636108e+11
9.359999999999999432e+00 2.095189099857636108e+11
9.370000000000000995e+00 2.095189099857636108e+11
9.380000000000000782e+00 2.095189099857636108e+11
9.390000000000000568e+00 2.095189099857636108e+11
9.400000000000000355e+00 2.095189099857636108e+11
9.410000000000000142e+00 2.095189099857636108e+11
9.419999999999999929e+00 2.095189099857636108e+11
9.429999999999999716e+00 2.095189099857636108e+11
9.439999999999999503e+00 2.095189099857636108e+11
9.450000000000001066e+00 2.095189099857636108e+11
9.460000000000000853e+00 2.095189099857636108e+11
9.470000000000000639e+00 2.095189099857636108e+11
9.480000000000000426e+00 2.095189099857636108e+11
9.490000000000000213e+00 2.095189099857636108e+11
9.500000000000000000e+00 2.095189099857636108e+11
9.509999999999999787e+00 2.095189099857636108e+11
9.519999999999999574e+00 2.095189099857636108e+11
9.529999999999999361e+00 2.095189099857636108e+11
9.540000000000000924e+00 2.095189099857636108e+11
9.550000000000000711e+00 2.095189099857636108e+11
9.560000000000000497e+00 2.095189099857636108e+11
9.570000000000000284e+00 2.095189099857636108e+11
9.580000000000000071e+00 2.095189099857636108e+11
9.589999999999999858e+00 2.095189099857636108e+11
9.599999999999999645e+00 2.095189099857636108e+11
9.609999999999999432e+00 2.095189099857636108e+11
9.620000000000000995e+00 2.095189099857636108e+11
9.630000000000000782e+00 2.095189099857636108e+11
9.640000000000000568e+00 2.095189099857636108e+11
9.650000000000000355e+00 2.095189099857636108e+11
9.660000000000000142e+00 2.095189099857636108e+11
9.669999999999999929e+00 2.095189099857636108e+11
9.679999999999999716e+00 2.095189099857636108e+11
9.689999999999999503e+00 2.095189099857636108e+11
9.700000000000001066e+00 2.095189099857636108e+11
9.710000000000000853e+00 2.095189099857636108e+11
9.720000000000000639e+00 2.095189099857636108e+11
9.730000000000000426e+00 2.095189099857636108e+11
9.740000000000000213e+00 2.095189099857636108e+11
9.750000000000000000e+00 2.095189099857636108e+11
9.759999999999999787e+00 2.095189099857636108e+11
9.769999999999999574e+00 2.095189099857636108e+11
9.779999999999999361e+00 2.095189099857636108e+11
9.790000000000000924e+00 2.095189099857636108e+11
9.800000000000000711e+00 2.095189099857636108e+11
9.810000000000000497e+00 2.095189099857636108e+11
9.820000000000000284e+00 2.095189099857636108e+11
9.830000000000000071e+00 2.095189099857636108e+11
9.839999999999999858e+00 2.095189099857636108e+11
9.849999999999999645e+00 2.095189099857636108e+11
9.859999999999999432e+00 2.095189099857636108e+11
9.870000000000000995e+00 2.095189099857636108e+11
9.880000000000000782e+00 2.095189099857636108e+11
9.890000000000000568e+00 2.095189099857636108e+11
9.900000000000000355e+00 2.095189099857636108e+11
9.910000000000000142e+00 2.095189099857636108e+11
9.919999999999999929e+00 2.095189099857636108e+11
9.929999999999999716e+00 2.095189099857636108e+11
9.939999999999999503e+00 2.095189099857636108e+11
9.950000000000001066e+00 2.095189099857636108e+11
9.960000000000000853e+00 2.095189099857636108e+11
9.970000000000000639e+00 2.095189099857636108e+11
