0.000000000000000000e+00 2.999925691709943651e-02
1.000000000000000021e-02 2.999925691709521766e-02
2.000000000000000042e-02 2.999925691709900630e-02
2.999999999999999889e-02 2.999925691709858649e-02
4.000000000000000083e-02 2.999925691710278106e-02
5.000000000000000278e-02 2.999925691709741035e-02
5.999999999999999778e-02 2.999925691710065428e-02
7.000000000000000666e-02 2.999925691709707035e-02
8.000000000000000167e-02 2.999925691709857956e-02
8.999999999999999667e-02 2.999925691709790995e-02
1.000000000000000056e-01 2.999925691709859690e-02
1.100000000000000006e-01 2.999925691709927691e-02
1.199999999999999956e-01 2.999925691709895773e-02
1.300000000000000044e-01 2.999925691709396172e-02
1.400000000000000133e-01 2.999925691710039755e-02
1.499999999999999944e-01 2.999925691709642156e-02
1.600000000000000033e-01 2.999925691709482214e-02
1.700000000000000122e-01 2.999925691709919018e-02
1.799999999999999933e-01 2.999925691709827077e-02
1.900000000000000022e-01 2.999925691709869058e-02
2.000000000000000111e-01 2.999925691709736178e-02
2.099999999999999922e-01 2.999925691709851364e-02
2.200000000000000011e-01 2.999925691709798281e-02
2.300000000000000100e-01 2.999925691709728892e-02
2.399999999999999911e-01 2.999925691709791342e-02
2.500000000000000000e-01 2.999925691710236819e-02
2.600000000000000089e-01 2.999925691709942610e-02
2.700000000000000178e-01 2.999925691710095266e-02
2.800000000000000266e-01 2.999925691709967243e-02
2.899999999999999800e-01 2.999925691710131348e-02
2.999999999999999889e-01 2.999925691709882242e-02
3.099999999999999978e-01 2.999925691709798281e-02
3.200000000000000067e-01 2.999925691709669218e-02
3.300000000000000155e-01 2.999925691709828118e-02
3.400000000000000244e-01 2.999925691709935324e-02
3.500000000000000333e-01 2.999925691709555767e-02
3.599999999999999867e-01 2.999925691709649095e-02
3.699999999999999956e-01 2.999925691709829853e-02
3.800000000000000044e-01 2.999925691709752137e-02
3.900000000000000133e-01 2.999925691709875303e-02
4.000000000000000222e-01 2.999925691709545705e-02
4.100000000000000311e-01 2.999925691710035591e-02
4.199999999999999845e-01 2.999925691709817363e-02
4.299999999999999933e-01 2.999925691710310025e-02
4.400000000000000022e-01 2.999925691709661585e-02
4.500000000000000111e-01 2.999925691709580400e-02
4.600000000000000200e-01 2.999925691709851711e-02
4.700000000000000289e-01 2.999925691709724035e-02
4.799999999999999822e-01 2.999925691709868364e-02
4.899999999999999911e-01 2.999925691709701830e-02
5.000000000000000000e-01 2.999925691710048775e-02
5.100000000000000089e-01 2.999925691709522807e-02
5.200000000000000178e-01 2.999925691709836445e-02
5.300000000000000266e-01 2.999925691709617523e-02
5.400000000000000355e-01 2.999925691709750403e-02
5.500000000000000444e-01 2.999925691709860731e-02
5.600000000000000533e-01 2.999925691709899936e-02
5.700000000000000622e-01 2.999925691710136205e-02
5.799999999999999600e-01 2.999925691709874262e-02
5.899999999999999689e-01 2.999925691709745545e-02
5.999999999999999778e-01 2.999925691710022407e-02
6.099999999999999867e-01 2.999925691709805567e-02
6.199999999999999956e-01 2.999925691709759076e-02
6.300000000000000044e-01 2.999925691709603298e-02
6.400000000000000133e-01 2.999925691710127879e-02
6.500000000000000222e-01 2.999925691709862119e-02
6.600000000000000311e-01 2.999925691710001591e-02
6.700000000000000400e-01 2.999925691709938100e-02
6.800000000000000488e-01 2.999925691710120940e-02
6.900000000000000577e-01 2.999925691709861425e-02
7.000000000000000666e-01 2.999925691709699402e-02
7.099999999999999645e-01 2.999925691709884323e-02
7.199999999999999734e-01 2.999925691709746586e-02
7.299999999999999822e-01 2.999925691710180267e-02
7.399999999999999911e-01 2.999925691709921100e-02
7.500000000000000000e-01 2.999925691709885711e-02
7.600000000000000089e-01 2.999925691709907916e-02
7.700000000000000178e-01 2.999925691709598441e-02
7.800000000000000266e-01 2.999925691709576583e-02
7.900000000000000355e-01 2.999925691709726810e-02
8.000000000000000444e-01 2.999925691709774689e-02
8.100000000000000533e-01 2.999925691709817710e-02
8.200000000000000622e-01 2.999925691709877384e-02
8.300000000000000711e-01 2.999925691709992570e-02
8.399999999999999689e-01 2.999925691710065775e-02
8.499999999999999778e-01 2.999925691710004019e-02
8.599999999999999867e-01 2.999925691710104980e-02
8.699999999999999956e-01 2.999925691709846506e-02
8.800000000000000044e-01 2.999925691710005754e-02
8.900000000000000133e-01 2.999925691710017550e-02
9.000000000000000222e-01 2.999925691710016509e-02
9.100000000000000311e-01 2.999925691709624809e-02
9.200000000000000400e-01 2.999925691709742770e-02
9.300000000000000488e-01 2.999925691709644238e-02
9.400000000000000577e-01 2.999925691710044612e-02
9.500000000000000666e-01 2.999925691709855180e-02
9.599999999999999645e-01 2.999925691709827424e-02
9.699999999999999734e-01 2.999925691709767056e-02
9.799999999999999822e-01 2.999925691710091102e-02
9.899999999999999911e-01 2.999925691709627584e-02
1.000000000000000000e+00 2.999925691710051204e-02
1.010000000000000009e+00 2.999925691709812159e-02
1.020000000000000018e+00 2.999925691709991876e-02
1.030000000000000027e+00 2.999925691709941916e-02
1.040000000000000036e+00 2.999925691709872180e-02
1.050000000000000044e+00 2.999925691709934283e-02
1.060000000000000053e+00 2.999925691709920406e-02
1.070000000000000062e+00 2.999925691709817363e-02
1.080000000000000071e+00 2.999925691710060918e-02
1.090000000000000080e+00 2.999925691709601910e-02
1.100000000000000089e+00 2.999925691709839221e-02
1.110000000000000098e+00 2.999925691710014081e-02
1.120000000000000107e+00 2.999925691709908609e-02
1.130000000000000115e+00 2.999925691709817016e-02
1.140000000000000124e+00 2.999925691709937753e-02
1.150000000000000133e+00 2.999925691709775730e-02
1.159999999999999920e+00 2.999925691709796893e-02
1.169999999999999929e+00 2.999925691709681708e-02
1.179999999999999938e+00 2.999925691709956488e-02
1.189999999999999947e+00 2.999925691709843731e-02
1.199999999999999956e+00 2.999925691709976958e-02
1.209999999999999964e+00 2.999925691709981121e-02
1.219999999999999973e+00 2.999925691710055367e-02
1.229999999999999982e+00 2.999925691709775036e-02
1.239999999999999991e+00 2.999925691709836445e-02
1.250000000000000000e+00 2.999925691709984243e-02
1.260000000000000009e+00 2.999925691709892650e-02
1.270000000000000018e+00 2.999925691709874262e-02
1.280000000000000027e+00 2.999925691709875997e-02
1.290000000000000036e+00 2.999925691709955100e-02
1.300000000000000044e+00 2.999925691709857262e-02
1.310000000000000053e+00 2.999925691709928038e-02
1.320000000000000062e+00 2.999925691709956835e-02
1.330000000000000071e+00 2.999925691709819445e-02
1.340000000000000080e+00 2.999925691709812853e-02
1.350000000000000089e+00 2.999925691709800363e-02
1.360000000000000098e+00 2.999925691709840261e-02
1.370000000000000107e+00 2.999925691709856915e-02
1.380000000000000115e+00 2.999925691709805220e-02
1.390000000000000124e+00 2.999925691709762199e-02
1.400000000000000133e+00 2.999925691709873915e-02
1.409999999999999920e+00 2.999925691709846159e-02
1.419999999999999929e+00 2.999925691709866976e-02
1.429999999999999938e+00 2.999925691709786485e-02
1.439999999999999947e+00 2.999925691709820486e-02
1.449999999999999956e+00 2.999925691709858649e-02
1.459999999999999964e+00 2.999925691709791342e-02
1.469999999999999973e+00 2.999925691709948508e-02
1.479999999999999982e+00 2.999925691709750403e-02
1.489999999999999991e+00 2.999925691709862813e-02
1.500000000000000000e+00 2.999925691709692116e-02
1.510000000000000009e+00 2.999925691710017550e-02
1.520000000000000018e+00 2.999925691709784750e-02
1.530000000000000027e+00 2.999925691709904446e-02
1.540000000000000036e+00 2.999925691710067857e-02
1.550000000000000044e+00 2.999925691709789261e-02
1.560000000000000053e+00 2.999925691709685524e-02
1.570000000000000062e+00 2.999925691709593584e-02
1.580000000000000071e+00 2.999925691709673728e-02
1.590000000000000080e+00 2.999925691709984590e-02
1.600000000000000089e+00 2.999925691709788220e-02
1.610000000000000098e+00 2.999925691709665401e-02
1.620000000000000107e+00 2.999925691709775036e-02
1.630000000000000115e+00 2.999925691709753525e-02
1.640000000000000124e+00 2.999925691709954406e-02
1.650000000000000133e+00 2.999925691709785097e-02
1.660000000000000142e+00 2.999925691709818404e-02
1.669999999999999929e+00 2.999925691709911385e-02
1.679999999999999938e+00 2.999925691709876691e-02
1.689999999999999947e+00 2.999925691709744158e-02
1.699999999999999956e+00 2.999925691709908609e-02
1.709999999999999964e+00 2.999925691709789954e-02
1.719999999999999973e+00 2.999925691709833669e-02
1.729999999999999982e+00 2.999925691709848935e-02
1.739999999999999991e+00 2.999925691709756995e-02
1.750000000000000000e+00 2.999925691709875303e-02
1.760000000000000009e+00 2.999925691709867323e-02
1.770000000000000018e+00 2.999925691709905140e-02
1.780000000000000027e+00 2.999925691709926651e-02
1.790000000000000036e+00 2.999925691709905140e-02
1.800000000000000044e+00 2.999925691709913467e-02
1.810000000000000053e+00 2.999925691709738607e-02
1.820000000000000062e+00 2.999925691709857262e-02
1.830000000000000071e+00 2.999925691709874262e-02
1.840000000000000080e+00 2.999925691709768444e-02
1.850000000000000089e+00 2.999925691709858649e-02
1.860000000000000098e+00 2.999925691709687259e-02
1.870000000000000107e+00 2.999925691709742423e-02
1.880000000000000115e+00 2.999925691709873568e-02
1.890000000000000124e+00 2.999925691709713627e-02
1.900000000000000133e+00 2.999925691709828812e-02
1.910000000000000142e+00 2.999925691709883629e-02
1.919999999999999929e+00 2.999925691709969672e-02
1.929999999999999938e+00 2.999925691709870793e-02
1.939999999999999947e+00 2.999925691710004366e-02
1.949999999999999956e+00 2.999925691709803832e-02
1.959999999999999964e+00 2.999925691709857262e-02
1.969999999999999973e+00 2.999925691709749015e-02
1.979999999999999982e+00 2.999925691709911385e-02
1.989999999999999991e+00 2.999925691709892650e-02
2.000000000000000000e+00 2.999925691709987019e-02
2.010000000000000231e+00 2.999925691709749709e-02
2.020000000000000018e+00 2.999925691710114001e-02
2.030000000000000249e+00 2.999925691709889874e-02
2.040000000000000036e+00 2.999925691709774689e-02
2.049999999999999822e+00 2.999925691709778158e-02
2.060000000000000053e+00 2.999925691709778158e-02
2.069999999999999840e+00 2.999925691709697320e-02
2.080000000000000071e+00 2.999925691709893691e-02
2.089999999999999858e+00 2.999925691709802097e-02
2.100000000000000089e+00 2.999925691709893344e-02
2.109999999999999876e+00 2.999925691709879466e-02
2.120000000000000107e+00 2.999925691709917977e-02
2.129999999999999893e+00 2.999925691709759770e-02
2.140000000000000124e+00 2.999925691709819792e-02
2.149999999999999911e+00 2.999925691709730280e-02
2.160000000000000142e+00 2.999925691709950590e-02
2.169999999999999929e+00 2.999925691709833322e-02
2.180000000000000160e+00 2.999925691709792036e-02
2.189999999999999947e+00 2.999925691709847547e-02
2.200000000000000178e+00 2.999925691709887793e-02
2.209999999999999964e+00 2.999925691709785097e-02
2.220000000000000195e+00 2.999925691709861425e-02
2.229999999999999982e+00 2.999925691709926651e-02
2.240000000000000213e+00 2.999925691709785097e-02
2.250000000000000000e+00 2.999925691709760117e-02
2.260000000000000231e+00 2.999925691709820486e-02
2.270000000000000018e+00 2.999925691709767056e-02
2.280000000000000249e+00 2.999925691709843037e-02
2.290000000000000036e+00 2.999925691709895079e-02
2.300000000000000266e+00 2.999925691709852404e-02
2.310000000000000053e+00 2.999925691709733749e-02
2.319999999999999840e+00 2.999925691709962733e-02
2.330000000000000071e+00 2.999925691709757342e-02
2.339999999999999858e+00 2.999925691710000897e-02
2.350000000000000089e+00 2.999925691709701484e-02
2.359999999999999876e+00 2.999925691709905834e-02
2.370000000000000107e+00 2.999925691709851017e-02
2.379999999999999893e+00 2.999925691709902364e-02
2.390000000000000124e+00 2.999925691709736872e-02
2.399999999999999911e+00 2.999925691710030387e-02
2.410000000000000142e+00 2.999925691709810771e-02
2.419999999999999929e+00 2.999925691709871833e-02
2.430000000000000160e+00 2.999925691709868364e-02
2.439999999999999947e+00 2.999925691709817016e-02
2.450000000000000178e+00 2.999925691709828118e-02
2.459999999999999964e+00 2.999925691709796199e-02
2.470000000000000195e+00 2.999925691709798975e-02
2.479999999999999982e+00 2.999925691709880854e-02
2.490000000000000213e+00 2.999925691709835404e-02
2.500000000000000000e+00 2.999925691709900977e-02
2.510000000000000231e+00 2.999925691709791342e-02
2.520000000000000018e+00 2.999925691709903752e-02
2.530000000000000249e+00 2.999925691709814241e-02
2.540000000000000036e+00 2.999925691709902018e-02
2.550000000000000266e+00 2.999925691709732709e-02
2.560000000000000053e+00 2.999925691709758729e-02
2.569999999999999840e+00 2.999925691709841302e-02
2.580000000000000071e+00 2.999925691709883976e-02
2.589999999999999858e+00 2.999925691709892650e-02
2.600000000000000089e+00 2.999925691710027958e-02
2.609999999999999876e+00 2.999925691709792383e-02
2.620000000000000107e+00 2.999925691709855874e-02
2.629999999999999893e+00 2.999925691709866629e-02
2.640000000000000124e+00 2.999925691709650136e-02
2.649999999999999911e+00 2.999925691709832976e-02
2.660000000000000142e+00 2.999925691709850670e-02
2.669999999999999929e+00 2.999925691709814934e-02
2.680000000000000160e+00 2.999925691709909650e-02
2.689999999999999947e+00 2.999925691709735831e-02
2.700000000000000178e+00 2.999925691709887446e-02
2.709999999999999964e+00 2.999925691709662973e-02
2.720000000000000195e+00 2.999925691709881548e-02
2.729999999999999982e+00 2.999925691709849282e-02
2.740000000000000213e+00 2.999925691709908609e-02
2.750000000000000000e+00 2.999925691709798975e-02
2.760000000000000231e+00 2.999925691709858996e-02
2.770000000000000018e+00 2.999925691709810077e-02
2.780000000000000249e+00 2.999925691709780934e-02
2.790000000000000036e+00 2.999925691709769832e-02
2.800000000000000266e+00 2.999925691709758035e-02
2.810000000000000053e+00 2.999925691709941222e-02
2.819999999999999840e+00 2.999925691709787873e-02
2.830000000000000071e+00 2.999925691709905140e-02
2.839999999999999858e+00 2.999925691709823261e-02
2.850000000000000089e+00 2.999925691709785791e-02
2.859999999999999876e+00 2.999925691709903058e-02
2.870000000000000107e+00 2.999925691709907916e-02
2.879999999999999893e+00 2.999925691709853792e-02
2.890000000000000124e+00 2.999925691709837139e-02
2.899999999999999911e+00 2.999925691709882242e-02
2.910000000000000142e+00 2.999925691709875997e-02
2.919999999999999929e+00 2.999925691709732362e-02
2.930000000000000160e+00 2.999925691709915201e-02
2.939999999999999947e+00 2.999925691709823261e-02
2.950000000000000178e+00 2.999925691709909303e-02
2.959999999999999964e+00 2.999925691709857956e-02
2.970000000000000195e+00 2.999925691709791342e-02
2.979999999999999982e+00 2.999925691709862813e-02
2.990000000000000213e+00 2.999925691709908263e-02
3.000000000000000000e+00 2.999925691709847894e-02
3.010000000000000231e+00 2.999925691709742770e-02
3.020000000000000018e+00 2.999925691709743811e-02
3.030000000000000249e+00 2.999925691709891956e-02
3.040000000000000036e+00 2.999925691709909650e-02
3.050000000000000266e+00 2.999925691709800016e-02
3.060000000000000053e+00 2.999925691709852058e-02
3.070000000000000284e+00 2.999925691709850670e-02
3.080000000000000071e+00 2.999925691709872180e-02
3.089999999999999858e+00 2.999925691709780240e-02
3.100000000000000089e+00 2.999925691709835751e-02
3.109999999999999876e+00 2.999925691709843037e-02
3.120000000000000107e+00 2.999925691709831588e-02
3.129999999999999893e+00 2.999925691709807302e-02
3.140000000000000124e+00 2.999925691709778852e-02
3.149999999999999911e+00 2.999925691709797587e-02
3.160000000000000142e+00 2.999925691709804873e-02
3.169999999999999929e+00 2.999925691709817016e-02
3.180000000000000160e+00 2.999925691709742770e-02
3.189999999999999947e+00 2.999925691709926998e-02
3.200000000000000178e+00 2.999925691709784750e-02
3.209999999999999964e+00 2.999925691709694198e-02
3.220000000000000195e+00 2.999925691709823955e-02
3.229999999999999982e+00 2.999925691709702524e-02
3.240000000000000213e+00 2.999925691709872874e-02
3.250000000000000000e+00 2.999925691709713627e-02
3.260000000000000231e+00 2.999925691709761158e-02
3.270000000000000018e+00 2.999925691709749709e-02
3.280000000000000249e+00 2.999925691709744852e-02
3.290000000000000036e+00 2.999925691709824302e-02
3.300000000000000266e+00 2.999925691709828812e-02
3.310000000000000053e+00 2.999925691709870446e-02
3.320000000000000284e+00 2.999925691709748321e-02
3.330000000000000071e+00 2.999925691709764281e-02
3.339999999999999858e+00 2.999925691709732709e-02
3.350000000000000089e+00 2.999925691709808689e-02
3.359999999999999876e+00 2.999925691709750403e-02
3.370000000000000107e+00 2.999925691709883629e-02
3.379999999999999893e+00 2.999925691709807302e-02
3.390000000000000124e+00 2.999925691709713974e-02
3.399999999999999911e+00 2.999925691709941222e-02
3.410000000000000142e+00 2.999925691709790995e-02
3.419999999999999929e+00 2.999925691709726117e-02
3.430000000000000160e+00 2.999925691709792036e-02
3.439999999999999947e+00 2.999925691709706688e-02
3.450000000000000178e+00 2.999925691709709463e-02
3.459999999999999964e+00 2.999925691709795506e-02
3.470000000000000195e+00 2.999925691709809036e-02
3.479999999999999982e+00 2.999925691709824649e-02
3.490000000000000213e+00 2.999925691709831588e-02
3.500000000000000000e+00 2.999925691709735484e-02
3.510000000000000231e+00 2.999925691709707035e-02
3.520000000000000018e+00 2.999925691709847200e-02
3.530000000000000249e+00 2.999925691709769832e-02
3.540000000000000036e+00 2.999925691709723688e-02
3.550000000000000266e+00 2.999925691709745199e-02
3.560000000000000053e+00 2.999925691709775730e-02
3.570000000000000284e+00 2.999925691709805567e-02
3.580000000000000071e+00 2.999925691709798281e-02
3.589999999999999858e+00 2.999925691709749709e-02
3.600000000000000089e+00 2.999925691709864894e-02
3.609999999999999876e+00 2.999925691709760117e-02
3.620000000000000107e+00 2.999925691709738954e-02
3.629999999999999893e+00 2.999925691709839914e-02
3.640000000000000124e+00 2.999925691709859343e-02
3.649999999999999911e+00 2.999925691709781628e-02
3.660000000000000142e+00 2.999925691709774342e-02
3.669999999999999929e+00 2.999925691709795159e-02
3.680000000000000160e+00 2.999925691709709116e-02
3.689999999999999947e+00 2.999925691709756301e-02
3.700000000000000178e+00 2.999925691709811118e-02
3.709999999999999964e+00 2.999925691709823261e-02
3.720000000000000195e+00 2.999925691709764281e-02
3.729999999999999982e+00 2.999925691709814241e-02
3.740000000000000213e+00 2.999925691709789261e-02
3.750000000000000000e+00 2.999925691709744852e-02
3.760000000000000231e+00 2.999925691709821873e-02
3.770000000000000018e+00 2.999925691709756648e-02
3.780000000000000249e+00 2.999925691709766362e-02
3.790000000000000036e+00 2.999925691709781281e-02
3.800000000000000266e+00 2.999925691709858649e-02
3.810000000000000053e+00 2.999925691709806608e-02
3.820000000000000284e+00 2.999925691709780587e-02
3.830000000000000071e+00 2.999925691709753525e-02
3.839999999999999858e+00 2.999925691709754913e-02
3.850000000000000089e+00 2.999925691709750056e-02
3.859999999999999876e+00 2.999925691709727504e-02
3.870000000000000107e+00 2.999925691709756648e-02
3.879999999999999893e+00 2.999925691709804873e-02
3.890000000000000124e+00 2.999925691709787526e-02
3.899999999999999911e+00 2.999925691709781281e-02
3.910000000000000142e+00 2.999925691709764281e-02
3.919999999999999929e+00 2.999925691709748321e-02
3.930000000000000160e+00 2.999925691709754566e-02
3.939999999999999947e+00 2.999925691709763587e-02
3.950000000000000178e+00 2.999925691709789261e-02
3.959999999999999964e+00 2.999925691709780240e-02
3.970000000000000195e+00 2.999925691709837486e-02
3.979999999999999982e+00 2.999925691709742076e-02
3.990000000000000213e+00 2.999925691709763240e-02
4.000000000000000000e+00 2.999925691709751790e-02
4.009999999999999787e+00 2.999925691709744505e-02
4.020000000000000462e+00 2.999925691709800363e-02
4.030000000000000249e+00 2.999925691709784403e-02
4.040000000000000036e+00 2.999925691709786138e-02
4.049999999999999822e+00 2.999925691709787873e-02
4.060000000000000497e+00 2.999925691709764627e-02
4.070000000000000284e+00 2.999925691709792036e-02
4.080000000000000071e+00 2.999925691709794118e-02
4.089999999999999858e+00 2.999925691709769832e-02
4.099999999999999645e+00 2.999925691709745199e-02
4.110000000000000320e+00 2.999925691709788220e-02
4.120000000000000107e+00 2.999925691709746933e-02
4.129999999999999893e+00 2.999925691709760117e-02
4.139999999999999680e+00 2.999925691709787873e-02
4.150000000000000355e+00 2.999925691709751790e-02
4.160000000000000142e+00 2.999925691709767750e-02
4.169999999999999929e+00 2.999925691709779199e-02
4.179999999999999716e+00 2.999925691709775036e-02
4.190000000000000391e+00 2.999925691709809383e-02
4.200000000000000178e+00 2.999925691709784056e-02
4.209999999999999964e+00 2.999925691709730974e-02
4.219999999999999751e+00 2.999925691709753178e-02
4.230000000000000426e+00 2.999925691709796893e-02
4.240000000000000213e+00 2.999925691709794118e-02
4.250000000000000000e+00 2.999925691709783016e-02
4.259999999999999787e+00 2.999925691709777117e-02
4.270000000000000462e+00 2.999925691709773995e-02
4.280000000000000249e+00 2.999925691709781975e-02
4.290000000000000036e+00 2.999925691709786485e-02
4.299999999999999822e+00 2.999925691709783709e-02
4.310000000000000497e+00 2.999925691709796199e-02
4.320000000000000284e+00 2.999925691709779893e-02
4.330000000000000071e+00 2.999925691709769138e-02
4.339999999999999858e+00 2.999925691709764974e-02
4.350000000000000533e+00 2.999925691709776771e-02
4.360000000000000320e+00 2.999925691709773995e-02
4.370000000000000107e+00 2.999925691709783709e-02
4.379999999999999893e+00 2.999925691709780240e-02
4.389999999999999680e+00 2.999925691709803832e-02
4.400000000000000355e+00 2.999925691709779546e-02
4.410000000000000142e+00 2.999925691709775730e-02
4.419999999999999929e+00 2.999925691709779199e-02
4.429999999999999716e+00 2.999925691709772607e-02
4.440000000000000391e+00 2.999925691709787179e-02
4.450000000000000178e+00 2.999925691709793077e-02
4.459999999999999964e+00 2.999925691709785097e-02
4.469999999999999751e+00 2.999925691709797587e-02
4.480000000000000426e+00 2.999925691709780934e-02
4.490000000000000213e+00 2.999925691709764974e-02
4.500000000000000000e+00 2.999925691709785791e-02
4.509999999999999787e+00 2.999925691709787179e-02
4.520000000000000462e+00 2.999925691709786485e-02
4.530000000000000249e+00 2.999925691709796546e-02
4.540000000000000036e+00 2.999925691709785097e-02
4.549999999999999822e+00 2.999925691709789954e-02
4.560000000000000497e+00 2.999925691709781628e-02
4.570000000000000284e+00 2.999925691709780240e-02
4.580000000000000071e+00 2.999925691709789954e-02
4.589999999999999858e+00 2.999925691709782669e-02
4.600000000000000533e+00 2.999925691709781628e-02
4.610000000000000320e+00 2.999925691709782669e-02
4.620000000000000107e+00 2.999925691709782322e-02
4.629999999999999893e+00 2.999925691709781281e-02
4.639999999999999680e+00 2.999925691709787526e-02
4.650000000000000355e+00 2.999925691709789954e-02
4.660000000000000142e+00 2.999925691709789261e-02
4.669999999999999929e+00 2.999925691709791342e-02
4.679999999999999716e+00 2.999925691709781975e-02
4.690000000000000391e+00 2.999925691709789954e-02
4.700000000000000178e+00 2.999925691709789954e-02
4.709999999999999964e+00 2.999925691709793424e-02
4.719999999999999751e+00 2.999925691709793424e-02
4.730000000000000426e+00 2.999925691709797934e-02
4.740000000000000213e+00 2.999925691709792730e-02
4.750000000000000000e+00 2.999925691709789607e-02
4.759999999999999787e+00 2.999925691709789607e-02
4.770000000000000462e+00 2.999925691709790995e-02
4.780000000000000249e+00 2.999925691709792383e-02
4.790000000000000036e+00 2.999925691709793077e-02
4.799999999999999822e+00 2.999925691709792036e-02
4.810000000000000497e+00 2.999925691709794465e-02
4.820000000000000284e+00 2.999925691709792383e-02
4.830000000000000071e+00 2.999925691709794118e-02
4.839999999999999858e+00 2.999925691709794118e-02
4.850000000000000533e+00 2.999925691709794465e-02
4.860000000000000320e+00 2.999925691709797934e-02
4.870000000000000107e+00 2.999925691709796199e-02
4.879999999999999893e+00 2.999925691709797240e-02
4.889999999999999680e+00 2.999925691709799322e-02
4.900000000000000355e+00 2.999925691709799322e-02
4.910000000000000142e+00 2.999925691709799669e-02
4.919999999999999929e+00 2.999925691709799669e-02
4.929999999999999716e+00 2.999925691709800363e-02
4.940000000000000391e+00 2.999925691709801404e-02
4.950000000000000178e+00 2.999925691709802097e-02
4.959999999999999964e+00 2.999925691709803138e-02
4.969999999999999751e+00 2.999925691709803485e-02
4.980000000000000426e+00 2.999925691709803832e-02
4.990000000000000213e+00 2.999925691709804526e-02
5.000000000000000000e+00 2.999925691709804526e-02
5.009999999999999787e+00 2.999925691709805220e-02
5.020000000000000462e+00 2.999925691709805914e-02
5.030000000000000249e+00 2.999925691709805914e-02
5.040000000000000036e+00 2.999925691709807649e-02
5.049999999999999822e+00 2.999925691709807649e-02
5.060000000000000497e+00 2.999925691709808342e-02
5.070000000000000284e+00 2.999925691709809036e-02
5.080000000000000071e+00 2.999925691709810771e-02
5.089999999999999858e+00 2.999925691709810077e-02
5.100000000000000533e+00 2.999925691709810424e-02
5.110000000000000320e+00 2.999925691709812159e-02
5.120000000000000107e+00 2.999925691709811465e-02
5.129999999999999893e+00 2.999925691709811812e-02
5.139999999999999680e+00 2.999925691709813200e-02
5.150000000000000355e+00 2.999925691709812853e-02
5.160000000000000142e+00 2.999925691709814934e-02
5.169999999999999929e+00 2.999925691709813894e-02
5.179999999999999716e+00 2.999925691709814934e-02
5.190000000000000391e+00 2.999925691709816669e-02
5.200000000000000178e+00 2.999925691709817710e-02
5.209999999999999964e+00 2.999925691709817016e-02
5.219999999999999751e+00 2.999925691709817710e-02
5.230000000000000426e+00 2.999925691709817016e-02
5.240000000000000213e+00 2.999925691709818057e-02
5.250000000000000000e+00 2.999925691709820832e-02
5.259999999999999787e+00 2.999925691709820139e-02
5.270000000000000462e+00 2.999925691709821526e-02
5.280000000000000249e+00 2.999925691709822220e-02
5.290000000000000036e+00 2.999925691709821179e-02
5.299999999999999822e+00 2.999925691709821526e-02
5.310000000000000497e+00 2.999925691709827077e-02
5.320000000000000284e+00 2.999925691709823608e-02
5.330000000000000071e+00 2.999925691709825343e-02
5.339999999999999858e+00 2.999925691709826037e-02
5.350000000000000533e+00 2.999925691709832976e-02
5.360000000000000320e+00 2.999925691709822567e-02
5.370000000000000107e+00 2.999925691709828465e-02
5.379999999999999893e+00 2.999925691709828812e-02
5.389999999999999680e+00 2.999925691709835057e-02
5.400000000000000355e+00 2.999925691709829159e-02
5.410000000000000142e+00 2.999925691709826731e-02
5.419999999999999929e+00 2.999925691709831241e-02
5.429999999999999716e+00 2.999925691709832282e-02
5.440000000000000391e+00 2.999925691709823608e-02
5.450000000000000178e+00 2.999925691709830547e-02
5.459999999999999964e+00 2.999925691709835404e-02
5.469999999999999751e+00 2.999925691709837486e-02
5.480000000000000426e+00 2.999925691709833322e-02
5.490000000000000213e+00 2.999925691709839914e-02
5.500000000000000000e+00 2.999925691709837139e-02
5.509999999999999787e+00 2.999925691709843731e-02
5.520000000000000462e+00 2.999925691709846853e-02
5.530000000000000249e+00 2.999925691709847547e-02
5.540000000000000036e+00 2.999925691709821179e-02
5.549999999999999822e+00 2.999925691709823608e-02
5.560000000000000497e+00 2.999925691709817016e-02
5.570000000000000284e+00 2.999925691709835057e-02
5.580000000000000071e+00 2.999925691709824996e-02
5.589999999999999858e+00 2.999925691709834016e-02
5.600000000000000533e+00 2.999925691709853792e-02
5.610000000000000320e+00 2.999925691709830894e-02
5.620000000000000107e+00 2.999925691709843037e-02
5.629999999999999893e+00 2.999925691709844772e-02
5.639999999999999680e+00 2.999925691709854833e-02
5.650000000000000355e+00 2.999925691709831935e-02
5.660000000000000142e+00 2.999925691709831935e-02
5.669999999999999929e+00 2.999925691709834363e-02
5.679999999999999716e+00 2.999925691709842690e-02
5.690000000000000391e+00 2.999925691709854833e-02
5.700000000000000178e+00 2.999925691709879466e-02
5.709999999999999964e+00 2.999925691709823608e-02
5.719999999999999751e+00 2.999925691709836098e-02
5.730000000000000426e+00 2.999925691709845466e-02
5.740000000000000213e+00 2.999925691709862119e-02
5.750000000000000000e+00 2.999925691709861772e-02
5.759999999999999787e+00 2.999925691709849282e-02
5.770000000000000462e+00 2.999925691709859343e-02
5.780000000000000249e+00 2.999925691709882936e-02
5.790000000000000036e+00 2.999925691709850670e-02
5.799999999999999822e+00 2.999925691709873915e-02
5.810000000000000497e+00 2.999925691709815281e-02
5.820000000000000284e+00 2.999925691709834363e-02
5.830000000000000071e+00 2.999925691709847547e-02
5.839999999999999858e+00 2.999925691709857956e-02
5.850000000000000533e+00 2.999925691709835404e-02
5.860000000000000320e+00 2.999925691709846853e-02
5.870000000000000107e+00 2.999925691709862119e-02
5.879999999999999893e+00 2.999925691709852404e-02
5.889999999999999680e+00 2.999925691709830200e-02
5.900000000000000355e+00 2.999925691709788567e-02
5.910000000000000142e+00 2.999925691709854486e-02
5.919999999999999929e+00 2.999925691709882936e-02
5.929999999999999716e+00 2.999925691709874609e-02
5.940000000000000391e+00 2.999925691709873915e-02
5.950000000000000178e+00 2.999925691709847894e-02
5.959999999999999964e+00 2.999925691709884323e-02
5.969999999999999751e+00 2.999925691709897160e-02
5.980000000000000426e+00 2.999925691709870446e-02
5.990000000000000213e+00 2.999925691709877038e-02
6.000000000000000000e+00 2.999925691709851017e-02
6.009999999999999787e+00 2.999925691709897507e-02
6.020000000000000462e+00 2.999925691709831588e-02
6.030000000000000249e+00 2.999925691709873221e-02
6.040000000000000036e+00 2.999925691709848241e-02
6.049999999999999822e+00 2.999925691709896119e-02
6.060000000000000497e+00 2.999925691709900977e-02
6.070000000000000284e+00 2.999925691709834016e-02
6.080000000000000071e+00 2.999925691709845813e-02
6.089999999999999858e+00 2.999925691709898895e-02
6.100000000000000533e+00 2.999925691709869752e-02
6.110000000000000320e+00 2.999925691709836445e-02
6.120000000000000107e+00 2.999925691709882242e-02
6.129999999999999893e+00 2.999925691709879466e-02
6.140000000000000568e+00 2.999925691709912079e-02
6.150000000000000355e+00 2.999925691709899242e-02
6.160000000000000142e+00 2.999925691709884323e-02
6.169999999999999929e+00 2.999925691709857609e-02
6.179999999999999716e+00 2.999925691709897854e-02
6.190000000000000391e+00 2.999925691709839914e-02
6.200000000000000178e+00 2.999925691709917630e-02
6.209999999999999964e+00 2.999925691709852404e-02
6.219999999999999751e+00 2.999925691709903752e-02
6.230000000000000426e+00 2.999925691709866629e-02
6.240000000000000213e+00 2.999925691709904793e-02
6.250000000000000000e+00 2.999925691709853792e-02
6.259999999999999787e+00 2.999925691709882589e-02
6.270000000000000462e+00 2.999925691709940528e-02
6.280000000000000249e+00 2.999925691709851364e-02
6.290000000000000036e+00 2.999925691709839221e-02
6.299999999999999822e+00 2.999925691709883629e-02
6.310000000000000497e+00 2.999925691709888140e-02
6.320000000000000284e+00 2.999925691709929079e-02
6.330000000000000071e+00 2.999925691709892997e-02
6.339999999999999858e+00 2.999925691709905140e-02
6.350000000000000533e+00 2.999925691709922487e-02
6.360000000000000320e+00 2.999925691709798281e-02
6.370000000000000107e+00 2.999925691709914854e-02
6.379999999999999893e+00 2.999925691709909997e-02
6.390000000000000568e+00 2.999925691709943998e-02
6.400000000000000355e+00 2.999925691709883283e-02
6.410000000000000142e+00 2.999925691709915895e-02
6.419999999999999929e+00 2.999925691709896119e-02
6.429999999999999716e+00 2.999925691709870446e-02
6.440000000000000391e+00 2.999925691709911038e-02
6.450000000000000178e+00 2.999925691709927691e-02
6.459999999999999964e+00 2.999925691709898548e-02
6.469999999999999751e+00 2.999925691709830200e-02
6.480000000000000426e+00 2.999925691709993611e-02
6.490000000000000213e+00 2.999925691709880160e-02
6.500000000000000000e+00 2.999925691709982162e-02
6.509999999999999787e+00 2.999925691709870793e-02
6.520000000000000462e+00 2.999925691709825343e-02
6.530000000000000249e+00 2.999925691709848241e-02
6.540000000000000036e+00 2.999925691709796199e-02
6.549999999999999822e+00 2.999925691709815975e-02
6.560000000000000497e+00 2.999925691709852751e-02
6.570000000000000284e+00 2.999925691709968978e-02
6.580000000000000071e+00 2.999925691709907916e-02
6.589999999999999858e+00 2.999925691709890915e-02
6.600000000000000533e+00 2.999925691709926304e-02
6.610000000000000320e+00 2.999925691709990488e-02
6.620000000000000107e+00 2.999925691709915548e-02
6.629999999999999893e+00 2.999925691709899589e-02
6.640000000000000568e+00 2.999925691709892650e-02
6.650000000000000355e+00 2.999925691709916242e-02
6.660000000000000142e+00 2.999925691709936365e-02
6.669999999999999929e+00 2.999925691709871833e-02
6.679999999999999716e+00 2.999925691709881548e-02
6.690000000000000391e+00 2.999925691709932549e-02
6.700000000000000178e+00 2.999925691710047040e-02
6.709999999999999964e+00 2.999925691709895426e-02
6.719999999999999751e+00 2.999925691709880507e-02
6.730000000000000426e+00 2.999925691709943651e-02
6.740000000000000213e+00 2.999925691709972100e-02
6.750000000000000000e+00 2.999925691709858649e-02
6.759999999999999787e+00 2.999925691709990141e-02
6.770000000000000462e+00 2.999925691709878772e-02
6.780000000000000249e+00 2.999925691709825343e-02
6.790000000000000036e+00 2.999925691709943651e-02
6.799999999999999822e+00 2.999925691709947467e-02
6.810000000000000497e+00 2.999925691709976264e-02
6.820000000000000284e+00 2.999925691709920059e-02
6.830000000000000071e+00 2.999925691709968631e-02
6.839999999999999858e+00 2.999925691709902364e-02
6.850000000000000533e+00 2.999925691709956488e-02
6.860000000000000320e+00 2.999925691709910691e-02
6.870000000000000107e+00 2.999925691709953018e-02
6.879999999999999893e+00 2.999925691709843037e-02
6.890000000000000568e+00 2.999925691709975223e-02
6.900000000000000355e+00 2.999925691709996733e-02
6.910000000000000142e+00 2.999925691709972100e-02
6.919999999999999929e+00 2.999925691709957182e-02
6.929999999999999716e+00 2.999925691709849629e-02
6.940000000000000391e+00 2.999925691709998121e-02
6.950000000000000178e+00 2.999925691709917977e-02
6.959999999999999964e+00 2.999925691709911732e-02
6.969999999999999751e+00 2.999925691710072714e-02
6.980000000000000426e+00 2.999925691710016856e-02
6.990000000000000213e+00 2.999925691709937059e-02
7.000000000000000000e+00 2.999925691709868364e-02
7.009999999999999787e+00 2.999925691709937406e-02
7.020000000000000462e+00 2.999925691709952325e-02
7.030000000000000249e+00 2.999925691709923875e-02
7.040000000000000036e+00 2.999925691710028652e-02
7.049999999999999822e+00 2.999925691710040795e-02
7.060000000000000497e+00 2.999925691709955794e-02
7.070000000000000284e+00 2.999925691709937406e-02
7.080000000000000071e+00 2.999925691709882936e-02
7.089999999999999858e+00 2.999925691709960304e-02
7.100000000000000533e+00 2.999925691709977305e-02
7.110000000000000320e+00 2.999925691709888140e-02
7.120000000000000107e+00 2.999925691710062653e-02
7.129999999999999893e+00 2.999925691709889181e-02
7.140000000000000568e+00 2.999925691709869405e-02
7.150000000000000355e+00 2.999925691709940528e-02
7.160000000000000142e+00 2.999925691709979386e-02
7.169999999999999929e+00 2.999925691709954753e-02
7.179999999999999716e+00 2.999925691709905140e-02
7.190000000000000391e+00 2.999925691709961692e-02
7.200000000000000178e+00 2.999925691709874609e-02
7.209999999999999964e+00 2.999925691709988060e-02
7.219999999999999751e+00 2.999925691710059183e-02
7.230000000000000426e+00 2.999925691709906528e-02
7.240000000000000213e+00 2.999925691709992570e-02
7.250000000000000000e+00 2.999925691709964121e-02
7.259999999999999787e+00 2.999925691709868364e-02
7.270000000000000462e+00 2.999925691710036285e-02
7.280000000000000249e+00 2.999925691710152859e-02
7.290000000000000036e+00 2.999925691709923528e-02
7.299999999999999822e+00 2.999925691710031775e-02
7.310000000000000497e+00 2.999925691709843384e-02
7.320000000000000284e+00 2.999925691709875303e-02
7.330000000000000071e+00 2.999925691710095960e-02
7.339999999999999858e+00 2.999925691709873221e-02
7.350000000000000533e+00 2.999925691709866282e-02
7.360000000000000320e+00 2.999925691709984243e-02
7.370000000000000107e+00 2.999925691709996733e-02
7.379999999999999893e+00 2.999925691710013734e-02
7.390000000000000568e+00 2.999925691709967590e-02
7.400000000000000355e+00 2.999925691709868017e-02
7.410000000000000142e+00 2.999925691709944692e-02
7.419999999999999929e+00 2.999925691710028652e-02
7.429999999999999716e+00 2.999925691709921793e-02
7.440000000000000391e+00 2.999925691710133430e-02
7.450000000000000178e+00 2.999925691709931508e-02
7.459999999999999964e+00 2.999925691709901324e-02
7.469999999999999751e+00 2.999925691710101858e-02
7.480000000000000426e+00 2.999925691710049122e-02
7.490000000000000213e+00 2.999925691709988754e-02
7.500000000000000000e+00 2.999925691710018938e-02
7.509999999999999787e+00 2.999925691710065082e-02
7.520000000000000462e+00 2.999925691710071674e-02
7.530000000000000249e+00 2.999925691709746239e-02
7.540000000000000036e+00 2.999925691710031428e-02
7.549999999999999822e+00 2.999925691709942957e-02
7.560000000000000497e+00 2.999925691709912426e-02
7.570000000000000284e+00 2.999925691710040795e-02
7.580000000000000071e+00 2.999925691710066122e-02
7.589999999999999858e+00 2.999925691710005060e-02
7.600000000000000533e+00 2.999925691709933590e-02
7.610000000000000320e+00 2.999925691710028999e-02
7.620000000000000107e+00 2.999925691710075837e-02
7.629999999999999893e+00 2.999925691709865588e-02
7.640000000000000568e+00 2.999925691709911732e-02
7.650000000000000355e+00 2.999925691709985631e-02
7.660000000000000142e+00 2.999925691710093184e-02
7.669999999999999929e+00 2.999925691710005060e-02
7.679999999999999716e+00 2.999925691709903058e-02
7.690000000000000391e+00 2.999925691709989795e-02
7.700000000000000178e+00 2.999925691709896813e-02
7.709999999999999964e+00 2.999925691709959263e-02
7.719999999999999751e+00 2.999925691710068898e-02
7.730000000000000426e+00 2.999925691709909997e-02
7.740000000000000213e+00 2.999925691709976611e-02
7.750000000000000000e+00 2.999925691710015468e-02
7.759999999999999787e+00 2.999925691710084857e-02
7.770000000000000462e+00 2.999925691709904446e-02
7.780000000000000249e+00 2.999925691710193798e-02
7.790000000000000036e+00 2.999925691710085551e-02
7.799999999999999822e+00 2.999925691710111225e-02
7.810000000000000497e+00 2.999925691710043571e-02
7.820000000000000284e+00 2.999925691710021713e-02
7.830000000000000071e+00 2.999925691709967590e-02
7.839999999999999858e+00 2.999925691709993958e-02
7.850000000000000533e+00 2.999925691710132736e-02
7.860000000000000320e+00 2.999925691710034897e-02
7.870000000000000107e+00 2.999925691709962039e-02
7.879999999999999893e+00 2.999925691709961345e-02
7.890000000000000568e+00 2.999925691709932549e-02
7.900000000000000355e+00 2.999925691710090755e-02
7.910000000000000142e+00 2.999925691710082776e-02
7.919999999999999929e+00 2.999925691710029693e-02
7.930000000000000604e+00 2.999925691710018244e-02
7.940000000000000391e+00 2.999925691710041489e-02
7.950000000000000178e+00 2.999925691710100123e-02
7.959999999999999964e+00 2.999925691709866976e-02
7.969999999999999751e+00 2.999925691710120940e-02
7.980000000000000426e+00 2.999925691710025183e-02
7.990000000000000213e+00 2.999925691710059183e-02
8.000000000000000000e+00 2.999925691710111919e-02
8.009999999999999787e+00 2.999925691710123368e-02
8.019999999999999574e+00 2.999925691710134124e-02
8.029999999999999361e+00 2.999925691710043571e-02
8.040000000000000924e+00 2.999925691709981121e-02
8.050000000000000711e+00 2.999925691710070286e-02
8.060000000000000497e+00 2.999925691709947467e-02
8.070000000000000284e+00 2.999925691710104633e-02
8.080000000000000071e+00 2.999925691710045653e-02
8.089999999999999858e+00 2.999925691710013387e-02
8.099999999999999645e+00 2.999925691710119552e-02
8.109999999999999432e+00 2.999925691710098388e-02
8.120000000000000995e+00 2.999925691710048775e-02
8.130000000000000782e+00 2.999925691710140369e-02
8.140000000000000568e+00 2.999925691710053632e-02
8.150000000000000355e+00 2.999925691709926304e-02
8.160000000000000142e+00 2.999925691709921446e-02
8.169999999999999929e+00 2.999925691710104980e-02
8.179999999999999716e+00 2.999925691710112266e-02
8.189999999999999503e+00 2.999925691710217390e-02
8.199999999999999289e+00 2.999925691709966896e-02
8.210000000000000853e+00 2.999925691710091796e-02
8.220000000000000639e+00 2.999925691710177839e-02
8.230000000000000426e+00 2.999925691709970366e-02
8.240000000000000213e+00 2.999925691710013387e-02
8.250000000000000000e+00 2.999925691710077225e-02
8.259999999999999787e+00 2.999925691710250003e-02
8.269999999999999574e+00 2.999925691710060571e-02
8.279999999999999361e+00 2.999925691710101164e-02
8.290000000000000924e+00 2.999925691710093531e-02
8.300000000000000711e+00 2.999925691710004366e-02
8.310000000000000497e+00 2.999925691710218084e-02
8.320000000000000284e+00 2.999925691710092143e-02
8.330000000000000071e+00 2.999925691710008183e-02
8.339999999999999858e+00 2.999925691710131348e-02
8.349999999999999645e+00 2.999925691710153899e-02
8.359999999999999432e+00 2.999925691710089021e-02
8.370000000000000995e+00 2.999925691710100123e-02
8.380000000000000782e+00 2.999925691710158410e-02
8.390000000000000568e+00 2.999925691710140022e-02
8.400000000000000355e+00 2.999925691710166736e-02
8.410000000000000142e+00 2.999925691710154940e-02
8.419999999999999929e+00 2.999925691709930120e-02
8.429999999999999716e+00 2.999925691709977651e-02
8.439999999999999503e+00 2.999925691710206288e-02
8.449999999999999289e+00 2.999925691710152859e-02
8.460000000000000853e+00 2.999925691710285391e-02
8.470000000000000639e+00 2.999925691709985978e-02
8.480000000000000426e+00 2.999925691710148695e-02
8.490000000000000213e+00 2.999925691710117817e-02
8.500000000000000000e+00 2.999925691710041142e-02
8.509999999999999787e+00 2.999925691710204900e-02
8.519999999999999574e+00 2.999925691710264575e-02
8.529999999999999361e+00 2.999925691710158410e-02
8.540000000000000924e+00 2.999925691709986325e-02
8.550000000000000711e+00 2.999925691709991876e-02
8.560000000000000497e+00 2.999925691710142450e-02
8.570000000000000284e+00 2.999925691710260411e-02
8.580000000000000071e+00 2.999925691710000203e-02
8.589999999999999858e+00 2.999925691710230574e-02
8.599999999999999645e+00 2.999925691710143144e-02
8.609999999999999432e+00 2.999925691710092837e-02
8.620000000000000995e+00 2.999925691710217390e-02
8.630000000000000782e+00 2.999925691710039755e-02
8.640000000000000568e+00 2.999925691710044612e-02
8.650000000000000355e+00 2.999925691710146614e-02
8.660000000000000142e+00 2.999925691710220860e-02
8.669999999999999929e+00 2.999925691710256248e-02
8.679999999999999716e+00 2.999925691710208370e-02
8.689999999999999503e+00 2.999925691710105674e-02
8.700000000000001066e+00 2.999925691710031428e-02
8.710000000000000853e+00 2.999925691710085551e-02
8.720000000000000639e+00 2.999925691710052592e-02
8.730000000000000426e+00 2.999925691710269432e-02
8.740000000000000213e+00 2.999925691710225717e-02
8.750000000000000000e+00 2.999925691710063347e-02
8.759999999999999787e+00 2.999925691710220860e-02
8.769999999999999574e+00 2.999925691710242717e-02
8.779999999999999361e+00 2.999925691710016856e-02
8.790000000000000924e+00 2.999925691710024489e-02
8.800000000000000711e+00 2.999925691710114695e-02
8.810000000000000497e+00 2.999925691710225717e-02
8.820000000000000284e+00 2.999925691710010611e-02
8.830000000000000071e+00 2.999925691710138634e-02
8.839999999999999858e+00 2.999925691710179226e-02
8.849999999999999645e+00 2.999925691710224329e-02
8.859999999999999432e+00 2.999925691710246534e-02
8.870000000000000995e+00 2.999925691710281228e-02
8.880000000000000782e+00 2.999925691710188941e-02
8.890000000000000568e+00 2.999925691710089021e-02
8.900000000000000355e+00 2.999925691709953365e-02
8.910000000000000142e+00 2.999925691710100123e-02
8.919999999999999929e+00 2.999925691709990141e-02
8.929999999999999716e+00 2.999925691710038367e-02
8.939999999999999503e+00 2.999925691710223288e-02
8.950000000000001066e+00 2.999925691710112960e-02
8.960000000000000853e+00 2.999925691710191716e-02
8.970000000000000639e+00 2.999925691710163614e-02
8.980000000000000426e+00 2.999925691710066816e-02
8.990000000000000213e+00 2.999925691710089021e-02
9.000000000000000000e+00 2.999925691710181308e-02
9.009999999999999787e+00 2.999925691710134817e-02
9.019999999999999574e+00 2.999925691710434578e-02
9.029999999999999361e+00 2.999925691710358250e-02
9.040000000000000924e+00 2.999925691710224329e-02
9.050000000000000711e+00 2.999925691710123715e-02
9.060000000000000497e+00 2.999925691710145920e-02
9.070000000000000284e+00 2.999925691710297881e-02
9.080000000000000071e+00 2.999925691710371434e-02
9.089999999999999858e+00 2.999925691710097347e-02
9.099999999999999645e+00 2.999925691710181655e-02
9.109999999999999432e+00 2.999925691710356168e-02
9.120000000000000995e+00 2.999925691710294412e-02
9.130000000000000782e+00 2.999925691709879466e-02
9.140000000000000568e+00 2.999925691710255207e-02
9.150000000000000355e+00 2.999925691710144532e-02
9.160000000000000142e+00 2.999925691710204206e-02
9.169999999999999929e+00 2.999925691710137593e-02
9.179999999999999716e+00 2.999925691710039755e-02
9.189999999999999503e+00 2.999925691710136552e-02
9.200000000000001066e+00 2.999925691710232656e-02
9.210000000000000853e+00 2.999925691710550110e-02
9.220000000000000639e+00 2.999925691710229880e-02
9.230000000000000426e+00 2.999925691710049469e-02
9.240000000000000213e+00 2.999925691710116082e-02
9.250000000000000000e+00 2.999925691710470660e-02
9.259999999999999787e+00 2.999925691710247228e-02
9.269999999999999574e+00 2.999925691710174369e-02
9.279999999999999361e+00 2.999925691710287473e-02
9.290000000000000924e+00 2.999925691710400230e-02
9.300000000000000711e+00 2.999925691710302045e-02
9.310000000000000497e+00 2.999925691709967590e-02
9.320000000000000284e+00 2.999925691710324249e-02
9.330000000000000071e+00 2.999925691710343678e-02
9.339999999999999858e+00 2.999925691710473089e-02
9.349999999999999645e+00 2.999925691710412720e-02
9.359999999999999432e+00 2.999925691710146267e-02
9.370000000000000995e+00 2.999925691710216696e-02
9.380000000000000782e+00 2.999925691710091796e-02
9.390000000000000568e+00 2.999925691709970366e-02
9.400000000000000355e+00 2.999925691710083470e-02
9.410000000000000142e+00 2.999925691710151124e-02
9.419999999999999929e+00 2.999925691710120940e-02
9.429999999999999716e+00 2.999925691710255554e-02
9.439999999999999503e+00 2.999925691710263187e-02
9.450000000000001066e+00 2.999925691710369352e-02
9.460000000000000853e+00 2.999925691710064041e-02
9.470000000000000639e+00 2.999925691710390169e-02
9.480000000000000426e+00 2.999925691710101511e-02
9.490000000000000213e+00 2.999925691710388434e-02
9.500000000000000000e+00 2.999925691710191022e-02
9.509999999999999787e+00 2.999925691710247228e-02
9.519999999999999574e+00 2.999925691709805220e-02
9.529999999999999361e+00 2.999925691709956488e-02
9.540000000000000924e+00 2.999925691710059877e-02
9.550000000000000711e+00 2.999925691710066469e-02
9.560000000000000497e+00 2.999925691710054326e-02
9.570000000000000284e+00 2.999925691710275330e-02
9.580000000000000071e+00 2.999925691710253819e-02
9.589999999999999858e+00 2.999925691710497375e-02
9.599999999999999645e+00 2.999925691710637887e-02
9.609999999999999432e+00 2.999925691710415496e-02
9.620000000000000995e+00 2.999925691710041836e-02
9.630000000000000782e+00 2.999925691710250350e-02
9.640000000000000568e+00 2.999925691709733749e-02
9.650000000000000355e+00 2.999925691710561559e-02
9.660000000000000142e+00 2.999925691710152165e-02
9.669999999999999929e+00 2.999925691710211839e-02
9.679999999999999716e+00 2.999925691710338821e-02
9.689999999999999503e+00 2.999925691710114348e-02
9.700000000000001066e+00 2.999925691710299616e-02
9.710000000000000853e+00 2.999925691710034203e-02
9.720000000000000639e+00 2.999925691710290249e-02
9.730000000000000426e+00 2.999925691710405434e-02
9.740000000000000213e+00 2.999925691710540743e-02
9.750000000000000000e+00 2.999925691710555661e-02
9.759999999999999787e+00 2.999925691710343678e-02
9.769999999999999574e+00 2.999925691709846506e-02
9.779999999999999361e+00 2.999925691710016162e-02
9.790000000000000924e+00 2.999925691710127532e-02
9.800000000000000711e+00 2.999925691709816669e-02
9.810000000000000497e+00 2.999925691710127879e-02
9.820000000000000284e+00 2.999925691710288861e-02
9.830000000000000071e+00 2.999925691710155981e-02
9.839999999999999858e+00 2.999925691710390863e-02
9.849999999999999645e+00 2.999925691710316616e-02
9.859999999999999432e+00 2.999925691710064735e-02
9.870000000000000995e+00 2.999925691710087980e-02
9.880000000000000782e+00 2.999925691710165696e-02
9.890000000000000568e+00 2.999925691710030387e-02
9.900000000000000355e+00 2.999925691710454007e-02
9.910000000000000142e+00 2.999925691710268391e-02
9.919999999999999929e+00 2.999925691710501538e-02
9.929999999999999716e+00 2.999925691710597989e-02
9.939999999999999503e+00 2.999925691710325984e-02
9.950000000000001066e+00 2.999925691710176451e-02
9.960000000000000853e+00 2.999925691709987366e-02
9.970000000000000639e+00 2.999925691710165002e-02
