0.000000000000000000e+00 2.999571957017175758e-02
1.000000000000000021e-02 2.999571957016978693e-02
2.000000000000000042e-02 2.999571957016927692e-02
2.999999999999999889e-02 2.999571957016988061e-02
4.000000000000000083e-02 2.999571957016990836e-02
5.000000000000000278e-02 2.999571957017044613e-02
5.999999999999999778e-02 2.999571957017051899e-02
7.000000000000000666e-02 2.999571957016949897e-02
8.000000000000000167e-02 2.999571957017026919e-02
8.999999999999999667e-02 2.999571957016975224e-02
1.000000000000000056e-01 2.999571957017048429e-02
1.100000000000000006e-01 2.999571957016953019e-02
1.199999999999999956e-01 2.999571957016755608e-02
1.300000000000000044e-01 2.999571957016970714e-02
1.400000000000000133e-01 2.999571957017406129e-02
1.499999999999999944e-01 2.999571957016775037e-02
1.600000000000000033e-01 2.999571957017004714e-02
1.700000000000000122e-01 2.999571957016964122e-02
1.799999999999999933e-01 2.999571957016990489e-02
1.900000000000000022e-01 2.999571957016883630e-02
2.000000000000000111e-01 2.999571957016941570e-02
2.099999999999999922e-01 2.999571957017365537e-02
2.200000000000000011e-01 2.999571957016895080e-02
2.300000000000000100e-01 2.999571957017055368e-02
2.399999999999999911e-01 2.999571957017058491e-02
2.500000000000000000e-01 2.999571957016943652e-02
2.600000000000000089e-01 2.999571957016817017e-02
2.700000000000000178e-01 2.999571957016824303e-02
2.800000000000000266e-01 2.999571957017095267e-02
2.899999999999999800e-01 2.999571957016958570e-02
2.999999999999999889e-01 2.999571957017635113e-02
3.099999999999999978e-01 2.999571957017095961e-02
3.200000000000000067e-01 2.999571957016947121e-02
3.300000000000000155e-01 2.999571957016945040e-02
3.400000000000000244e-01 2.999571957017102899e-02
3.500000000000000333e-01 2.999571957016981122e-02
3.599999999999999867e-01 2.999571957017238555e-02
3.699999999999999956e-01 2.999571957017344720e-02
3.800000000000000044e-01 2.999571957016963428e-02
3.900000000000000133e-01 2.999571957016800364e-02
4.000000000000000222e-01 2.999571957016889528e-02
4.100000000000000311e-01 2.999571957016822221e-02
4.199999999999999845e-01 2.999571957017208371e-02
4.299999999999999933e-01 2.999571957017020327e-02
4.400000000000000022e-01 2.999571957017158758e-02
4.500000000000000111e-01 2.999571957017124063e-02
4.600000000000000200e-01 2.999571957016792037e-02
4.700000000000000289e-01 2.999571957016832977e-02
4.799999999999999822e-01 2.999571957016736526e-02
4.899999999999999911e-01 2.999571957016956142e-02
5.000000000000000000e-01 2.999571957016943652e-02
5.100000000000000089e-01 2.999571957017082777e-02
5.200000000000000178e-01 2.999571957017307944e-02
5.300000000000000266e-01 2.999571957016847548e-02
5.400000000000000355e-01 2.999571957017136206e-02
5.500000000000000444e-01 2.999571957016811119e-02
5.600000000000000533e-01 2.999571957016847201e-02
5.700000000000000622e-01 2.999571957017337781e-02
5.799999999999999600e-01 2.999571957016768098e-02
5.899999999999999689e-01 2.999571957016897855e-02
5.999999999999999778e-01 2.999571957016881202e-02
6.099999999999999867e-01 2.999571957017295454e-02
6.199999999999999956e-01 2.999571957016887447e-02
6.300000000000000044e-01 2.999571957016890916e-02
6.400000000000000133e-01 2.999571957017364149e-02
6.500000000000000222e-01 2.999571957016894386e-02
6.600000000000000311e-01 2.999571957017117818e-02
6.700000000000000400e-01 2.999571957016877385e-02
6.800000000000000488e-01 2.999571957017035245e-02
6.900000000000000577e-01 2.999571957017155288e-02
7.000000000000000666e-01 2.999571957016919713e-02
7.099999999999999645e-01 2.999571957017049817e-02
7.199999999999999734e-01 2.999571957017076879e-02
7.299999999999999822e-01 2.999571957017110879e-02
7.399999999999999911e-01 2.999571957016949203e-02
7.500000000000000000e-01 2.999571957017189983e-02
7.600000000000000089e-01 2.999571957017204901e-02
7.700000000000000178e-01 2.999571957016822221e-02
7.800000000000000266e-01 2.999571957016882937e-02
7.900000000000000355e-01 2.999571957017094573e-02
8.000000000000000444e-01 2.999571957016644239e-02
8.100000000000000533e-01 2.999571957017020327e-02
8.200000000000000622e-01 2.999571957017008531e-02
8.300000000000000711e-01 2.999571957016817711e-02
8.399999999999999689e-01 2.999571957017192064e-02
8.499999999999999778e-01 2.999571957016986326e-02
8.599999999999999867e-01 2.999571957017061960e-02
8.699999999999999956e-01 2.999571957016999163e-02
8.800000000000000044e-01 2.999571957017320434e-02
8.900000000000000133e-01 2.999571957017070634e-02
9.000000000000000222e-01 2.999571957017109144e-02
9.100000000000000311e-01 2.999571957016690729e-02
9.200000000000000400e-01 2.999571957016947815e-02
9.300000000000000488e-01 2.999571957017003326e-02
9.400000000000000577e-01 2.999571957017005408e-02
9.500000000000000666e-01 2.999571957016855875e-02
9.599999999999999645e-01 2.999571957017203860e-02
9.699999999999999734e-01 2.999571957016862814e-02
9.799999999999999822e-01 2.999571957016889528e-02
9.899999999999999911e-01 2.999571957017063348e-02
1.000000000000000000e+00 2.999571957016967938e-02
1.010000000000000009e+00 2.999571957016890916e-02
1.020000000000000018e+00 2.999571957016896814e-02
1.030000000000000027e+00 2.999571957016917631e-02
1.040000000000000036e+00 2.999571957016962734e-02
1.050000000000000044e+00 2.999571957016738954e-02
1.060000000000000053e+00 2.999571957017008531e-02
1.070000000000000062e+00 2.999571957017072021e-02
1.080000000000000071e+00 2.999571957016865589e-02
1.090000000000000080e+00 2.999571957017120594e-02
1.100000000000000089e+00 2.999571957017045307e-02
1.110000000000000098e+00 2.999571957017056062e-02
1.120000000000000107e+00 2.999571957016872875e-02
1.130000000000000115e+00 2.999571957016963081e-02
1.140000000000000124e+00 2.999571957017042184e-02
1.150000000000000133e+00 2.999571957017057103e-02
1.159999999999999920e+00 2.999571957016967938e-02
1.169999999999999929e+00 2.999571957017180615e-02
1.179999999999999938e+00 2.999571957017023449e-02
1.189999999999999947e+00 2.999571957016918672e-02
1.199999999999999956e+00 2.999571957016981469e-02
1.209999999999999964e+00 2.999571957017067858e-02
1.219999999999999973e+00 2.999571957016815976e-02
1.229999999999999982e+00 2.999571957016988755e-02
1.239999999999999991e+00 2.999571957017133778e-02
1.250000000000000000e+00 2.999571957017040796e-02
1.260000000000000009e+00 2.999571957016892304e-02
1.270000000000000018e+00 2.999571957017030388e-02
1.280000000000000027e+00 2.999571957017142104e-02
1.290000000000000036e+00 2.999571957016987714e-02
1.300000000000000044e+00 2.999571957016875651e-02
1.310000000000000053e+00 2.999571957016856916e-02
1.320000000000000062e+00 2.999571957016893345e-02
1.330000000000000071e+00 2.999571957016920754e-02
1.340000000000000080e+00 2.999571957016921794e-02
1.350000000000000089e+00 2.999571957016958917e-02
1.360000000000000098e+00 2.999571957016904447e-02
1.370000000000000107e+00 2.999571957016976612e-02
1.380000000000000115e+00 2.999571957017107410e-02
1.390000000000000124e+00 2.999571957017008877e-02
1.400000000000000133e+00 2.999571957017178186e-02
1.409999999999999920e+00 2.999571957016848936e-02
1.419999999999999929e+00 2.999571957017082430e-02
1.429999999999999938e+00 2.999571957016945387e-02
1.439999999999999947e+00 2.999571957016851365e-02
1.449999999999999956e+00 2.999571957016870793e-02
1.459999999999999964e+00 2.999571957016964469e-02
1.469999999999999973e+00 2.999571957017014429e-02
1.479999999999999982e+00 2.999571957016860385e-02
1.489999999999999991e+00 2.999571957016842344e-02
1.500000000000000000e+00 2.999571957016870100e-02
1.510000000000000009e+00 2.999571957017117471e-02
1.520000000000000018e+00 2.999571957017009918e-02
1.530000000000000027e+00 2.999571957016995000e-02
1.540000000000000036e+00 2.999571957016989449e-02
1.550000000000000044e+00 2.999571957017008531e-02
1.560000000000000053e+00 2.999571957016855875e-02
1.570000000000000062e+00 2.999571957017021714e-02
1.580000000000000071e+00 2.999571957016954407e-02
1.590000000000000080e+00 2.999571957016973489e-02
1.600000000000000089e+00 2.999571957017011653e-02
1.610000000000000098e+00 2.999571957017008877e-02
1.620000000000000107e+00 2.999571957017195187e-02
1.630000000000000115e+00 2.999571957016806956e-02
1.640000000000000124e+00 2.999571957016955101e-02
1.650000000000000133e+00 2.999571957016865936e-02
1.660000000000000142e+00 2.999571957016933244e-02
1.669999999999999929e+00 2.999571957016997775e-02
1.679999999999999938e+00 2.999571957017032123e-02
1.689999999999999947e+00 2.999571957017050511e-02
1.699999999999999956e+00 2.999571957017042878e-02
1.709999999999999964e+00 2.999571957016886753e-02
1.719999999999999973e+00 2.999571957016957530e-02
1.729999999999999982e+00 2.999571957016978346e-02
1.739999999999999991e+00 2.999571957017100471e-02
1.750000000000000000e+00 2.999571957017022755e-02
1.760000000000000009e+00 2.999571957017102553e-02
1.770000000000000018e+00 2.999571957016865242e-02
1.780000000000000027e+00 2.999571957016717444e-02
1.790000000000000036e+00 2.999571957016938795e-02
1.800000000000000044e+00 2.999571957017040796e-02
1.810000000000000053e+00 2.999571957017035245e-02
1.820000000000000062e+00 2.999571957016809037e-02
1.830000000000000071e+00 2.999571957016955448e-02
1.840000000000000080e+00 2.999571957017008531e-02
1.850000000000000089e+00 2.999571957017058144e-02
1.860000000000000098e+00 2.999571957016945734e-02
1.870000000000000107e+00 2.999571957017076185e-02
1.880000000000000115e+00 2.999571957017049817e-02
1.890000000000000124e+00 2.999571957016897161e-02
1.900000000000000133e+00 2.999571957016972101e-02
1.910000000000000142e+00 2.999571957017161533e-02
1.919999999999999929e+00 2.999571957017043572e-02
1.929999999999999938e+00 2.999571957017017204e-02
1.939999999999999947e+00 2.999571957016874957e-02
1.949999999999999956e+00 2.999571957016982510e-02
1.959999999999999964e+00 2.999571957017155982e-02
1.969999999999999973e+00 2.999571957017051205e-02
1.979999999999999982e+00 2.999571957016854834e-02
1.989999999999999991e+00 2.999571957016999163e-02
2.000000000000000000e+00 2.999571957016947815e-02
2.010000000000000231e+00 2.999571957016911733e-02
2.020000000000000018e+00 2.999571957016963775e-02
2.030000000000000249e+00 2.999571957016859691e-02
2.040000000000000036e+00 2.999571957016922835e-02
2.049999999999999822e+00 2.999571957016885018e-02
2.060000000000000053e+00 2.999571957017061266e-02
2.069999999999999840e+00 2.999571957016998469e-02
2.080000000000000071e+00 2.999571957016932897e-02
2.089999999999999858e+00 2.999571957016873569e-02
2.100000000000000089e+00 2.999571957017200044e-02
2.109999999999999876e+00 2.999571957016987367e-02
2.120000000000000107e+00 2.999571957017027612e-02
2.129999999999999893e+00 2.999571957016952672e-02
2.140000000000000124e+00 2.999571957017013735e-02
2.149999999999999911e+00 2.999571957016894386e-02
2.160000000000000142e+00 2.999571957017053980e-02
2.169999999999999929e+00 2.999571957017033164e-02
2.180000000000000160e+00 2.999571957016887447e-02
2.189999999999999947e+00 2.999571957017035245e-02
2.200000000000000178e+00 2.999571957017068552e-02
2.209999999999999964e+00 2.999571957016949897e-02
2.220000000000000195e+00 2.999571957016951979e-02
2.229999999999999982e+00 2.999571957016868712e-02
2.240000000000000213e+00 2.999571957016998469e-02
2.250000000000000000e+00 2.999571957017174023e-02
2.260000000000000231e+00 2.999571957016942958e-02
2.270000000000000018e+00 2.999571957016934631e-02
2.280000000000000249e+00 2.999571957016884324e-02
2.290000000000000036e+00 2.999571957016983551e-02
2.300000000000000266e+00 2.999571957016940182e-02
2.310000000000000053e+00 2.999571957016890222e-02
2.319999999999999840e+00 2.999571957016883977e-02
2.330000000000000071e+00 2.999571957017019980e-02
2.339999999999999858e+00 2.999571957016949897e-02
2.350000000000000089e+00 2.999571957016945734e-02
2.359999999999999876e+00 2.999571957016890916e-02
2.370000000000000107e+00 2.999571957016866630e-02
2.379999999999999893e+00 2.999571957016921447e-02
2.390000000000000124e+00 2.999571957016887794e-02
2.399999999999999911e+00 2.999571957017051552e-02
2.410000000000000142e+00 2.999571957017029694e-02
2.419999999999999929e+00 2.999571957016829160e-02
2.430000000000000160e+00 2.999571957017025878e-02
2.439999999999999947e+00 2.999571957016905488e-02
2.450000000000000178e+00 2.999571957016836099e-02
2.459999999999999964e+00 2.999571957016883630e-02
2.470000000000000195e+00 2.999571957017063695e-02
2.479999999999999982e+00 2.999571957016990142e-02
2.490000000000000213e+00 2.999571957017015122e-02
2.500000000000000000e+00 2.999571957017004714e-02
2.510000000000000231e+00 2.999571957017023796e-02
2.520000000000000018e+00 2.999571957016892304e-02
2.530000000000000249e+00 2.999571957017009918e-02
2.540000000000000036e+00 2.999571957016965509e-02
2.550000000000000266e+00 2.999571957016873569e-02
2.560000000000000053e+00 2.999571957017149737e-02
2.569999999999999840e+00 2.999571957016864202e-02
2.580000000000000071e+00 2.999571957017008877e-02
2.589999999999999858e+00 2.999571957016954060e-02
2.600000000000000089e+00 2.999571957016921100e-02
2.609999999999999876e+00 2.999571957016862814e-02
2.620000000000000107e+00 2.999571957016934631e-02
2.629999999999999893e+00 2.999571957017039756e-02
2.640000000000000124e+00 2.999571957016977999e-02
2.649999999999999911e+00 2.999571957016982510e-02
2.660000000000000142e+00 2.999571957016922835e-02
2.669999999999999929e+00 2.999571957016999510e-02
2.680000000000000160e+00 2.999571957016972448e-02
2.689999999999999947e+00 2.999571957016890222e-02
2.700000000000000178e+00 2.999571957017013735e-02
2.709999999999999964e+00 2.999571957016875998e-02
2.720000000000000195e+00 2.999571957016907570e-02
2.729999999999999982e+00 2.999571957016871140e-02
2.740000000000000213e+00 2.999571957016883283e-02
2.750000000000000000e+00 2.999571957016933937e-02
2.760000000000000231e+00 2.999571957016871487e-02
2.770000000000000018e+00 2.999571957016912427e-02
2.780000000000000249e+00 2.999571957016813895e-02
2.790000000000000036e+00 2.999571957016923529e-02
2.800000000000000266e+00 2.999571957016940529e-02
2.810000000000000053e+00 2.999571957016916590e-02
2.819999999999999840e+00 2.999571957016869059e-02
2.830000000000000071e+00 2.999571957016891957e-02
2.839999999999999858e+00 2.999571957016993959e-02
2.850000000000000089e+00 2.999571957017019286e-02
2.859999999999999876e+00 2.999571957016894386e-02
2.870000000000000107e+00 2.999571957016883977e-02
2.879999999999999893e+00 2.999571957016801058e-02
2.890000000000000124e+00 2.999571957016834017e-02
2.899999999999999911e+00 2.999571957016877038e-02
2.910000000000000142e+00 2.999571957016908264e-02
2.919999999999999929e+00 2.999571957017010959e-02
2.930000000000000160e+00 2.999571957016988755e-02
2.939999999999999947e+00 2.999571957017001245e-02
2.950000000000000178e+00 2.999571957016845467e-02
2.959999999999999964e+00 2.999571957016978346e-02
2.970000000000000195e+00 2.999571957016892998e-02
2.979999999999999982e+00 2.999571957016995000e-02
2.990000000000000213e+00 2.999571957016869406e-02
3.000000000000000000e+00 2.999571957016922835e-02
3.010000000000000231e+00 2.999571957016922141e-02
3.020000000000000018e+00 2.999571957016854834e-02
3.030000000000000249e+00 2.999571957016789955e-02
3.040000000000000036e+00 2.999571957017085205e-02
3.050000000000000266e+00 2.999571957016836793e-02
3.060000000000000053e+00 2.999571957016903406e-02
3.070000000000000284e+00 2.999571957016908957e-02
3.080000000000000071e+00 2.999571957017054674e-02
3.089999999999999858e+00 2.999571957016847201e-02
3.100000000000000089e+00 2.999571957016986326e-02
3.109999999999999876e+00 2.999571957016865936e-02
3.120000000000000107e+00 2.999571957016866977e-02
3.129999999999999893e+00 2.999571957016938448e-02
3.140000000000000124e+00 2.999571957016902712e-02
3.149999999999999911e+00 2.999571957016929774e-02
3.160000000000000142e+00 2.999571957016861079e-02
3.169999999999999929e+00 2.999571957016959264e-02
3.180000000000000160e+00 2.999571957016956142e-02
3.189999999999999947e+00 2.999571957016887100e-02
3.200000000000000178e+00 2.999571957016946427e-02
3.209999999999999964e+00 2.999571957016824997e-02
3.220000000000000195e+00 2.999571957016941570e-02
3.229999999999999982e+00 2.999571957017048776e-02
3.240000000000000213e+00 2.999571957016942611e-02
3.250000000000000000e+00 2.999571957016898549e-02
3.260000000000000231e+00 2.999571957016963081e-02
3.270000000000000018e+00 2.999571957016852752e-02
3.280000000000000249e+00 2.999571957016882243e-02
3.290000000000000036e+00 2.999571957016847548e-02
3.300000000000000266e+00 2.999571957016921447e-02
3.310000000000000053e+00 2.999571957016926305e-02
3.320000000000000284e+00 2.999571957016892304e-02
3.330000000000000071e+00 2.999571957016928039e-02
3.339999999999999858e+00 2.999571957016895773e-02
3.350000000000000089e+00 2.999571957016845467e-02
3.359999999999999876e+00 2.999571957016895080e-02
3.370000000000000107e+00 2.999571957016958917e-02
3.379999999999999893e+00 2.999571957016973836e-02
3.390000000000000124e+00 2.999571957016841650e-02
3.399999999999999911e+00 2.999571957016843038e-02
3.410000000000000142e+00 2.999571957016940529e-02
3.419999999999999929e+00 2.999571957016993612e-02
3.430000000000000160e+00 2.999571957016905835e-02
3.439999999999999947e+00 2.999571957016903406e-02
3.450000000000000178e+00 2.999571957016910345e-02
3.459999999999999964e+00 2.999571957016925611e-02
3.470000000000000195e+00 2.999571957016802792e-02
3.479999999999999982e+00 2.999571957016815976e-02
3.490000000000000213e+00 2.999571957016989796e-02
3.500000000000000000e+00 2.999571957016854834e-02
3.510000000000000231e+00 2.999571957016970020e-02
3.520000000000000018e+00 2.999571957016964815e-02
3.530000000000000249e+00 2.999571957016855181e-02
3.540000000000000036e+00 2.999571957016867671e-02
3.550000000000000266e+00 2.999571957016926305e-02
3.560000000000000053e+00 2.999571957016898202e-02
3.570000000000000284e+00 2.999571957016956489e-02
3.580000000000000071e+00 2.999571957016974877e-02
3.589999999999999858e+00 2.999571957016968632e-02
3.600000000000000089e+00 2.999571957016790996e-02
3.609999999999999876e+00 2.999571957016865242e-02
3.620000000000000107e+00 2.999571957016936019e-02
3.629999999999999893e+00 2.999571957016872875e-02
3.640000000000000124e+00 2.999571957016934631e-02
3.649999999999999911e+00 2.999571957016937407e-02
3.660000000000000142e+00 2.999571957016868018e-02
3.669999999999999929e+00 2.999571957016998469e-02
3.680000000000000160e+00 2.999571957016934631e-02
3.689999999999999947e+00 2.999571957016875998e-02
3.700000000000000178e+00 2.999571957016869406e-02
3.709999999999999964e+00 2.999571957016950591e-02
3.720000000000000195e+00 2.999571957016895773e-02
3.729999999999999982e+00 2.999571957016835405e-02
3.740000000000000213e+00 2.999571957016919366e-02
3.750000000000000000e+00 2.999571957016880508e-02
3.760000000000000231e+00 2.999571957016947815e-02
3.770000000000000018e+00 2.999571957016902365e-02
3.780000000000000249e+00 2.999571957016856569e-02
3.790000000000000036e+00 2.999571957016901325e-02
3.800000000000000266e+00 2.999571957016985979e-02
3.810000000000000053e+00 2.999571957016879120e-02
3.820000000000000284e+00 2.999571957016939489e-02
3.830000000000000071e+00 2.999571957016878773e-02
3.839999999999999858e+00 2.999571957016905141e-02
3.850000000000000089e+00 2.999571957016938101e-02
3.859999999999999876e+00 2.999571957016931509e-02
3.870000000000000107e+00 2.999571957016869059e-02
3.879999999999999893e+00 2.999571957016853446e-02
3.890000000000000124e+00 2.999571957016910345e-02
3.899999999999999911e+00 2.999571957016926305e-02
3.910000000000000142e+00 2.999571957016932550e-02
3.919999999999999929e+00 2.999571957016878426e-02
3.930000000000000160e+00 2.999571957016870100e-02
3.939999999999999947e+00 2.999571957016832630e-02
3.950000000000000178e+00 2.999571957016923529e-02
3.959999999999999964e+00 2.999571957016908610e-02
3.970000000000000195e+00 2.999571957016905835e-02
3.979999999999999982e+00 2.999571957016891957e-02
3.990000000000000213e+00 2.999571957016923182e-02
4.000000000000000000e+00 2.999571957016915202e-02
4.009999999999999787e+00 2.999571957016900978e-02
4.020000000000000462e+00 2.999571957016877038e-02
4.030000000000000249e+00 2.999571957016953366e-02
4.040000000000000036e+00 2.999571957016902019e-02
4.049999999999999822e+00 2.999571957016895080e-02
4.060000000000000497e+00 2.999571957016865242e-02
4.070000000000000284e+00 2.999571957016932897e-02
4.080000000000000071e+00 2.999571957016892304e-02
4.089999999999999858e+00 2.999571957016892304e-02
4.099999999999999645e+00 2.999571957016915896e-02
4.110000000000000320e+00 2.999571957016904794e-02
4.120000000000000107e+00 2.999571957016886059e-02
4.129999999999999893e+00 2.999571957016923876e-02
4.139999999999999680e+00 2.999571957016892651e-02
4.150000000000000355e+00 2.999571957016890222e-02
4.160000000000000142e+00 2.999571957016888835e-02
4.169999999999999929e+00 2.999571957016890569e-02
4.179999999999999716e+00 2.999571957016885365e-02
4.190000000000000391e+00 2.999571957016953019e-02
4.200000000000000178e+00 2.999571957016889528e-02
4.209999999999999964e+00 2.999571957016927692e-02
4.219999999999999751e+00 2.999571957016928039e-02
4.230000000000000426e+00 2.999571957016883630e-02
4.240000000000000213e+00 2.999571957016920407e-02
4.250000000000000000e+00 2.999571957016901672e-02
4.259999999999999787e+00 2.999571957016890916e-02
4.270000000000000462e+00 2.999571957016909651e-02
4.280000000000000249e+00 2.999571957016922835e-02
4.290000000000000036e+00 2.999571957016916590e-02
4.299999999999999822e+00 2.999571957016920754e-02
4.310000000000000497e+00 2.999571957016904100e-02
4.320000000000000284e+00 2.999571957016912427e-02
4.330000000000000071e+00 2.999571957016915202e-02
4.339999999999999858e+00 2.999571957016885712e-02
4.350000000000000533e+00 2.999571957016913121e-02
4.360000000000000320e+00 2.999571957016946427e-02
4.370000000000000107e+00 2.999571957016930468e-02
4.379999999999999893e+00 2.999571957016906529e-02
4.389999999999999680e+00 2.999571957016903753e-02
4.400000000000000355e+00 2.999571957016918672e-02
4.410000000000000142e+00 2.999571957016941223e-02
4.419999999999999929e+00 2.999571957016902019e-02
4.429999999999999716e+00 2.999571957016887447e-02
4.440000000000000391e+00 2.999571957016929427e-02
4.450000000000000178e+00 2.999571957016918672e-02
4.459999999999999964e+00 2.999571957016926305e-02
4.469999999999999751e+00 2.999571957016927345e-02
4.480000000000000426e+00 2.999571957016931856e-02
4.490000000000000213e+00 2.999571957016924570e-02
4.500000000000000000e+00 2.999571957016923182e-02
4.509999999999999787e+00 2.999571957016919019e-02
4.520000000000000462e+00 2.999571957016924223e-02
4.530000000000000249e+00 2.999571957016922488e-02
4.540000000000000036e+00 2.999571957016927692e-02
4.549999999999999822e+00 2.999571957016927692e-02
4.560000000000000497e+00 2.999571957016932897e-02
4.570000000000000284e+00 2.999571957016933937e-02
4.580000000000000071e+00 2.999571957016922488e-02
4.589999999999999858e+00 2.999571957016932897e-02
4.600000000000000533e+00 2.999571957016932203e-02
4.610000000000000320e+00 2.999571957016924570e-02
4.620000000000000107e+00 2.999571957016928386e-02
4.629999999999999893e+00 2.999571957016927692e-02
4.639999999999999680e+00 2.999571957016924917e-02
4.650000000000000355e+00 2.999571957016927345e-02
4.660000000000000142e+00 2.999571957016928733e-02
4.669999999999999929e+00 2.999571957016927692e-02
4.679999999999999716e+00 2.999571957016929080e-02
4.690000000000000391e+00 2.999571957016931162e-02
4.700000000000000178e+00 2.999571957016936366e-02
4.709999999999999964e+00 2.999571957016931509e-02
4.719999999999999751e+00 2.999571957016923182e-02
4.730000000000000426e+00 2.999571957016931162e-02
4.740000000000000213e+00 2.999571957016936713e-02
4.750000000000000000e+00 2.999571957016929080e-02
4.759999999999999787e+00 2.999571957016932203e-02
4.770000000000000462e+00 2.999571957016939142e-02
4.780000000000000249e+00 2.999571957016938795e-02
4.790000000000000036e+00 2.999571957016938795e-02
4.799999999999999822e+00 2.999571957016937754e-02
4.810000000000000497e+00 2.999571957016938101e-02
4.820000000000000284e+00 2.999571957016939835e-02
4.830000000000000071e+00 2.999571957016939489e-02
4.839999999999999858e+00 2.999571957016941223e-02
4.850000000000000533e+00 2.999571957016942958e-02
4.860000000000000320e+00 2.999571957016941570e-02
4.870000000000000107e+00 2.999571957016943652e-02
4.879999999999999893e+00 2.999571957016942611e-02
4.889999999999999680e+00 2.999571957016945387e-02
4.900000000000000355e+00 2.999571957016945734e-02
4.910000000000000142e+00 2.999571957016945734e-02
4.919999999999999929e+00 2.999571957016948509e-02
4.929999999999999716e+00 2.999571957016948509e-02
4.940000000000000391e+00 2.999571957016949897e-02
4.950000000000000178e+00 2.999571957016949203e-02
4.959999999999999964e+00 2.999571957016951285e-02
4.969999999999999751e+00 2.999571957016951632e-02
4.980000000000000426e+00 2.999571957016952672e-02
4.990000000000000213e+00 2.999571957016954060e-02
5.000000000000000000e+00 2.999571957016954407e-02
5.009999999999999787e+00 2.999571957016955795e-02
5.020000000000000462e+00 2.999571957016956489e-02
5.030000000000000249e+00 2.999571957016956836e-02
5.040000000000000036e+00 2.999571957016957877e-02
5.049999999999999822e+00 2.999571957016958570e-02
5.060000000000000497e+00 2.999571957016958570e-02
5.070000000000000284e+00 2.999571957016959264e-02
5.080000000000000071e+00 2.999571957016959958e-02
5.089999999999999858e+00 2.999571957016960305e-02
5.100000000000000533e+00 2.999571957016961693e-02
5.110000000000000320e+00 2.999571957016960999e-02
5.120000000000000107e+00 2.999571957016963428e-02
5.129999999999999893e+00 2.999571957016962734e-02
5.139999999999999680e+00 2.999571957016965162e-02
5.150000000000000355e+00 2.999571957016965856e-02
5.160000000000000142e+00 2.999571957016966897e-02
5.169999999999999929e+00 2.999571957016966550e-02
5.179999999999999716e+00 2.999571957016966550e-02
5.190000000000000391e+00 2.999571957016969326e-02
5.200000000000000178e+00 2.999571957016970714e-02
5.209999999999999964e+00 2.999571957016971060e-02
5.219999999999999751e+00 2.999571957016970714e-02
5.230000000000000426e+00 2.999571957016971060e-02
5.240000000000000213e+00 2.999571957016975918e-02
5.250000000000000000e+00 2.999571957016975918e-02
5.259999999999999787e+00 2.999571957016976265e-02
5.270000000000000462e+00 2.999571957016978346e-02
5.280000000000000249e+00 2.999571957016976265e-02
5.290000000000000036e+00 2.999571957016977305e-02
5.299999999999999822e+00 2.999571957016979734e-02
5.310000000000000497e+00 2.999571957016981816e-02
5.320000000000000284e+00 2.999571957016982510e-02
5.330000000000000071e+00 2.999571957016980428e-02
5.339999999999999858e+00 2.999571957016984244e-02
5.350000000000000533e+00 2.999571957016983551e-02
5.360000000000000320e+00 2.999571957016987020e-02
5.370000000000000107e+00 2.999571957016988061e-02
5.379999999999999893e+00 2.999571957016983897e-02
5.389999999999999680e+00 2.999571957016982510e-02
5.400000000000000355e+00 2.999571957016982857e-02
5.410000000000000142e+00 2.999571957016981469e-02
5.419999999999999929e+00 2.999571957016990489e-02
5.429999999999999716e+00 2.999571957016978346e-02
5.440000000000000391e+00 2.999571957016991183e-02
5.450000000000000178e+00 2.999571957016987367e-02
5.459999999999999964e+00 2.999571957016984244e-02
5.469999999999999751e+00 2.999571957016987714e-02
5.480000000000000426e+00 2.999571957017002632e-02
5.490000000000000213e+00 2.999571957016983897e-02
5.500000000000000000e+00 2.999571957017000551e-02
5.509999999999999787e+00 2.999571957016980775e-02
5.520000000000000462e+00 2.999571957016996041e-02
5.530000000000000249e+00 2.999571957017004367e-02
5.540000000000000036e+00 2.999571957016998816e-02
5.549999999999999822e+00 2.999571957016999857e-02
5.560000000000000497e+00 2.999571957016996734e-02
5.570000000000000284e+00 2.999571957017007490e-02
5.580000000000000071e+00 2.999571957016979734e-02
5.589999999999999858e+00 2.999571957016991530e-02
5.600000000000000533e+00 2.999571957017001245e-02
5.610000000000000320e+00 2.999571957016995000e-02
5.620000000000000107e+00 2.999571957017001939e-02
5.629999999999999893e+00 2.999571957017008531e-02
5.639999999999999680e+00 2.999571957016995000e-02
5.650000000000000355e+00 2.999571957016998469e-02
5.660000000000000142e+00 2.999571957017013735e-02
5.669999999999999929e+00 2.999571957016982510e-02
5.679999999999999716e+00 2.999571957017019980e-02
5.690000000000000391e+00 2.999571957017015816e-02
5.700000000000000178e+00 2.999571957016992571e-02
5.709999999999999964e+00 2.999571957017027959e-02
5.719999999999999751e+00 2.999571957016983897e-02
5.730000000000000426e+00 2.999571957017017898e-02
5.740000000000000213e+00 2.999571957017021367e-02
5.750000000000000000e+00 2.999571957017015469e-02
5.759999999999999787e+00 2.999571957017030388e-02
5.770000000000000462e+00 2.999571957017017204e-02
5.780000000000000249e+00 2.999571957017000898e-02
5.790000000000000036e+00 2.999571957017009224e-02
5.799999999999999822e+00 2.999571957017039409e-02
5.810000000000000497e+00 2.999571957017001245e-02
5.820000000000000284e+00 2.999571957017009224e-02
5.830000000000000071e+00 2.999571957016985285e-02
5.839999999999999858e+00 2.999571957017026919e-02
5.850000000000000533e+00 2.999571957017047735e-02
5.860000000000000320e+00 2.999571957017022061e-02
5.870000000000000107e+00 2.999571957017044960e-02
5.879999999999999893e+00 2.999571957017005408e-02
5.889999999999999680e+00 2.999571957017014082e-02
5.900000000000000355e+00 2.999571957017030388e-02
5.910000000000000142e+00 2.999571957017067164e-02
5.919999999999999929e+00 2.999571957017014429e-02
5.929999999999999716e+00 2.999571957016994306e-02
5.940000000000000391e+00 2.999571957017049817e-02
5.950000000000000178e+00 2.999571957017057450e-02
5.959999999999999964e+00 2.999571957017009918e-02
5.969999999999999751e+00 2.999571957017022061e-02
5.980000000000000426e+00 2.999571957017051899e-02
5.990000000000000213e+00 2.999571957017037327e-02
6.000000000000000000e+00 2.999571957017017898e-02
6.009999999999999787e+00 2.999571957017020674e-02
6.020000000000000462e+00 2.999571957017074103e-02
6.030000000000000249e+00 2.999571957017075491e-02
6.040000000000000036e+00 2.999571957017026225e-02
6.049999999999999822e+00 2.999571957017004714e-02
6.060000000000000497e+00 2.999571957017031776e-02
6.070000000000000284e+00 2.999571957017001245e-02
6.080000000000000071e+00 2.999571957016996734e-02
6.089999999999999858e+00 2.999571957017008184e-02
6.100000000000000533e+00 2.999571957017038021e-02
6.110000000000000320e+00 2.999571957016986673e-02
6.120000000000000107e+00 2.999571957017014776e-02
6.129999999999999893e+00 2.999571957017059531e-02
6.140000000000000568e+00 2.999571957017048082e-02
6.150000000000000355e+00 2.999571957017023796e-02
6.160000000000000142e+00 2.999571957016995000e-02
6.169999999999999929e+00 2.999571957016993959e-02
6.179999999999999716e+00 2.999571957017059531e-02
6.190000000000000391e+00 2.999571957017073062e-02
6.200000000000000178e+00 2.999571957017093185e-02
6.209999999999999964e+00 2.999571957017045654e-02
6.219999999999999751e+00 2.999571957017031082e-02
6.230000000000000426e+00 2.999571957017048429e-02
6.240000000000000213e+00 2.999571957017035939e-02
6.250000000000000000e+00 2.999571957017036633e-02
6.259999999999999787e+00 2.999571957017035939e-02
6.270000000000000462e+00 2.999571957017078266e-02
6.280000000000000249e+00 2.999571957017050511e-02
6.290000000000000036e+00 2.999571957016955101e-02
6.299999999999999822e+00 2.999571957017056062e-02
6.310000000000000497e+00 2.999571957017136900e-02
6.320000000000000284e+00 2.999571957017076532e-02
6.330000000000000071e+00 2.999571957017160839e-02
6.339999999999999858e+00 2.999571957017142104e-02
6.350000000000000533e+00 2.999571957016972101e-02
6.360000000000000320e+00 2.999571957017039409e-02
6.370000000000000107e+00 2.999571957017056062e-02
6.379999999999999893e+00 2.999571957017020674e-02
6.390000000000000568e+00 2.999571957017079654e-02
6.400000000000000355e+00 2.999571957016989449e-02
6.410000000000000142e+00 2.999571957017004367e-02
6.419999999999999929e+00 2.999571957017099430e-02
6.429999999999999716e+00 2.999571957017005755e-02
6.440000000000000391e+00 2.999571957017069940e-02
6.450000000000000178e+00 2.999571957017131349e-02
6.459999999999999964e+00 2.999571957017007490e-02
6.469999999999999751e+00 2.999571957017072368e-02
6.480000000000000426e+00 2.999571957017192064e-02
6.490000000000000213e+00 2.999571957017114002e-02
6.500000000000000000e+00 2.999571957017085552e-02
6.509999999999999787e+00 2.999571957017097001e-02
6.520000000000000462e+00 2.999571957017050511e-02
6.530000000000000249e+00 2.999571957017074103e-02
6.540000000000000036e+00 2.999571957017039409e-02
6.549999999999999822e+00 2.999571957017071328e-02
6.560000000000000497e+00 2.999571957017014429e-02
6.570000000000000284e+00 2.999571957017097001e-02
6.580000000000000071e+00 2.999571957017050511e-02
6.589999999999999858e+00 2.999571957017080001e-02
6.600000000000000533e+00 2.999571957017078960e-02
6.610000000000000320e+00 2.999571957017056062e-02
6.620000000000000107e+00 2.999571957017011653e-02
6.629999999999999893e+00 2.999571957016941917e-02
6.640000000000000568e+00 2.999571957016940876e-02
6.650000000000000355e+00 2.999571957017002979e-02
6.660000000000000142e+00 2.999571957017012347e-02
6.669999999999999929e+00 2.999571957017092491e-02
6.679999999999999716e+00 2.999571957017027612e-02
6.690000000000000391e+00 2.999571957016995000e-02
6.700000000000000178e+00 2.999571957017140370e-02
6.709999999999999964e+00 2.999571957017036633e-02
6.719999999999999751e+00 2.999571957017063348e-02
6.730000000000000426e+00 2.999571957017123022e-02
6.740000000000000213e+00 2.999571957017023796e-02
6.750000000000000000e+00 2.999571957017129961e-02
6.759999999999999787e+00 2.999571957017059531e-02
6.770000000000000462e+00 2.999571957017063001e-02
6.780000000000000249e+00 2.999571957017027959e-02
6.790000000000000036e+00 2.999571957017135512e-02
6.799999999999999822e+00 2.999571957017150084e-02
6.810000000000000497e+00 2.999571957017083124e-02
6.820000000000000284e+00 2.999571957017076532e-02
6.830000000000000071e+00 2.999571957016974183e-02
6.839999999999999858e+00 2.999571957017053633e-02
6.850000000000000533e+00 2.999571957017145921e-02
6.860000000000000320e+00 2.999571957017067858e-02
6.870000000000000107e+00 2.999571957017195534e-02
6.879999999999999893e+00 2.999571957017182350e-02
6.890000000000000568e+00 2.999571957017053633e-02
6.900000000000000355e+00 2.999571957017231269e-02
6.910000000000000142e+00 2.999571957017297535e-02
6.919999999999999929e+00 2.999571957017067164e-02
6.929999999999999716e+00 2.999571957017069246e-02
6.940000000000000391e+00 2.999571957017062307e-02
6.950000000000000178e+00 2.999571957017036980e-02
6.959999999999999964e+00 2.999571957017021367e-02
6.969999999999999751e+00 2.999571957017062654e-02
6.980000000000000426e+00 2.999571957017188248e-02
6.990000000000000213e+00 2.999571957017071674e-02
7.000000000000000000e+00 2.999571957017056409e-02
7.009999999999999787e+00 2.999571957017196921e-02
7.020000000000000462e+00 2.999571957016996387e-02
7.030000000000000249e+00 2.999571957017048429e-02
7.040000000000000036e+00 2.999571957016945387e-02
7.049999999999999822e+00 2.999571957017086593e-02
7.060000000000000497e+00 2.999571957017239596e-02
7.070000000000000284e+00 2.999571957017081042e-02
7.080000000000000071e+00 2.999571957017146961e-02
7.089999999999999858e+00 2.999571957017178880e-02
7.100000000000000533e+00 2.999571957017149390e-02
7.110000000000000320e+00 2.999571957017184431e-02
7.120000000000000107e+00 2.999571957017051899e-02
7.129999999999999893e+00 2.999571957017134125e-02
7.140000000000000568e+00 2.999571957017102899e-02
7.150000000000000355e+00 2.999571957017158411e-02
7.160000000000000142e+00 2.999571957017147308e-02
7.169999999999999929e+00 2.999571957017037327e-02
7.179999999999999716e+00 2.999571957017099083e-02
7.190000000000000391e+00 2.999571957017189289e-02
7.200000000000000178e+00 2.999571957017149737e-02
7.209999999999999964e+00 2.999571957017049470e-02
7.219999999999999751e+00 2.999571957017042878e-02
7.230000000000000426e+00 2.999571957017184431e-02
7.240000000000000213e+00 2.999571957017143492e-02
7.250000000000000000e+00 2.999571957017018939e-02
7.259999999999999787e+00 2.999571957017064389e-02
7.270000000000000462e+00 2.999571957017040449e-02
7.280000000000000249e+00 2.999571957017093185e-02
7.290000000000000036e+00 2.999571957017124410e-02
7.299999999999999822e+00 2.999571957016972101e-02
7.310000000000000497e+00 2.999571957017111226e-02
7.320000000000000284e+00 2.999571957017075144e-02
7.330000000000000071e+00 2.999571957017156676e-02
7.339999999999999858e+00 2.999571957017036286e-02
7.350000000000000533e+00 2.999571957017172635e-02
7.360000000000000320e+00 2.999571957017079654e-02
7.370000000000000107e+00 2.999571957017135512e-02
7.379999999999999893e+00 2.999571957017173329e-02
7.390000000000000568e+00 2.999571957017168472e-02
7.400000000000000355e+00 2.999571957017039409e-02
7.410000000000000142e+00 2.999571957017235085e-02
7.419999999999999929e+00 2.999571957017115043e-02
7.429999999999999716e+00 2.999571957017110879e-02
7.440000000000000391e+00 2.999571957017168819e-02
7.450000000000000178e+00 2.999571957017103246e-02
7.459999999999999964e+00 2.999571957017133778e-02
7.469999999999999751e+00 2.999571957017070634e-02
7.480000000000000426e+00 2.999571957017105328e-02
7.490000000000000213e+00 2.999571957017176799e-02
7.500000000000000000e+00 2.999571957017122328e-02
7.509999999999999787e+00 2.999571957017196228e-02
7.520000000000000462e+00 2.999571957017111226e-02
7.530000000000000249e+00 2.999571957017271862e-02
7.540000000000000036e+00 2.999571957017160145e-02
7.549999999999999822e+00 2.999571957017107410e-02
7.560000000000000497e+00 2.999571957017137247e-02
7.570000000000000284e+00 2.999571957017119900e-02
7.580000000000000071e+00 2.999571957017151125e-02
7.589999999999999858e+00 2.999571957017234392e-02
7.600000000000000533e+00 2.999571957017329454e-02
7.610000000000000320e+00 2.999571957016960999e-02
7.620000000000000107e+00 2.999571957017248963e-02
7.629999999999999893e+00 2.999571957017306556e-02
7.640000000000000568e+00 2.999571957017204554e-02
7.650000000000000355e+00 2.999571957017201779e-02
7.660000000000000142e+00 2.999571957017215657e-02
7.669999999999999929e+00 2.999571957017176105e-02
7.679999999999999716e+00 2.999571957017243065e-02
7.690000000000000391e+00 2.999571957017242718e-02
7.700000000000000178e+00 2.999571957017112267e-02
7.709999999999999964e+00 2.999571957017160839e-02
7.719999999999999751e+00 2.999571957016970714e-02
7.730000000000000426e+00 2.999571957017130308e-02
7.740000000000000213e+00 2.999571957017204554e-02
7.750000000000000000e+00 2.999571957017134471e-02
7.759999999999999787e+00 2.999571957017233698e-02
7.770000000000000462e+00 2.999571957017284352e-02
7.780000000000000249e+00 2.999571957017199697e-02
7.790000000000000036e+00 2.999571957017112614e-02
7.799999999999999822e+00 2.999571957017153206e-02
7.810000000000000497e+00 2.999571957017199697e-02
7.820000000000000284e+00 2.999571957017190330e-02
7.830000000000000071e+00 2.999571957017251739e-02
7.839999999999999858e+00 2.999571957017105328e-02
7.850000000000000533e+00 2.999571957017208024e-02
7.860000000000000320e+00 2.999571957017260759e-02
7.870000000000000107e+00 2.999571957017035245e-02
7.879999999999999893e+00 2.999571957017176105e-02
7.890000000000000568e+00 2.999571957017189983e-02
7.900000000000000355e+00 2.999571957017090756e-02
7.910000000000000142e+00 2.999571957017160145e-02
7.919999999999999929e+00 2.999571957017190676e-02
7.930000000000000604e+00 2.999571957017033164e-02
7.940000000000000391e+00 2.999571957017229534e-02
7.950000000000000178e+00 2.999571957017157370e-02
7.959999999999999964e+00 2.999571957017177493e-02
7.969999999999999751e+00 2.999571957017199003e-02
7.980000000000000426e+00 2.999571957017299617e-02
7.990000000000000213e+00 2.999571957017135165e-02
8.000000000000000000e+00 2.999571957017296842e-02
8.009999999999999787e+00 2.999571957017184431e-02
8.019999999999999574e+00 2.999571957017035245e-02
8.029999999999999361e+00 2.999571957017169513e-02
8.040000000000000924e+00 2.999571957017178880e-02
8.050000000000000711e+00 2.999571957017358598e-02
8.060000000000000497e+00 2.999571957017231269e-02
8.070000000000000284e+00 2.999571957017125451e-02
8.080000000000000071e+00 2.999571957017069593e-02
8.089999999999999858e+00 2.999571957017173676e-02
8.099999999999999645e+00 2.999571957017283311e-02
8.109999999999999432e+00 2.999571957017190330e-02
8.120000000000000995e+00 2.999571957017102206e-02
8.130000000000000782e+00 2.999571957017170901e-02
8.140000000000000568e+00 2.999571957017323903e-02
8.150000000000000355e+00 2.999571957017207330e-02
8.160000000000000142e+00 2.999571957017157370e-02
8.169999999999999929e+00 2.999571957017383578e-02
8.179999999999999716e+00 2.999571957017152513e-02
8.189999999999999503e+00 2.999571957017178880e-02
8.199999999999999289e+00 2.999571957017327373e-02
8.210000000000000853e+00 2.999571957017348189e-02
8.220000000000000639e+00 2.999571957017150431e-02
8.230000000000000426e+00 2.999571957017303780e-02
8.240000000000000213e+00 2.999571957017344026e-02
8.250000000000000000e+00 2.999571957017353047e-02
8.259999999999999787e+00 2.999571957017223983e-02
8.269999999999999574e+00 2.999571957017211146e-02
8.279999999999999361e+00 2.999571957017237514e-02
8.290000000000000924e+00 2.999571957017328760e-02
8.300000000000000711e+00 2.999571957017248963e-02
8.310000000000000497e+00 2.999571957017332924e-02
8.320000000000000284e+00 2.999571957017059878e-02
8.330000000000000071e+00 2.999571957017167084e-02
8.339999999999999858e+00 2.999571957017281576e-02
8.349999999999999645e+00 2.999571957017232310e-02
8.359999999999999432e+00 2.999571957017319046e-02
8.370000000000000995e+00 2.999571957017348883e-02
8.380000000000000782e+00 2.999571957017204901e-02
8.390000000000000568e+00 2.999571957017280882e-02
8.400000000000000355e+00 2.999571957017338822e-02
8.410000000000000142e+00 2.999571957017389823e-02
8.419999999999999929e+00 2.999571957017278107e-02
8.429999999999999716e+00 2.999571957017275678e-02
8.439999999999999503e+00 2.999571957017297535e-02
8.449999999999999289e+00 2.999571957017251739e-02
8.460000000000000853e+00 2.999571957017130655e-02
8.470000000000000639e+00 2.999571957017226759e-02
8.480000000000000426e+00 2.999571957017361720e-02
8.490000000000000213e+00 2.999571957017236473e-02
8.500000000000000000e+00 2.999571957017203860e-02
8.509999999999999787e+00 2.999571957017235779e-02
8.519999999999999574e+00 2.999571957017364149e-02
8.529999999999999361e+00 2.999571957017331883e-02
8.540000000000000924e+00 2.999571957017319046e-02
8.550000000000000711e+00 2.999571957017378721e-02
8.560000000000000497e+00 2.999571957017378027e-02
8.570000000000000284e+00 2.999571957017219473e-02
8.580000000000000071e+00 2.999571957017228840e-02
8.589999999999999858e+00 2.999571957017274637e-02
8.599999999999999645e+00 2.999571957017502927e-02
8.609999999999999432e+00 2.999571957017234392e-02
8.620000000000000995e+00 2.999571957017246882e-02
8.630000000000000782e+00 2.999571957017214963e-02
8.640000000000000568e+00 2.999571957017289903e-02
8.650000000000000355e+00 2.999571957017302740e-02
8.660000000000000142e+00 2.999571957017180268e-02
8.669999999999999929e+00 2.999571957017256943e-02
8.679999999999999716e+00 2.999571957017097695e-02
8.689999999999999503e+00 2.999571957017198309e-02
8.700000000000001066e+00 2.999571957017337781e-02
8.710000000000000853e+00 2.999571957017293719e-02
8.720000000000000639e+00 2.999571957017361026e-02
8.730000000000000426e+00 2.999571957017297882e-02
8.740000000000000213e+00 2.999571957017314883e-02
8.750000000000000000e+00 2.999571957017095614e-02
8.759999999999999787e+00 2.999571957017355822e-02
8.769999999999999574e+00 2.999571957017216350e-02
8.779999999999999361e+00 2.999571957017140716e-02
8.790000000000000924e+00 2.999571957017340557e-02
8.800000000000000711e+00 2.999571957017462334e-02
8.810000000000000497e+00 2.999571957017137941e-02
8.820000000000000284e+00 2.999571957017339169e-02
8.830000000000000071e+00 2.999571957017454354e-02
8.839999999999999858e+00 2.999571957017215657e-02
8.849999999999999645e+00 2.999571957017292678e-02
8.859999999999999432e+00 2.999571957017378721e-02
8.870000000000000995e+00 2.999571957017409599e-02
8.880000000000000782e+00 2.999571957017379761e-02
8.890000000000000568e+00 2.999571957017358598e-02
8.900000000000000355e+00 2.999571957017435619e-02
8.910000000000000142e+00 2.999571957017215657e-02
8.919999999999999929e+00 2.999571957017288515e-02
8.929999999999999716e+00 2.999571957017185819e-02
8.939999999999999503e+00 2.999571957017284005e-02
8.950000000000001066e+00 2.999571957017235085e-02
8.960000000000000853e+00 2.999571957017241330e-02
8.970000000000000639e+00 2.999571957017520968e-02
8.980000000000000426e+00 2.999571957017208024e-02
8.990000000000000213e+00 2.999571957017167084e-02
9.000000000000000000e+00 2.999571957017441864e-02
9.009999999999999787e+00 2.999571957017334659e-02
9.019999999999999574e+00 2.999571957017353394e-02
9.029999999999999361e+00 2.999571957017418272e-02
9.040000000000000924e+00 2.999571957017024143e-02
9.050000000000000711e+00 2.999571957017389476e-02
9.060000000000000497e+00 2.999571957017372822e-02
9.070000000000000284e+00 2.999571957017351659e-02
9.080000000000000071e+00 2.999571957017551152e-02
9.089999999999999858e+00 2.999571957017475518e-02
9.099999999999999645e+00 2.999571957017591745e-02
9.109999999999999432e+00 2.999571957017096654e-02
9.120000000000000995e+00 2.999571957017450191e-02
9.130000000000000782e+00 2.999571957017319046e-02
9.140000000000000568e+00 2.999571957017506396e-02
9.150000000000000355e+00 2.999571957017757931e-02
9.160000000000000142e+00 2.999571957017342291e-02
9.169999999999999929e+00 2.999571957017276719e-02
9.179999999999999716e+00 2.999571957017325985e-02
9.189999999999999503e+00 2.999571957017465457e-02
9.200000000000001066e+00 2.999571957017174023e-02
9.210000000000000853e+00 2.999571957017822810e-02
9.220000000000000639e+00 2.999571957017187207e-02
9.230000000000000426e+00 2.999571957017160145e-02
9.240000000000000213e+00 2.999571957017402313e-02
9.250000000000000000e+00 2.999571957017329454e-02
9.259999999999999787e+00 2.999571957017369700e-02
9.269999999999999574e+00 2.999571957017584806e-02
9.279999999999999361e+00 2.999571957017300311e-02
9.290000000000000924e+00 2.999571957017607704e-02
9.300000000000000711e+00 2.999571957017349577e-02
9.310000000000000497e+00 2.999571957017371088e-02
9.320000000000000284e+00 2.999571957017581336e-02
9.330000000000000071e+00 2.999571957017443252e-02
9.339999999999999858e+00 2.999571957017311066e-02
9.349999999999999645e+00 2.999571957017516458e-02
9.359999999999999432e+00 2.999571957017456783e-02
9.370000000000000995e+00 2.999571957017423823e-02
9.380000000000000782e+00 2.999571957017185125e-02
9.390000000000000568e+00 2.999571957017196228e-02
9.400000000000000355e+00 2.999571957017355128e-02
9.410000000000000142e+00 2.999571957017422782e-02
9.419999999999999929e+00 2.999571957017251045e-02
9.429999999999999716e+00 2.999571957017091450e-02
9.439999999999999503e+00 2.999571957017823504e-02
9.450000000000001066e+00 2.999571957017250351e-02
9.460000000000000853e+00 2.999571957017098736e-02
9.470000000000000639e+00 2.999571957017642398e-02
9.480000000000000426e+00 2.999571957017310719e-02
9.490000000000000213e+00 2.999571957017262841e-02
9.500000000000000000e+00 2.999571957017392598e-02
9.509999999999999787e+00 2.999571957017047041e-02
9.519999999999999574e+00 2.999571957017321822e-02
9.529999999999999361e+00 2.999571957017488355e-02
9.540000000000000924e+00 2.999571957017273249e-02
9.550000000000000711e+00 2.999571957017246188e-02
9.560000000000000497e+00 2.999571957017219473e-02
9.570000000000000284e+00 2.999571957017732951e-02
9.580000000000000071e+00 2.999571957017271862e-02
9.589999999999999858e+00 2.999571957017467885e-02
9.599999999999999645e+00 2.999571957017232657e-02
9.609999999999999432e+00 2.999571957017538662e-02
9.620000000000000995e+00 2.999571957017411680e-02
9.630000000000000782e+00 2.999571957017195187e-02
9.640000000000000568e+00 2.999571957017430762e-02
9.650000000000000355e+00 2.999571957017264576e-02
9.660000000000000142e+00 2.999571957017507784e-02
9.669999999999999929e+00 2.999571957017614643e-02
9.679999999999999716e+00 2.999571957017434926e-02
9.689999999999999503e+00 2.999571957017261453e-02
9.700000000000001066e+00 2.999571957017362414e-02
9.710000000000000853e+00 2.999571957017518886e-02
9.720000000000000639e+00 2.999571957017269433e-02
9.730000000000000426e+00 2.999571957017556009e-02
9.740000000000000213e+00 2.999571957017253127e-02
9.750000000000000000e+00 2.999571957017616031e-02
9.759999999999999787e+00 2.999571957017359639e-02
9.769999999999999574e+00 2.999571957017326679e-02
9.779999999999999361e+00 2.999571957017216350e-02
9.790000000000000924e+00 2.999571957017423129e-02
9.800000000000000711e+00 2.999571957017404047e-02
9.810000000000000497e+00 2.999571957017009224e-02
9.820000000000000284e+00 2.999571957017195187e-02
9.830000000000000071e+00 2.999571957017246882e-02
9.839999999999999858e+00 2.999571957017261106e-02
9.849999999999999645e+00 2.999571957017297882e-02
9.859999999999999432e+00 2.999571957017282617e-02
9.870000000000000995e+00 2.999571957017328414e-02
9.880000000000000782e+00 2.999571957017414109e-02
9.890000000000000568e+00 2.999571957017443946e-02
9.900000000000000355e+00 2.999571957017384619e-02
9.910000000000000142e+00 2.999571957017329454e-02
9.919999999999999929e+00 2.999571957017371088e-02
9.929999999999999716e+00 2.999571957017315924e-02
9.939999999999999503e+00 2.999571957017408905e-02
9.950000000000001066e+00 2.999571957017055021e-02
9.960000000000000853e+00 2.999571957017311066e-02
9.970000000000000639e+00 2.999571957017450538e-02
