0.000000000000000000e+00 1.534077638508377639e-01
1.000000000000000021e-02 1.534077638628693341e-01
2.000000000000000042e-02 1.534077639024635509e-01
2.999999999999999889e-02 1.534077639659082726e-01
4.000000000000000083e-02 1.534077640553792865e-01
5.000000000000000278e-02 1.534077641780256518e-01
5.999999999999999778e-02 1.534077643232898414e-01
7.000000000000000666e-02 1.534077644865927126e-01
8.000000000000000167e-02 1.534077646836688735e-01
8.999999999999999667e-02 1.534077649075550887e-01
1.000000000000000056e-01 1.534077651416299037e-01
1.100000000000000006e-01 1.534077653886734838e-01
1.199999999999999956e-01 1.534077656537251588e-01
1.300000000000000044e-01 1.534077659239627689e-01
1.400000000000000133e-01 1.534077661896563194e-01
1.499999999999999944e-01 1.534077664711699929e-01
1.600000000000000033e-01 1.534077667225796637e-01
1.700000000000000122e-01 1.534077669845546887e-01
1.799999999999999933e-01 1.534077672292118999e-01
1.900000000000000022e-01 1.534077674574218508e-01
2.000000000000000111e-01 1.534077676668886003e-01
2.099999999999999922e-01 1.534077678749135032e-01
2.200000000000000011e-01 1.534077680367058050e-01
2.300000000000000100e-01 1.534077681916056757e-01
2.399999999999999911e-01 1.534077683195511077e-01
2.500000000000000000e-01 1.534077684258256247e-01
2.600000000000000089e-01 1.534077684969140098e-01
2.700000000000000178e-01 1.534077685517005185e-01
2.800000000000000266e-01 1.534077685750309394e-01
2.899999999999999800e-01 1.534077685848648787e-01
2.999999999999999889e-01 1.534077685697866067e-01
3.099999999999999978e-01 1.534077685364448329e-01
3.200000000000000067e-01 1.534077684824929066e-01
3.300000000000000155e-01 1.534077684003862518e-01
3.400000000000000244e-01 1.534077683061994546e-01
3.500000000000000333e-01 1.534077682098131390e-01
3.599999999999999867e-01 1.534077680854988301e-01
3.699999999999999956e-01 1.534077679419207918e-01
3.800000000000000044e-01 1.534077677887487334e-01
3.900000000000000133e-01 1.534077676149952774e-01
4.000000000000000222e-01 1.534077673900959282e-01
4.100000000000000311e-01 1.534077671497795781e-01
4.199999999999999845e-01 1.534077668939408667e-01
4.299999999999999933e-01 1.534077665933970547e-01
4.400000000000000022e-01 1.534077662889987703e-01
4.500000000000000111e-01 1.534077659158674667e-01
4.600000000000000200e-01 1.534077656167150694e-01
4.700000000000000289e-01 1.534077652538018977e-01
4.799999999999999822e-01 1.534077649183524517e-01
4.899999999999999911e-01 1.534077645298734249e-01
5.000000000000000000e-01 1.534077642000936381e-01
5.100000000000000089e-01 1.534077637988014442e-01
5.200000000000000178e-01 1.534077633848072442e-01
5.300000000000000266e-01 1.534077629220433892e-01
5.400000000000000355e-01 1.534077625860550964e-01
5.500000000000000444e-01 1.534077622426055498e-01
5.600000000000000533e-01 1.534077618319067138e-01
5.700000000000000622e-01 1.534077615851489051e-01
5.799999999999999600e-01 1.534077615259391847e-01
5.899999999999999689e-01 1.534077612008037383e-01
5.999999999999999778e-01 1.534077612278487990e-01
6.099999999999999867e-01 1.534077611671742225e-01
6.199999999999999956e-01 1.534077612114459754e-01
6.300000000000000044e-01 1.534077613187326272e-01
6.400000000000000133e-01 1.534077614053432348e-01
6.500000000000000222e-01 1.534077615626517066e-01
6.600000000000000311e-01 1.534077618789020103e-01
6.700000000000000400e-01 1.534077624357184921e-01
6.800000000000000488e-01 1.534077631245483742e-01
6.900000000000000577e-01 1.534077637783798354e-01
7.000000000000000666e-01 1.534077645957072633e-01
7.099999999999999645e-01 1.534077653434052779e-01
7.199999999999999734e-01 1.534077663061503005e-01
7.299999999999999822e-01 1.534077674563809057e-01
7.399999999999999911e-01 1.534077685296313942e-01
7.500000000000000000e-01 1.534077693440412948e-01
7.600000000000000089e-01 1.534077703833990336e-01
7.700000000000000178e-01 1.534077713910055318e-01
7.800000000000000266e-01 1.534077725823651539e-01
7.900000000000000355e-01 1.534077730039760945e-01
8.000000000000000444e-01 1.534077735631290962e-01
8.100000000000000533e-01 1.534077738542091451e-01
8.200000000000000622e-01 1.534077747496623012e-01
8.300000000000000711e-01 1.534077751315996718e-01
8.399999999999999689e-01 1.534077752186356614e-01
8.499999999999999778e-01 1.534077756628536293e-01
8.599999999999999867e-01 1.534077754557507389e-01
8.699999999999999956e-01 1.534077752354141566e-01
8.800000000000000044e-01 1.534077749942297231e-01
8.900000000000000133e-01 1.534077747203075326e-01
9.000000000000000222e-01 1.534077747275774117e-01
9.100000000000000311e-01 1.534077741490502134e-01
9.200000000000000400e-01 1.534077733490781248e-01
9.300000000000000488e-01 1.534077728273365027e-01
9.400000000000000577e-01 1.534077723098490331e-01
9.500000000000000666e-01 1.534077714455778785e-01
9.599999999999999645e-01 1.534077703740565346e-01
9.699999999999999734e-01 1.534077694502056222e-01
9.799999999999999822e-01 1.534077684452054557e-01
9.899999999999999911e-01 1.534077679812978490e-01
1.000000000000000000e+00 1.534077672259607505e-01
1.010000000000000009e+00 1.534077660376769459e-01
1.020000000000000018e+00 1.534077655133024021e-01
1.030000000000000027e+00 1.534077644772534055e-01
1.040000000000000036e+00 1.534077645091557751e-01
1.050000000000000044e+00 1.534077632030853011e-01
1.060000000000000053e+00 1.534077626037857189e-01
1.070000000000000062e+00 1.534077625922622978e-01
1.080000000000000071e+00 1.534077632144535686e-01
1.090000000000000080e+00 1.534077621561092952e-01
1.100000000000000089e+00 1.534077621273274017e-01
1.110000000000000098e+00 1.534077623719845296e-01
1.120000000000000107e+00 1.534077630018272631e-01
1.130000000000000115e+00 1.534077632898530885e-01
1.140000000000000124e+00 1.534077634641247412e-01
1.150000000000000133e+00 1.534077644089306136e-01
1.159999999999999920e+00 1.534077650734722298e-01
1.169999999999999929e+00 1.534077655489625991e-01
1.179999999999999938e+00 1.534077661972984563e-01
1.189999999999999947e+00 1.534077665315857486e-01
1.199999999999999956e+00 1.534077671573183810e-01
1.209999999999999964e+00 1.534077674547685566e-01
1.219999999999999973e+00 1.534077682154449951e-01
1.229999999999999982e+00 1.534077685085402931e-01
1.239999999999999991e+00 1.534077678922268761e-01
1.250000000000000000e+00 1.534077674858727591e-01
1.260000000000000009e+00 1.534077680027724766e-01
1.270000000000000018e+00 1.534077672920449720e-01
1.280000000000000027e+00 1.534077670282980033e-01
1.290000000000000036e+00 1.534077668552569218e-01
1.300000000000000044e+00 1.534077659959732776e-01
1.310000000000000053e+00 1.534077651982004853e-01
1.320000000000000062e+00 1.534077648447670639e-01
1.330000000000000071e+00 1.534077630091986166e-01
1.340000000000000080e+00 1.534077613193904621e-01
1.350000000000000089e+00 1.534077598173437529e-01
1.360000000000000098e+00 1.534077585587414194e-01
1.370000000000000107e+00 1.534077572572393189e-01
1.380000000000000115e+00 1.534077563898011420e-01
1.390000000000000124e+00 1.534077547778090467e-01
1.400000000000000133e+00 1.534077536013557785e-01
1.409999999999999920e+00 1.534077527385849793e-01
1.419999999999999929e+00 1.534077510764959851e-01
1.429999999999999938e+00 1.534077500540783623e-01
1.439999999999999947e+00 1.534077489585510823e-01
1.449999999999999956e+00 1.534077481351906469e-01
1.459999999999999964e+00 1.534077474352565362e-01
1.469999999999999973e+00 1.534077465063044543e-01
1.479999999999999982e+00 1.534077452946636111e-01
1.489999999999999991e+00 1.534077441649008000e-01
1.500000000000000000e+00 1.534077431167843730e-01
1.510000000000000009e+00 1.534077421029397537e-01
1.520000000000000018e+00 1.534077419494387917e-01
1.530000000000000027e+00 1.534077418141396310e-01
1.540000000000000036e+00 1.534077409968541417e-01
1.550000000000000044e+00 1.534077409020851435e-01
1.560000000000000053e+00 1.534077408995765390e-01
1.570000000000000062e+00 1.534077403549168883e-01
1.580000000000000071e+00 1.534077402710492533e-01
1.590000000000000080e+00 1.534077402441668403e-01
1.600000000000000089e+00 1.534077406307137736e-01
1.610000000000000098e+00 1.534077400973467842e-01
1.620000000000000107e+00 1.534077404040388726e-01
1.630000000000000115e+00 1.534077401923817363e-01
1.640000000000000124e+00 1.534077404845977377e-01
1.650000000000000133e+00 1.534077407732526432e-01
1.660000000000000142e+00 1.534077408834386147e-01
1.669999999999999929e+00 1.534077410805023134e-01
1.679999999999999938e+00 1.534077410415571885e-01
1.689999999999999947e+00 1.534077410125813390e-01
1.699999999999999956e+00 1.534077409132119652e-01
1.709999999999999964e+00 1.534077409834173067e-01
1.719999999999999973e+00 1.534077414387640115e-01
1.729999999999999982e+00 1.534077421133327734e-01
1.739999999999999991e+00 1.534077422684682057e-01
1.750000000000000000e+00 1.534077421951901832e-01
1.760000000000000009e+00 1.534077426713557346e-01
1.770000000000000018e+00 1.534077424483517860e-01
1.780000000000000027e+00 1.534077424111701671e-01
1.790000000000000036e+00 1.534077426600436167e-01
1.800000000000000044e+00 1.534077431917514889e-01
1.810000000000000053e+00 1.534077432165698862e-01
1.820000000000000062e+00 1.534077430173377832e-01
1.830000000000000071e+00 1.534077427730422272e-01
1.840000000000000080e+00 1.534077427891312739e-01
1.850000000000000089e+00 1.534077431862276852e-01
1.860000000000000098e+00 1.534077426163553970e-01
1.870000000000000107e+00 1.534077423754994784e-01
1.880000000000000115e+00 1.534077422219745912e-01
1.890000000000000124e+00 1.534077420614401999e-01
1.900000000000000133e+00 1.534077414251361626e-01
1.910000000000000142e+00 1.534077413846600124e-01
1.919999999999999929e+00 1.534077414723363786e-01
1.929999999999999938e+00 1.534077413961451586e-01
1.939999999999999947e+00 1.534077400138303959e-01
1.949999999999999956e+00 1.534077396867132848e-01
1.959999999999999964e+00 1.534077386802930043e-01
1.969999999999999973e+00 1.534077383842342435e-01
1.979999999999999982e+00 1.534077380249818656e-01
1.989999999999999991e+00 1.534077365138141191e-01
2.000000000000000000e+00 1.534077358429456472e-01
2.010000000000000231e+00 1.534077336460186181e-01
2.020000000000000018e+00 1.534077331507503750e-01
2.030000000000000249e+00 1.534077329091352304e-01
2.040000000000000036e+00 1.534077329259368461e-01
2.049999999999999822e+00 1.534077305268461422e-01
2.060000000000000053e+00 1.534077300148677103e-01
2.069999999999999840e+00 1.534077276865935813e-01
2.080000000000000071e+00 1.534077271456457114e-01
2.089999999999999858e+00 1.534077256608220030e-01
2.100000000000000089e+00 1.534077235025680386e-01
2.109999999999999876e+00 1.534077217018039452e-01
2.120000000000000107e+00 1.534077209786580687e-01
2.129999999999999893e+00 1.534077200667827989e-01
2.140000000000000124e+00 1.534077192977955917e-01
2.149999999999999911e+00 1.534077179986696460e-01
2.160000000000000142e+00 1.534077164751975475e-01
2.169999999999999929e+00 1.534077157624415821e-01
2.180000000000000160e+00 1.534077167985045953e-01
2.189999999999999947e+00 1.534077166060394959e-01
2.200000000000000178e+00 1.534077173546811723e-01
2.209999999999999964e+00 1.534077183162774194e-01
2.220000000000000195e+00 1.534077178262645558e-01
2.229999999999999982e+00 1.534077181665821910e-01
2.240000000000000213e+00 1.534077179320580964e-01
2.250000000000000000e+00 1.534077180138110896e-01
2.260000000000000231e+00 1.534077186320447206e-01
2.270000000000000018e+00 1.534077209497038408e-01
2.280000000000000249e+00 1.534077248922111891e-01
2.290000000000000036e+00 1.534077294934590441e-01
2.300000000000000266e+00 1.534077320769429431e-01
2.310000000000000053e+00 1.534077346607709003e-01
2.319999999999999840e+00 1.534077364554288780e-01
2.330000000000000071e+00 1.534077393450578031e-01
2.339999999999999858e+00 1.534077427437749996e-01
2.350000000000000089e+00 1.534077478615511470e-01
2.359999999999999876e+00 1.534077539913379085e-01
2.370000000000000107e+00 1.534077580703884225e-01
2.379999999999999893e+00 1.534077658783663256e-01
2.390000000000000124e+00 1.534077713766713313e-01
2.399999999999999911e+00 1.534077762738492445e-01
2.410000000000000142e+00 1.534077827795083115e-01
2.419999999999999929e+00 1.534077900743858192e-01
2.430000000000000160e+00 1.534077934110790742e-01
2.439999999999999947e+00 1.534077985468894345e-01
2.450000000000000178e+00 1.534078042725098845e-01
2.459999999999999964e+00 1.534078094790268521e-01
2.470000000000000195e+00 1.534078151834104009e-01
2.479999999999999982e+00 1.534078165302484864e-01
2.490000000000000213e+00 1.534078225653321415e-01
2.500000000000000000e+00 1.534078260785928238e-01
2.510000000000000231e+00 1.534078312980819425e-01
2.520000000000000018e+00 1.534078366366140034e-01
2.530000000000000249e+00 1.534078381843256844e-01
2.540000000000000036e+00 1.534078423441540551e-01
2.550000000000000266e+00 1.534078464699921152e-01
2.560000000000000053e+00 1.534078469295334646e-01
2.569999999999999840e+00 1.534078493143050947e-01
2.580000000000000071e+00 1.534078514507343227e-01
2.589999999999999858e+00 1.534078550097121019e-01
2.600000000000000089e+00 1.534078559633021144e-01
2.609999999999999876e+00 1.534078595535499911e-01
2.620000000000000107e+00 1.534078606882136042e-01
2.629999999999999893e+00 1.534078632248321306e-01
2.640000000000000124e+00 1.534078641708667701e-01
2.649999999999999911e+00 1.534078672415077060e-01
2.660000000000000142e+00 1.534078693640167634e-01
2.669999999999999929e+00 1.534078699896008757e-01
2.680000000000000160e+00 1.534078717651528034e-01
2.689999999999999947e+00 1.534078701076271867e-01
2.700000000000000178e+00 1.534078701991491989e-01
2.709999999999999964e+00 1.534078743218796614e-01
2.720000000000000195e+00 1.534078771362727411e-01
2.729999999999999982e+00 1.534078792688316761e-01
2.740000000000000213e+00 1.534078788717667952e-01
2.750000000000000000e+00 1.534078815152256636e-01
2.760000000000000231e+00 1.534078844225113814e-01
2.770000000000000018e+00 1.534078878704028814e-01
2.780000000000000249e+00 1.534078916096564549e-01
2.790000000000000036e+00 1.534078918550800252e-01
2.800000000000000266e+00 1.534078936007612359e-01
2.810000000000000053e+00 1.534078936252108172e-01
2.819999999999999840e+00 1.534078968408710553e-01
2.830000000000000071e+00 1.534078984538720380e-01
2.839999999999999858e+00 1.534078994753311775e-01
2.850000000000000089e+00 1.534078984075577246e-01
2.859999999999999876e+00 1.534078981935997343e-01
2.870000000000000107e+00 1.534078977929982657e-01
2.879999999999999893e+00 1.534078988431039625e-01
2.890000000000000124e+00 1.534078976178528120e-01
2.899999999999999911e+00 1.534078972011280462e-01
2.910000000000000142e+00 1.534078939363855421e-01
2.919999999999999929e+00 1.534078936921471903e-01
2.930000000000000160e+00 1.534078950580328171e-01
2.939999999999999947e+00 1.534078950824719900e-01
2.950000000000000178e+00 1.534078954804271866e-01
2.959999999999999964e+00 1.534078938079686538e-01
2.970000000000000195e+00 1.534078920102124322e-01
2.979999999999999982e+00 1.534078914770366231e-01
2.990000000000000213e+00 1.534078895103103413e-01
3.000000000000000000e+00 1.534078890487828306e-01
3.010000000000000231e+00 1.534078841388478165e-01
3.020000000000000018e+00 1.534078802312675849e-01
3.030000000000000249e+00 1.534078779644556245e-01
3.040000000000000036e+00 1.534078754936397393e-01
3.050000000000000266e+00 1.534078731169113419e-01
3.060000000000000053e+00 1.534078710860861117e-01
3.070000000000000284e+00 1.534078682965724916e-01
3.080000000000000071e+00 1.534078661736124893e-01
3.089999999999999858e+00 1.534078637550778113e-01
3.100000000000000089e+00 1.534078618281700668e-01
3.109999999999999876e+00 1.534078586522356902e-01
3.120000000000000107e+00 1.534078565206198064e-01
3.129999999999999893e+00 1.534078544012516809e-01
3.140000000000000124e+00 1.534078530703210375e-01
3.149999999999999911e+00 1.534078518925221235e-01
3.160000000000000142e+00 1.534078509427437842e-01
3.169999999999999929e+00 1.534078494380768931e-01
3.180000000000000160e+00 1.534078483967981910e-01
3.189999999999999947e+00 1.534078477348621294e-01
3.200000000000000178e+00 1.534078474070330045e-01
3.209999999999999964e+00 1.534078464501381633e-01
3.220000000000000195e+00 1.534078463941854209e-01
3.229999999999999982e+00 1.534078457055018663e-01
3.240000000000000213e+00 1.534078456530111600e-01
3.250000000000000000e+00 1.534078453898659600e-01
3.260000000000000231e+00 1.534078457396917949e-01
3.270000000000000018e+00 1.534078461162302620e-01
3.280000000000000249e+00 1.534078462837629164e-01
3.290000000000000036e+00 1.534078465931960067e-01
3.300000000000000266e+00 1.534078469804605604e-01
3.310000000000000053e+00 1.534078471461163551e-01
3.320000000000000284e+00 1.534078476061295215e-01
3.330000000000000071e+00 1.534078478212304586e-01
3.339999999999999858e+00 1.534078484133284126e-01
3.350000000000000089e+00 1.534078480502384934e-01
3.359999999999999876e+00 1.534078485041271978e-01
3.370000000000000107e+00 1.534078479163225872e-01
3.379999999999999893e+00 1.534078481676264261e-01
3.390000000000000124e+00 1.534078484535156828e-01
3.399999999999999911e+00 1.534078481964923635e-01
3.410000000000000142e+00 1.534078487435910354e-01
3.419999999999999929e+00 1.534078488038605470e-01
3.430000000000000160e+00 1.534078492688902839e-01
3.439999999999999947e+00 1.534078489004716550e-01
3.450000000000000178e+00 1.534078482394048426e-01
3.459999999999999964e+00 1.534078474114821955e-01
3.470000000000000195e+00 1.534078469848367543e-01
3.479999999999999982e+00 1.534078462064863146e-01
3.490000000000000213e+00 1.534078442842873591e-01
3.500000000000000000e+00 1.534078434704458649e-01
3.510000000000000231e+00 1.534078424230395088e-01
3.520000000000000018e+00 1.534078417847265785e-01
3.530000000000000249e+00 1.534078415064244194e-01
3.540000000000000036e+00 1.534078406222547097e-01
3.550000000000000266e+00 1.534078408354678791e-01
3.560000000000000053e+00 1.534078415064737688e-01
3.570000000000000284e+00 1.534078423480530473e-01
3.580000000000000071e+00 1.534078440379162134e-01
3.589999999999999858e+00 1.534078442857400304e-01
3.600000000000000089e+00 1.534078429440558222e-01
3.609999999999999876e+00 1.534078451260936504e-01
3.620000000000000107e+00 1.534078458486337060e-01
3.629999999999999893e+00 1.534078455069565194e-01
3.640000000000000124e+00 1.534078498344793873e-01
3.649999999999999911e+00 1.534078500871437767e-01
3.660000000000000142e+00 1.534078536923593195e-01
3.669999999999999929e+00 1.534078560912282285e-01
3.680000000000000160e+00 1.534078575221990426e-01
3.689999999999999947e+00 1.534078581417238907e-01
3.700000000000000178e+00 1.534078635521178013e-01
3.709999999999999964e+00 1.534078646501200738e-01
3.720000000000000195e+00 1.534078697421226711e-01
3.729999999999999982e+00 1.534078714292434198e-01
3.740000000000000213e+00 1.534078736138190513e-01
3.750000000000000000e+00 1.534078749715150625e-01
3.760000000000000231e+00 1.534078781429424887e-01
3.770000000000000018e+00 1.534078830208155664e-01
3.780000000000000249e+00 1.534078876954479420e-01
3.790000000000000036e+00 1.534078923315772836e-01
3.800000000000000266e+00 1.534078893210155670e-01
3.810000000000000053e+00 1.534078941955645814e-01
3.820000000000000284e+00 1.534078936533559978e-01
3.830000000000000071e+00 1.534078903625727963e-01
3.839999999999999858e+00 1.534078923411659745e-01
3.850000000000000089e+00 1.534078987540467565e-01
3.859999999999999876e+00 1.534078987377307801e-01
3.870000000000000107e+00 1.534079018106043746e-01
3.879999999999999893e+00 1.534078999493827811e-01
3.890000000000000124e+00 1.534079066715238748e-01
3.899999999999999911e+00 1.534079179461267650e-01
3.910000000000000142e+00 1.534079187688286439e-01
3.919999999999999929e+00 1.534079171256141350e-01
3.930000000000000160e+00 1.534079212429392547e-01
3.939999999999999947e+00 1.534079204355539017e-01
3.950000000000000178e+00 1.534079147407917676e-01
3.959999999999999964e+00 1.534079228094514247e-01
3.970000000000000195e+00 1.534079232486325328e-01
3.979999999999999982e+00 1.534079257352434500e-01
3.990000000000000213e+00 1.534079251572599001e-01
4.000000000000000000e+00 1.534079369195672504e-01
4.009999999999999787e+00 1.534079360857943664e-01
4.020000000000000462e+00 1.534079372240693961e-01
4.030000000000000249e+00 1.534079344729257222e-01
4.040000000000000036e+00 1.534079392971531564e-01
4.049999999999999822e+00 1.534079468686000147e-01
4.060000000000000497e+00 1.534079496907247708e-01
4.070000000000000284e+00 1.534079620082002549e-01
4.080000000000000071e+00 1.534079718106398094e-01
4.089999999999999858e+00 1.534079721265619312e-01
4.099999999999999645e+00 1.534079778759195323e-01
4.110000000000000320e+00 1.534079783741572611e-01
4.120000000000000107e+00 1.534079846988697649e-01
4.129999999999999893e+00 1.534079910999402163e-01
4.139999999999999680e+00 1.534079995276437514e-01
4.150000000000000355e+00 1.534080028459778866e-01
4.160000000000000142e+00 1.534080056188232843e-01
4.169999999999999929e+00 1.534080088431383493e-01
4.179999999999999716e+00 1.534080140600967146e-01
4.190000000000000391e+00 1.534080165571685694e-01
4.200000000000000178e+00 1.534080209236084735e-01
4.209999999999999964e+00 1.534080249478464719e-01
4.219999999999999751e+00 1.534080340613294124e-01
4.230000000000000426e+00 1.534080299472189712e-01
4.240000000000000213e+00 1.534080286850721120e-01
4.250000000000000000e+00 1.534080231514109438e-01
4.259999999999999787e+00 1.534080267250618468e-01
4.270000000000000462e+00 1.534080281549815017e-01
4.280000000000000249e+00 1.534080272110452392e-01
4.290000000000000036e+00 1.534080244010322114e-01
4.299999999999999822e+00 1.534080301446161532e-01
4.310000000000000497e+00 1.534080290564619753e-01
4.320000000000000284e+00 1.534080303511397014e-01
4.330000000000000071e+00 1.534080297766712842e-01
4.339999999999999858e+00 1.534080304933985450e-01
4.350000000000000533e+00 1.534080250779673027e-01
4.360000000000000320e+00 1.534080293402879103e-01
4.370000000000000107e+00 1.534080250588064354e-01
4.379999999999999893e+00 1.534080294314023596e-01
4.389999999999999680e+00 1.534080317125916804e-01
4.400000000000000355e+00 1.534080330259625924e-01
4.410000000000000142e+00 1.534080398645316368e-01
4.419999999999999929e+00 1.534080362509810114e-01
4.429999999999999716e+00 1.534080388451253829e-01
4.440000000000000391e+00 1.534080430092209790e-01
4.450000000000000178e+00 1.534080425723872987e-01
4.459999999999999964e+00 1.534080479308931877e-01
4.469999999999999751e+00 1.534080490529120544e-01
4.480000000000000426e+00 1.534080481353064518e-01
4.490000000000000213e+00 1.534080508286142508e-01
4.500000000000000000e+00 1.534080470749096814e-01
4.509999999999999787e+00 1.534080476043268582e-01
4.520000000000000462e+00 1.534080472534289363e-01
4.530000000000000249e+00 1.534080503582189170e-01
4.540000000000000036e+00 1.534080528341929262e-01
4.549999999999999822e+00 1.534080515657102184e-01
4.560000000000000497e+00 1.534080532089928395e-01
4.570000000000000284e+00 1.534080563156258181e-01
4.580000000000000071e+00 1.534080543943971697e-01
4.589999999999999858e+00 1.534080560596200460e-01
4.600000000000000533e+00 1.534080580316133924e-01
4.610000000000000320e+00 1.534080607471327296e-01
4.620000000000000107e+00 1.534080611162945695e-01
4.629999999999999893e+00 1.534080601377275921e-01
4.639999999999999680e+00 1.534080615251079416e-01
4.650000000000000355e+00 1.534080648148211101e-01
4.660000000000000142e+00 1.534080650847224059e-01
4.669999999999999929e+00 1.534080654510686648e-01
4.679999999999999716e+00 1.534080659156823734e-01
4.690000000000000391e+00 1.534080668897145616e-01
4.700000000000000178e+00 1.534080705409064938e-01
4.709999999999999964e+00 1.534080734125312095e-01
4.719999999999999751e+00 1.534080751514127483e-01
4.730000000000000426e+00 1.534080784702160638e-01
4.740000000000000213e+00 1.534080827796867053e-01
4.750000000000000000e+00 1.534080858242278522e-01
4.759999999999999787e+00 1.534080889365229405e-01
4.770000000000000462e+00 1.534080909793197056e-01
4.780000000000000249e+00 1.534080923923793471e-01
4.790000000000000036e+00 1.534080966967062698e-01
4.799999999999999822e+00 1.534081005316020874e-01
4.810000000000000497e+00 1.534081024200461829e-01
4.820000000000000284e+00 1.534081048010406678e-01
4.830000000000000071e+00 1.534081058856704149e-01
4.839999999999999858e+00 1.534081050873194185e-01
4.850000000000000533e+00 1.534081059465641772e-01
4.860000000000000320e+00 1.534081083948973800e-01
4.870000000000000107e+00 1.534081097213872980e-01
4.879999999999999893e+00 1.534081091276784381e-01
4.889999999999999680e+00 1.534081078888294425e-01
4.900000000000000355e+00 1.534081101270417247e-01
4.910000000000000142e+00 1.534081093050067846e-01
4.919999999999999929e+00 1.534081095857061927e-01
4.929999999999999716e+00 1.534081077012852401e-01
4.940000000000000391e+00 1.534081063496857411e-01
4.950000000000000178e+00 1.534081020748308266e-01
4.959999999999999964e+00 1.534080989810536477e-01
4.969999999999999751e+00 1.534080944507975053e-01
4.980000000000000426e+00 1.534080904768207743e-01
4.990000000000000213e+00 1.534080884530056588e-01
5.000000000000000000e+00 1.534080823710799735e-01
5.009999999999999787e+00 1.534080780266799116e-01
5.020000000000000462e+00 1.534080729305380697e-01
5.030000000000000249e+00 1.534080688633384926e-01
5.040000000000000036e+00 1.534080648892989507e-01
5.049999999999999822e+00 1.534080629790621486e-01
5.060000000000000497e+00 1.534080571813672134e-01
5.070000000000000284e+00 1.534080475052853332e-01
5.080000000000000071e+00 1.534080444242161834e-01
5.089999999999999858e+00 1.534080401779532032e-01
5.100000000000000533e+00 1.534080355281387253e-01
5.110000000000000320e+00 1.534080313460157996e-01
5.120000000000000107e+00 1.534080287072386584e-01
5.129999999999999893e+00 1.534080274270269439e-01
5.139999999999999680e+00 1.534080202608499310e-01
5.150000000000000355e+00 1.534080193861413199e-01
5.160000000000000142e+00 1.534080197564507420e-01
5.169999999999999929e+00 1.534080189953826168e-01
5.179999999999999716e+00 1.534080198515486715e-01
5.190000000000000391e+00 1.534080192303635681e-01
5.200000000000000178e+00 1.534080199861925231e-01
5.209999999999999964e+00 1.534080193280738247e-01
5.219999999999999751e+00 1.534080198563292363e-01
5.230000000000000426e+00 1.534080301209813924e-01
5.240000000000000213e+00 1.534080364184850775e-01
5.250000000000000000e+00 1.534080400539855338e-01
5.259999999999999787e+00 1.534080471381169264e-01
5.270000000000000462e+00 1.534080455453773195e-01
5.280000000000000249e+00 1.534080564675189273e-01
5.290000000000000036e+00 1.534080709436181078e-01
5.299999999999999822e+00 1.534080849221907961e-01
5.310000000000000497e+00 1.534080948791012589e-01
5.320000000000000284e+00 1.534081039718560024e-01
5.330000000000000071e+00 1.534081181076986100e-01
5.339999999999999858e+00 1.534081297673564603e-01
5.350000000000000533e+00 1.534081341275168042e-01
5.360000000000000320e+00 1.534081418841939104e-01
5.370000000000000107e+00 1.534081535354144543e-01
5.379999999999999893e+00 1.534081746675613200e-01
5.389999999999999680e+00 1.534081861900899735e-01
5.400000000000000355e+00 1.534081934827454252e-01
5.410000000000000142e+00 1.534082038674947912e-01
5.419999999999999929e+00 1.534082140397097505e-01
5.429999999999999716e+00 1.534082252142139335e-01
5.440000000000000391e+00 1.534082372703747255e-01
5.450000000000000178e+00 1.534082428805517151e-01
5.459999999999999964e+00 1.534082469058486164e-01
5.469999999999999751e+00 1.534082624863789546e-01
5.480000000000000426e+00 1.534082793882249607e-01
5.490000000000000213e+00 1.534082861063645886e-01
5.500000000000000000e+00 1.534082940358907632e-01
5.509999999999999787e+00 1.534083007254256614e-01
5.520000000000000462e+00 1.534083084041680256e-01
5.530000000000000249e+00 1.534083170426256415e-01
5.540000000000000036e+00 1.534083202934753698e-01
5.549999999999999822e+00 1.534083301384354114e-01
5.560000000000000497e+00 1.534083316336266878e-01
5.570000000000000284e+00 1.534083401886621734e-01
5.580000000000000071e+00 1.534083462833062406e-01
5.589999999999999858e+00 1.534083507305454841e-01
5.600000000000000533e+00 1.534083547779992729e-01
5.610000000000000320e+00 1.534083610616968074e-01
5.620000000000000107e+00 1.534083615344790097e-01
5.629999999999999893e+00 1.534083648084078322e-01
5.639999999999999680e+00 1.534083825210638130e-01
5.650000000000000355e+00 1.534083891233096186e-01
5.660000000000000142e+00 1.534083956289701289e-01
5.669999999999999929e+00 1.534083938976020522e-01
5.679999999999999716e+00 1.534084105577770141e-01
5.690000000000000391e+00 1.534084102876999978e-01
5.700000000000000178e+00 1.534084199819154837e-01
5.709999999999999964e+00 1.534084249979744685e-01
5.719999999999999751e+00 1.534084254760169630e-01
5.730000000000000426e+00 1.534084426798502654e-01
5.740000000000000213e+00 1.534084433097149258e-01
5.750000000000000000e+00 1.534084452600859017e-01
5.759999999999999787e+00 1.534084621147898397e-01
5.770000000000000462e+00 1.534084665208379217e-01
5.780000000000000249e+00 1.534084785541068863e-01
5.790000000000000036e+00 1.534084865038514434e-01
5.799999999999999822e+00 1.534084843035364021e-01
5.810000000000000497e+00 1.534084883673687560e-01
5.820000000000000284e+00 1.534084918961558519e-01
5.830000000000000071e+00 1.534084927683389277e-01
5.839999999999999858e+00 1.534085048613199054e-01
5.850000000000000533e+00 1.534085104451329840e-01
5.860000000000000320e+00 1.534085098178447626e-01
5.870000000000000107e+00 1.534085138984614127e-01
5.879999999999999893e+00 1.534085142191881912e-01
5.889999999999999680e+00 1.534085187983330878e-01
5.900000000000000355e+00 1.534085163932047413e-01
5.910000000000000142e+00 1.534085188928213661e-01
5.919999999999999929e+00 1.534085111545242519e-01
5.929999999999999716e+00 1.534085113207949436e-01
5.940000000000000391e+00 1.534085153502284249e-01
5.950000000000000178e+00 1.534085080537132273e-01
5.959999999999999964e+00 1.534085075481910754e-01
5.969999999999999751e+00 1.534085130711381473e-01
5.980000000000000426e+00 1.534085095273052535e-01
5.990000000000000213e+00 1.534085070803012096e-01
6.000000000000000000e+00 1.534085067341708630e-01
6.009999999999999787e+00 1.534084982649394080e-01
6.020000000000000462e+00 1.534084955080318724e-01
6.030000000000000249e+00 1.534084859253042055e-01
6.040000000000000036e+00 1.534084851510065517e-01
6.049999999999999822e+00 1.534084787061176514e-01
6.060000000000000497e+00 1.534084744034217851e-01
6.070000000000000284e+00 1.534084684864772674e-01
6.080000000000000071e+00 1.534084639616274393e-01
6.089999999999999858e+00 1.534084651262909715e-01
6.100000000000000533e+00 1.534084661336891364e-01
6.110000000000000320e+00 1.534084593394679785e-01
6.120000000000000107e+00 1.534084574857918493e-01
6.129999999999999893e+00 1.534084534979208714e-01
6.140000000000000568e+00 1.534084536302398882e-01
6.150000000000000355e+00 1.534084497935571112e-01
6.160000000000000142e+00 1.534084491007276230e-01
6.169999999999999929e+00 1.534084474895324735e-01
6.179999999999999716e+00 1.534084446470040108e-01
6.190000000000000391e+00 1.534084445620835790e-01
6.200000000000000178e+00 1.534084434865312097e-01
6.209999999999999964e+00 1.534084424455317841e-01
6.219999999999999751e+00 1.534084421678645338e-01
6.230000000000000426e+00 1.534084407633101166e-01
6.240000000000000213e+00 1.534084410386513664e-01
6.250000000000000000e+00 1.534084385598501188e-01
6.259999999999999787e+00 1.534084381958487620e-01
6.270000000000000462e+00 1.534084361473387337e-01
6.280000000000000249e+00 1.534084380525669866e-01
6.290000000000000036e+00 1.534084416654369898e-01
6.299999999999999822e+00 1.534084443077639026e-01
6.310000000000000497e+00 1.534084444374615719e-01
6.320000000000000284e+00 1.534084451662726112e-01
6.330000000000000071e+00 1.534084444319077090e-01
6.339999999999999858e+00 1.534084454971128275e-01
6.350000000000000533e+00 1.534084457179423489e-01
6.360000000000000320e+00 1.534084461673854982e-01
6.370000000000000107e+00 1.534084454072100756e-01
6.379999999999999893e+00 1.534084458599379586e-01
6.390000000000000568e+00 1.534084476963802623e-01
6.400000000000000355e+00 1.534084502833701902e-01
6.410000000000000142e+00 1.534084505926129327e-01
6.419999999999999929e+00 1.534084520120581052e-01
6.429999999999999716e+00 1.534084521750703201e-01
6.440000000000000391e+00 1.534084540289215592e-01
6.450000000000000178e+00 1.534084551180624756e-01
6.459999999999999964e+00 1.534084554196675221e-01
6.469999999999999751e+00 1.534084562398577434e-01
6.480000000000000426e+00 1.534084568088306122e-01
6.490000000000000213e+00 1.534084542219303071e-01
6.500000000000000000e+00 1.534084513129251870e-01
6.509999999999999787e+00 1.534084528375091738e-01
6.520000000000000462e+00 1.534084497447243400e-01
6.530000000000000249e+00 1.534084494183243219e-01
6.540000000000000036e+00 1.534084494461802617e-01
6.549999999999999822e+00 1.534084505446991764e-01
6.560000000000000497e+00 1.534084500628275227e-01
6.570000000000000284e+00 1.534084511436966669e-01
6.580000000000000071e+00 1.534084493183871245e-01
6.589999999999999858e+00 1.534084505242252761e-01
6.600000000000000533e+00 1.534084544681875162e-01
6.610000000000000320e+00 1.534084537369159729e-01
6.620000000000000107e+00 1.534084544542514694e-01
6.629999999999999893e+00 1.534084543031455916e-01
6.640000000000000568e+00 1.534084529139340958e-01
6.650000000000000355e+00 1.534084562209686586e-01
6.660000000000000142e+00 1.534084566063022292e-01
6.669999999999999929e+00 1.534084548968199235e-01
6.679999999999999716e+00 1.534084555406289574e-01
6.690000000000000391e+00 1.534084554063050165e-01
6.700000000000000178e+00 1.534084519064982111e-01
6.709999999999999964e+00 1.534084537661560832e-01
6.719999999999999751e+00 1.534084551290057219e-01
6.730000000000000426e+00 1.534084577590982268e-01
6.740000000000000213e+00 1.534084622996778058e-01
6.750000000000000000e+00 1.534084599815836170e-01
6.759999999999999787e+00 1.534084586960405006e-01
6.770000000000000462e+00 1.534084626156045628e-01
6.780000000000000249e+00 1.534084626661809392e-01
6.790000000000000036e+00 1.534084630734429688e-01
6.799999999999999822e+00 1.534084612580386975e-01
6.810000000000000497e+00 1.534084588919097658e-01
6.820000000000000284e+00 1.534084629169580605e-01
6.830000000000000071e+00 1.534084573772390159e-01
6.839999999999999858e+00 1.534084530123507040e-01
6.850000000000000533e+00 1.534084578997952364e-01
6.860000000000000320e+00 1.534084595368969406e-01
6.870000000000000107e+00 1.534084670985327581e-01
6.879999999999999893e+00 1.534084698250413048e-01
6.890000000000000568e+00 1.534084677943085562e-01
6.900000000000000355e+00 1.534084765644119497e-01
6.910000000000000142e+00 1.534084822133661430e-01
6.919999999999999929e+00 1.534084861370490493e-01
6.929999999999999716e+00 1.534084885171100587e-01
6.940000000000000391e+00 1.534084976034550962e-01
6.950000000000000178e+00 1.534085016481437913e-01
6.959999999999999964e+00 1.534085125787800763e-01
6.969999999999999751e+00 1.534085244601960385e-01
6.980000000000000426e+00 1.534085307339427273e-01
6.990000000000000213e+00 1.534085367662693378e-01
7.000000000000000000e+00 1.534085398055928806e-01
7.009999999999999787e+00 1.534085491278031899e-01
7.020000000000000462e+00 1.534085545467777645e-01
7.030000000000000249e+00 1.534085520237528644e-01
7.040000000000000036e+00 1.534085586587963790e-01
7.049999999999999822e+00 1.534085576250560634e-01
7.060000000000000497e+00 1.534085599418016366e-01
7.070000000000000284e+00 1.534085562158941651e-01
7.080000000000000071e+00 1.534085519359653649e-01
7.089999999999999858e+00 1.534085494536127914e-01
7.100000000000000533e+00 1.534085475911371454e-01
7.110000000000000320e+00 1.534085513855696081e-01
7.120000000000000107e+00 1.534085461023533825e-01
7.129999999999999893e+00 1.534085395667264540e-01
7.140000000000000568e+00 1.534085375265925033e-01
7.150000000000000355e+00 1.534085387997095873e-01
7.160000000000000142e+00 1.534085439165531195e-01
7.169999999999999929e+00 1.534085402872680526e-01
7.179999999999999716e+00 1.534085463331857357e-01
7.190000000000000391e+00 1.534085452115951653e-01
7.200000000000000178e+00 1.534085483565423291e-01
7.209999999999999964e+00 1.534085492194072753e-01
7.219999999999999751e+00 1.534085477797700880e-01
7.230000000000000426e+00 1.534085500750895503e-01
7.240000000000000213e+00 1.534085554195632750e-01
7.250000000000000000e+00 1.534085557028718738e-01
7.259999999999999787e+00 1.534085594383314821e-01
7.270000000000000462e+00 1.534085651874902700e-01
7.280000000000000249e+00 1.534085719127587788e-01
7.290000000000000036e+00 1.534085718779905350e-01
7.299999999999999822e+00 1.534085779454581189e-01
7.310000000000000497e+00 1.534085810665525851e-01
7.320000000000000284e+00 1.534085861975664766e-01
7.330000000000000071e+00 1.534085943983410083e-01
7.339999999999999858e+00 1.534085985789076234e-01
7.350000000000000533e+00 1.534086017568312976e-01
7.360000000000000320e+00 1.534086024577887564e-01
7.370000000000000107e+00 1.534086034398069454e-01
7.379999999999999893e+00 1.534086072663170264e-01
7.390000000000000568e+00 1.534086131418376242e-01
7.400000000000000355e+00 1.534086161597605080e-01
7.410000000000000142e+00 1.534086180296910240e-01
7.419999999999999929e+00 1.534086231007723844e-01
7.429999999999999716e+00 1.534086231889712493e-01
7.440000000000000391e+00 1.534086233093678864e-01
7.450000000000000178e+00 1.534086280380205780e-01
7.459999999999999964e+00 1.534086308224597850e-01
7.469999999999999751e+00 1.534086309459442576e-01
7.480000000000000426e+00 1.534086311487378451e-01
7.490000000000000213e+00 1.534086339208112215e-01
7.500000000000000000e+00 1.534086350782087327e-01
7.509999999999999787e+00 1.534086328766292862e-01
7.520000000000000462e+00 1.534086337495892405e-01
7.530000000000000249e+00 1.534086338818980710e-01
7.540000000000000036e+00 1.534086324348621910e-01
7.549999999999999822e+00 1.534086295602854755e-01
7.560000000000000497e+00 1.534086293928937361e-01
7.570000000000000284e+00 1.534086267521315994e-01
7.580000000000000071e+00 1.534086261705565335e-01
7.589999999999999858e+00 1.534086237292098809e-01
7.600000000000000533e+00 1.534086211338962780e-01
7.610000000000000320e+00 1.534086180719331505e-01
7.620000000000000107e+00 1.534086168993192001e-01
7.629999999999999893e+00 1.534086142491610516e-01
7.640000000000000568e+00 1.534086129544096622e-01
7.650000000000000355e+00 1.534086123011505765e-01
7.660000000000000142e+00 1.534086105974282188e-01
7.669999999999999929e+00 1.534086074924355114e-01
7.679999999999999716e+00 1.534086075065821675e-01
7.690000000000000391e+00 1.534086071735894230e-01
7.700000000000000178e+00 1.534086065557539735e-01
7.709999999999999964e+00 1.534086039697609427e-01
7.719999999999999751e+00 1.534086030124562905e-01
7.730000000000000426e+00 1.534086025352644767e-01
7.740000000000000213e+00 1.534086037601554431e-01
7.750000000000000000e+00 1.534086019455422889e-01
7.759999999999999787e+00 1.534086012962896650e-01
7.770000000000000462e+00 1.534085987896937897e-01
7.780000000000000249e+00 1.534085980591756437e-01
7.790000000000000036e+00 1.534085971042481178e-01
7.799999999999999822e+00 1.534085990796003052e-01
7.810000000000000497e+00 1.534085984977751893e-01
7.820000000000000284e+00 1.534085973729164554e-01
7.830000000000000071e+00 1.534085965452868794e-01
7.839999999999999858e+00 1.534085968014494150e-01
7.850000000000000533e+00 1.534085935561367020e-01
7.860000000000000320e+00 1.534085922020587689e-01
7.870000000000000107e+00 1.534085890155113818e-01
7.879999999999999893e+00 1.534085892767882431e-01
7.890000000000000568e+00 1.534085854278867123e-01
7.900000000000000355e+00 1.534085843274626826e-01
7.910000000000000142e+00 1.534085809985241688e-01
7.919999999999999929e+00 1.534085783147403070e-01
7.930000000000000604e+00 1.534085773723485313e-01
7.940000000000000391e+00 1.534085764341077684e-01
7.950000000000000178e+00 1.534085706249489200e-01
7.959999999999999964e+00 1.534085664247026859e-01
7.969999999999999751e+00 1.534085618444995525e-01
7.980000000000000426e+00 1.534085598885300827e-01
7.990000000000000213e+00 1.534085547449800802e-01
8.000000000000000000e+00 1.534085502251639199e-01
8.009999999999999787e+00 1.534085457964690091e-01
8.019999999999999574e+00 1.534085434493337174e-01
8.029999999999999361e+00 1.534085360572130796e-01
8.040000000000000924e+00 1.534085336981571845e-01
8.050000000000000711e+00 1.534085306975322138e-01
8.060000000000000497e+00 1.534085285934873588e-01
8.070000000000000284e+00 1.534085244761282663e-01
8.080000000000000071e+00 1.534085215148257852e-01
8.089999999999999858e+00 1.534085157430432333e-01
8.099999999999999645e+00 1.534085148325281256e-01
8.109999999999999432e+00 1.534085143001903129e-01
8.120000000000000995e+00 1.534085161267914332e-01
8.130000000000000782e+00 1.534085174534126350e-01
8.140000000000000568e+00 1.534085178743117839e-01
8.150000000000000355e+00 1.534085184080787034e-01
8.160000000000000142e+00 1.534085200206909694e-01
8.169999999999999929e+00 1.534085219182890758e-01
8.179999999999999716e+00 1.534085231992376175e-01
8.189999999999999503e+00 1.534085294485123541e-01
8.199999999999999289e+00 1.534085347302560909e-01
8.210000000000000853e+00 1.534085372645821455e-01
8.220000000000000639e+00 1.534085432770395385e-01
8.230000000000000426e+00 1.534085487765620426e-01
8.240000000000000213e+00 1.534085581531768050e-01
8.250000000000000000e+00 1.534085665720787695e-01
8.259999999999999787e+00 1.534085754718868266e-01
8.269999999999999574e+00 1.534085840111511778e-01
8.279999999999999361e+00 1.534085927742706856e-01
8.290000000000000924e+00 1.534086002528122772e-01
8.300000000000000711e+00 1.534086075984051611e-01
8.310000000000000497e+00 1.534086134961699099e-01
8.320000000000000284e+00 1.534086208550431707e-01
8.330000000000000071e+00 1.534086297082411787e-01
8.339999999999999858e+00 1.534086389133847428e-01
8.349999999999999645e+00 1.534086474322308713e-01
8.359999999999999432e+00 1.534086538104244002e-01
8.370000000000000995e+00 1.534086647470445097e-01
8.380000000000000782e+00 1.534086724495238863e-01
8.390000000000000568e+00 1.534086777176231209e-01
8.400000000000000355e+00 1.534086866401892513e-01
8.410000000000000142e+00 1.534086933386345220e-01
8.419999999999999929e+00 1.534087008288014253e-01
8.429999999999999716e+00 1.534087075062361694e-01
8.439999999999999503e+00 1.534087153095071709e-01
8.449999999999999289e+00 1.534087186244584566e-01
8.460000000000000853e+00 1.534087284198486778e-01
8.470000000000000639e+00 1.534087304183093525e-01
8.480000000000000426e+00 1.534087394161185447e-01
8.490000000000000213e+00 1.534087467881719291e-01
8.500000000000000000e+00 1.534087524927741919e-01
8.509999999999999787e+00 1.534087584174761154e-01
8.519999999999999574e+00 1.534087661259916913e-01
8.529999999999999361e+00 1.534087712502701095e-01
8.540000000000000924e+00 1.534087752432924667e-01
8.550000000000000711e+00 1.534087831825632353e-01
8.560000000000000497e+00 1.534087901319534653e-01
8.570000000000000284e+00 1.534088004952853801e-01
8.580000000000000071e+00 1.534088094738706443e-01
8.589999999999999858e+00 1.534088148402211194e-01
8.599999999999999645e+00 1.534088192563599629e-01
8.609999999999999432e+00 1.534088237599072480e-01
8.620000000000000995e+00 1.534088288928341648e-01
8.630000000000000782e+00 1.534088361728706551e-01
8.640000000000000568e+00 1.534088431878662395e-01
8.650000000000000355e+00 1.534088488197757894e-01
8.660000000000000142e+00 1.534088539200294254e-01
8.669999999999999929e+00 1.534088568059356894e-01
8.679999999999999716e+00 1.534088630893359617e-01
8.689999999999999503e+00 1.534088659968842472e-01
8.700000000000001066e+00 1.534088730754928076e-01
8.710000000000000853e+00 1.534088740842688148e-01
8.720000000000000639e+00 1.534088775204496269e-01
8.730000000000000426e+00 1.534088803395735057e-01
8.740000000000000213e+00 1.534088833848989142e-01
8.750000000000000000e+00 1.534088816620155504e-01
8.759999999999999787e+00 1.534088838583024805e-01
8.769999999999999574e+00 1.534088816500595587e-01
8.779999999999999361e+00 1.534088815341714540e-01
8.790000000000000924e+00 1.534088796621432271e-01
8.800000000000000711e+00 1.534088800146985732e-01
8.810000000000000497e+00 1.534088788121705516e-01
8.820000000000000284e+00 1.534088776428098322e-01
8.830000000000000071e+00 1.534088738569501786e-01
8.839999999999999858e+00 1.534088721949988798e-01
8.849999999999999645e+00 1.534088679856450699e-01
8.859999999999999432e+00 1.534088648319334725e-01
8.870000000000000995e+00 1.534088609581678864e-01
8.880000000000000782e+00 1.534088578814464532e-01
8.890000000000000568e+00 1.534088519069174428e-01
8.900000000000000355e+00 1.534088487230597375e-01
8.910000000000000142e+00 1.534088434246322630e-01
8.919999999999999929e+00 1.534088394303570191e-01
8.929999999999999716e+00 1.534088321289110712e-01
8.939999999999999503e+00 1.534088277168715042e-01
8.950000000000001066e+00 1.534088211757209108e-01
8.960000000000000853e+00 1.534088172951082740e-01
8.970000000000000639e+00 1.534088115661323137e-01
8.980000000000000426e+00 1.534088083027024263e-01
8.990000000000000213e+00 1.534088032067985330e-01
9.000000000000000000e+00 1.534087988337047292e-01
9.009999999999999787e+00 1.534087924689624405e-01
9.019999999999999574e+00 1.534087896496180714e-01
9.029999999999999361e+00 1.534087849593132602e-01
9.040000000000000924e+00 1.534087826312783842e-01
9.050000000000000711e+00 1.534087773610315342e-01
9.060000000000000497e+00 1.534087748605762469e-01
9.070000000000000284e+00 1.534087704645193118e-01
9.080000000000000071e+00 1.534087681326570529e-01
9.089999999999999858e+00 1.534087645157198032e-01
9.099999999999999645e+00 1.534087625054113002e-01
9.109999999999999432e+00 1.534087583796604204e-01
9.120000000000000995e+00 1.534087561138859357e-01
9.130000000000000782e+00 1.534087526014394076e-01
9.140000000000000568e+00 1.534087504707973282e-01
9.150000000000000355e+00 1.534087477041077840e-01
9.160000000000000142e+00 1.534087461204953484e-01
9.169999999999999929e+00 1.534087428631955297e-01
9.179999999999999716e+00 1.534087417844477441e-01
9.189999999999999503e+00 1.534087387352700005e-01
9.200000000000001066e+00 1.534087377409424635e-01
9.210000000000000853e+00 1.534087349995079119e-01
9.220000000000000639e+00 1.534087341138839489e-01
9.230000000000000426e+00 1.534087316344008023e-01
9.240000000000000213e+00 1.534087309536852906e-01
9.250000000000000000e+00 1.534087285271209244e-01
9.259999999999999787e+00 1.534087279483606348e-01
9.269999999999999574e+00 1.534087256244820174e-01
9.279999999999999361e+00 1.534087254867472216e-01
9.290000000000000924e+00 1.534087238489770799e-01
9.300000000000000711e+00 1.534087234760608265e-01
9.310000000000000497e+00 1.534087220251706685e-01
9.320000000000000284e+00 1.534087219009268865e-01
9.330000000000000071e+00 1.534087202788790294e-01
9.339999999999999858e+00 1.534087207047176715e-01
9.349999999999999645e+00 1.534087193931755189e-01
9.359999999999999432e+00 1.534087197563971938e-01
9.370000000000000995e+00 1.534087185983853407e-01
9.380000000000000782e+00 1.534087187142164910e-01
9.390000000000000568e+00 1.534087176258989438e-01
9.400000000000000355e+00 1.534087178282653730e-01
9.410000000000000142e+00 1.534087170193007554e-01
9.419999999999999929e+00 1.534087174606252602e-01
9.429999999999999716e+00 1.534087162317342712e-01
9.439999999999999503e+00 1.534087165802309749e-01
9.450000000000001066e+00 1.534087153639694112e-01
9.460000000000000853e+00 1.534087155683572234e-01
9.470000000000000639e+00 1.534087146945802282e-01
9.480000000000000426e+00 1.534087148326229444e-01
9.490000000000000213e+00 1.534087137269207202e-01
9.500000000000000000e+00 1.534087136646460625e-01
9.509999999999999787e+00 1.534087118504382785e-01
9.519999999999999574e+00 1.534087116909270410e-01
9.529999999999999361e+00 1.534087102988045959e-01
9.540000000000000924e+00 1.534087100196358522e-01
9.550000000000000711e+00 1.534087082096802779e-01
9.560000000000000497e+00 1.534087079558160149e-01
9.570000000000000284e+00 1.534087055820717305e-01
9.580000000000000071e+00 1.534087047794460701e-01
9.589999999999999858e+00 1.534087024735485971e-01
9.599999999999999645e+00 1.534087017980993728e-01
9.609999999999999432e+00 1.534086996692099469e-01
9.620000000000000995e+00 1.534086987215186604e-01
9.630000000000000782e+00 1.534086965075052988e-01
9.640000000000000568e+00 1.534086957624452574e-01
9.650000000000000355e+00 1.534086929825569379e-01
9.660000000000000142e+00 1.534086920599265214e-01
9.669999999999999929e+00 1.534086898539625543e-01
9.679999999999999716e+00 1.534086891727275137e-01
9.689999999999999503e+00 1.534086867003603416e-01
9.700000000000001066e+00 1.534086863453208438e-01
9.710000000000000853e+00 1.534086845813878996e-01
9.720000000000000639e+00 1.534086847516389907e-01
9.730000000000000426e+00 1.534086836832570799e-01
9.740000000000000213e+00 1.534086849278881726e-01
9.750000000000000000e+00 1.534086844108616954e-01
9.759999999999999787e+00 1.534086859035986294e-01
9.769999999999999574e+00 1.534086863632643516e-01
9.779999999999999361e+00 1.534086890700575578e-01
9.790000000000000924e+00 1.534086904064247692e-01
9.800000000000000711e+00 1.534086943294602212e-01
9.810000000000000497e+00 1.534086968942229290e-01
9.820000000000000284e+00 1.534087017234795347e-01
9.830000000000000071e+00 1.534087054770445213e-01
9.839999999999999858e+00 1.534087116965366371e-01
9.849999999999999645e+00 1.534087169041786491e-01
9.859999999999999432e+00 1.534087239929867730e-01
9.870000000000000995e+00 1.534087300547454791e-01
9.880000000000000782e+00 1.534087381182633603e-01
9.890000000000000568e+00 1.534087450946072240e-01
9.900000000000000355e+00 1.534087542097918588e-01
9.910000000000000142e+00 1.534087616330954140e-01
9.919999999999999929e+00 1.534087713925739449e-01
9.929999999999999716e+00 1.534087795140010035e-01
9.939999999999999503e+00 1.534087894212342873e-01
9.950000000000001066e+00 1.534087973776152858e-01
9.960000000000000853e+00 1.534088072835107786e-01
9.970000000000000639e+00 1.534088153970376012e-01
