0.000000000000000000e+00 2.999935725971607930e-02
1.000000000000000021e-02 2.999935725971701606e-02
2.000000000000000042e-02 2.999935725971771341e-02
2.999999999999999889e-02 2.999935725972164083e-02
4.000000000000000083e-02 2.999935725972063122e-02
5.000000000000000278e-02 2.999935725972043346e-02
5.999999999999999778e-02 2.999935725971663789e-02
7.000000000000000666e-02 2.999935725971649217e-02
8.000000000000000167e-02 2.999935725972005876e-02
8.999999999999999667e-02 2.999935725972094347e-02
1.000000000000000056e-01 2.999935725971914630e-02
1.100000000000000006e-01 2.999935725972139450e-02
1.199999999999999956e-01 2.999935725971597175e-02
1.300000000000000044e-01 2.999935725971851833e-02
1.400000000000000133e-01 2.999935725971958345e-02
1.499999999999999944e-01 2.999935725971838649e-02
1.600000000000000033e-01 2.999935725971859118e-02
1.700000000000000122e-01 2.999935725972094347e-02
1.799999999999999933e-01 2.999935725971728320e-02
1.900000000000000022e-01 2.999935725971582950e-02
2.000000000000000111e-01 2.999935725971722769e-02
2.099999999999999922e-01 2.999935725971979855e-02
2.200000000000000011e-01 2.999935725971611400e-02
2.300000000000000100e-01 2.999935725971843853e-02
2.399999999999999911e-01 2.999935725971757811e-02
2.500000000000000000e-01 2.999935725971694320e-02
2.600000000000000089e-01 2.999935725971886874e-02
2.700000000000000178e-01 2.999935725971922262e-02
2.800000000000000266e-01 2.999935725971755729e-02
2.899999999999999800e-01 2.999935725971816097e-02
2.999999999999999889e-01 2.999935725971820608e-02
3.099999999999999978e-01 2.999935725971684952e-02
3.200000000000000067e-01 2.999935725972149164e-02
3.300000000000000155e-01 2.999935725971841077e-02
3.400000000000000244e-01 2.999935725972309800e-02
3.500000000000000333e-01 2.999935725971757464e-02
3.599999999999999867e-01 2.999935725971804648e-02
3.699999999999999956e-01 2.999935725972147083e-02
3.800000000000000044e-01 2.999935725971764749e-02
3.900000000000000133e-01 2.999935725971891384e-02
4.000000000000000222e-01 2.999935725971783138e-02
4.100000000000000311e-01 2.999935725972126960e-02
4.199999999999999845e-01 2.999935725971804995e-02
4.299999999999999933e-01 2.999935725971824424e-02
4.400000000000000022e-01 2.999935725971916364e-02
4.500000000000000111e-01 2.999935725971851139e-02
4.600000000000000200e-01 2.999935725971747402e-02
4.700000000000000289e-01 2.999935725971623543e-02
4.799999999999999822e-01 2.999935725971841771e-02
4.899999999999999911e-01 2.999935725971949324e-02
5.000000000000000000e-01 2.999935725972028427e-02
5.100000000000000089e-01 2.999935725971799791e-02
5.200000000000000178e-01 2.999935725971913589e-02
5.300000000000000266e-01 2.999935725971588155e-02
5.400000000000000355e-01 2.999935725971730749e-02
5.500000000000000444e-01 2.999935725971926426e-02
5.600000000000000533e-01 2.999935725971828934e-02
5.700000000000000622e-01 2.999935725971924344e-02
5.799999999999999600e-01 2.999935725971896935e-02
5.899999999999999689e-01 2.999935725971827200e-02
5.999999999999999778e-01 2.999935725971675932e-02
6.099999999999999867e-01 2.999935725971931977e-02
6.199999999999999956e-01 2.999935725971780015e-02
6.300000000000000044e-01 2.999935725971642625e-02
6.400000000000000133e-01 2.999935725972214737e-02
6.500000000000000222e-01 2.999935725971783484e-02
6.600000000000000311e-01 2.999935725971622849e-02
6.700000000000000400e-01 2.999935725971718953e-02
6.800000000000000488e-01 2.999935725971421274e-02
6.900000000000000577e-01 2.999935725971786607e-02
7.000000000000000666e-01 2.999935725971503153e-02
7.099999999999999645e-01 2.999935725971704034e-02
7.199999999999999734e-01 2.999935725971682871e-02
7.299999999999999822e-01 2.999935725971606890e-02
7.399999999999999911e-01 2.999935725972083939e-02
7.500000000000000000e-01 2.999935725971599951e-02
7.600000000000000089e-01 2.999935725972165471e-02
7.700000000000000178e-01 2.999935725971901446e-02
7.800000000000000266e-01 2.999935725972083939e-02
7.900000000000000355e-01 2.999935725971683564e-02
8.000000000000000444e-01 2.999935725971821995e-02
8.100000000000000533e-01 2.999935725971521888e-02
8.200000000000000622e-01 2.999935725972080469e-02
8.300000000000000711e-01 2.999935725971918099e-02
8.399999999999999689e-01 2.999935725971690503e-02
8.499999999999999778e-01 2.999935725972045775e-02
8.599999999999999867e-01 2.999935725971993039e-02
8.699999999999999956e-01 2.999935725971731443e-02
8.800000000000000044e-01 2.999935725972023917e-02
8.900000000000000133e-01 2.999935725972025652e-02
9.000000000000000222e-01 2.999935725971867445e-02
9.100000000000000311e-01 2.999935725971984712e-02
9.200000000000000400e-01 2.999935725972094000e-02
9.300000000000000488e-01 2.999935725972006917e-02
9.400000000000000577e-01 2.999935725971887221e-02
9.500000000000000666e-01 2.999935725972081510e-02
9.599999999999999645e-01 2.999935725971894854e-02
9.699999999999999734e-01 2.999935725971727279e-02
9.799999999999999822e-01 2.999935725971755035e-02
9.899999999999999911e-01 2.999935725972000672e-02
1.000000000000000000e+00 2.999935725971680789e-02
1.010000000000000009e+00 2.999935725971963202e-02
1.020000000000000018e+00 2.999935725971846628e-02
1.030000000000000027e+00 2.999935725971965977e-02
1.040000000000000036e+00 2.999935725971851139e-02
1.050000000000000044e+00 2.999935725971900058e-02
1.060000000000000053e+00 2.999935725971902140e-02
1.070000000000000062e+00 2.999935725971794934e-02
1.080000000000000071e+00 2.999935725971797362e-02
1.090000000000000080e+00 2.999935725971812628e-02
1.100000000000000089e+00 2.999935725971853220e-02
1.110000000000000098e+00 2.999935725971920875e-02
1.120000000000000107e+00 2.999935725971936140e-02
1.130000000000000115e+00 2.999935725971781403e-02
1.140000000000000124e+00 2.999935725971903527e-02
1.150000000000000133e+00 2.999935725972099204e-02
1.159999999999999920e+00 2.999935725971860853e-02
1.169999999999999929e+00 2.999935725971755382e-02
1.179999999999999938e+00 2.999935725971814016e-02
1.189999999999999947e+00 2.999935725971764056e-02
1.199999999999999956e+00 2.999935725971768219e-02
1.209999999999999964e+00 2.999935725971726239e-02
1.219999999999999973e+00 2.999935725971940997e-02
1.229999999999999982e+00 2.999935725971838996e-02
1.239999999999999991e+00 2.999935725971819220e-02
1.250000000000000000e+00 2.999935725971832751e-02
1.260000000000000009e+00 2.999935725971969447e-02
1.270000000000000018e+00 2.999935725971604461e-02
1.280000000000000027e+00 2.999935725971893813e-02
1.290000000000000036e+00 2.999935725971928507e-02
1.300000000000000044e+00 2.999935725971735606e-02
1.310000000000000053e+00 2.999935725971843159e-02
1.320000000000000062e+00 2.999935725971906997e-02
1.330000000000000071e+00 2.999935725971757811e-02
1.340000000000000080e+00 2.999935725971673850e-02
1.350000000000000089e+00 2.999935725971808465e-02
1.360000000000000098e+00 2.999935725971643319e-02
1.370000000000000107e+00 2.999935725971875772e-02
1.380000000000000115e+00 2.999935725971731443e-02
1.390000000000000124e+00 2.999935725971854955e-02
1.400000000000000133e+00 2.999935725971667605e-02
1.409999999999999920e+00 2.999935725971822342e-02
1.419999999999999929e+00 2.999935725971813322e-02
1.429999999999999938e+00 2.999935725971709238e-02
1.439999999999999947e+00 2.999935725971882017e-02
1.449999999999999956e+00 2.999935725971715483e-02
1.459999999999999964e+00 2.999935725971758504e-02
1.469999999999999973e+00 2.999935725971674544e-02
1.479999999999999982e+00 2.999935725971964590e-02
1.489999999999999991e+00 2.999935725971945855e-02
1.500000000000000000e+00 2.999935725971832751e-02
1.510000000000000009e+00 2.999935725971821301e-02
1.520000000000000018e+00 2.999935725971824424e-02
1.530000000000000027e+00 2.999935725971819567e-02
1.540000000000000036e+00 2.999935725971851486e-02
1.550000000000000044e+00 2.999935725971757811e-02
1.560000000000000053e+00 2.999935725971891731e-02
1.570000000000000062e+00 2.999935725971915323e-02
1.580000000000000071e+00 2.999935725971806383e-02
1.590000000000000080e+00 2.999935725971812975e-02
1.600000000000000089e+00 2.999935725971882711e-02
1.610000000000000098e+00 2.999935725971693279e-02
1.620000000000000107e+00 2.999935725971841771e-02
1.630000000000000115e+00 2.999935725971961814e-02
1.640000000000000124e+00 2.999935725971812975e-02
1.650000000000000133e+00 2.999935725971827893e-02
1.660000000000000142e+00 2.999935725971829975e-02
1.669999999999999929e+00 2.999935725971997202e-02
1.679999999999999938e+00 2.999935725971828587e-02
1.689999999999999947e+00 2.999935725971801873e-02
1.699999999999999956e+00 2.999935725971721381e-02
1.709999999999999964e+00 2.999935725971703687e-02
1.719999999999999973e+00 2.999935725971707157e-02
1.729999999999999982e+00 2.999935725971829281e-02
1.739999999999999991e+00 2.999935725971876813e-02
1.750000000000000000e+00 2.999935725971790423e-02
1.760000000000000009e+00 2.999935725971885486e-02
1.770000000000000018e+00 2.999935725971883405e-02
1.780000000000000027e+00 2.999935725971820261e-02
1.790000000000000036e+00 2.999935725971999284e-02
1.800000000000000044e+00 2.999935725971850792e-02
1.810000000000000053e+00 2.999935725971750872e-02
1.820000000000000062e+00 2.999935725971778974e-02
1.830000000000000071e+00 2.999935725971841771e-02
1.840000000000000080e+00 2.999935725971787995e-02
1.850000000000000089e+00 2.999935725971858771e-02
1.860000000000000098e+00 2.999935725971921915e-02
1.870000000000000107e+00 2.999935725971863282e-02
1.880000000000000115e+00 2.999935725971882711e-02
1.890000000000000124e+00 2.999935725971920528e-02
1.900000000000000133e+00 2.999935725971764749e-02
1.910000000000000142e+00 2.999935725971841771e-02
1.919999999999999929e+00 2.999935725971811934e-02
1.929999999999999938e+00 2.999935725971837608e-02
1.939999999999999947e+00 2.999935725971857731e-02
1.949999999999999956e+00 2.999935725971835873e-02
1.959999999999999964e+00 2.999935725971835179e-02
1.969999999999999973e+00 2.999935725971952100e-02
1.979999999999999982e+00 2.999935725971829975e-02
1.989999999999999991e+00 2.999935725971838996e-02
2.000000000000000000e+00 2.999935725971751566e-02
2.010000000000000231e+00 2.999935725971780709e-02
2.020000000000000018e+00 2.999935725971820608e-02
2.030000000000000249e+00 2.999935725971755729e-02
2.040000000000000036e+00 2.999935725971818179e-02
2.049999999999999822e+00 2.999935725972066244e-02
2.060000000000000053e+00 2.999935725971689116e-02
2.069999999999999840e+00 2.999935725971705422e-02
2.080000000000000071e+00 2.999935725971850445e-02
2.089999999999999858e+00 2.999935725971882017e-02
2.100000000000000089e+00 2.999935725971773076e-02
2.109999999999999876e+00 2.999935725971821648e-02
2.120000000000000107e+00 2.999935725971784178e-02
2.129999999999999893e+00 2.999935725971751219e-02
2.140000000000000124e+00 2.999935725971696748e-02
2.149999999999999911e+00 2.999935725971876466e-02
2.160000000000000142e+00 2.999935725971734912e-02
2.169999999999999929e+00 2.999935725971866751e-02
2.180000000000000160e+00 2.999935725971807771e-02
2.189999999999999947e+00 2.999935725971853220e-02
2.200000000000000178e+00 2.999935725971735606e-02
2.209999999999999964e+00 2.999935725971832057e-02
2.220000000000000195e+00 2.999935725971784178e-02
2.229999999999999982e+00 2.999935725971894507e-02
2.240000000000000213e+00 2.999935725971947242e-02
2.250000000000000000e+00 2.999935725971945161e-02
2.260000000000000231e+00 2.999935725971704381e-02
2.270000000000000018e+00 2.999935725971832751e-02
2.280000000000000249e+00 2.999935725971988876e-02
2.290000000000000036e+00 2.999935725971719647e-02
2.300000000000000266e+00 2.999935725971739076e-02
2.310000000000000053e+00 2.999935725971738382e-02
2.319999999999999840e+00 2.999935725971834832e-02
2.330000000000000071e+00 2.999935725971839690e-02
2.339999999999999858e+00 2.999935725971727626e-02
2.350000000000000089e+00 2.999935725971744974e-02
2.359999999999999876e+00 2.999935725971686340e-02
2.370000000000000107e+00 2.999935725971738382e-02
2.379999999999999893e+00 2.999935725971938222e-02
2.390000000000000124e+00 2.999935725971847322e-02
2.399999999999999911e+00 2.999935725971835526e-02
2.410000000000000142e+00 2.999935725971616951e-02
2.419999999999999929e+00 2.999935725971825118e-02
2.430000000000000160e+00 2.999935725971884792e-02
2.439999999999999947e+00 2.999935725971829975e-02
2.450000000000000178e+00 2.999935725971792505e-02
2.459999999999999964e+00 2.999935725971882017e-02
2.470000000000000195e+00 2.999935725971834138e-02
2.479999999999999982e+00 2.999935725971847322e-02
2.490000000000000213e+00 2.999935725971766137e-02
2.500000000000000000e+00 2.999935725971807771e-02
2.510000000000000231e+00 2.999935725971848710e-02
2.520000000000000018e+00 2.999935725971900752e-02
2.530000000000000249e+00 2.999935725971867098e-02
2.540000000000000036e+00 2.999935725971725545e-02
2.550000000000000266e+00 2.999935725971882711e-02
2.560000000000000053e+00 2.999935725971840383e-02
2.569999999999999840e+00 2.999935725971803260e-02
2.580000000000000071e+00 2.999935725971734565e-02
2.589999999999999858e+00 2.999935725971756423e-02
2.600000000000000089e+00 2.999935725971763709e-02
2.609999999999999876e+00 2.999935725971689809e-02
2.620000000000000107e+00 2.999935725971823730e-02
2.629999999999999893e+00 2.999935725971670381e-02
2.640000000000000124e+00 2.999935725971781750e-02
2.649999999999999911e+00 2.999935725971812628e-02
2.660000000000000142e+00 2.999935725971798056e-02
2.669999999999999929e+00 2.999935725971684258e-02
2.680000000000000160e+00 2.999935725971889650e-02
2.689999999999999947e+00 2.999935725971759892e-02
2.700000000000000178e+00 2.999935725971816097e-02
2.709999999999999964e+00 2.999935725971971529e-02
2.720000000000000195e+00 2.999935725971825812e-02
2.729999999999999982e+00 2.999935725971624584e-02
2.740000000000000213e+00 2.999935725971678360e-02
2.750000000000000000e+00 2.999935725971761280e-02
2.760000000000000231e+00 2.999935725971781750e-02
2.770000000000000018e+00 2.999935725971814710e-02
2.780000000000000249e+00 2.999935725971784872e-02
2.790000000000000036e+00 2.999935725971781403e-02
2.800000000000000266e+00 2.999935725971854955e-02
2.810000000000000053e+00 2.999935725971840383e-02
2.819999999999999840e+00 2.999935725971820608e-02
2.830000000000000071e+00 2.999935725971748096e-02
2.839999999999999858e+00 2.999935725971888956e-02
2.850000000000000089e+00 2.999935725971820261e-02
2.859999999999999876e+00 2.999935725971725892e-02
2.870000000000000107e+00 2.999935725971775158e-02
2.879999999999999893e+00 2.999935725971872302e-02
2.890000000000000124e+00 2.999935725971800485e-02
2.899999999999999911e+00 2.999935725971784178e-02
2.910000000000000142e+00 2.999935725971743239e-02
2.919999999999999929e+00 2.999935725971782097e-02
2.930000000000000160e+00 2.999935725971769607e-02
2.939999999999999947e+00 2.999935725971776546e-02
2.950000000000000178e+00 2.999935725971715830e-02
2.959999999999999964e+00 2.999935725971849057e-02
2.970000000000000195e+00 2.999935725971998590e-02
2.979999999999999982e+00 2.999935725971758504e-02
2.990000000000000213e+00 2.999935725971877507e-02
3.000000000000000000e+00 2.999935725971787995e-02
3.010000000000000231e+00 2.999935725971767178e-02
3.020000000000000018e+00 2.999935725971819567e-02
3.030000000000000249e+00 2.999935725971780709e-02
3.040000000000000036e+00 2.999935725971844547e-02
3.050000000000000266e+00 2.999935725971650952e-02
3.060000000000000053e+00 2.999935725971784178e-02
3.070000000000000284e+00 2.999935725971784525e-02
3.080000000000000071e+00 2.999935725971854608e-02
3.089999999999999858e+00 2.999935725971715483e-02
3.100000000000000089e+00 2.999935725971730402e-02
3.109999999999999876e+00 2.999935725971783138e-02
3.120000000000000107e+00 2.999935725971782791e-02
3.129999999999999893e+00 2.999935725971856343e-02
3.140000000000000124e+00 2.999935725971794587e-02
3.149999999999999911e+00 2.999935725971804301e-02
3.160000000000000142e+00 2.999935725971718259e-02
3.169999999999999929e+00 2.999935725971754688e-02
3.180000000000000160e+00 2.999935725971840383e-02
3.189999999999999947e+00 2.999935725971688422e-02
3.200000000000000178e+00 2.999935725971740810e-02
3.209999999999999964e+00 2.999935725971785566e-02
3.220000000000000195e+00 2.999935725971783484e-02
3.229999999999999982e+00 2.999935725971725892e-02
3.240000000000000213e+00 2.999935725971842465e-02
3.250000000000000000e+00 2.999935725971722422e-02
3.260000000000000231e+00 2.999935725971819567e-02
3.270000000000000018e+00 2.999935725971782791e-02
3.280000000000000249e+00 2.999935725971763362e-02
3.290000000000000036e+00 2.999935725971816097e-02
3.300000000000000266e+00 2.999935725971747749e-02
3.310000000000000053e+00 2.999935725971691197e-02
3.320000000000000284e+00 2.999935725971616951e-02
3.330000000000000071e+00 2.999935725971762668e-02
3.339999999999999858e+00 2.999935725971837608e-02
3.350000000000000089e+00 2.999935725971714442e-02
3.359999999999999876e+00 2.999935725971747402e-02
3.370000000000000107e+00 2.999935725971780709e-02
3.379999999999999893e+00 2.999935725971688075e-02
3.390000000000000124e+00 2.999935725971734565e-02
3.399999999999999911e+00 2.999935725971721728e-02
3.410000000000000142e+00 2.999935725971761974e-02
3.419999999999999929e+00 2.999935725971647135e-02
3.430000000000000160e+00 2.999935725971770994e-02
3.439999999999999947e+00 2.999935725971785566e-02
3.450000000000000178e+00 2.999935725971778974e-02
3.459999999999999964e+00 2.999935725971747402e-02
3.470000000000000195e+00 2.999935725971758851e-02
3.479999999999999982e+00 2.999935725971821301e-02
3.490000000000000213e+00 2.999935725971742198e-02
3.500000000000000000e+00 2.999935725971739769e-02
3.510000000000000231e+00 2.999935725971766831e-02
3.520000000000000018e+00 2.999935725971736994e-02
3.530000000000000249e+00 2.999935725971723116e-02
3.540000000000000036e+00 2.999935725971687381e-02
3.550000000000000266e+00 2.999935725971767525e-02
3.560000000000000053e+00 2.999935725971708544e-02
3.570000000000000284e+00 2.999935725971868833e-02
3.580000000000000071e+00 2.999935725971726586e-02
3.589999999999999858e+00 2.999935725971757811e-02
3.600000000000000089e+00 2.999935725971688769e-02
3.609999999999999876e+00 2.999935725971702993e-02
3.620000000000000107e+00 2.999935725971734565e-02
3.629999999999999893e+00 2.999935725971776893e-02
3.640000000000000124e+00 2.999935725971644360e-02
3.649999999999999911e+00 2.999935725971725892e-02
3.660000000000000142e+00 2.999935725971799097e-02
3.669999999999999929e+00 2.999935725971748096e-02
3.680000000000000160e+00 2.999935725971772382e-02
3.689999999999999947e+00 2.999935725971716177e-02
3.700000000000000178e+00 2.999935725971766831e-02
3.709999999999999964e+00 2.999935725971720687e-02
3.720000000000000195e+00 2.999935725971732137e-02
3.729999999999999982e+00 2.999935725971840036e-02
3.740000000000000213e+00 2.999935725971782097e-02
3.750000000000000000e+00 2.999935725971750178e-02
3.760000000000000231e+00 2.999935725971743933e-02
3.770000000000000018e+00 2.999935725971795974e-02
3.780000000000000249e+00 2.999935725971711320e-02
3.790000000000000036e+00 2.999935725971761280e-02
3.800000000000000266e+00 2.999935725971763709e-02
3.810000000000000053e+00 2.999935725971738382e-02
3.820000000000000284e+00 2.999935725971750525e-02
3.830000000000000071e+00 2.999935725971782791e-02
3.839999999999999858e+00 2.999935725971725892e-02
3.850000000000000089e+00 2.999935725971734912e-02
3.859999999999999876e+00 2.999935725971804995e-02
3.870000000000000107e+00 2.999935725971709932e-02
3.879999999999999893e+00 2.999935725971770648e-02
3.890000000000000124e+00 2.999935725971735606e-02
3.899999999999999911e+00 2.999935725971749831e-02
3.910000000000000142e+00 2.999935725971755729e-02
3.919999999999999929e+00 2.999935725971749484e-02
3.930000000000000160e+00 2.999935725971756076e-02
3.939999999999999947e+00 2.999935725971776546e-02
3.950000000000000178e+00 2.999935725971786260e-02
3.959999999999999964e+00 2.999935725971777933e-02
3.970000000000000195e+00 2.999935725971689809e-02
3.979999999999999982e+00 2.999935725971773076e-02
3.990000000000000213e+00 2.999935725971758158e-02
4.000000000000000000e+00 2.999935725971701259e-02
4.009999999999999787e+00 2.999935725971768913e-02
4.020000000000000462e+00 2.999935725971749137e-02
4.030000000000000249e+00 2.999935725971723810e-02
4.040000000000000036e+00 2.999935725971759892e-02
4.049999999999999822e+00 2.999935725971752606e-02
4.060000000000000497e+00 2.999935725971770994e-02
4.070000000000000284e+00 2.999935725971753300e-02
4.080000000000000071e+00 2.999935725971764056e-02
4.089999999999999858e+00 2.999935725971757117e-02
4.099999999999999645e+00 2.999935725971803607e-02
4.110000000000000320e+00 2.999935725971732484e-02
4.120000000000000107e+00 2.999935725971760586e-02
4.129999999999999893e+00 2.999935725971729361e-02
4.139999999999999680e+00 2.999935725971736994e-02
4.150000000000000355e+00 2.999935725971764056e-02
4.160000000000000142e+00 2.999935725971763015e-02
4.169999999999999929e+00 2.999935725971775158e-02
4.179999999999999716e+00 2.999935725971739769e-02
4.190000000000000391e+00 2.999935725971762321e-02
4.200000000000000178e+00 2.999935725971771341e-02
4.209999999999999964e+00 2.999935725971759198e-02
4.219999999999999751e+00 2.999935725971744627e-02
4.230000000000000426e+00 2.999935725971728320e-02
4.240000000000000213e+00 2.999935725971720341e-02
4.250000000000000000e+00 2.999935725971789729e-02
4.259999999999999787e+00 2.999935725971723463e-02
4.270000000000000462e+00 2.999935725971757811e-02
4.280000000000000249e+00 2.999935725971736647e-02
4.290000000000000036e+00 2.999935725971768566e-02
4.299999999999999822e+00 2.999935725971762321e-02
4.310000000000000497e+00 2.999935725971744974e-02
4.320000000000000284e+00 2.999935725971762668e-02
4.330000000000000071e+00 2.999935725971774117e-02
4.339999999999999858e+00 2.999935725971739076e-02
4.350000000000000533e+00 2.999935725971751566e-02
4.360000000000000320e+00 2.999935725971777239e-02
4.370000000000000107e+00 2.999935725971779321e-02
4.379999999999999893e+00 2.999935725971737341e-02
4.389999999999999680e+00 2.999935725971786260e-02
4.400000000000000355e+00 2.999935725971761627e-02
4.410000000000000142e+00 2.999935725971750178e-02
4.419999999999999929e+00 2.999935725971750178e-02
4.429999999999999716e+00 2.999935725971769260e-02
4.440000000000000391e+00 2.999935725971766137e-02
4.450000000000000178e+00 2.999935725971753647e-02
4.459999999999999964e+00 2.999935725971753994e-02
4.469999999999999751e+00 2.999935725971758504e-02
4.480000000000000426e+00 2.999935725971776199e-02
4.490000000000000213e+00 2.999935725971744627e-02
4.500000000000000000e+00 2.999935725971744974e-02
4.509999999999999787e+00 2.999935725971768219e-02
4.520000000000000462e+00 2.999935725971758504e-02
4.530000000000000249e+00 2.999935725971758504e-02
4.540000000000000036e+00 2.999935725971764749e-02
4.549999999999999822e+00 2.999935725971757464e-02
4.560000000000000497e+00 2.999935725971762321e-02
4.570000000000000284e+00 2.999935725971755729e-02
4.580000000000000071e+00 2.999935725971760933e-02
4.589999999999999858e+00 2.999935725971764403e-02
4.600000000000000533e+00 2.999935725971760933e-02
4.610000000000000320e+00 2.999935725971764403e-02
4.620000000000000107e+00 2.999935725971764749e-02
4.629999999999999893e+00 2.999935725971763015e-02
4.639999999999999680e+00 2.999935725971752953e-02
4.650000000000000355e+00 2.999935725971766137e-02
4.660000000000000142e+00 2.999935725971759892e-02
4.669999999999999929e+00 2.999935725971758851e-02
4.679999999999999716e+00 2.999935725971760933e-02
4.690000000000000391e+00 2.999935725971769607e-02
4.700000000000000178e+00 2.999935725971760933e-02
4.709999999999999964e+00 2.999935725971763362e-02
4.719999999999999751e+00 2.999935725971768219e-02
4.730000000000000426e+00 2.999935725971766137e-02
4.740000000000000213e+00 2.999935725971766831e-02
4.750000000000000000e+00 2.999935725971766484e-02
4.759999999999999787e+00 2.999935725971770994e-02
4.770000000000000462e+00 2.999935725971771688e-02
4.780000000000000249e+00 2.999935725971769954e-02
4.790000000000000036e+00 2.999935725971770648e-02
4.799999999999999822e+00 2.999935725971769607e-02
4.810000000000000497e+00 2.999935725971770301e-02
4.820000000000000284e+00 2.999935725971769607e-02
4.830000000000000071e+00 2.999935725971769260e-02
4.839999999999999858e+00 2.999935725971772382e-02
4.850000000000000533e+00 2.999935725971772035e-02
4.860000000000000320e+00 2.999935725971770994e-02
4.870000000000000107e+00 2.999935725971770994e-02
4.879999999999999893e+00 2.999935725971771688e-02
4.889999999999999680e+00 2.999935725971773076e-02
4.900000000000000355e+00 2.999935725971772382e-02
4.910000000000000142e+00 2.999935725971772382e-02
4.919999999999999929e+00 2.999935725971774464e-02
4.929999999999999716e+00 2.999935725971773770e-02
4.940000000000000391e+00 2.999935725971773423e-02
4.950000000000000178e+00 2.999935725971774117e-02
4.959999999999999964e+00 2.999935725971775158e-02
4.969999999999999751e+00 2.999935725971775505e-02
4.980000000000000426e+00 2.999935725971776546e-02
4.990000000000000213e+00 2.999935725971776893e-02
5.000000000000000000e+00 2.999935725971778974e-02
5.009999999999999787e+00 2.999935725971779321e-02
5.020000000000000462e+00 2.999935725971779321e-02
5.030000000000000249e+00 2.999935725971778974e-02
5.040000000000000036e+00 2.999935725971780362e-02
5.049999999999999822e+00 2.999935725971781056e-02
5.060000000000000497e+00 2.999935725971782791e-02
5.070000000000000284e+00 2.999935725971784178e-02
5.080000000000000071e+00 2.999935725971783138e-02
5.089999999999999858e+00 2.999935725971785566e-02
5.100000000000000533e+00 2.999935725971784178e-02
5.110000000000000320e+00 2.999935725971784178e-02
5.120000000000000107e+00 2.999935725971785913e-02
5.129999999999999893e+00 2.999935725971786954e-02
5.139999999999999680e+00 2.999935725971789383e-02
5.150000000000000355e+00 2.999935725971789729e-02
5.160000000000000142e+00 2.999935725971788689e-02
5.169999999999999929e+00 2.999935725971789729e-02
5.179999999999999716e+00 2.999935725971793199e-02
5.190000000000000391e+00 2.999935725971794240e-02
5.200000000000000178e+00 2.999935725971796668e-02
5.209999999999999964e+00 2.999935725971796668e-02
5.219999999999999751e+00 2.999935725971799097e-02
5.230000000000000426e+00 2.999935725971798750e-02
5.240000000000000213e+00 2.999935725971798750e-02
5.250000000000000000e+00 2.999935725971800138e-02
5.259999999999999787e+00 2.999935725971806730e-02
5.270000000000000462e+00 2.999935725971802913e-02
5.280000000000000249e+00 2.999935725971806730e-02
5.290000000000000036e+00 2.999935725971802913e-02
5.299999999999999822e+00 2.999935725971808465e-02
5.310000000000000497e+00 2.999935725971808118e-02
5.320000000000000284e+00 2.999935725971804648e-02
5.330000000000000071e+00 2.999935725971811240e-02
5.339999999999999858e+00 2.999935725971810893e-02
5.350000000000000533e+00 2.999935725971810199e-02
5.360000000000000320e+00 2.999935725971804995e-02
5.370000000000000107e+00 2.999935725971816097e-02
5.379999999999999893e+00 2.999935725971810893e-02
5.389999999999999680e+00 2.999935725971821648e-02
5.400000000000000355e+00 2.999935725971811934e-02
5.410000000000000142e+00 2.999935725971815750e-02
5.419999999999999929e+00 2.999935725971815403e-02
5.429999999999999716e+00 2.999935725971814016e-02
5.440000000000000391e+00 2.999935725971819914e-02
5.450000000000000178e+00 2.999935725971805689e-02
5.459999999999999964e+00 2.999935725971811240e-02
5.469999999999999751e+00 2.999935725971821648e-02
5.480000000000000426e+00 2.999935725971812281e-02
5.490000000000000213e+00 2.999935725971821648e-02
5.500000000000000000e+00 2.999935725971824771e-02
5.509999999999999787e+00 2.999935725971821301e-02
5.520000000000000462e+00 2.999935725971830669e-02
5.530000000000000249e+00 2.999935725971825812e-02
5.540000000000000036e+00 2.999935725971832404e-02
5.549999999999999822e+00 2.999935725971829975e-02
5.560000000000000497e+00 2.999935725971829281e-02
5.570000000000000284e+00 2.999935725971823730e-02
5.580000000000000071e+00 2.999935725971811240e-02
5.589999999999999858e+00 2.999935725971806036e-02
5.600000000000000533e+00 2.999935725971836220e-02
5.610000000000000320e+00 2.999935725971844200e-02
5.620000000000000107e+00 2.999935725971837608e-02
5.629999999999999893e+00 2.999935725971836914e-02
5.639999999999999680e+00 2.999935725971840730e-02
5.650000000000000355e+00 2.999935725971840036e-02
5.660000000000000142e+00 2.999935725971804301e-02
5.669999999999999929e+00 2.999935725971818873e-02
5.679999999999999716e+00 2.999935725971848016e-02
5.690000000000000391e+00 2.999935725971834832e-02
5.700000000000000178e+00 2.999935725971843159e-02
5.709999999999999964e+00 2.999935725971835526e-02
5.719999999999999751e+00 2.999935725971834485e-02
5.730000000000000426e+00 2.999935725971882711e-02
5.740000000000000213e+00 2.999935725971845241e-02
5.750000000000000000e+00 2.999935725971877507e-02
5.759999999999999787e+00 2.999935725971834832e-02
5.770000000000000462e+00 2.999935725971845935e-02
5.780000000000000249e+00 2.999935725971841771e-02
5.790000000000000036e+00 2.999935725971828587e-02
5.799999999999999822e+00 2.999935725971825118e-02
5.810000000000000497e+00 2.999935725971831363e-02
5.820000000000000284e+00 2.999935725971858425e-02
5.830000000000000071e+00 2.999935725971858425e-02
5.839999999999999858e+00 2.999935725971852180e-02
5.850000000000000533e+00 2.999935725971828587e-02
5.860000000000000320e+00 2.999935725971840730e-02
5.870000000000000107e+00 2.999935725971854608e-02
5.879999999999999893e+00 2.999935725971865363e-02
5.889999999999999680e+00 2.999935725971860506e-02
5.900000000000000355e+00 2.999935725971824424e-02
5.910000000000000142e+00 2.999935725971861547e-02
5.919999999999999929e+00 2.999935725971884445e-02
5.929999999999999716e+00 2.999935725971860506e-02
5.940000000000000391e+00 2.999935725971902833e-02
5.950000000000000178e+00 2.999935725971849057e-02
5.959999999999999964e+00 2.999935725971861200e-02
5.969999999999999751e+00 2.999935725971842465e-02
5.980000000000000426e+00 2.999935725971878547e-02
5.990000000000000213e+00 2.999935725971888262e-02
6.000000000000000000e+00 2.999935725971891731e-02
6.009999999999999787e+00 2.999935725971904568e-02
6.020000000000000462e+00 2.999935725971872996e-02
6.030000000000000249e+00 2.999935725971842465e-02
6.040000000000000036e+00 2.999935725971814016e-02
6.049999999999999822e+00 2.999935725971873690e-02
6.060000000000000497e+00 2.999935725971885833e-02
6.070000000000000284e+00 2.999935725971901099e-02
6.080000000000000071e+00 2.999935725971859465e-02
6.089999999999999858e+00 2.999935725971841077e-02
6.100000000000000533e+00 2.999935725971863629e-02
6.110000000000000320e+00 2.999935725971866751e-02
6.120000000000000107e+00 2.999935725971847322e-02
6.129999999999999893e+00 2.999935725971860159e-02
6.140000000000000568e+00 2.999935725971863976e-02
6.150000000000000355e+00 2.999935725971871608e-02
6.160000000000000142e+00 2.999935725971865710e-02
6.169999999999999929e+00 2.999935725971867792e-02
6.179999999999999716e+00 2.999935725971831710e-02
6.190000000000000391e+00 2.999935725971882017e-02
6.200000000000000178e+00 2.999935725971888262e-02
6.209999999999999964e+00 2.999935725971874384e-02
6.219999999999999751e+00 2.999935725971813322e-02
6.230000000000000426e+00 2.999935725971865016e-02
6.240000000000000213e+00 2.999935725971916017e-02
6.250000000000000000e+00 2.999935725971855649e-02
6.259999999999999787e+00 2.999935725971884792e-02
6.270000000000000462e+00 2.999935725971883752e-02
6.280000000000000249e+00 2.999935725971847322e-02
6.290000000000000036e+00 2.999935725971832057e-02
6.299999999999999822e+00 2.999935725971862935e-02
6.310000000000000497e+00 2.999935725971862935e-02
6.320000000000000284e+00 2.999935725971884445e-02
6.330000000000000071e+00 2.999935725971867445e-02
6.339999999999999858e+00 2.999935725971902833e-02
6.350000000000000533e+00 2.999935725971898670e-02
6.360000000000000320e+00 2.999935725971931283e-02
6.370000000000000107e+00 2.999935725971899017e-02
6.379999999999999893e+00 2.999935725971938222e-02
6.390000000000000568e+00 2.999935725971905262e-02
6.400000000000000355e+00 2.999935725971878547e-02
6.410000000000000142e+00 2.999935725971943426e-02
6.419999999999999929e+00 2.999935725971937875e-02
6.429999999999999716e+00 2.999935725971914283e-02
6.440000000000000391e+00 2.999935725971821301e-02
6.450000000000000178e+00 2.999935725971888262e-02
6.459999999999999964e+00 2.999935725971928854e-02
6.469999999999999751e+00 2.999935725971906303e-02
6.480000000000000426e+00 2.999935725971913936e-02
6.490000000000000213e+00 2.999935725971934058e-02
6.500000000000000000e+00 2.999935725971869874e-02
6.509999999999999787e+00 2.999935725971965977e-02
6.520000000000000462e+00 2.999935725971845241e-02
6.530000000000000249e+00 2.999935725971988182e-02
6.540000000000000036e+00 2.999935725971991651e-02
6.549999999999999822e+00 2.999935725971907344e-02
6.560000000000000497e+00 2.999935725971895548e-02
6.570000000000000284e+00 2.999935725971851833e-02
6.580000000000000071e+00 2.999935725971833791e-02
6.589999999999999858e+00 2.999935725971874384e-02
6.600000000000000533e+00 2.999935725971931630e-02
6.610000000000000320e+00 2.999935725971930589e-02
6.620000000000000107e+00 2.999935725971898323e-02
6.629999999999999893e+00 2.999935725971871608e-02
6.640000000000000568e+00 2.999935725971819914e-02
6.650000000000000355e+00 2.999935725971952447e-02
6.660000000000000142e+00 2.999935725971864670e-02
6.669999999999999929e+00 2.999935725971920181e-02
6.679999999999999716e+00 2.999935725971967018e-02
6.690000000000000391e+00 2.999935725971765096e-02
6.700000000000000178e+00 2.999935725971947242e-02
6.709999999999999964e+00 2.999935725971927120e-02
6.719999999999999751e+00 2.999935725971921915e-02
6.730000000000000426e+00 2.999935725971769954e-02
6.740000000000000213e+00 2.999935725971916711e-02
6.750000000000000000e+00 2.999935725971953487e-02
6.759999999999999787e+00 2.999935725971936140e-02
6.770000000000000462e+00 2.999935725971952100e-02
6.780000000000000249e+00 2.999935725971910813e-02
6.790000000000000036e+00 2.999935725971868833e-02
6.799999999999999822e+00 2.999935725971957998e-02
6.810000000000000497e+00 2.999935725971917752e-02
6.820000000000000284e+00 2.999935725971889650e-02
6.830000000000000071e+00 2.999935725971886874e-02
6.839999999999999858e+00 2.999935725971915670e-02
6.850000000000000533e+00 2.999935725971750178e-02
6.860000000000000320e+00 2.999935725971788342e-02
6.870000000000000107e+00 2.999935725971995121e-02
6.879999999999999893e+00 2.999935725971870915e-02
6.890000000000000568e+00 2.999935725971929201e-02
6.900000000000000355e+00 2.999935725971848016e-02
6.910000000000000142e+00 2.999935725971914630e-02
6.919999999999999929e+00 2.999935725971911160e-02
6.929999999999999716e+00 2.999935725971927813e-02
6.940000000000000391e+00 2.999935725971896588e-02
6.950000000000000178e+00 2.999935725971919834e-02
6.959999999999999964e+00 2.999935725971875772e-02
6.969999999999999751e+00 2.999935725971973610e-02
6.980000000000000426e+00 2.999935725971858425e-02
6.990000000000000213e+00 2.999935725971912548e-02
7.000000000000000000e+00 2.999935725972000672e-02
7.009999999999999787e+00 2.999935725971906997e-02
7.020000000000000462e+00 2.999935725971910119e-02
7.030000000000000249e+00 2.999935725971940997e-02
7.040000000000000036e+00 2.999935725971828587e-02
7.049999999999999822e+00 2.999935725972015244e-02
7.060000000000000497e+00 2.999935725971851486e-02
7.070000000000000284e+00 2.999935725971879588e-02
7.080000000000000071e+00 2.999935725971816097e-02
7.089999999999999858e+00 2.999935725971964590e-02
7.100000000000000533e+00 2.999935725971921568e-02
7.110000000000000320e+00 2.999935725971921568e-02
7.120000000000000107e+00 2.999935725971955222e-02
7.129999999999999893e+00 2.999935725971940650e-02
7.140000000000000568e+00 2.999935725971884445e-02
7.150000000000000355e+00 2.999935725972131123e-02
7.160000000000000142e+00 2.999935725971904568e-02
7.169999999999999929e+00 2.999935725971940650e-02
7.179999999999999716e+00 2.999935725971952100e-02
7.190000000000000391e+00 2.999935725971905956e-02
7.200000000000000178e+00 2.999935725971863282e-02
7.209999999999999964e+00 2.999935725971917405e-02
7.219999999999999751e+00 2.999935725972063816e-02
7.230000000000000426e+00 2.999935725971987488e-02
7.240000000000000213e+00 2.999935725971878547e-02
7.250000000000000000e+00 2.999935725971950365e-02
7.259999999999999787e+00 2.999935725972017672e-02
7.270000000000000462e+00 2.999935725971926079e-02
7.280000000000000249e+00 2.999935725972110306e-02
7.290000000000000036e+00 2.999935725972049244e-02
7.299999999999999822e+00 2.999935725971918099e-02
7.310000000000000497e+00 2.999935725972039530e-02
7.320000000000000284e+00 2.999935725971884098e-02
7.330000000000000071e+00 2.999935725972024958e-02
7.339999999999999858e+00 2.999935725971957998e-02
7.350000000000000533e+00 2.999935725972011080e-02
7.360000000000000320e+00 2.999935725971918793e-02
7.370000000000000107e+00 2.999935725971991651e-02
7.379999999999999893e+00 2.999935725971891731e-02
7.390000000000000568e+00 2.999935725971992692e-02
7.400000000000000355e+00 2.999935725971939263e-02
7.410000000000000142e+00 2.999935725972033632e-02
7.419999999999999929e+00 2.999935725971921568e-02
7.429999999999999716e+00 2.999935725972085326e-02
7.440000000000000391e+00 2.999935725971908732e-02
7.450000000000000178e+00 2.999935725971940303e-02
7.459999999999999964e+00 2.999935725972095735e-02
7.469999999999999751e+00 2.999935725971884098e-02
7.480000000000000426e+00 2.999935725971968753e-02
7.490000000000000213e+00 2.999935725971990264e-02
7.500000000000000000e+00 2.999935725972025652e-02
7.509999999999999787e+00 2.999935725971967712e-02
7.520000000000000462e+00 2.999935725971917752e-02
7.530000000000000249e+00 2.999935725972112041e-02
7.540000000000000036e+00 2.999935725972097122e-02
7.549999999999999822e+00 2.999935725971943079e-02
7.560000000000000497e+00 2.999935725972036060e-02
7.570000000000000284e+00 2.999935725971877853e-02
7.580000000000000071e+00 2.999935725972058265e-02
7.589999999999999858e+00 2.999935725971947242e-02
7.600000000000000533e+00 2.999935725972089143e-02
7.610000000000000320e+00 2.999935725972011774e-02
7.620000000000000107e+00 2.999935725972007611e-02
7.629999999999999893e+00 2.999935725971996509e-02
7.640000000000000568e+00 2.999935725972090531e-02
7.650000000000000355e+00 2.999935725972049938e-02
7.660000000000000142e+00 2.999935725971993733e-02
7.669999999999999929e+00 2.999935725972087408e-02
7.679999999999999716e+00 2.999935725972013856e-02
7.690000000000000391e+00 2.999935725972033285e-02
7.700000000000000178e+00 2.999935725972036060e-02
7.709999999999999964e+00 2.999935725972009692e-02
7.719999999999999751e+00 2.999935725971942385e-02
7.730000000000000426e+00 2.999935725972072836e-02
7.740000000000000213e+00 2.999935725972034672e-02
7.750000000000000000e+00 2.999935725972015244e-02
7.759999999999999787e+00 2.999935725971923650e-02
7.770000000000000462e+00 2.999935725971953487e-02
7.780000000000000249e+00 2.999935725972009692e-02
7.790000000000000036e+00 2.999935725972073877e-02
7.799999999999999822e+00 2.999935725972040571e-02
7.810000000000000497e+00 2.999935725971997896e-02
7.820000000000000284e+00 2.999935725971936834e-02
7.830000000000000071e+00 2.999935725972116204e-02
7.839999999999999858e+00 2.999935725972032591e-02
7.850000000000000533e+00 2.999935725971971182e-02
7.860000000000000320e+00 2.999935725971902487e-02
7.870000000000000107e+00 2.999935725972055836e-02
7.879999999999999893e+00 2.999935725972039530e-02
7.890000000000000568e+00 2.999935725971854608e-02
7.900000000000000355e+00 2.999935725971959732e-02
7.910000000000000142e+00 2.999935725971833445e-02
7.919999999999999929e+00 2.999935725971955569e-02
7.930000000000000604e+00 2.999935725971942038e-02
7.940000000000000391e+00 2.999935725972019060e-02
7.950000000000000178e+00 2.999935725972067979e-02
7.959999999999999964e+00 2.999935725971871261e-02
7.969999999999999751e+00 2.999935725972012121e-02
7.980000000000000426e+00 2.999935725971863629e-02
7.990000000000000213e+00 2.999935725971984365e-02
8.000000000000000000e+00 2.999935725972056183e-02
8.009999999999999787e+00 2.999935725971985406e-02
8.019999999999999574e+00 2.999935725972047856e-02
8.029999999999999361e+00 2.999935725972013856e-02
8.040000000000000924e+00 2.999935725972118633e-02
8.050000000000000711e+00 2.999935725972068673e-02
8.060000000000000497e+00 2.999935725972024264e-02
8.070000000000000284e+00 2.999935725971992345e-02
8.080000000000000071e+00 2.999935725972077694e-02
8.089999999999999858e+00 2.999935725972013856e-02
8.099999999999999645e+00 2.999935725972109266e-02
8.109999999999999432e+00 2.999935725972010386e-02
8.120000000000000995e+00 2.999935725972145348e-02
8.130000000000000782e+00 2.999935725971980549e-02
8.140000000000000568e+00 2.999935725972217859e-02
8.150000000000000355e+00 2.999935725972090531e-02
8.160000000000000142e+00 2.999935725972169634e-02
8.169999999999999929e+00 2.999935725972153328e-02
8.179999999999999716e+00 2.999935725972122103e-02
8.189999999999999503e+00 2.999935725972110306e-02
8.199999999999999289e+00 2.999935725971939610e-02
8.210000000000000853e+00 2.999935725972040571e-02
8.220000000000000639e+00 2.999935725971934058e-02
8.230000000000000426e+00 2.999935725972161654e-02
8.240000000000000213e+00 2.999935725972158879e-02
8.250000000000000000e+00 2.999935725972075265e-02
8.259999999999999787e+00 2.999935725972185940e-02
8.269999999999999574e+00 2.999935725972096429e-02
8.279999999999999361e+00 2.999935725972110306e-02
8.290000000000000924e+00 2.999935725972164777e-02
8.300000000000000711e+00 2.999935725972105102e-02
8.310000000000000497e+00 2.999935725971825118e-02
8.320000000000000284e+00 2.999935725972168246e-02
8.330000000000000071e+00 2.999935725971992692e-02
8.339999999999999858e+00 2.999935725972052020e-02
8.349999999999999645e+00 2.999935725972153674e-02
8.359999999999999432e+00 2.999935725972147429e-02
8.370000000000000995e+00 2.999935725972043693e-02
8.380000000000000782e+00 2.999935725972117245e-02
8.390000000000000568e+00 2.999935725971905609e-02
8.400000000000000355e+00 2.999935725972069367e-02
8.410000000000000142e+00 2.999935725972135633e-02
8.419999999999999929e+00 2.999935725972201206e-02
8.429999999999999716e+00 2.999935725972045081e-02
8.439999999999999503e+00 2.999935725972038836e-02
8.449999999999999289e+00 2.999935725972040224e-02
8.460000000000000853e+00 2.999935725972029468e-02
8.470000000000000639e+00 2.999935725971981243e-02
8.480000000000000426e+00 2.999935725972069367e-02
8.490000000000000213e+00 2.999935725972179695e-02
8.500000000000000000e+00 2.999935725972223410e-02
8.509999999999999787e+00 2.999935725972073530e-02
8.519999999999999574e+00 2.999935725972117939e-02
8.529999999999999361e+00 2.999935725971940650e-02
8.540000000000000924e+00 2.999935725972083939e-02
8.550000000000000711e+00 2.999935725972138756e-02
8.560000000000000497e+00 2.999935725972087408e-02
8.570000000000000284e+00 2.999935725971925385e-02
8.580000000000000071e+00 2.999935725971971529e-02
8.589999999999999858e+00 2.999935725972021142e-02
8.599999999999999645e+00 2.999935725972100939e-02
8.609999999999999432e+00 2.999935725972084979e-02
8.620000000000000995e+00 2.999935725971968406e-02
8.630000000000000782e+00 2.999935725972139103e-02
8.640000000000000568e+00 2.999935725972031203e-02
8.650000000000000355e+00 2.999935725972156103e-02
8.660000000000000142e+00 2.999935725972054795e-02
8.669999999999999929e+00 2.999935725972154021e-02
8.679999999999999716e+00 2.999935725972100245e-02
8.689999999999999503e+00 2.999935725972001019e-02
8.700000000000001066e+00 2.999935725971891037e-02
8.710000000000000853e+00 2.999935725972222023e-02
8.720000000000000639e+00 2.999935725972264350e-02
8.730000000000000426e+00 2.999935725972249778e-02
8.740000000000000213e+00 2.999935725972123490e-02
8.750000000000000000e+00 2.999935725972082551e-02
8.759999999999999787e+00 2.999935725972245962e-02
8.769999999999999574e+00 2.999935725972230349e-02
8.779999999999999361e+00 2.999935725972008305e-02
8.790000000000000924e+00 2.999935725972069020e-02
8.800000000000000711e+00 2.999935725972063816e-02
8.810000000000000497e+00 2.999935725972082551e-02
8.820000000000000284e+00 2.999935725972050632e-02
8.830000000000000071e+00 2.999935725972203981e-02
8.839999999999999858e+00 2.999935725972214390e-02
8.849999999999999645e+00 2.999935725972124531e-02
8.859999999999999432e+00 2.999935725972181777e-02
8.870000000000000995e+00 2.999935725972140144e-02
8.880000000000000782e+00 2.999935725972226880e-02
8.890000000000000568e+00 2.999935725972200859e-02
8.900000000000000355e+00 2.999935725972154715e-02
8.910000000000000142e+00 2.999935725971952794e-02
8.919999999999999929e+00 2.999935725972244921e-02
8.929999999999999716e+00 2.999935725972149164e-02
8.939999999999999503e+00 2.999935725972250472e-02
8.950000000000001066e+00 2.999935725972098510e-02
8.960000000000000853e+00 2.999935725972208145e-02
8.970000000000000639e+00 2.999935725972115164e-02
8.980000000000000426e+00 2.999935725972058959e-02
8.990000000000000213e+00 2.999935725972104755e-02
9.000000000000000000e+00 2.999935725972207451e-02
9.009999999999999787e+00 2.999935725972209533e-02
9.019999999999999574e+00 2.999935725972254982e-02
9.029999999999999361e+00 2.999935725972261574e-02
9.040000000000000924e+00 2.999935725972053407e-02
9.050000000000000711e+00 2.999935725972210920e-02
9.060000000000000497e+00 2.999935725972188022e-02
9.070000000000000284e+00 2.999935725972304942e-02
9.080000000000000071e+00 2.999935725972181777e-02
9.089999999999999858e+00 2.999935725972148817e-02
9.099999999999999645e+00 2.999935725972090531e-02
9.109999999999999432e+00 2.999935725972242839e-02
9.120000000000000995e+00 2.999935725972239370e-02
9.130000000000000782e+00 2.999935725972220635e-02
9.140000000000000568e+00 2.999935725972066591e-02
9.150000000000000355e+00 2.999935725972041264e-02
9.160000000000000142e+00 2.999935725972236247e-02
9.169999999999999929e+00 2.999935725972242145e-02
9.179999999999999716e+00 2.999935725972315004e-02
9.189999999999999503e+00 2.999935725971914630e-02
9.200000000000001066e+00 2.999935725972230696e-02
9.210000000000000853e+00 2.999935725972390985e-02
9.220000000000000639e+00 2.999935725972201553e-02
9.230000000000000426e+00 2.999935725972180389e-02
9.240000000000000213e+00 2.999935725972228268e-02
9.250000000000000000e+00 2.999935725972083245e-02
9.259999999999999787e+00 2.999935725972379189e-02
9.269999999999999574e+00 2.999935725972366699e-02
9.279999999999999361e+00 2.999935725972092265e-02
9.290000000000000924e+00 2.999935725972106490e-02
9.300000000000000711e+00 2.999935725972011774e-02
9.310000000000000497e+00 2.999935725971972222e-02
9.320000000000000284e+00 2.999935725972086714e-02
9.330000000000000071e+00 2.999935725972221676e-02
9.339999999999999858e+00 2.999935725972074918e-02
9.349999999999999645e+00 2.999935725971930936e-02
9.359999999999999432e+00 2.999935725972374678e-02
9.370000000000000995e+00 2.999935725972078041e-02
9.380000000000000782e+00 2.999935725972231390e-02
9.390000000000000568e+00 2.999935725972313963e-02
9.400000000000000355e+00 2.999935725972094347e-02
9.410000000000000142e+00 2.999935725972241451e-02
9.419999999999999929e+00 2.999935725972393066e-02
9.429999999999999716e+00 2.999935725972199124e-02
9.439999999999999503e+00 2.999935725971801873e-02
9.450000000000001066e+00 2.999935725971994774e-02
9.460000000000000853e+00 2.999935725972200512e-02
9.470000000000000639e+00 2.999935725972147429e-02
9.480000000000000426e+00 2.999935725972118286e-02
9.490000000000000213e+00 2.999935725972412495e-02
9.500000000000000000e+00 2.999935725971970141e-02
9.509999999999999787e+00 2.999935725971994427e-02
9.519999999999999574e+00 2.999935725971979161e-02
9.529999999999999361e+00 2.999935725972385087e-02
9.540000000000000924e+00 2.999935725972237288e-02
9.550000000000000711e+00 2.999935725971739769e-02
9.560000000000000497e+00 2.999935725972021489e-02
9.570000000000000284e+00 2.999935725972065897e-02
9.580000000000000071e+00 2.999935725972131123e-02
9.589999999999999858e+00 2.999935725972187328e-02
9.599999999999999645e+00 2.999935725972169287e-02
9.609999999999999432e+00 2.999935725972254288e-02
9.620000000000000995e+00 2.999935725972262615e-02
9.630000000000000782e+00 2.999935725972093653e-02
9.640000000000000568e+00 2.999935725972276493e-02
9.650000000000000355e+00 2.999935725972075612e-02
9.660000000000000142e+00 2.999935725972214737e-02
9.669999999999999929e+00 2.999935725972375719e-02
9.679999999999999716e+00 2.999935725972281697e-02
9.689999999999999503e+00 2.999935725971980202e-02
9.700000000000001066e+00 2.999935725972089143e-02
9.710000000000000853e+00 2.999935725972308759e-02
9.720000000000000639e+00 2.999935725972172756e-02
9.730000000000000426e+00 2.999935725972059652e-02
9.740000000000000213e+00 2.999935725972047162e-02
9.750000000000000000e+00 2.999935725971858771e-02
9.759999999999999787e+00 2.999935725972333392e-02
9.769999999999999574e+00 2.999935725972389250e-02
9.779999999999999361e+00 2.999935725971989570e-02
9.790000000000000924e+00 2.999935725972260533e-02
9.800000000000000711e+00 2.999935725971879241e-02
9.810000000000000497e+00 2.999935725972032591e-02
9.820000000000000284e+00 2.999935725972173103e-02
9.830000000000000071e+00 2.999935725972119327e-02
9.839999999999999858e+00 2.999935725971763015e-02
9.849999999999999645e+00 2.999935725972282044e-02
9.859999999999999432e+00 2.999935725972175879e-02
9.870000000000000995e+00 2.999935725972120368e-02
9.880000000000000782e+00 2.999935725972235206e-02
9.890000000000000568e+00 2.999935725972330269e-02
9.900000000000000355e+00 2.999935725972269554e-02
9.910000000000000142e+00 2.999935725972454129e-02
9.919999999999999929e+00 2.999935725972507558e-02
9.929999999999999716e+00 2.999935725972103714e-02
9.939999999999999503e+00 2.999935725972334780e-02
9.950000000000001066e+00 2.999935725972134246e-02
9.960000000000000853e+00 2.999935725972419087e-02
9.970000000000000639e+00 2.999935725972266432e-02
