0.000000000000000000e+00 -1.365698985082960666e-14
2.500000000000000139e-02 2.012048160372795127e-03
5.000000000000000278e-02 1.609638528275100788e-02
7.499999999999999722e-02 9.001829628197537403e-01
1.000000000000000056e-01 1.076229925581576708e+03
1.250000000000000000e-01 6.095608072864042697e+03
1.499999999999999944e-01 1.083643284402587597e+04
1.750000000000000167e-01 1.793418773773553403e+04
2.000000000000000111e-01 2.327223059192473011e+04
2.250000000000000056e-01 2.751156431076315494e+04
2.500000000000000000e-01 2.737078574903400659e+04
2.750000000000000222e-01 2.743291536756504138e+04
2.999999999999999889e-01 2.307565959809555352e+04
3.250000000000000111e-01 1.767448416261499005e+04
3.500000000000000333e-01 1.059370774382760465e+04
3.750000000000000000e-01 5.900150579347064195e+03
4.000000000000000222e-01 9.433511053473667971e+02
4.249999999999999889e-01 5.274961291307872502e-01
4.500000000000000111e-01 1.514974875013315632e-02
4.750000000000000333e-01 1.780131012791168633e-03
