0.000000000000000000e+00 2.450093203219244468e-04
2.500000000000000139e-02 5.317686376608996880e-03
5.000000000000000278e-02 8.551163740484164083e-03
7.499999999999999722e-02 9.975000403436655103e-03
1.000000000000000056e-01 9.588218193142724818e-03
1.250000000000000000e-01 7.367564121900899154e-03
1.499999999999999944e-01 4.670642756571044552e-03
1.750000000000000167e-01 2.595258404869664731e-03
2.000000000000000111e-01 1.123446500868585489e-03
2.250000000000000056e-01 2.548000677735834710e-04
2.500000000000000000e-01 -9.804965846579045404e-06
2.750000000000000222e-01 2.780464873045424218e-04
2.999999999999999889e-01 1.170814993971921536e-03
3.250000000000000111e-01 2.666759997666311426e-03
3.500000000000000333e-01 4.766348598886542033e-03
3.750000000000000000e-01 7.491519035519200731e-03
4.000000000000000222e-01 9.638508537640897572e-03
4.249999999999999889e-01 9.952722657979905588e-03
4.500000000000000111e-01 8.456581380088959779e-03
4.750000000000000333e-01 5.150411609776632538e-03
