0.000000000000000000e+00 2.409486568420213097e-04
2.500000000000000139e-02 5.317654016026459457e-03
5.000000000000000278e-02 8.549655740973639839e-03
7.499999999999999722e-02 9.987394197268335480e-03
1.000000000000000056e-01 9.572839213614887585e-03
1.250000000000000000e-01 7.373604387578777848e-03
1.499999999999999944e-01 4.672165392709591233e-03
1.750000000000000167e-01 2.597190853268963387e-03
2.000000000000000111e-01 1.119364065879897103e-03
2.250000000000000056e-01 2.518548763386672463e-04
2.500000000000000000e-01 4.835186641631856958e-06
2.750000000000000222e-01 2.712591040225491865e-04
2.999999999999999889e-01 1.167213945916514449e-03
3.250000000000000111e-01 2.670335565922910773e-03
3.500000000000000333e-01 4.765262449972071900e-03
3.750000000000000000e-01 7.494825977608233179e-03
4.000000000000000222e-01 9.626445735402130652e-03
4.249999999999999889e-01 9.966239174954972385e-03
4.500000000000000111e-01 8.453304402031555642e-03
4.750000000000000333e-01 5.149954890981382413e-03
