0.000000000000000000e+00 -6.892441833081044164e-05
2.500000000000000139e-02 4.589624256807368387e-03
5.000000000000000278e-02 7.624268178378188106e-03
7.499999999999999722e-02 9.408908735396771805e-03
1.000000000000000056e-01 9.701395863368694056e-03
1.250000000000000000e-01 7.148847197877051390e-03
1.499999999999999944e-01 4.421699656180427124e-03
1.750000000000000167e-01 1.305575323088940158e-03
2.000000000000000111e-01 4.551895473129009958e-04
2.250000000000000056e-01 -1.612010540708251865e-05
2.500000000000000000e-01 1.600229476827195237e-03
2.750000000000000222e-01 -1.826844515792453664e-04
2.999999999999999889e-01 5.336219591888899556e-04
3.250000000000000111e-01 1.465476321951266706e-03
3.500000000000000333e-01 4.454670730731072857e-03
3.750000000000000000e-01 7.336342264694611752e-03
4.000000000000000222e-01 9.961979137264825521e-03
4.249999999999999889e-01 9.453264921453799832e-03
4.500000000000000111e-01 7.714539737244736038e-03
4.750000000000000333e-01 4.662574726856919330e-03
