0.000000000000000000e+00 2.409486568419437621e-04
2.500000000000000139e-02 5.317654016024058600e-03
5.000000000000000278e-02 8.549655740969885898e-03
7.499999999999999722e-02 9.987394197262680282e-03
1.000000000000000056e-01 9.572839213607575726e-03
1.250000000000000000e-01 7.373604387570046985e-03
1.499999999999999944e-01 4.672165392699199372e-03
1.750000000000000167e-01 2.597190853257780058e-03
2.000000000000000111e-01 1.119364065866815120e-03
2.250000000000000056e-01 2.518548763250989440e-04
2.500000000000000000e-01 4.835186627825764559e-06
2.750000000000000222e-01 2.712591040088720845e-04
2.999999999999999889e-01 1.167213945903493831e-03
3.250000000000000111e-01 2.670335565911831528e-03
3.500000000000000333e-01 4.765262449961652283e-03
3.750000000000000000e-01 7.494825977599578644e-03
4.000000000000000222e-01 9.626445735394926345e-03
4.249999999999999889e-01 9.966239174949461169e-03
4.500000000000000111e-01 8.453304402027787823e-03
4.750000000000000333e-01 5.149954890979035332e-03
