4.170952086827935390e-01
4.186916301931487561e-01
4.232922515148659359e-01
4.312171082705041347e-01
4.424619966165221352e-01
4.568611084928848598e-01
4.741612724029804493e-01
4.940397815105517232e-01
5.159704290510063185e-01
5.389576580539275907e-01
5.619991818125364968e-01
5.834132970878547209e-01
6.013781209895848745e-01
6.158939908479527103e-01
6.277014192925373104e-01
6.413994672402580921e-01
6.587280178709322698e-01
6.824310030748731437e-01
7.128514393441079955e-01
7.544719196852457399e-01
8.150989572995179788e-01
9.026808716929057841e-01
1.020920864717216325e+00
1.168700180740446459e+00
1.342249048483527218e+00
1.545464549180885605e+00
1.782026290741326680e+00
2.057515229981039973e+00
2.366420217923159264e+00
2.700166914474432467e+00
3.053118032409853466e+00
3.427587451655465856e+00
3.833905660825720929e+00
4.276525808885518920e+00
4.753840436275736714e+00
5.261701922353676508e+00
5.803421543290566476e+00
6.393698903165244474e+00
7.047987370337009061e+00
7.773638324157775337e+00
8.568467047709276585e+00
9.424839960960724738e+00
1.034375032878502054e+01
1.132622356945012321e+01
1.237176238868570621e+01
1.346391667929586156e+01
1.457911241265233038e+01
1.569009633938085457e+01
1.677787863486691222e+01
1.782242082842331143e+01
1.880920901542132384e+01
1.972119764549621124e+01
2.054560770604717490e+01
2.127802721494744276e+01
2.191992399244510281e+01
2.249192050246395524e+01
2.302786679203077114e+01
2.357944246358262319e+01
2.420968155765159580e+01
2.497393448180130093e+01
2.594284113028981409e+01
2.719726232496040552e+01
2.885065871513982216e+01
3.103791373239092621e+01
3.387626259578819798e+01
3.748291246665874610e+01
4.196086004200328290e+01
4.746290128045903600e+01
5.418595433159021013e+01
6.233491216733807505e+01
7.211496769320021372e+01
8.368443137830193734e+01
9.724663841738609449e+01
1.130517647449757703e+02
1.314056472494398236e+02
1.526119574707614106e+02
1.768989783305856349e+02
2.044575282902996491e+02
2.354815648574628426e+02
2.701809196029230407e+02
3.087819069785221586e+02
3.513582435402248052e+02
3.978930008874548321e+02
4.482053215302103126e+02
5.021167315438022456e+02
5.593812846141859154e+02
6.196843853064623318e+02
6.825342862310933469e+02
7.473016191926369629e+02
8.132597781928711811e+02
8.797065017425062479e+02
9.459221044948368444e+02
1.011187830017564465e+03
1.074731933944531193e+03
1.135808397046557275e+03
1.193751425743551863e+03
1.248060697428702269e+03
1.298404318429923478e+03
1.344688957778558233e+03
1.387039251729901935e+03
1.425875352285901954e+03
1.461967964196208868e+03
1.496425339262653097e+03
1.530983802198267085e+03
1.567863071059314279e+03
1.610120931449823729e+03
1.661357922984708239e+03
1.725925921788830237e+03
1.808965553401082389e+03
1.916637176638162828e+03
2.056315000219217836e+03
2.236499772165288050e+03
2.466520140353073657e+03
2.756698269649143185e+03
3.118083373774426946e+03
3.563161669845931556e+03
4.105270481849476710e+03
4.758539623527361073e+03
5.537156641697133637e+03
6.455036137847529972e+03
7.526204576361462387e+03
8.764345401967188081e+03
1.018276356277118248e+04
1.179316108104336308e+04
1.360504109950791099e+04
1.562543769226671429e+04
1.785904230932530118e+04
2.030790211230702698e+04
2.297113263915196512e+04
2.584322601673252939e+04
2.891464051571268647e+04
3.217060937430817285e+04
3.559318445223954041e+04
3.915948470058458042e+04
4.284317550207856402e+04
4.661237480074194900e+04
5.043200440380588407e+04
5.426279758330648474e+04
5.806489700548352266e+04
6.179639012366264069e+04
6.541700764194752264e+04
6.888699020822676539e+04
7.217196310123213334e+04
7.524299851889748243e+04
7.808246751117258100e+04
8.068420570759425755e+04
8.306075744182954077e+04
8.524312922108254861e+04
8.728942039177659899e+04
8.928423203937328071e+04
9.134806254757300485e+04
9.363834069891164836e+04
9.635768967125253403e+04
9.975543288706272142e+04
1.041323335381898360e+05
1.098412060108404839e+05
1.172926013975029637e+05
1.269539428456850292e+05
1.393555223098791321e+05
1.550822934192665853e+05
1.747753625327304471e+05
1.991220170519358944e+05
2.288544885861024959e+05
2.647424602787370095e+05
3.075829420011194306e+05
3.581856443058706936e+05
4.173549020302506397e+05
4.858726933377366513e+05
5.644839309852602892e+05
6.538741970282826805e+05
7.546504677238236181e+05
8.673071669609589735e+05
9.922028109313966706e+05
1.129533752744599711e+06
1.279312247153058648e+06
1.441346004340837710e+06
1.615210157900159713e+06
1.800227631043402012e+06
1.995451705415853765e+06
2.199662226720749401e+06
2.411370739473886788e+06
2.628828348684588447e+06
2.850044452656962909e+06
3.072817467757544480e+06
3.294782870979836211e+06
3.513483842631730251e+06
3.726453270989382640e+06
3.931319706274275202e+06
4.125922175555293914e+06
4.308459715358393267e+06
4.477645157691907138e+06
4.632905346431280486e+06
4.774567219098409638e+06
4.904101738622704521e+06
5.024340577547436580e+06
5.139743075382104144e+06
5.256635497426839545e+06
5.383476488442227244e+06
5.531107893419463187e+06
5.713010969252774492e+06
5.945522431570781395e+06
6.248051094160594977e+06
6.643193691607335582e+06
7.156880965159567073e+06
7.818388888594822958e+06
8.660369392364230007e+06
9.718715493612747639e+06
1.103236456049932912e+07
1.264296801216514222e+07
1.459446146325934306e+07
1.693252107624353468e+07
1.970390091046860069e+07
2.295559556041812152e+07
2.673388264064383507e+07
3.108316948295413330e+07
3.604481847241242230e+07
4.165581497180057317e+07
4.794733553393349051e+07
5.494329467788086832e+07
6.265872252985712886e+07
7.109832335612647235e+07
8.025494458190697432e+07
9.010835797066773474e+07
1.006239982150152922e+08
1.117521904043754935e+08
1.234274181904019266e+08
1.355683720235370994e+08
1.480781626075754464e+08
1.608455541162579358e+08
1.737465349466619790e+08
1.866470059837645888e+08
1.994060006802847087e+08
2.118804351766605973e+08
2.239303112341112494e+08
2.354257429426388144e+08
2.462544190513823926e+08
2.563310810796132982e+08
2.656072610822382569e+08
2.740831902760449648e+08
2.818197359186145067e+08
2.889523336430644989e+08
2.957047297304666042e+08
3.024041455728923082e+08
3.094958823578567505e+08
3.175587187583714724e+08
3.273189312868449688e+08
3.396643187252688408e+08
3.556558542453562617e+08
3.765384740224161744e+08
4.037478043052086830e+08
4.389150109583034515e+08
4.838664243566318750e+08
5.406193354765744209e+08
6.113723304565141201e+08
6.984893035806195736e+08
8.044767827653157711e+08
9.319544322872793674e+08
1.083617307399594784e+09
1.262190893932910919e+09
1.470378557347246647e+09
1.710799309571848154e+09
1.985920625414721966e+09
2.297982536921373367e+09
2.648915665829035759e+09
3.040257562826444626e+09
3.473065328275569916e+09
3.947825352047598839e+09
4.464367391997735023e+09
5.021788620091861725e+09
5.618377591472511292e+09
6.251560595422649384e+09
6.917861245937051773e+09
7.612882922979303360e+09
8.331323143983580589e+09
9.067015158167047501e+09
9.813016465658235550e+09
1.056173766352452469e+10
1.130512492722392082e+10
1.203489503648235321e+10
1.274283473590928268e+10
1.342116347013712883e+10
1.406296313908790970e+10
1.466267903121764374e+10
1.521669060946670532e+10
1.572394646782040405e+10
1.618667235152955437e+10
1.661112385356006622e+10
1.700840199841966438e+10
1.739529536298138428e+10
1.779515092794594193e+10
1.823874256535181427e+10
1.876512702128706360e+10
1.942244721429846954e+10
2.026867338655027771e+10
2.137223110561957932e+10
2.281248671961022186e+10
2.468006661232790756e+10
2.707695101135629272e+10
3.011631088567185211e+10
3.392204346697704315e+10
3.862798665188668823e+10
4.437675143935606384e+10
5.131813030484698486e+10
5.960710542935229492e+10
6.940138609687930298e+10
8.085849643194897461e+10
9.413234334383367920e+10
1.093694920669298706e+11
1.267048399937925568e+11
1.462570711265531921e+11
1.681238094843470459e+11
1.923765228583996582e+11
2.190554988341969604e+11
2.481646233583920898e+11
2.796667587566456909e+11
3.134793527578703613e+11
3.494708826024306641e+11
3.874580568083768921e+11
4.272046251434694824e+11
4.684211568642342529e+11
5.107670607158518066e+11
5.538547054334609375e+11
5.972560655978105469e+11
6.405121974085030518e+11
6.831457025884576416e+11
7.246768191299350586e+11
7.646431791483854980e+11
8.026232428317854004e+11
8.382641605355417480e+11
8.713131345630627441e+11
9.016533639166645508e+11
9.293431660480893555e+11
9.546592757918806152e+11
9.781424949684284668e+11
1.000646390862088135e+12
1.023386938848078857e+12
1.047993552888864136e+12
1.076558700639345337e+12
1.111685968584746094e+12
1.156534170103752441e+12
1.214856388178614014e+12
1.291031470857156250e+12
1.390085726668850098e+12
1.517703381750518066e+12
1.680222402716698242e+12
1.884614475516666260e+12
2.138444913286221924e+12
2.449813669870756836e+12
2.827272338782854492e+12
3.279715785469916016e+12
3.816250212949010742e+12
4.446031665143603516e+12
5.178077450231777344e+12
6.021059191550851562e+12
6.983059762537693359e+12
8.071316783076439453e+12
9.291945964820988281e+12
1.064964744961630469e+13
1.214741658336070898e+13
1.378623949311573828e+13
1.556481683383281055e+13
1.747930445429012500e+13
1.952307986123987500e+13
2.168657274759391016e+13
2.395714973037786719e+13
2.631909207874685938e+13
2.875366240971054297e+13
3.123930332078088672e+13
3.375195762862325000e+13
3.626556679012072656e+13
3.875272675559610938e+13
4.118555733106017188e+13
4.353676047020585938e+13
4.578091291910903906e+13
4.789598475424542188e+13
4.986509415526356250e+13
5.167848797554179688e+13
5.333576299310999219e+13
5.484828047477435938e+13
5.624178148068327344e+13
5.755914945160727344e+13
5.886327348622732812e+13
6.023998347491189062e+13
6.180096568845302344e+13
6.368658767312880469e+13
6.606855581548583594e+13
6.915227977546056250e+13
7.317887258806815625e+13
7.842661697514064062e+13
8.521180394618734375e+13
9.388881480171737500e+13
1.048492644927581875e+14
1.185201381096975938e+14
1.353607608762668594e+14
1.558584495129806875e+14
1.805227338901699688e+14
2.098782686117386250e+14
2.444559063811765000e+14
2.847826005087301875e+14
3.313693989750658750e+14
3.846983697393386250e+14
4.452078127241272500e+14
5.132766197525073125e+14
5.892077047315283750e+14
6.732106754136090000e+14
7.653850868980421250e+14
8.657032755577157500e+14
9.739949007751982500e+14
1.089933191045333250e+15
1.213023359925300250e+15
1.342595098836477750e+15
1.477798918309069750e+15
1.617608115972602500e+15
1.760827952140043250e+15
1.906111446144585000e+15
2.051984102497434000e+15
2.196879275704584500e+15
2.339184194688698500e+15
2.477296752236081000e+15
2.609696102323777000e+15
2.735026641444929500e+15
2.852193677198056000e+15
2.960475095514861000e+15
3.059644458867211000e+15
3.150107835628344000e+15
3.233050990679341500e+15
3.310597346312144000e+15
3.385971998631208500e+15
3.463671039147294000e+15
3.549630943129471500e+15
3.651395459678303000e+15
3.778273410981339000e+15
3.941481464693416000e+15
4.154269360623646000e+15
4.432016249158424000e+15
4.792291885228567000e+15
5.254878392837248000e+15
5.841738940474453000e+15
6.576933955531281000e+15
7.486466366072753000e+15
8.598056387207068000e+15
9.940839682045812000e+15
1.154497852633791600e+16
1.344118385371056800e+16
1.566015950580746800e+16
1.823193279254961600e+16
2.118512540980764800e+16
2.454611321352839200e+16
2.833816744789832400e+16
3.258048036509377200e+16
3.728719610628182400e+16
4.246640466182510400e+16
4.811916577236470400e+16
5.423856148148104000e+16
6.080887174065849600e+16
6.780484771340982400e+16
7.519120176593228800e+16
8.292226830596078400e+16
9.094208915237664000e+16
9.918465613714009600e+16
1.075747982917230240e+17
1.160294072888693600e+17
1.244592569351256960e+17
1.327714159731756480e+17
1.408723783160380000e+17
1.486718478557400960e+17
1.560873096578248960e+17
1.630493873220907520e+17
1.695079799901507840e+17
1.754391392847617920e+17
1.808527871289464320e+17
1.858010096953795200e+17
1.903870309135627840e+17
1.947745804848753920e+17
1.991976951274160640e+17
2.039705098565828480e+17
2.094970183632908160e+17
2.162804117028536640e+17
2.249317912351013760e+17
2.361777406809706880e+17
2.508664871714310400e+17
2.699723479840979840e+17
2.945977635103009920e+17
3.259725527962533120e+17
3.654502670508112640e+17
4.145005242134908800e+17
4.746976090155975040e+17
5.477043162025978880e+17
6.352516395212449280e+17
7.391125763373625600e+17
8.610709385010846720e+17
1.002885662054822784e+18
1.166249041703375104e+18
1.352741313675878400e+18
1.563780275162375168e+18
1.800566531031609856e+18
2.064027541922503168e+18
2.354760043796356096e+18
2.672972977853138944e+18
3.018430541908782080e+18
3.390404677464103936e+18
3.787626815684271616e+18
4.208255150485134848e+18
4.649851634586124288e+18
5.109376249961546752e+18
5.583201579499433984e+18
6.067147618939882496e+18
6.556545201687606272e+18
7.046330550056065024e+18
7.531172300138570752e+18
8.005637492227301376e+18
8.464399430970958848e+18
8.902486853191589888e+18
9.315577193293438976e+18
9.700334600058173440e+18
1.005479858664793293e+19
1.037881129839990374e+19
1.067448901405493658e+19
1.094672881005621658e+19
1.120374532195004416e+19
1.145763036586530611e+19
1.172492189378431795e+19
1.202717478970488422e+19
1.239150853719495066e+19
1.285112943805006643e+19
1.344579426389154202e+19
1.422219981581280051e+19
1.523428107508363878e+19
1.654336763670115533e+19
1.821821613598380237e+19
2.033484470954471424e+19
2.297618276648982118e+19
2.623148487079823770e+19
3.019549582536189542e+19
3.496734444117794406e+19
4.064914732271769190e+19
4.734432180789542093e+19
5.515560411951546368e+19
6.418271064624506470e+19
7.451982970865142989e+19
8.625274101971478118e+19
9.945576995907790438e+19
1.141885527024956539e+20
1.304926985084808397e+20
1.483884870774777119e+20
1.678715419687580140e+20
1.889098115777377731e+20
2.114408563228835840e+20
2.353695774518725509e+20
2.605667173526238331e+20
2.868681162160119480e+20
3.140751177737270067e+20
3.419561455125900820e+20
3.702498094643621396e+20
3.986697040008336507e+20
4.269112013253716214e+20
4.546601708140899860e+20
4.816042223633634427e+20
5.074462090100473856e+20
5.319203794770138890e+20
5.548111898059556782e+20
5.759747074189915587e+20
5.953626222000145695e+20
6.130487585241699451e+20
6.292577427153458299e+20
6.443955857397419868e+20
6.590817347096644157e+20
6.741819178250671227e+20
6.908412472133041521e+20
7.105166663607859282e+20
7.350078381128292762e+20
7.664852689705547858e+20
8.075144979614707220e+20
8.610753756959405507e+20
9.305740600379167212e+20
1.019847838469042471e+21
1.133159803718790545e+21
1.275182125946291618e+21
1.450966655817211970e+21
1.665901591802566672e+21
1.925653979167841583e+21
2.236093888673486733e+21
2.603203391983210988e+21
3.032964499956714439e+21
3.531236617143930847e+21
4.103607813524647576e+21
4.755238595828522156e+21
5.490688930591268667e+21
6.313730867250415534e+21
7.227161638103959994e+21
8.232606618229808300e+21
9.330327605746982715e+21
1.051904077729518269e+22
1.179575260237949777e+22
1.315561969877942849e+22
1.459183952571932449e+22
1.609559841341127524e+22
1.765606558257317623e+22
1.926045982050621378e+22
2.089419983065131359e+22
2.254114922227759160e+22
2.418395900369593539e+22
2.580454596463488611e+22
2.738468271680890339e+22
2.890674139929672627e+22
3.035457037185837747e+22
3.171453191237372006e+22
3.297669608401276607e+22
3.413617732507701294e+22
3.519462021874275320e+22
3.616182575879262568e+22
3.705748311612792295e+22
3.791300529993584266e+22
3.877341855488951085e+22
3.969928437750431115e+22
4.076859753890499999e+22
4.207861012492936282e+22
4.374753548029322383e+22
4.591603464108114130e+22
4.874842303999919522e+22
5.243356180818104943e+22
5.718525873998394294e+22
6.324215497722984346e+22
7.086704477839567094e+22
8.034541335508286439e+22
9.198320326874549453e+22
1.061038191209685168e+23
1.230439845538023667e+23
1.431489180773860329e+23
1.667661985998919990e+23
1.942388097537445556e+23
2.258971322402302989e+23
2.620500442291316499e+23
3.029751163138056693e+23
3.489081068739844658e+23
4.000319966530050258e+23
4.564657388445067043e+23
5.182531254424050776e+23
5.853519320481213438e+23
6.576239775394771763e+23
7.348263760973291439e+23
8.166045588932610134e+23
9.024882460974776865e+23
9.918898556115524308e+23
1.084106751522020270e+24
1.178328685658900403e+24
1.273649377579168581e+24
1.369084745899282801e+24
1.463597765288700357e+24
1.556130062354165732e+24
1.645642419770027980e+24
1.731162429408524374e+24
1.811841745505078439e+24
1.887022011320223559e+24
1.956309287904640024e+24
2.019657633327244055e+24
2.077460480970172647e+24
2.130649040927887238e+24
2.180796747864194855e+24
2.230228109446154168e+24
2.282129512027181160e+24
2.340660136795894924e+24
2.411059850096017819e+24
2.499750499337123630e+24
2.614426807059584888e+24
2.764133207600239481e+24
2.959320993439494368e+24
3.211882555595777164e+24
3.535157383049704840e+24
3.943901603042518215e+24
4.454221747709917220e+24
5.083462059575472416e+24
5.850041089716471743e+24
6.773243477582198237e+24
7.872947222864238368e+24
9.169297882004011373e+24
1.068232047491231245e+25
1.243147635760051209e+25
1.443516232842054327e+25
1.671016783208068648e+25
1.927106362427175782e+25
2.212959401069231500e+25
2.529401496785589266e+25
2.876844578019122695e+25
3.255222962758572845e+25
3.663934192202459834e+25
4.101785652160042945e+25
4.566950331378190119e+25
5.056935364206310894e+25
5.568569529098234327e+25
6.098007509379471553e+25
6.640761613003512035e+25
7.191760521824900069e+25
7.745442057794256386e+25
8.295881707895616241e+25
8.836963974737311726e+25
9.362596173631754796e+25
9.866972161906318208e+25
1.034488497443251531e+26
1.079208974113380895e+26
1.120572071948726247e+26
1.158475662954742380e+26
1.193053251427676353e+26
1.224730064751303578e+26
1.254282272635484135e+26
1.282899498938866654e+26
1.312248529415005829e+26
1.344538150877715775e+26
1.382582137106402490e+26
1.429859786677664039e+26
1.490570768955461608e+26
1.569682792041506733e+26
1.672969316674805617e+26
1.807034147423698231e+26
1.979320448680476791e+26
2.198101970158399298e+26
2.472450771325558259e+26
2.812181718899873944e+26
3.227768595088395416e+26
3.730233942950199884e+26
4.331000889581431837e+26
5.041718712764958418e+26
5.874047662182867892e+26
6.839413885893482932e+26
7.948731805757973549e+26
9.212092244029601305e+26
1.063842804296405660e+27
1.223515918836508974e+27
1.400781099860630725e+27
1.595964518997594145e+27
1.809128311569718691e+27
2.040034594737974351e+27
2.288113244204298736e+27
2.552435304595487333e+27
2.831690609561663479e+27
3.124177137267567511e+27
3.427799794774331230e+27
3.740083062539150724e+27
4.058199290496569010e+27
4.379015301754834434e+27
4.699159426951273116e+27
5.015111665557208758e+27
5.323319655833260230e+27
5.620341070092464101e+27
5.903015125194380787e+27
6.168662199829585149e+27
6.415314345790017293e+27
6.641977033503242363e+27
6.848915804362633198e+27
7.037972574868240227e+27
7.212902093260758091e+27
7.379729353957996061e+27
7.547117350051863453e+27
7.726740682074021165e+27
7.933656493667655647e+27
8.186660113822366540e+27
8.508618020042876387e+27
8.926760818419914566e+27
9.472917624933769100e+27
1.018369656108423370e+28
1.110056173287976791e+28
1.226982116727103916e+28
1.374249066911090107e+28
1.557402535679037675e+28
1.782388832819496482e+28
2.055496133870216573e+28
2.383276319898070559e+28
2.772449898920200069e+28
3.229788987182857363e+28
3.761982171249276745e+28
4.375479211135550050e+28
5.076316205037334748e+28
5.869927796688130293e+28
6.760942090940976844e+28
7.752967187810736605e+28
8.848373849343547074e+28
1.004807672477989662e+29
1.135132017171897926e+29
1.275548868888087453e+29
1.425592957242100510e+29
1.584582740152840159e+29
1.751610339687179977e+29
1.925539968148417157e+29
2.105011117488035619e+29
2.288453028266053101e+29
2.474106408335578520e+29
2.660059360476460836e+29
2.844294336295284683e+29
3.024749950267779461e+29
3.199398486104090018e+29
3.366338374352236641e+29
3.523905490926532774e+29
3.670800077425191996e+29
3.806232151701662581e+29
3.930083201224281082e+29
4.043083002682737806e+29
4.147001700313667603e+29
4.244852565828326674e+29
4.341103440448436881e+29
4.441893352329098879e+29
4.555248292802648142e+29
4.691291302094735525e+29
4.862440424323589249e+29
5.083587876660855466e+29
5.372248961632231122e+29
5.748678777058102203e+29
6.235936702888949182e+29
6.859900635326904373e+29
7.649215478588279272e+29
8.635159103450966901e+29
9.851432330377174928e+29
1.133384805177858301e+30
1.311991743595223490e+30
1.524833356715169964e+30
1.775833522436647543e+30
2.068896072890046382e+30
2.407818624855057051e+30
2.796195347885166395e+30
3.237310707721933614e+30
3.734023299651435316e+30
4.288643977987704448e+30
4.902809821450624702e+30
5.577356010029673247e+30
6.312194843571961546e+30
7.106193553873243330e+30
7.957074703103421414e+30
8.861327560973970234e+30
9.814147826376994500e+30
1.080940689231340746e+31
1.183966267839321754e+31
1.289622017439342540e+31
1.396924120408727895e+31
1.504792082740947451e+31
1.612073861379538893e+31
1.717578705873158363e+31
1.820118706159151079e+31
1.918559543654798095e+31
2.011881070836520852e+31
2.099247734628455200e+31
2.180089142762819350e+31
2.254190448420629762e+31
2.321792319288541296e+31
2.383699164428228771e+31
2.441394422677150595e+31
2.497162211865229892e+31
2.554211696805037482e+31
2.616802868884024848e+31
2.690369737267185122e+31
2.781638319131059663e+31
2.898734200159808932e+31
3.051276512600351667e+31
3.250450903878854667e+31
3.509060678425693292e+31
3.841543361215101266e+31
4.263954119595894990e+31
4.793909272429411682e+31
5.450477406907335405e+31
6.254017834000923987e+31
7.225966743509017364e+31
8.388555584965778562e+31
9.764466834940293667e+31
1.137642268205536238e+32
1.324671246060177281e+32
1.539665318991482702e+32
1.784597427520697180e+32
2.061218179740367530e+32
2.370985204957724505e+32
2.714991583389443790e+32
3.093890698229292347e+32
3.507824861736496238e+32
3.956354078276050751e+32
4.438394748906278576e+32
4.952162889398766946e+32
5.495136959735132992e+32
6.064030536888981370e+32
6.654790639494538628e+32
7.262622848376213666e+32
7.882042497521081837e+32
8.506965170114117796e+32
9.130838275802304684e+32
9.746812239080715534e+32
1.034796353152078651e+33
1.092757211161207122e+33
1.147945194080235895e+33
1.199833808389252399e+33
1.248033504068257633e+33
1.292342196992004575e+33
1.332801173145264469e+33
1.369756145880189625e+33
1.403923056276956475e+33
1.436457169255984702e+33
1.469024968925657150e+33
1.503876852881799170e+33
1.543919435000245813e+33
1.592785260851784494e+33
1.654897354430118912e+33
1.735526475710575673e+33
1.840838916943660998e+33
1.977929934790990251e+33
2.154841010977184138e+33
2.380557582162201653e+33
2.664984199084727627e+33
3.018892743388738745e+33
3.453839169122552744e+33
3.982049920657294608e+33
4.616274101672057391e+33
5.369595630494288949e+33
6.255207228055164932e+33
7.286153921290465709e+33
8.475021601707374586e+33
9.833609768987380662e+33
1.137255579340102423e+34
1.310094444502177531e+34
1.502589068949453133e+34
1.715211639454706003e+34
1.948151908957892781e+34
2.201275988219392948e+34
2.474088197038132488e+34
2.765699193721009515e+34
3.074796518181544149e+34
3.399629994481004013e+34
3.738003080276001264e+34
4.087282412743426293e+34
4.444422618121502077e+34
4.806009025883100987e+34
5.168327530352170395e+34
5.527453216543204780e+34
5.879371025416070923e+34
6.220124502756714616e+34
6.545996544833063342e+34
6.853721840357075633e+34
7.140737175688919796e+34
7.405459158428880866e+34
7.647599528567254631e+34
7.868509935292857481e+34
8.071553344576927357e+34
8.262498597122403012e+34
8.449933255441705514e+34
8.645683225982635699e+34
8.865235746927458412e+34
9.128146457887253172e+34
9.458430484489671416e+34
9.884906772164158635e+34
1.044149570890502840e+35
1.116744906645150492e+35
1.210748090587613058e+35
1.331179940889818321e+35
1.483600133872094066e+35
1.674082946691108553e+35
1.909177102075308194e+35
2.195844376605371179e+35
2.541382537133322317e+35
2.953322601739868108e+35
3.439306910011889227e+35
4.006945232069284513e+35
4.663646746583031588e+35
5.416433102987537007e+35
6.271729231142982482e+35
7.235141467550563380e+35
8.311216823184697494e+35
9.503199836541434213e+35
1.081278151694665839e+36
1.223986607403991914e+36
1.378232996833160235e+36
1.543582584202817527e+36
1.719360894004718617e+36
1.904641575683600890e+36
2.098240999876667846e+36
2.298719298476778322e+36
2.504391291213500395e+36
2.713348507877530712e+36
2.923492347657544429e+36
3.132583011779023606e+36
3.338301796976149643e+36
3.538332811755801473e+36
3.730460091969220335e+36
3.912684782723895548e+36
4.083362644619829050e+36
4.241359129038082075e+36
4.386225621452883505e+36
4.518392935220414920e+36
4.639381542454434421e+36
4.752026356662148333e+36
4.860712643005739099e+36
4.971618359491671303e+36
5.092959131871022445e+36
5.235228856736876761e+36
5.411429921387968792e+36
5.637283982863142125e+36
5.931414995833306299e+36
6.315496650602114135e+36
6.814346130484548281e+36
7.455968057337534469e+36
8.271522596656038929e+36
9.295213177348213749e+36
1.056408329364669688e+37
1.211770858061357866e+37
1.399777996955034360e+37
