2.999934216513191337e-02
2.999934216512666063e-02
2.999934216512699023e-02
2.999934216512698329e-02
2.999934216512677512e-02
2.999934216512592511e-02
2.999934216513136173e-02
2.999934216512602572e-02
2.999934216512643859e-02
2.999934216512767371e-02
2.999934216512603960e-02
2.999934216513149357e-02
2.999934216512678900e-02
2.999934216512737187e-02
2.999934216512823923e-02
2.999934216512552612e-02
2.999934216512573082e-02
2.999934216512227178e-02
2.999934216512433610e-02
2.999934216512315649e-02
2.999934216511988133e-02
2.999934216512510632e-02
2.999934216512020052e-02
2.999934216512205667e-02
2.999934216512552265e-02
2.999934216512367691e-02
2.999934216511716822e-02
2.999934216512156748e-02
2.999934216512053359e-02
2.999934216511606841e-02
2.999934216511743190e-02
2.999934216511851090e-02
2.999934216511977031e-02
2.999934216511675189e-02
2.999934216511468063e-02
2.999934216511748047e-02
2.999934216511180793e-02
2.999934216511690108e-02
2.999934216511469104e-02
2.999934216510960830e-02
2.999934216511557922e-02
2.999934216511022239e-02
2.999934216510925095e-02
2.999934216510753704e-02
2.999934216511231794e-02
2.999934216510912952e-02
2.999934216510742602e-02
2.999934216510830379e-02
2.999934216510517782e-02
2.999934216510673907e-02
2.999934216510419943e-02
2.999934216510604518e-02
2.999934216510042467e-02
2.999934216510100754e-02
2.999934216510312390e-02
2.999934216509803075e-02
2.999934216509468621e-02
2.999934216509633766e-02
2.999934216509690665e-02
2.999934216509590398e-02
2.999934216509336088e-02
2.999934216509034246e-02
2.999934216509362456e-02
2.999934216509195922e-02
2.999934216509438437e-02
2.999934216509198004e-02
2.999934216508781323e-02
2.999934216508556850e-02
2.999934216508740731e-02
2.999934216508264029e-02
2.999934216508142945e-02
2.999934216508177987e-02
2.999934216507686713e-02
2.999934216507848736e-02
2.999934216508026719e-02
2.999934216508168619e-02
2.999934216507894186e-02
2.999934216507426851e-02
2.999934216507149989e-02
2.999934216507272461e-02
2.999934216507111132e-02
2.999934216507019538e-02
2.999934216506915455e-02
2.999934216506698961e-02
2.999934216506610143e-02
2.999934216506321832e-02
2.999934216506501897e-02
2.999934216506116094e-02
2.999934216506244464e-02
2.999934216506208035e-02
2.999934216506226770e-02
2.999934216506097359e-02
2.999934216505766721e-02
2.999934216505612330e-02
2.999934216505556819e-02
2.999934216505039872e-02
2.999934216505165813e-02
2.999934216505412490e-02
2.999934216504948625e-02
2.999934216504637416e-02
2.999934216504902135e-02
2.999934216504744275e-02
2.999934216504531945e-02
2.999934216504474699e-02
2.999934216504236348e-02
2.999934216504199919e-02
2.999934216504292206e-02
2.999934216504149959e-02
2.999934216503962955e-02
2.999934216503773871e-02
2.999934216503751666e-02
2.999934216503587908e-02
2.999934216503343659e-02
2.999934216503390150e-02
2.999934216503378354e-02
2.999934216503166717e-02
2.999934216502928019e-02
2.999934216502902692e-02
2.999934216502854467e-02
2.999934216502748996e-02
2.999934216502678566e-02
2.999934216502582809e-02
2.999934216502291723e-02
2.999934216502200476e-02
2.999934216502108189e-02
2.999934216502038800e-02
2.999934216502037065e-02
2.999934216502200129e-02
2.999934216502083556e-02
2.999934216501821960e-02
2.999934216501846246e-02
2.999934216501824041e-02
2.999934216501727591e-02
2.999934216501652304e-02
2.999934216501571466e-02
2.999934216501538506e-02
2.999934216501325135e-02
2.999934216501329645e-02
2.999934216501177336e-02
2.999934216501154091e-02
2.999934216501136397e-02
2.999934216500996231e-02
2.999934216501016007e-02
2.999934216501059375e-02
2.999934216500846351e-02
2.999934216500929618e-02
2.999934216500682593e-02
2.999934216500502876e-02
2.999934216500635409e-02
2.999934216500370343e-02
2.999934216500639572e-02
2.999934216500432099e-02
2.999934216500354037e-02
2.999934216500246831e-02
2.999934216500389078e-02
2.999934216500321771e-02
2.999934216500318301e-02
2.999934216500253076e-02
2.999934216500243361e-02
2.999934216500288464e-02
2.999934216500069542e-02
2.999934216500082379e-02
2.999934216500059481e-02
2.999934216500036235e-02
2.999934216500058093e-02
2.999934216499734047e-02
2.999934216499955397e-02
2.999934216500024786e-02
2.999934216499721903e-02
2.999934216499881498e-02
2.999934216500001888e-02
2.999934216500009521e-02
2.999934216499814191e-02
2.999934216499848538e-02
2.999934216499803782e-02
2.999934216499781231e-02
2.999934216499882539e-02
2.999934216499777762e-02
2.999934216499711148e-02
2.999934216499685474e-02
2.999934216499620943e-02
2.999934216499793374e-02
2.999934216499824252e-02
2.999934216499818007e-02
2.999934216499636555e-02
2.999934216499713924e-02
2.999934216499732659e-02
2.999934216499723638e-02
2.999934216499751741e-02
2.999934216499646616e-02
2.999934216499819395e-02
2.999934216499720169e-02
2.999934216499645576e-02
2.999934216499663964e-02
2.999934216499685474e-02
2.999934216499645576e-02
2.999934216499880457e-02
2.999934216499688250e-02
2.999934216499668127e-02
2.999934216499690331e-02
2.999934216499643841e-02
2.999934216499674372e-02
2.999934216499735781e-02
2.999934216499586248e-02
2.999934216499607065e-02
2.999934216499795109e-02
2.999934216499743067e-02
2.999934216499748271e-02
2.999934216499716005e-02
2.999934216499681311e-02
2.999934216499669168e-02
2.999934216499833967e-02
2.999934216499692760e-02
2.999934216499645923e-02
2.999934216499756945e-02
2.999934216499691372e-02
2.999934216499627881e-02
2.999934216499535594e-02
2.999934216499584166e-02
2.999934216499519635e-02
2.999934216499695189e-02
2.999934216499700046e-02
2.999934216499697964e-02
2.999934216499683393e-02
2.999934216499618514e-02
2.999934216499759027e-02
2.999934216499652861e-02
2.999934216499469675e-02
2.999934216499607065e-02
2.999934216499577228e-02
2.999934216499593881e-02
2.999934216499478695e-02
2.999934216499389877e-02
2.999934216499396816e-02
2.999934216499285100e-02
2.999934216499464817e-02
2.999934216499490491e-02
2.999934216499350326e-02
2.999934216499364203e-02
2.999934216499315631e-02
2.999934216499239303e-02
2.999934216499257345e-02
2.999934216499187262e-02
2.999934216499249712e-02
2.999934216499253875e-02
2.999934216499112322e-02
2.999934216499000605e-02
2.999934216499133832e-02
2.999934216499112322e-02
2.999934216499023504e-02
2.999934216498936074e-02
2.999934216498913869e-02
2.999934216498913175e-02
2.999934216498854195e-02
2.999934216498962442e-02
2.999934216498693906e-02
2.999934216498811174e-02
2.999934216498617578e-02
2.999934216498573170e-02
2.999934216498364656e-02
2.999934216498550271e-02
2.999934216498416004e-02
2.999934216498511760e-02
2.999934216498447229e-02
2.999934216498158224e-02
2.999934216498159958e-02
2.999934216498243225e-02
2.999934216497971221e-02
2.999934216497925077e-02
2.999934216497851525e-02
2.999934216497841116e-02
2.999934216497676664e-02
2.999934216497526784e-02
2.999934216497594439e-02
2.999934216497399109e-02
2.999934216497371700e-02
2.999934216497340822e-02
2.999934216497305434e-02
2.999934216497184003e-02
2.999934216497074368e-02
2.999934216497011225e-02
2.999934216496910264e-02
2.999934216496904366e-02
2.999934216496694117e-02
2.999934216496568523e-02
2.999934216496530012e-02
2.999934216496427664e-02
2.999934216496298947e-02
2.999934216496090086e-02
2.999934216496099801e-02
2.999934216495974554e-02
2.999934216495884348e-02
2.999934216495779224e-02
2.999934216495678610e-02
2.999934216495547812e-02
2.999934216495478423e-02
2.999934216495343808e-02
2.999934216495242500e-02
2.999934216495190112e-02
2.999934216494917066e-02
2.999934216494869188e-02
2.999934216494798064e-02
2.999934216494636041e-02
2.999934216494400119e-02
2.999934216494393180e-02
2.999934216494309219e-02
2.999934216494115624e-02
2.999934216494083011e-02
2.999934216493925498e-02
2.999934216493850558e-02
2.999934216493733985e-02
2.999934216493661820e-02
2.999934216493579942e-02
2.999934216493378020e-02
2.999934216493137240e-02
2.999934216493176792e-02
2.999934216493191363e-02
2.999934216492955441e-02
2.999934216492698008e-02
2.999934216492475964e-02
2.999934216492597047e-02
2.999934216492590108e-02
2.999934216492258082e-02
2.999934216492254613e-02
2.999934216492065181e-02
2.999934216491918076e-02
2.999934216491699154e-02
2.999934216491686317e-02
2.999934216491547539e-02
2.999934216491545805e-02
2.999934216491262351e-02
2.999934216491217595e-02
2.999934216491148553e-02
2.999934216490961550e-02
2.999934216490819650e-02
2.999934216490733607e-02
2.999934216490764832e-02
2.999934216490632993e-02
2.999934216490567768e-02
2.999934216490353356e-02
2.999934216490176761e-02
2.999934216490056371e-02
2.999934216489934594e-02
2.999934216489783673e-02
2.999934216489935634e-02
2.999934216489676120e-02
2.999934216489531444e-02
2.999934216489419381e-02
2.999934216489301420e-02
2.999934216489259092e-02
2.999934216489271582e-02
2.999934216489100192e-02
2.999934216488983965e-02
2.999934216488881616e-02
2.999934216488794186e-02
2.999934216488737981e-02
2.999934216488623490e-02
2.999934216488523223e-02
2.999934216488426425e-02
2.999934216488325811e-02
2.999934216488293892e-02
2.999934216488252259e-02
2.999934216488162747e-02
2.999934216488008357e-02
2.999934216487945907e-02
2.999934216487876171e-02
2.999934216487775210e-02
2.999934216487725597e-02
2.999934216487633656e-02
2.999934216487676678e-02
2.999934216487579186e-02
2.999934216487472674e-02
2.999934216487455327e-02
2.999934216487424449e-02
2.999934216487321753e-02
2.999934216487380040e-02
2.999934216487185057e-02
2.999934216487233282e-02
2.999934216487186098e-02
2.999934216487051483e-02
2.999934216486999788e-02
2.999934216486987645e-02
2.999934216486895705e-02
2.999934216486902644e-02
2.999934216486897787e-02
2.999934216486887031e-02
2.999934216486798907e-02
2.999934216486764213e-02
2.999934216486757274e-02
2.999934216486791275e-02
2.999934216486716682e-02
2.999934216486713212e-02
2.999934216486714253e-02
2.999934216486690314e-02
2.999934216486641742e-02
2.999934216486623353e-02
2.999934216486621619e-02
2.999934216486622313e-02
2.999934216486564026e-02
2.999934216486600802e-02
2.999934216486603578e-02
2.999934216486632721e-02
2.999934216486648680e-02
2.999934216486687538e-02
2.999934216486649721e-02
2.999934216486651803e-02
2.999934216486616761e-02
2.999934216486596639e-02
2.999934216486677824e-02
2.999934216486639313e-02
2.999934216486670191e-02
2.999934216486667068e-02
2.999934216486696559e-02
2.999934216486685457e-02
2.999934216486761784e-02
2.999934216486747907e-02
2.999934216486797173e-02
2.999934216486847133e-02
2.999934216486874541e-02
2.999934216486903338e-02
2.999934216486914440e-02
2.999934216486939420e-02
2.999934216486972727e-02
2.999934216487022687e-02
2.999934216487020952e-02
2.999934216487048708e-02
2.999934216487109423e-02
2.999934216487128852e-02
2.999934216487205874e-02
2.999934216487202404e-02
2.999934216487273181e-02
2.999934216487356448e-02
2.999934216487366856e-02
2.999934216487392530e-02
2.999934216487427918e-02
2.999934216487498695e-02
2.999934216487538940e-02
2.999934216487587513e-02
2.999934216487631228e-02
2.999934216487644412e-02
2.999934216487667310e-02
2.999934216487733230e-02
2.999934216487810251e-02
2.999934216487874436e-02
2.999934216487937580e-02
2.999934216488013214e-02
2.999934216488038541e-02
2.999934216488070460e-02
2.999934216488134298e-02
2.999934216488188421e-02
2.999934216488223809e-02
2.999934216488240463e-02
2.999934216488282790e-02
2.999934216488325117e-02
2.999934216488377159e-02
2.999934216488443078e-02
2.999934216488519059e-02
2.999934216488572836e-02
2.999934216488623143e-02
2.999934216488668592e-02
2.999934216488714389e-02
2.999934216488753247e-02
2.999934216488816391e-02
2.999934216488838248e-02
2.999934216488872249e-02
2.999934216488894453e-02
2.999934216488931230e-02
2.999934216488974945e-02
2.999934216489028721e-02
2.999934216489104008e-02
2.999934216489150846e-02
2.999934216489203581e-02
2.999934216489253541e-02
2.999934216489284072e-02
2.999934216489322930e-02
2.999934216489353114e-02
2.999934216489384686e-02
2.999934216489399952e-02
2.999934216489413483e-02
2.999934216489423544e-02
2.999934216489452340e-02
2.999934216489493280e-02
2.999934216489541158e-02
2.999934216489592159e-02
2.999934216489635527e-02
2.999934216489669181e-02
2.999934216489691385e-02
2.999934216489713937e-02
2.999934216489731284e-02
2.999934216489743080e-02
2.999934216489746203e-02
2.999934216489740998e-02
2.999934216489735447e-02
2.999934216489739264e-02
2.999934216489756611e-02
2.999934216489792346e-02
2.999934216489832592e-02
2.999934216489862429e-02
2.999934216489886368e-02
2.999934216489897817e-02
2.999934216489900940e-02
2.999934216489903716e-02
2.999934216489894348e-02
2.999934216489882552e-02
2.999934216489855490e-02
2.999934216489829469e-02
2.999934216489810040e-02
2.999934216489804489e-02
2.999934216489818020e-02
2.999934216489837102e-02
2.999934216489858266e-02
2.999934216489864164e-02
2.999934216489864858e-02
2.999934216489852021e-02
2.999934216489837449e-02
2.999934216489816632e-02
2.999934216489785060e-02
2.999934216489744468e-02
2.999934216489700406e-02
2.999934216489657385e-02
2.999934216489633446e-02
2.999934216489624425e-02
2.999934216489629976e-02
2.999934216489635527e-02
2.999934216489631017e-02
2.999934216489619221e-02
2.999934216489598057e-02
2.999934216489562669e-02
2.999934216489533872e-02
2.999934216489485647e-02
2.999934216489443667e-02
2.999934216489374972e-02
2.999934216489322236e-02
2.999934216489276093e-02
2.999934216489250419e-02
2.999934216489234112e-02
2.999934216489226479e-02
2.999934216489224398e-02
2.999934216489200806e-02
2.999934216489176173e-02
2.999934216489132804e-02
2.999934216489089089e-02
2.999934216489034619e-02
2.999934216488973904e-02
2.999934216488908678e-02
2.999934216488839983e-02
2.999934216488783084e-02
2.999934216488756022e-02
2.999934216488735206e-02
2.999934216488708144e-02
2.999934216488698430e-02
2.999934216488676919e-02
2.999934216488654021e-02
2.999934216488603367e-02
2.999934216488545427e-02
2.999934216488513508e-02
2.999934216488437180e-02
2.999934216488390343e-02
2.999934216488316097e-02
2.999934216488257116e-02
2.999934216488212360e-02
2.999934216488195707e-02
2.999934216488164482e-02
2.999934216488173502e-02
2.999934216488131522e-02
2.999934216488103420e-02
2.999934216488071848e-02
2.999934216488024316e-02
2.999934216487984417e-02
2.999934216487952846e-02
2.999934216487938621e-02
2.999934216487820313e-02
2.999934216487761332e-02
2.999934216487748842e-02
2.999934216487700964e-02
2.999934216487702698e-02
2.999934216487684657e-02
2.999934216487704086e-02
2.999934216487629840e-02
2.999934216487626717e-02
2.999934216487611799e-02
2.999934216487594452e-02
2.999934216487537900e-02
2.999934216487503552e-02
2.999934216487466776e-02
2.999934216487440408e-02
2.999934216487376570e-02
2.999934216487367550e-02
2.999934216487385244e-02
2.999934216487364080e-02
2.999934216487407795e-02
2.999934216487384203e-02
2.999934216487357835e-02
2.999934216487372407e-02
2.999934216487407102e-02
2.999934216487355060e-02
2.999934216487321753e-02
2.999934216487325223e-02
2.999934216487285324e-02
2.999934216487286712e-02
2.999934216487293304e-02
2.999934216487335978e-02
2.999934216487305100e-02
2.999934216487346039e-02
2.999934216487448735e-02
2.999934216487439367e-02
2.999934216487443184e-02
2.999934216487452898e-02
2.999934216487486205e-02
2.999934216487452204e-02
2.999934216487462960e-02
2.999934216487448735e-02
2.999934216487489674e-02
2.999934216487462613e-02
2.999934216487573635e-02
2.999934216487632616e-02
2.999934216487715882e-02
2.999934216487716576e-02
2.999934216487771740e-02
2.999934216487798455e-02
2.999934216487805741e-02
2.999934216487885885e-02
2.999934216487920580e-02
2.999934216487949723e-02
2.999934216488014949e-02
2.999934216488076705e-02
2.999934216488098562e-02
2.999934216488087113e-02
2.999934216488221728e-02
2.999934216488341424e-02
2.999934216488366751e-02
2.999934216488418792e-02
2.999934216488456956e-02
2.999934216488541958e-02
2.999934216488680735e-02
2.999934216488640143e-02
2.999934216488746655e-02
2.999934216488907637e-02
2.999934216488927413e-02
2.999934216488937128e-02
2.999934216489054048e-02
2.999934216489122049e-02
2.999934216489169581e-02
2.999934216489272276e-02
2.999934216489402380e-02
2.999934216489481137e-02
2.999934216489562669e-02
2.999934216489626160e-02
2.999934216489779509e-02
2.999934216489930430e-02
2.999934216489923144e-02
2.999934216490045963e-02
2.999934216490128536e-02
2.999934216490266620e-02
2.999934216490311722e-02
2.999934216490467154e-02
2.999934216490571931e-02
2.999934216490767261e-02
2.999934216490749567e-02
2.999934216490968142e-02
2.999934216491018102e-02
2.999934216491069450e-02
2.999934216491345618e-02
2.999934216491407374e-02
2.999934216491626643e-02
2.999934216491575295e-02
2.999934216491738706e-02
2.999934216491867769e-02
2.999934216491991282e-02
2.999934216492044364e-02
2.999934216492331635e-02
2.999934216492241429e-02
2.999934216492432942e-02
2.999934216492604680e-02
2.999934216492744499e-02
2.999934216492845807e-02
2.999934216492981809e-02
2.999934216493144873e-02
2.999934216493252426e-02
2.999934216493452266e-02
2.999934216493430061e-02
2.999934216493714903e-02
2.999934216493753067e-02
2.999934216493943540e-02
2.999934216494127073e-02
2.999934216494109726e-02
2.999934216494391098e-02
2.999934216494392486e-02
2.999934216494431344e-02
2.999934216494716532e-02
2.999934216494733533e-02
2.999934216494931638e-02
2.999934216495016640e-02
2.999934216495106151e-02
2.999934216495391687e-02
2.999934216495475647e-02
2.999934216495555792e-02
2.999934216495771938e-02
2.999934216495797612e-02
2.999934216495874981e-02
2.999934216495991901e-02
2.999934216496202843e-02
2.999934216496410663e-02
2.999934216496546319e-02
2.999934216496789180e-02
2.999934216496790221e-02
2.999934216496764200e-02
2.999934216497059797e-02
2.999934216497031694e-02
2.999934216497408129e-02
2.999934216497400843e-02
2.999934216497384537e-02
2.999934216497549683e-02
2.999934216497731829e-02
2.999934216497751951e-02
2.999934216498096468e-02
2.999934216498081202e-02
2.999934216498273409e-02
2.999934216498308798e-02
2.999934216498561373e-02
2.999934216498674824e-02
2.999934216498660600e-02
2.999934216498842052e-02
2.999934216498909359e-02
2.999934216498847256e-02
2.999934216499093587e-02
2.999934216499111628e-02
2.999934216499232711e-02
2.999934216499363857e-02
2.999934216499443654e-02
2.999934216499717393e-02
2.999934216499706638e-02
2.999934216499870396e-02
2.999934216500005010e-02
2.999934216500086195e-02
2.999934216500266260e-02
2.999934216500303383e-02
2.999934216500341200e-02
2.999934216500386996e-02
2.999934216500384915e-02
2.999934216500594816e-02
2.999934216500625001e-02
2.999934216500816861e-02
2.999934216500790493e-02
2.999934216501019824e-02
2.999934216501061804e-02
2.999934216501264073e-02
2.999934216501352197e-02
2.999934216501323400e-02
2.999934216501271705e-02
2.999934216501458362e-02
2.999934216501357401e-02
2.999934216501496179e-02
2.999934216501568343e-02
2.999934216501558629e-02
2.999934216501734530e-02
2.999934216501784490e-02
2.999934216501803225e-02
2.999934216501900716e-02
2.999934216502012085e-02
2.999934216502112699e-02
2.999934216502082862e-02
2.999934216502062739e-02
2.999934216502079393e-02
2.999934216502205681e-02
2.999934216502321560e-02
2.999934216502203946e-02
2.999934216502250089e-02
2.999934216502398582e-02
2.999934216502512380e-02
2.999934216502493298e-02
2.999934216502653933e-02
2.999934216502636586e-02
2.999934216502771200e-02
2.999934216502678219e-02
2.999934216502743792e-02
2.999934216502657403e-02
2.999934216502823242e-02
2.999934216502796874e-02
2.999934216502895754e-02
2.999934216502869039e-02
2.999934216502726098e-02
2.999934216502855161e-02
2.999934216502966183e-02
2.999934216502885692e-02
2.999934216503153880e-02
2.999934216503047368e-02
2.999934216503079634e-02
2.999934216503051532e-02
2.999934216503030715e-02
2.999934216503229861e-02
2.999934216503086573e-02
2.999934216503109818e-02
2.999934216503015796e-02
2.999934216503207310e-02
2.999934216503203493e-02
2.999934216503165330e-02
2.999934216503190310e-02
2.999934216503134798e-02
2.999934216503387027e-02
2.999934216503272189e-02
2.999934216503342618e-02
2.999934216503249290e-02
2.999934216503251372e-02
2.999934216503266637e-02
2.999934216503274964e-02
2.999934216503209738e-02
2.999934216503239229e-02
2.999934216503164983e-02
2.999934216503448436e-02
2.999934216503320414e-02
2.999934216503400558e-02
2.999934216503469947e-02
2.999934216503440804e-02
2.999934216503405762e-02
2.999934216503643072e-02
2.999934216503434559e-02
2.999934216503381129e-02
2.999934216503374884e-02
2.999934216503263862e-02
2.999934216503339496e-02
2.999934216503269413e-02
2.999934216503320067e-02
2.999934216503509499e-02
2.999934216503738135e-02
2.999934216503487988e-02
2.999934216503443926e-02
2.999934216503459192e-02
2.999934216503431436e-02
2.999934216503465090e-02
2.999934216503592765e-02
2.999934216503404721e-02
2.999934216503505335e-02
2.999934216503557377e-02
2.999934216503470641e-02
2.999934216503686787e-02
2.999934216503466824e-02
2.999934216503678114e-02
2.999934216503670828e-02
2.999934216503725298e-02
2.999934216503597623e-02
2.999934216503677420e-02
2.999934216503585133e-02
2.999934216503713502e-02
2.999934216503703788e-02
2.999934216503551132e-02
2.999934216503533438e-02
2.999934216503650705e-02
2.999934216503676726e-02
2.999934216503824524e-02
2.999934216503811341e-02
2.999934216503813422e-02
2.999934216503780116e-02
2.999934216504114223e-02
2.999934216503975445e-02
2.999934216503784279e-02
2.999934216503963302e-02
2.999934216503903975e-02
2.999934216504097223e-02
2.999934216503991405e-02
2.999934216504067386e-02
2.999934216504143714e-02
2.999934216504106591e-02
2.999934216504365758e-02
2.999934216504266532e-02
2.999934216504373391e-02
2.999934216504389697e-02
2.999934216504319962e-02
2.999934216504425086e-02
2.999934216504356738e-02
2.999934216504426127e-02
2.999934216504548251e-02
2.999934216504437923e-02
2.999934216504497597e-02
2.999934216504692233e-02
2.999934216504938217e-02
2.999934216504783480e-02
2.999934216504586415e-02
2.999934216505081852e-02
2.999934216504853562e-02
2.999934216505153670e-02
2.999934216505132853e-02
2.999934216505042994e-02
2.999934216505167894e-02
2.999934216505161302e-02
2.999934216505317774e-02
2.999934216505352816e-02
2.999934216505511370e-02
2.999934216505592555e-02
2.999934216505463491e-02
2.999934216505600881e-02
2.999934216505720230e-02
2.999934216505876355e-02
2.999934216505862131e-02
2.999934216505893703e-02
2.999934216506069951e-02
2.999934216506040460e-02
2.999934216506183748e-02
2.999934216506213933e-02
2.999934216506208035e-02
2.999934216506407875e-02
2.999934216506528958e-02
2.999934216506495652e-02
2.999934216506513346e-02
2.999934216506652818e-02
2.999934216506679879e-02
2.999934216507096907e-02
2.999934216506742329e-02
2.999934216507088927e-02
2.999934216506983109e-02
2.999934216507237073e-02
2.999934216507271767e-02
2.999934216507363360e-02
2.999934216507481322e-02
2.999934216507492424e-02
2.999934216507562854e-02
2.999934216507795307e-02
2.999934216507724877e-02
2.999934216507836593e-02
2.999934216507997575e-02
2.999934216508072515e-02
2.999934216508119353e-02
2.999934216508098189e-02
2.999934216508544360e-02
2.999934216508585647e-02
2.999934216508627974e-02
2.999934216508423276e-02
2.999934216508673770e-02
2.999934216508958612e-02
2.999934216509031124e-02
2.999934216508822263e-02
2.999934216509269128e-02
2.999934216509464457e-02
2.999934216509706972e-02
2.999934216509581378e-02
2.999934216509514417e-02
2.999934216508927387e-02
2.999934216509836035e-02
2.999934216509958507e-02
2.999934216509974466e-02
2.999934216509822851e-02
2.999934216510090693e-02
2.999934216510101101e-02
2.999934216510496618e-02
2.999934216510428964e-02
2.999934216510382126e-02
2.999934216510252716e-02
2.999934216510511190e-02
2.999934216510542068e-02
2.999934216511002810e-02
2.999934216510992402e-02
2.999934216510728724e-02
2.999934216511124588e-02
2.999934216511204038e-02
2.999934216511270652e-02
2.999934216511516982e-02
2.999934216511463900e-02
2.999934216511830620e-02
2.999934216510941054e-02
2.999934216511944418e-02
2.999934216512049889e-02
2.999934216512108176e-02
2.999934216511488533e-02
2.999934216511969051e-02
2.999934216511920132e-02
2.999934216512264995e-02
2.999934216512264648e-02
2.999934216512374976e-02
2.999934216512480795e-02
2.999934216512561286e-02
2.999934216512608123e-02
2.999934216512425630e-02
2.999934216512825658e-02
2.999934216512581062e-02
2.999934216512821841e-02
2.999934216512898863e-02
2.999934216513040069e-02
2.999934216513149357e-02
2.999934216513138255e-02
2.999934216513375218e-02
2.999934216513133745e-02
2.999934216513392565e-02
2.999934216513388402e-02
2.999934216513620508e-02
2.999934216513364810e-02
2.999934216513602120e-02
2.999934216513264543e-02
2.999934216513587201e-02
2.999934216513649651e-02
2.999934216513552507e-02
2.999934216513715571e-02
2.999934216513804042e-02
2.999934216513932758e-02
2.999934216513596916e-02
2.999934216513413035e-02
2.999934216513777674e-02
2.999934216513793633e-02
2.999934216513352320e-02
