2.999935795555592338e-02
2.999935795555530929e-02
2.999935795555300905e-02
2.999935795555484785e-02
2.999935795555319987e-02
2.999935795555520521e-02
2.999935795555308538e-02
2.999935795555348783e-02
2.999935795555715851e-02
2.999935795555671789e-02
2.999935795555042431e-02
2.999935795554942858e-02
2.999935795555870935e-02
2.999935795555682544e-02
2.999935795555478193e-02
2.999935795555374457e-02
2.999935795555522255e-02
2.999935795555191964e-02
2.999935795555053533e-02
2.999935795555395621e-02
2.999935795555067064e-02
2.999935795554980675e-02
2.999935795555128820e-02
2.999935795554994206e-02
2.999935795554956736e-02
2.999935795554867918e-02
2.999935795554622628e-02
2.999935795554779447e-02
2.999935795554840509e-02
2.999935795554240295e-02
2.999935795554756895e-02
2.999935795554485238e-02
2.999935795554637546e-02
2.999935795554516463e-02
2.999935795554387746e-02
2.999935795554509524e-02
2.999935795554477258e-02
2.999935795554038720e-02
2.999935795554456441e-02
2.999935795553871146e-02
2.999935795553691081e-02
2.999935795553814247e-02
2.999935795554013393e-02
2.999935795553944004e-02
2.999935795554066129e-02
2.999935795553829512e-02
2.999935795553882595e-02
2.999935795554088680e-02
2.999935795553622386e-02
2.999935795553840961e-02
2.999935795553963086e-02
2.999935795553904105e-02
2.999935795554202478e-02
2.999935795553995005e-02
2.999935795554162232e-02
2.999935795553945045e-02
2.999935795554199008e-02
2.999935795554001250e-02
2.999935795554704854e-02
2.999935795554420012e-02
2.999935795554236478e-02
2.999935795554843632e-02
2.999935795554496687e-02
2.999935795554935919e-02
2.999935795554872775e-02
2.999935795555516704e-02
2.999935795555722443e-02
2.999935795555904935e-02
2.999935795556236962e-02
2.999935795556655030e-02
2.999935795556268187e-02
2.999935795556516946e-02
2.999935795557154977e-02
2.999935795557145957e-02
2.999935795557614332e-02
2.999935795557881826e-02
2.999935795557915480e-02
2.999935795558214893e-02
2.999935795558723167e-02
2.999935795558949028e-02
2.999935795558941048e-02
2.999935795559659918e-02
2.999935795559613080e-02
2.999935795559586366e-02
2.999935795559862881e-02
2.999935795560217805e-02
2.999935795560236540e-02
2.999935795560636567e-02
2.999935795560740304e-02
2.999935795561314150e-02
2.999935795560974838e-02
2.999935795561421009e-02
2.999935795561299232e-02
2.999935795561596910e-02
2.999935795561930671e-02
2.999935795561769342e-02
2.999935795561614604e-02
2.999935795561820689e-02
2.999935795561570889e-02
2.999935795561808893e-02
2.999935795561740545e-02
2.999935795561380070e-02
2.999935795561344334e-02
2.999935795561305477e-02
2.999935795561058452e-02
2.999935795560899898e-02
2.999935795560592158e-02
2.999935795560458238e-02
2.999935795560314256e-02
2.999935795560000618e-02
2.999935795559901391e-02
2.999935795559403873e-02
2.999935795559237339e-02
2.999935795558923007e-02
2.999935795558524715e-02
2.999935795558097279e-02
2.999935795557805152e-02
2.999935795557436002e-02
2.999935795557023485e-02
2.999935795556771950e-02
2.999935795556267146e-02
2.999935795556033305e-02
2.999935795555763729e-02
2.999935795555075391e-02
2.999935795554800610e-02
2.999935795554691323e-02
2.999935795554287826e-02
2.999935795554072721e-02
2.999935795553625856e-02
2.999935795553384382e-02
2.999935795552808107e-02
2.999935795552944803e-02
2.999935795552712003e-02
2.999935795552400794e-02
2.999935795552056625e-02
2.999935795552008747e-02
2.999935795551838050e-02
2.999935795551646189e-02
2.999935795551813070e-02
2.999935795551611495e-02
2.999935795551696149e-02
2.999935795551624679e-02
2.999935795551665965e-02
2.999935795551829029e-02
2.999935795551812029e-02
2.999935795551991052e-02
2.999935795552164525e-02
2.999935795552487183e-02
2.999935795552626308e-02
2.999935795552882353e-02
2.999935795553176909e-02
2.999935795553414219e-02
2.999935795553805573e-02
2.999935795554210111e-02
2.999935795554726364e-02
2.999935795555211393e-02
2.999935795555437601e-02
2.999935795555883772e-02
2.999935795556669949e-02
2.999935795557131385e-02
2.999935795557466534e-02
2.999935795558088258e-02
2.999935795558673207e-02
2.999935795559095092e-02
2.999935795559770940e-02
2.999935795560421115e-02
2.999935795560809693e-02
2.999935795561355090e-02
2.999935795562022264e-02
2.999935795562488211e-02
2.999935795562790053e-02
2.999935795563601904e-02
2.999935795564227098e-02
2.999935795564534144e-02
2.999935795564837027e-02
2.999935795565430302e-02
2.999935795565925739e-02
2.999935795566333052e-02
2.999935795566540525e-02
2.999935795566961716e-02
2.999935795567335375e-02
2.999935795567637564e-02
2.999935795567901936e-02
2.999935795568055980e-02
2.999935795568268310e-02
2.999935795568578825e-02
2.999935795568644398e-02
2.999935795568681868e-02
2.999935795568691582e-02
2.999935795568819258e-02
2.999935795568833136e-02
2.999935795568798441e-02
2.999935795568556968e-02
2.999935795568663827e-02
2.999935795568445945e-02
2.999935795568438313e-02
2.999935795568171859e-02
2.999935795567851282e-02
2.999935795567630625e-02
2.999935795567237190e-02
2.999935795567215679e-02
2.999935795566567240e-02
2.999935795566504443e-02
2.999935795566034680e-02
2.999935795565756430e-02
2.999935795565338362e-02
2.999935795564878660e-02
2.999935795564500490e-02
2.999935795563998808e-02
2.999935795563720212e-02
2.999935795563369451e-02
2.999935795562858054e-02
2.999935795562454210e-02
2.999935795562113164e-02
2.999935795561795016e-02
2.999935795561271129e-02
2.999935795560742732e-02
2.999935795560449911e-02
2.999935795560209131e-02
2.999935795559963495e-02
2.999935795559686980e-02
2.999935795559306381e-02
2.999935795559060744e-02
2.999935795558740861e-02
2.999935795558525409e-02
2.999935795558294691e-02
2.999935795558054258e-02
2.999935795557833601e-02
2.999935795557937684e-02
2.999935795557710783e-02
2.999935795557450574e-02
2.999935795557599413e-02
2.999935795557491514e-02
2.999935795557469656e-02
2.999935795557584495e-02
2.999935795557579638e-02
2.999935795557662210e-02
2.999935795557889112e-02
2.999935795557844356e-02
2.999935795558029278e-02
2.999935795558344304e-02
2.999935795558467122e-02
2.999935795558710677e-02
2.999935795558903578e-02
2.999935795559275503e-02
2.999935795559546814e-02
2.999935795560058904e-02
2.999935795560219540e-02
2.999935795560573076e-02
2.999935795561046656e-02
2.999935795561436969e-02
2.999935795561778015e-02
2.999935795562421598e-02
2.999935795562640173e-02
2.999935795563132834e-02
2.999935795563648047e-02
2.999935795564086238e-02
2.999935795564610125e-02
2.999935795564952212e-02
2.999935795565429608e-02
2.999935795565937882e-02
2.999935795566301827e-02
2.999935795566832653e-02
2.999935795567366947e-02
2.999935795567676769e-02
2.999935795568074021e-02
2.999935795568538233e-02
2.999935795568871300e-02
2.999935795569368471e-02
2.999935795569773356e-02
2.999935795570062708e-02
2.999935795570286140e-02
2.999935795570757985e-02
2.999935795570883232e-02
2.999935795571137542e-02
2.999935795571545202e-02
2.999935795571730818e-02
2.999935795571913658e-02
2.999935795572140906e-02
2.999935795572117314e-02
2.999935795572427830e-02
2.999935795572442054e-02
2.999935795572452116e-02
2.999935795572501035e-02
2.999935795572471198e-02
2.999935795572582567e-02
2.999935795572310562e-02
2.999935795572372318e-02
2.999935795572291827e-02
2.999935795572108294e-02
2.999935795572057987e-02
2.999935795571738104e-02
2.999935795571483793e-02
2.999935795571262442e-02
2.999935795571086194e-02
2.999935795570709759e-02
2.999935795570465510e-02
2.999935795570161587e-02
2.999935795569868072e-02
2.999935795569557556e-02
2.999935795569278613e-02
2.999935795568925423e-02
2.999935795568629132e-02
2.999935795568245758e-02
2.999935795567790220e-02
2.999935795567507113e-02
2.999935795567108821e-02
2.999935795566631078e-02
2.999935795566441299e-02
2.999935795566041966e-02
2.999935795565701613e-02
2.999935795565323443e-02
2.999935795564970947e-02
2.999935795564624696e-02
2.999935795564466490e-02
2.999935795564102198e-02
2.999935795563835397e-02
2.999935795563415941e-02
2.999935795563140120e-02
2.999935795562935770e-02
2.999935795562687357e-02
2.999935795562361923e-02
2.999935795562259228e-02
2.999935795562093388e-02
2.999935795561890078e-02
2.999935795561747137e-02
2.999935795561524052e-02
2.999935795561551113e-02
2.999935795561379376e-02
2.999935795561171903e-02
2.999935795561171209e-02
2.999935795561079269e-02
2.999935795560962695e-02
2.999935795561005369e-02
2.999935795561039370e-02
2.999935795561001900e-02
2.999935795561062268e-02
2.999935795560963736e-02
2.999935795561064003e-02
2.999935795560957838e-02
2.999935795561077534e-02
2.999935795561210761e-02
2.999935795561362722e-02
2.999935795561404009e-02
2.999935795561426560e-02
2.999935795561688157e-02
2.999935795561665258e-02
2.999935795561907773e-02
2.999935795561938304e-02
2.999935795562101021e-02
2.999935795562184981e-02
2.999935795562469476e-02
2.999935795562524640e-02
2.999935795562684582e-02
2.999935795562799420e-02
2.999935795562962831e-02
2.999935795563192509e-02
2.999935795563229285e-02
2.999935795563387145e-02
2.999935795563611618e-02
2.999935795563672333e-02
2.999935795563812152e-02
2.999935795563859683e-02
2.999935795564045993e-02
2.999935795564227792e-02
2.999935795564303773e-02
2.999935795564402999e-02
2.999935795564492858e-02
2.999935795564598329e-02
2.999935795564698596e-02
2.999935795564860966e-02
2.999935795564741270e-02
2.999935795564860272e-02
2.999935795564964355e-02
2.999935795564983437e-02
2.999935795565106950e-02
2.999935795565105562e-02
2.999935795565086480e-02
2.999935795565100358e-02
2.999935795565159685e-02
2.999935795565088215e-02
2.999935795565129501e-02
2.999935795565111113e-02
2.999935795565139909e-02
2.999935795565048663e-02
2.999935795565036867e-02
2.999935795565053867e-02
2.999935795565015009e-02
2.999935795565003560e-02
2.999935795565049357e-02
2.999935795564976498e-02
2.999935795564958457e-02
2.999935795564958457e-02
2.999935795564885599e-02
2.999935795564855068e-02
2.999935795564844659e-02
2.999935795564862354e-02
2.999935795564795740e-02
2.999935795564837721e-02
2.999935795564801985e-02
2.999935795564789495e-02
2.999935795564826618e-02
2.999935795564802332e-02
2.999935795564793659e-02
2.999935795564805802e-02
2.999935795564802332e-02
2.999935795564848476e-02
2.999935795564883517e-02
2.999935795564914048e-02
2.999935795564920293e-02
2.999935795564957763e-02
2.999935795564966784e-02
2.999935795564982050e-02
2.999935795565040336e-02
2.999935795565093766e-02
2.999935795565045887e-02
2.999935795565122909e-02
2.999935795565112501e-02
2.999935795565185359e-02
2.999935795565169053e-02
2.999935795565207564e-02
2.999935795565189522e-02
2.999935795565234972e-02
2.999935795565233237e-02
2.999935795565279728e-02
2.999935795565219360e-02
2.999935795565224911e-02
2.999935795565223523e-02
2.999935795565201666e-02
2.999935795565208951e-02
2.999935795565167318e-02
2.999935795565134011e-02
2.999935795565059765e-02
2.999935795565021601e-02
2.999935795564975111e-02
2.999935795564908844e-02
2.999935795564849170e-02
2.999935795564780128e-02
2.999935795564711086e-02
2.999935795564613941e-02
2.999935795564517491e-02
2.999935795564434918e-02
2.999935795564335345e-02
2.999935795564202118e-02
2.999935795564121280e-02
2.999935795563986318e-02
2.999935795563863847e-02
2.999935795563753518e-02
2.999935795563601904e-02
2.999935795563447860e-02
2.999935795563322960e-02
2.999935795563194590e-02
2.999935795563023894e-02
2.999935795562895871e-02
2.999935795562744950e-02
2.999935795562600274e-02
2.999935795562455945e-02
2.999935795562316473e-02
2.999935795562175267e-02
2.999935795562033714e-02
2.999935795561885915e-02
2.999935795561755117e-02
2.999935795561628135e-02
2.999935795561502541e-02
2.999935795561376253e-02
2.999935795561274945e-02
2.999935795561164617e-02
2.999935795561049084e-02
2.999935795560964777e-02
2.999935795560884633e-02
2.999935795560820448e-02
2.999935795560753488e-02
2.999935795560695201e-02
2.999935795560650792e-02
2.999935795560615751e-02
2.999935795560599444e-02
2.999935795560587995e-02
2.999935795560593199e-02
2.999935795560613669e-02
2.999935795560640384e-02
2.999935795560681670e-02
2.999935795560738222e-02
2.999935795560806570e-02
2.999935795560886367e-02
2.999935795560984553e-02
2.999935795561092106e-02
2.999935795561209720e-02
2.999935795561343641e-02
2.999935795561482071e-02
2.999935795561634380e-02
2.999935795561803689e-02
2.999935795561979590e-02
2.999935795562164512e-02
2.999935795562356719e-02
2.999935795562555171e-02
2.999935795562765073e-02
2.999935795562981566e-02
2.999935795563207774e-02
2.999935795563436758e-02
2.999935795563668864e-02
2.999935795563902011e-02
2.999935795564139321e-02
2.999935795564375590e-02
2.999935795564613247e-02
2.999935795564857843e-02
2.999935795565095500e-02
2.999935795565332811e-02
2.999935795565566651e-02
2.999935795565800492e-02
2.999935795566030863e-02
2.999935795566256724e-02
2.999935795566477381e-02
2.999935795566689017e-02
2.999935795566897184e-02
2.999935795567092514e-02
2.999935795567283334e-02
2.999935795567462357e-02
2.999935795567629931e-02
2.999935795567792302e-02
2.999935795567938018e-02
2.999935795568074021e-02
2.999935795568197533e-02
2.999935795568315147e-02
2.999935795568417496e-02
2.999935795568511865e-02
2.999935795568590621e-02
2.999935795568650643e-02
2.999935795568700603e-02
2.999935795568741195e-02
2.999935795568764441e-02
2.999935795568779706e-02
2.999935795568772767e-02
2.999935795568759236e-02
2.999935795568730440e-02
2.999935795568693317e-02
2.999935795568633642e-02
2.999935795568575009e-02
2.999935795568501457e-02
2.999935795568416802e-02
2.999935795568319657e-02
2.999935795568219737e-02
2.999935795568103511e-02
2.999935795567983121e-02
2.999935795567850588e-02
2.999935795567726035e-02
2.999935795567577196e-02
2.999935795567428704e-02
2.999935795567301028e-02
2.999935795567142474e-02
2.999935795566989125e-02
2.999935795566838204e-02
2.999935795566699773e-02
2.999935795566541913e-02
2.999935795566388563e-02
2.999935795566226193e-02
2.999935795566074925e-02
2.999935795565948637e-02
2.999935795565776206e-02
2.999935795565651306e-02
2.999935795565531957e-02
2.999935795565408098e-02
2.999935795565253360e-02
2.999935795565129154e-02
2.999935795565014662e-02
2.999935795564931743e-02
2.999935795564821761e-02
2.999935795564735025e-02
2.999935795564620880e-02
2.999935795564557736e-02
2.999935795564476898e-02
2.999935795564389815e-02
2.999935795564326671e-02
2.999935795564247221e-02
2.999935795564231261e-02
2.999935795564165342e-02
2.999935795564110524e-02
2.999935795564106361e-02
2.999935795564103586e-02
2.999935795564048768e-02
2.999935795564034197e-02
2.999935795564043911e-02
2.999935795564048074e-02
2.999935795564062646e-02
2.999935795564056401e-02
2.999935795564065769e-02
2.999935795564108443e-02
2.999935795564110524e-02
2.999935795564089014e-02
2.999935795564147994e-02
2.999935795564179913e-02
2.999935795564243057e-02
2.999935795564250690e-02
2.999935795564276711e-02
2.999935795564322161e-02
2.999935795564379754e-02
2.999935795564395019e-02
2.999935795564423469e-02
2.999935795564432489e-02
2.999935795564455387e-02
2.999935795564497715e-02
2.999935795564525817e-02
2.999935795564578206e-02
2.999935795564551144e-02
2.999935795564571267e-02
2.999935795564657656e-02
2.999935795564645513e-02
2.999935795564630941e-02
2.999935795564641003e-02
2.999935795564669799e-02
2.999935795564655228e-02
2.999935795564653840e-02
2.999935795564662167e-02
2.999935795564617411e-02
2.999935795564610819e-02
2.999935795564625390e-02
2.999935795564603880e-02
2.999935795564559124e-02
2.999935795564575430e-02
2.999935795564476204e-02
2.999935795564506735e-02
2.999935795564492858e-02
2.999935795564468571e-02
2.999935795564488000e-02
2.999935795564361019e-02
2.999935795564425550e-02
2.999935795564361712e-02
2.999935795564302732e-02
2.999935795564317997e-02
2.999935795564310712e-02
2.999935795564356161e-02
2.999935795564330487e-02
2.999935795564344712e-02
2.999935795564388774e-02
2.999935795564430407e-02
2.999935795564390162e-02
2.999935795564470653e-02
2.999935795564537960e-02
2.999935795564531368e-02
2.999935795564604921e-02
2.999935795564687147e-02
2.999935795564655922e-02
2.999935795564828353e-02
2.999935795564848129e-02
2.999935795565013275e-02
2.999935795565094460e-02
2.999935795565267238e-02
2.999935795565227686e-02
2.999935795565321014e-02
2.999935795565478874e-02
2.999935795565479568e-02
2.999935795565622856e-02
2.999935795565825125e-02
2.999935795565937882e-02
2.999935795565949678e-02
2.999935795566146049e-02
2.999935795566241112e-02
2.999935795566357338e-02
2.999935795566495075e-02
2.999935795566567934e-02
2.999935795566775060e-02
2.999935795566785121e-02
2.999935795566884347e-02
2.999935795566937083e-02
2.999935795567031799e-02
2.999935795567085922e-02
2.999935795567083840e-02
2.999935795567336069e-02
2.999935795567292007e-02
2.999935795567310742e-02
2.999935795567336416e-02
2.999935795567406846e-02
2.999935795567213598e-02
2.999935795567268762e-02
2.999935795567217414e-02
2.999935795567233721e-02
2.999935795567185148e-02
2.999935795567230251e-02
2.999935795566983573e-02
2.999935795566840285e-02
2.999935795566660568e-02
2.999935795566652241e-02
2.999935795566478075e-02
2.999935795566431584e-02
2.999935795566208152e-02
2.999935795565925739e-02
2.999935795565918453e-02
2.999935795565656163e-02
2.999935795565370628e-02
2.999935795565023683e-02
2.999935795564788107e-02
2.999935795564423469e-02
2.999935795564260752e-02
2.999935795563923521e-02
2.999935795563677191e-02
2.999935795563338226e-02
2.999935795563049568e-02
2.999935795562653010e-02
2.999935795562280391e-02
2.999935795561935181e-02
2.999935795561575747e-02
2.999935795561330804e-02
2.999935795560838836e-02
2.999935795560493973e-02
2.999935795560262908e-02
2.999935795559936780e-02
2.999935795559522528e-02
2.999935795559286258e-02
2.999935795558990662e-02
2.999935795558549001e-02
2.999935795558295037e-02
2.999935795557923807e-02
2.999935795557717721e-02
2.999935795557397838e-02
2.999935795557202856e-02
2.999935795556939178e-02
2.999935795556683479e-02
2.999935795556502721e-02
2.999935795556513823e-02
2.999935795556228635e-02
2.999935795556195675e-02
2.999935795556061061e-02
2.999935795556064530e-02
2.999935795555870588e-02
2.999935795555901813e-02
2.999935795555919160e-02
2.999935795556087775e-02
2.999935795556161675e-02
2.999935795556234186e-02
2.999935795556402454e-02
2.999935795556577661e-02
2.999935795556794502e-02
2.999935795556886789e-02
2.999935795557031118e-02
2.999935795557390553e-02
2.999935795557737844e-02
2.999935795557976195e-02
2.999935795558335283e-02
2.999935795558579879e-02
2.999935795558916068e-02
2.999935795559444118e-02
2.999935795559743185e-02
2.999935795560258051e-02
2.999935795560725038e-02
2.999935795560950552e-02
2.999935795561475133e-02
2.999935795561841853e-02
2.999935795562395924e-02
2.999935795562781032e-02
2.999935795563356267e-02
2.999935795563647700e-02
2.999935795564306201e-02
2.999935795564713514e-02
2.999935795565142338e-02
2.999935795565636734e-02
2.999935795565825819e-02
2.999935795566487789e-02
2.999935795566752855e-02
2.999935795567115066e-02
2.999935795567644503e-02
2.999935795568011571e-02
2.999935795568315147e-02
2.999935795568827585e-02
2.999935795569021874e-02
2.999935795569206448e-02
2.999935795569634925e-02
2.999935795569802499e-02
2.999935795570009625e-02
2.999935795570121688e-02
2.999935795570394734e-02
2.999935795570556757e-02
2.999935795570667085e-02
2.999935795570745495e-02
2.999935795570759373e-02
2.999935795570773250e-02
2.999935795570744454e-02
2.999935795570860680e-02
2.999935795570844027e-02
2.999935795570707331e-02
2.999935795570433938e-02
2.999935795570536287e-02
2.999935795570324998e-02
2.999935795570073116e-02
2.999935795569858010e-02
2.999935795569763641e-02
2.999935795569542984e-02
2.999935795569130120e-02
2.999935795568856728e-02
2.999935795568565641e-02
2.999935795568186431e-02
2.999935795567822139e-02
2.999935795567594543e-02
2.999935795567156005e-02
2.999935795566863878e-02
2.999935795566446156e-02
2.999935795566117253e-02
2.999935795565534385e-02
2.999935795565356750e-02
2.999935795564826965e-02
2.999935795564576124e-02
2.999935795564035584e-02
2.999935795563783356e-02
2.999935795563245591e-02
2.999935795562830645e-02
2.999935795562488905e-02
2.999935795562224186e-02
2.999935795562002835e-02
2.999935795561515725e-02
2.999935795561483459e-02
2.999935795561053942e-02
2.999935795560642118e-02
2.999935795560473850e-02
2.999935795560298990e-02
2.999935795560022475e-02
2.999935795559953433e-02
2.999935795559986046e-02
2.999935795559650203e-02
2.999935795559768512e-02
2.999935795559481588e-02
2.999935795559647428e-02
2.999935795559929147e-02
2.999935795559777879e-02
2.999935795559776491e-02
2.999935795560148416e-02
2.999935795560237234e-02
2.999935795560596322e-02
2.999935795560837101e-02
2.999935795561169474e-02
2.999935795561465418e-02
2.999935795561759974e-02
2.999935795561944896e-02
2.999935795562378577e-02
2.999935795562783808e-02
2.999935795563363899e-02
2.999935795563799662e-02
2.999935795564338120e-02
2.999935795564632329e-02
2.999935795565289096e-02
2.999935795565875085e-02
2.999935795566357338e-02
2.999935795566769509e-02
2.999935795567311436e-02
2.999935795567783281e-02
2.999935795568428598e-02
2.999935795568862626e-02
2.999935795569705008e-02
2.999935795569967992e-02
2.999935795570642799e-02
2.999935795571111868e-02
2.999935795571635408e-02
2.999935795572282460e-02
2.999935795572641895e-02
2.999935795572816755e-02
2.999935795573416969e-02
2.999935795573701464e-02
2.999935795574161165e-02
2.999935795574587560e-02
2.999935795574716277e-02
2.999935795575314063e-02
2.999935795575559005e-02
2.999935795575829969e-02
2.999935795575951747e-02
2.999935795576069014e-02
2.999935795576242140e-02
2.999935795576424979e-02
2.999935795576526981e-02
2.999935795576615799e-02
2.999935795576381958e-02
2.999935795576646330e-02
2.999935795576441633e-02
2.999935795576320549e-02
2.999935795576241099e-02
2.999935795576031544e-02
2.999935795575923991e-02
2.999935795575698477e-02
2.999935795575474351e-02
2.999935795575260633e-02
2.999935795574970587e-02
2.999935795574877953e-02
2.999935795574734665e-02
2.999935795574098368e-02
2.999935795573806588e-02
2.999935795573503011e-02
2.999935795573229619e-02
2.999935795572683528e-02
2.999935795572396605e-02
2.999935795571877922e-02
2.999935795571634367e-02
2.999935795571363056e-02
2.999935795571016806e-02
2.999935795570482511e-02
2.999935795570270874e-02
2.999935795569785152e-02
2.999935795569495800e-02
2.999935795569332736e-02
2.999935795568755767e-02
2.999935795568368230e-02
2.999935795568405700e-02
2.999935795567792995e-02
2.999935795567807914e-02
2.999935795567285068e-02
2.999935795567302416e-02
2.999935795566801774e-02
2.999935795566832306e-02
2.999935795566551974e-02
2.999935795566667160e-02
2.999935795566343807e-02
2.999935795566390298e-02
2.999935795566150559e-02
2.999935795566164784e-02
2.999935795565740124e-02
2.999935795565893820e-02
2.999935795566390992e-02
2.999935795566328542e-02
2.999935795566112048e-02
2.999935795566058619e-02
2.999935795566445809e-02
2.999935795566249785e-02
2.999935795566753549e-02
2.999935795566898572e-02
2.999935795566927021e-02
2.999935795567089739e-02
2.999935795567395397e-02
2.999935795567706953e-02
2.999935795567966468e-02
2.999935795568205860e-02
2.999935795568394251e-02
2.999935795568648561e-02
2.999935795569141569e-02
2.999935795568850483e-02
2.999935795569681762e-02
2.999935795569564495e-02
2.999935795569888194e-02
2.999935795570510613e-02
2.999935795570207384e-02
2.999935795570786087e-02
2.999935795571178482e-02
2.999935795570972050e-02
2.999935795571300606e-02
2.999935795572155478e-02
2.999935795572065272e-02
2.999935795572235969e-02
2.999935795572548219e-02
2.999935795572425401e-02
2.999935795572757080e-02
2.999935795573032901e-02
2.999935795572479177e-02
2.999935795573154679e-02
2.999935795573162312e-02
2.999935795573591135e-02
2.999935795573386091e-02
2.999935795573679953e-02
2.999935795573738240e-02
2.999935795573459990e-02
2.999935795573578298e-02
2.999935795573874936e-02
2.999935795573766689e-02
2.999935795573858283e-02
2.999935795573786118e-02
2.999935795573996367e-02
2.999935795573771893e-02
2.999935795573907549e-02
2.999935795573858630e-02
2.999935795573751424e-02
2.999935795573850303e-02
2.999935795573785077e-02
2.999935795573667463e-02
2.999935795573832956e-02
2.999935795573709443e-02
2.999935795573817343e-02
2.999935795573488093e-02
2.999935795573338559e-02
2.999935795573642830e-02
2.999935795573232741e-02
2.999935795573264660e-02
2.999935795572863245e-02
2.999935795572813285e-02
2.999935795572775468e-02
2.999935795573074535e-02
2.999935795572840347e-02
2.999935795572682140e-02
2.999935795572459749e-02
2.999935795572300501e-02
2.999935795572874347e-02
2.999935795572789693e-02
2.999935795572734529e-02
2.999935795572333461e-02
2.999935795572657854e-02
2.999935795572391747e-02
2.999935795571986516e-02
2.999935795571789104e-02
2.999935795572207173e-02
2.999935795572066660e-02
2.999935795572402850e-02
2.999935795572277950e-02
2.999935795571962924e-02
2.999935795572046190e-02
2.999935795572284888e-02
2.999935795571983393e-02
