2.999935739587816785e-02
2.999935739588055830e-02
2.999935739587710967e-02
2.999935739588051320e-02
2.999935739588492634e-02
2.999935739588311528e-02
2.999935739587940992e-02
2.999935739587891725e-02
2.999935739587594047e-02
2.999935739588140138e-02
2.999935739588151934e-02
2.999935739588359754e-02
2.999935739588136668e-02
2.999935739587874031e-02
2.999935739588132852e-02
2.999935739587366104e-02
2.999935739587814010e-02
2.999935739588550573e-02
2.999935739588263303e-02
2.999935739587662048e-02
2.999935739588208833e-02
2.999935739587867439e-02
2.999935739588324018e-02
2.999935739588195996e-02
2.999935739587887562e-02
2.999935739587751560e-02
2.999935739588073871e-02
2.999935739587678007e-02
2.999935739588223058e-02
2.999935739587838296e-02
2.999935739587896236e-02
2.999935739588112382e-02
2.999935739588206057e-02
2.999935739587977074e-02
2.999935739588013156e-02
2.999935739588254283e-02
2.999935739588196690e-02
2.999935739588436776e-02
2.999935739588155403e-02
2.999935739587905950e-02
2.999935739587939604e-02
2.999935739587962502e-02
2.999935739588075953e-02
2.999935739587869521e-02
2.999935739587820602e-02
2.999935739588422551e-02
2.999935739588277875e-02
2.999935739587863970e-02
2.999935739587999625e-02
2.999935739587831010e-02
2.999935739587961808e-02
2.999935739588035707e-02
2.999935739588030503e-02
2.999935739587930930e-02
2.999935739588024605e-02
2.999935739587910113e-02
2.999935739587994074e-02
2.999935739588057218e-02
2.999935739587849398e-02
2.999935739588207098e-02
2.999935739587853215e-02
2.999935739587663783e-02
2.999935739588292793e-02
2.999935739588023911e-02
2.999935739587747396e-02
2.999935739587727274e-02
2.999935739587990258e-02
2.999935739587910113e-02
2.999935739588206057e-02
2.999935739588035361e-02
2.999935739587701947e-02
2.999935739588076994e-02
2.999935739587768907e-02
2.999935739587853215e-02
2.999935739587910460e-02
2.999935739588052014e-02
2.999935739588026340e-02
2.999935739587982972e-02
2.999935739587989911e-02
2.999935739587903868e-02
2.999935739587950359e-02
2.999935739588154363e-02
2.999935739588158179e-02
2.999935739587979155e-02
2.999935739587629088e-02
2.999935739587829969e-02
2.999935739588004482e-02
2.999935739588305977e-02
2.999935739588184547e-02
2.999935739587889297e-02
2.999935739587908726e-02
2.999935739587852174e-02
2.999935739588049238e-02
2.999935739587882358e-02
2.999935739588002054e-02
2.999935739588029809e-02
2.999935739587935440e-02
2.999935739588083239e-02
2.999935739588175526e-02
2.999935739587904215e-02
2.999935739588037789e-02
2.999935739588025646e-02
2.999935739587956257e-02
2.999935739587875072e-02
2.999935739587851827e-02
2.999935739588070749e-02
2.999935739588021483e-02
2.999935739587896583e-02
2.999935739587992339e-02
2.999935739587844541e-02
2.999935739587962849e-02
2.999935739588025299e-02
2.999935739587954175e-02
2.999935739588025646e-02
2.999935739587794234e-02
2.999935739587993033e-02
2.999935739588051667e-02
2.999935739587911154e-02
2.999935739587995115e-02
2.999935739587882705e-02
2.999935739588018013e-02
2.999935739587977768e-02
2.999935739588137362e-02
2.999935739588181077e-02
2.999935739588089484e-02
2.999935739588010727e-02
2.999935739587946196e-02
2.999935739587918440e-02
2.999935739588037442e-02
2.999935739588148811e-02
2.999935739588095382e-02
2.999935739588065892e-02
2.999935739587962849e-02
2.999935739588150199e-02
2.999935739587946196e-02
2.999935739587999278e-02
2.999935739587929195e-02
2.999935739587978462e-02
2.999935739588149158e-02
2.999935739587940298e-02
2.999935739587946196e-02
2.999935739588067626e-02
2.999935739588002054e-02
2.999935739587894501e-02
2.999935739587869174e-02
2.999935739587883399e-02
2.999935739587940298e-02
2.999935739588038830e-02
2.999935739588015932e-02
2.999935739588005523e-02
2.999935739587941685e-02
2.999935739587837602e-02
2.999935739587964584e-02
2.999935739587903522e-02
2.999935739588075953e-02
2.999935739588047851e-02
2.999935739587764050e-02
2.999935739588105443e-02
2.999935739587953828e-02
2.999935739587927114e-02
2.999935739588038483e-02
2.999935739587862582e-02
2.999935739587851480e-02
2.999935739588034667e-02
2.999935739588044381e-02
2.999935739588000666e-02
2.999935739588049932e-02
2.999935739587954175e-02
2.999935739587982625e-02
2.999935739587863276e-02
2.999935739588001360e-02
2.999935739587926420e-02
2.999935739587993380e-02
2.999935739588228262e-02
2.999935739587657191e-02
2.999935739588042299e-02
2.999935739587883399e-02
2.999935739588013156e-02
2.999935739587933359e-02
2.999935739587920175e-02
2.999935739587985400e-02
2.999935739588060341e-02
2.999935739588031544e-02
2.999935739587984707e-02
2.999935739587945155e-02
2.999935739587920175e-02
2.999935739587928155e-02
2.999935739587889644e-02
2.999935739587823030e-02
2.999935739587834826e-02
2.999935739587902481e-02
2.999935739587911154e-02
2.999935739587922257e-02
2.999935739588077688e-02
2.999935739588020095e-02
2.999935739588068667e-02
2.999935739587928155e-02
2.999935739587962502e-02
2.999935739588211608e-02
2.999935739587977421e-02
2.999935739588027728e-02
2.999935739587849745e-02
2.999935739587843847e-02
2.999935739588008993e-02
2.999935739587982625e-02
2.999935739588069361e-02
2.999935739587984013e-02
2.999935739588085321e-02
2.999935739587990952e-02
2.999935739587893460e-02
2.999935739587936828e-02
2.999935739587964931e-02
2.999935739587980890e-02
2.999935739587882705e-02
2.999935739587971870e-02
2.999935739587973257e-02
2.999935739588011768e-02
2.999935739587875072e-02
2.999935739587895195e-02
2.999935739587957645e-02
2.999935739587911154e-02
2.999935739588044381e-02
2.999935739587837602e-02
2.999935739587897277e-02
2.999935739587960767e-02
2.999935739587931971e-02
2.999935739587931971e-02
2.999935739587886521e-02
2.999935739588165465e-02
2.999935739587980543e-02
2.999935739587947237e-02
2.999935739587806724e-02
2.999935739587892766e-02
2.999935739588007605e-02
2.999935739587871603e-02
2.999935739587941338e-02
2.999935739587923644e-02
2.999935739588009687e-02
2.999935739587948624e-02
2.999935739587985400e-02
2.999935739587979849e-02
2.999935739587974645e-02
2.999935739587958339e-02
2.999935739588025646e-02
2.999935739587999972e-02
2.999935739587979849e-02
2.999935739588023564e-02
2.999935739587979502e-02
2.999935739588063116e-02
2.999935739588113076e-02
2.999935739587862582e-02
2.999935739587997197e-02
2.999935739587873337e-02
2.999935739588008646e-02
2.999935739587939604e-02
2.999935739587910460e-02
2.999935739588094341e-02
2.999935739587830663e-02
2.999935739588035014e-02
2.999935739587913236e-02
2.999935739587972217e-02
2.999935739587956257e-02
2.999935739587884093e-02
2.999935739588107525e-02
2.999935739588027728e-02
2.999935739588047851e-02
2.999935739587931277e-02
2.999935739587944808e-02
2.999935739587864317e-02
2.999935739587901787e-02
2.999935739587902134e-02
2.999935739587965972e-02
2.999935739587865358e-02
2.999935739588044034e-02
2.999935739588076300e-02
2.999935739587990605e-02
2.999935739587910460e-02
2.999935739587870215e-02
2.999935739587942032e-02
2.999935739587985747e-02
2.999935739587866051e-02
2.999935739588041952e-02
2.999935739587834826e-02
2.999935739587910807e-02
2.999935739587887909e-02
2.999935739588103362e-02
2.999935739587876460e-02
2.999935739587942379e-02
2.999935739587869868e-02
2.999935739588018707e-02
2.999935739587977768e-02
2.999935739587890338e-02
2.999935739587972564e-02
2.999935739587926073e-02
2.999935739587910113e-02
2.999935739587901440e-02
2.999935739587945155e-02
2.999935739588103709e-02
2.999935739587816785e-02
2.999935739587846623e-02
2.999935739587945502e-02
2.999935739587889644e-02
2.999935739587900052e-02
2.999935739587845929e-02
2.999935739588043687e-02
2.999935739587866051e-02
2.999935739587903522e-02
2.999935739587898664e-02
2.999935739587981931e-02
2.999935739587960767e-02
2.999935739587974645e-02
2.999935739587961114e-02
2.999935739587929542e-02
2.999935739587902134e-02
2.999935739588007952e-02
2.999935739587756764e-02
2.999935739587797009e-02
2.999935739587906297e-02
2.999935739587904909e-02
2.999935739587904909e-02
2.999935739587779315e-02
2.999935739587897277e-02
2.999935739587795275e-02
2.999935739587900052e-02
2.999935739587891378e-02
2.999935739587761274e-02
2.999935739587954869e-02
2.999935739587880623e-02
2.999935739587925032e-02
2.999935739587946196e-02
2.999935739587904215e-02
2.999935739587886174e-02
2.999935739587977074e-02
2.999935739587772376e-02
2.999935739587929195e-02
2.999935739587864317e-02
2.999935739587962502e-02
2.999935739587920175e-02
2.999935739587890685e-02
2.999935739587874378e-02
2.999935739587891378e-02
2.999935739587778968e-02
2.999935739587950012e-02
2.999935739587912542e-02
2.999935739587755723e-02
2.999935739587864664e-02
2.999935739587879235e-02
2.999935739587885827e-02
2.999935739587965972e-02
2.999935739587934400e-02
2.999935739587851827e-02
2.999935739587840378e-02
2.999935739587891032e-02
2.999935739587836214e-02
2.999935739587979502e-02
2.999935739587849398e-02
2.999935739587816785e-02
2.999935739587816091e-02
2.999935739587856684e-02
2.999935739587906991e-02
2.999935739587866051e-02
2.999935739587887562e-02
2.999935739587776887e-02
2.999935739587782438e-02
2.999935739587886521e-02
2.999935739587924685e-02
2.999935739587988523e-02
2.999935739587894154e-02
2.999935739587833786e-02
2.999935739587921910e-02
2.999935739587798050e-02
2.999935739587843847e-02
2.999935739587813663e-02
2.999935739587818173e-02
2.999935739587877501e-02
2.999935739587882358e-02
2.999935739587860500e-02
2.999935739587848357e-02
2.999935739587909420e-02
2.999935739587869521e-02
2.999935739587929889e-02
2.999935739587916358e-02
2.999935739587878888e-02
2.999935739587891725e-02
2.999935739587848010e-02
2.999935739587888950e-02
2.999935739587878195e-02
2.999935739587844541e-02
2.999935739587825806e-02
2.999935739587817479e-02
2.999935739587819561e-02
2.999935739587860153e-02
2.999935739587880623e-02
2.999935739587892766e-02
2.999935739587881317e-02
2.999935739587913583e-02
2.999935739587838990e-02
2.999935739587862582e-02
2.999935739587884787e-02
2.999935739587889644e-02
2.999935739587867092e-02
2.999935739587891725e-02
2.999935739587860500e-02
2.999935739587851827e-02
2.999935739587873684e-02
2.999935739587881317e-02
2.999935739587873684e-02
2.999935739587847316e-02
2.999935739587839684e-02
2.999935739587883746e-02
2.999935739587892419e-02
2.999935739587889297e-02
2.999935739587863970e-02
2.999935739587855643e-02
2.999935739587888256e-02
2.999935739587868133e-02
2.999935739587911154e-02
2.999935739587866745e-02
2.999935739587884787e-02
2.999935739587871256e-02
2.999935739587879235e-02
2.999935739587860847e-02
2.999935739587872990e-02
2.999935739587875766e-02
2.999935739587867439e-02
2.999935739587880623e-02
2.999935739587865358e-02
2.999935739587901093e-02
2.999935739587891032e-02
2.999935739587897970e-02
2.999935739587890685e-02
2.999935739587887562e-02
2.999935739587877154e-02
2.999935739587889644e-02
2.999935739587861194e-02
2.999935739587903175e-02
2.999935739587913236e-02
2.999935739587879235e-02
2.999935739587873337e-02
2.999935739587885480e-02
2.999935739587868827e-02
2.999935739587886521e-02
2.999935739587900746e-02
2.999935739587913583e-02
2.999935739587869174e-02
2.999935739587883746e-02
2.999935739587886868e-02
2.999935739587882011e-02
2.999935739587886521e-02
2.999935739587898664e-02
2.999935739587888950e-02
2.999935739587902481e-02
2.999935739587894848e-02
2.999935739587890338e-02
2.999935739587905603e-02
2.999935739587882705e-02
2.999935739587900399e-02
2.999935739587896930e-02
2.999935739587897623e-02
2.999935739587898317e-02
2.999935739587887909e-02
2.999935739587898317e-02
2.999935739587900399e-02
2.999935739587903522e-02
2.999935739587896236e-02
2.999935739587896930e-02
2.999935739587892419e-02
2.999935739587897970e-02
2.999935739587903522e-02
2.999935739587904562e-02
2.999935739587889297e-02
2.999935739587895542e-02
2.999935739587897970e-02
2.999935739587906991e-02
2.999935739587909073e-02
2.999935739587906297e-02
2.999935739587908379e-02
2.999935739587907685e-02
2.999935739587909767e-02
2.999935739587906991e-02
2.999935739587907338e-02
2.999935739587909767e-02
2.999935739587908726e-02
2.999935739587910460e-02
2.999935739587909767e-02
2.999935739587911848e-02
2.999935739587911848e-02
2.999935739587913930e-02
2.999935739587915665e-02
2.999935739587918093e-02
2.999935739587918440e-02
2.999935739587918093e-02
2.999935739587919134e-02
2.999935739587920175e-02
2.999935739587920869e-02
2.999935739587921910e-02
2.999935739587921910e-02
2.999935739587921216e-02
2.999935739587922257e-02
2.999935739587921910e-02
2.999935739587923644e-02
2.999935739587924685e-02
2.999935739587925032e-02
2.999935739587925032e-02
2.999935739587926073e-02
2.999935739587926073e-02
2.999935739587927461e-02
2.999935739587928502e-02
2.999935739587928155e-02
2.999935739587929542e-02
2.999935739587930583e-02
2.999935739587932318e-02
2.999935739587933706e-02
2.999935739587933012e-02
2.999935739587934747e-02
2.999935739587936828e-02
2.999935739587937869e-02
2.999935739587940298e-02
2.999935739587940298e-02
2.999935739587940645e-02
2.999935739587940992e-02
2.999935739587940992e-02
2.999935739587943420e-02
2.999935739587943073e-02
2.999935739587942032e-02
2.999935739587943073e-02
2.999935739587942379e-02
2.999935739587942726e-02
2.999935739587944461e-02
2.999935739587945502e-02
2.999935739587948277e-02
2.999935739587949318e-02
2.999935739587948971e-02
2.999935739587944808e-02
2.999935739587950359e-02
2.999935739587948971e-02
2.999935739587952094e-02
2.999935739587954522e-02
2.999935739587948277e-02
2.999935739587954522e-02
2.999935739587954522e-02
2.999935739587952441e-02
2.999935739587950706e-02
2.999935739587959033e-02
2.999935739587949318e-02
2.999935739587951053e-02
2.999935739587961808e-02
2.999935739587957645e-02
2.999935739587956257e-02
2.999935739587947583e-02
2.999935739587958339e-02
2.999935739587964931e-02
2.999935739587957645e-02
2.999935739587961461e-02
2.999935739587949318e-02
2.999935739587953482e-02
2.999935739587962502e-02
2.999935739587968747e-02
2.999935739587957298e-02
2.999935739587958339e-02
2.999935739587983319e-02
2.999935739587972564e-02
2.999935739587960074e-02
2.999935739587972217e-02
2.999935739587979155e-02
2.999935739587960420e-02
2.999935739587965972e-02
2.999935739587967359e-02
2.999935739587980543e-02
2.999935739587972564e-02
2.999935739587979155e-02
2.999935739587966665e-02
2.999935739587985400e-02
2.999935739587967706e-02
2.999935739587985747e-02
2.999935739587977074e-02
2.999935739587951400e-02
2.999935739587965972e-02
2.999935739587952094e-02
2.999935739587997197e-02
2.999935739587971523e-02
2.999935739588000319e-02
2.999935739587980196e-02
2.999935739588000666e-02
2.999935739587998584e-02
2.999935739587980543e-02
2.999935739587969441e-02
2.999935739588031891e-02
2.999935739587988176e-02
2.999935739587976380e-02
2.999935739587986441e-02
2.999935739587968747e-02
2.999935739587966319e-02
2.999935739587979849e-02
2.999935739588011074e-02
2.999935739587987482e-02
2.999935739588019401e-02
2.999935739587964584e-02
2.999935739587990258e-02
2.999935739587988870e-02
2.999935739587999972e-02
2.999935739588027034e-02
2.999935739587974645e-02
2.999935739588014544e-02
2.999935739588013156e-02
2.999935739588029809e-02
2.999935739588008299e-02
2.999935739587971176e-02
2.999935739588011421e-02
2.999935739587996503e-02
2.999935739587990258e-02
2.999935739588014544e-02
2.999935739587994421e-02
2.999935739588017319e-02
2.999935739588003095e-02
2.999935739587983319e-02
2.999935739588027381e-02
2.999935739588014891e-02
2.999935739587967359e-02
2.999935739587973951e-02
2.999935739588033626e-02
2.999935739588007605e-02
2.999935739587947237e-02
2.999935739588007258e-02
2.999935739587957645e-02
2.999935739588030503e-02
2.999935739588007605e-02
2.999935739588068320e-02
2.999935739588035361e-02
2.999935739588074912e-02
2.999935739588032585e-02
2.999935739588024605e-02
2.999935739588004829e-02
2.999935739588046116e-02
2.999935739588008993e-02
2.999935739588059647e-02
2.999935739587988523e-02
2.999935739587994421e-02
2.999935739588038483e-02
2.999935739588100586e-02
2.999935739588031891e-02
2.999935739588017666e-02
2.999935739588051667e-02
2.999935739588028422e-02
2.999935739588098504e-02
2.999935739588032932e-02
2.999935739588067973e-02
2.999935739588000666e-02
2.999935739588031197e-02
2.999935739588015932e-02
2.999935739587950706e-02
2.999935739587990952e-02
2.999935739588044034e-02
2.999935739587976380e-02
2.999935739587966319e-02
2.999935739587985747e-02
2.999935739588167199e-02
2.999935739587973604e-02
2.999935739588104056e-02
2.999935739587976033e-02
2.999935739588008299e-02
2.999935739588131464e-02
2.999935739588056524e-02
2.999935739588120015e-02
2.999935739588021483e-02
2.999935739588172751e-02
2.999935739588086708e-02
2.999935739588049932e-02
2.999935739588035707e-02
2.999935739587982972e-02
2.999935739588122097e-02
2.999935739588066932e-02
2.999935739588002054e-02
2.999935739588094688e-02
2.999935739588198425e-02
2.999935739588109954e-02
2.999935739588032585e-02
2.999935739588048197e-02
2.999935739588034320e-02
2.999935739588075953e-02
2.999935739588080810e-02
2.999935739588048891e-02
2.999935739588108566e-02
2.999935739588089484e-02
2.999935739588080810e-02
2.999935739588056524e-02
2.999935739588119668e-02
2.999935739588070749e-02
2.999935739587936134e-02
2.999935739588044728e-02
2.999935739588026687e-02
2.999935739587996503e-02
2.999935739588109260e-02
2.999935739588015238e-02
2.999935739588050279e-02
2.999935739587960420e-02
2.999935739587975339e-02
2.999935739588036401e-02
2.999935739588120362e-02
2.999935739587933359e-02
2.999935739587971870e-02
2.999935739588053402e-02
2.999935739588110994e-02
2.999935739588050279e-02
2.999935739588042993e-02
2.999935739588050626e-02
2.999935739588117239e-02
2.999935739588107178e-02
2.999935739588118974e-02
2.999935739588053402e-02
2.999935739588142566e-02
2.999935739588140832e-02
2.999935739588126260e-02
2.999935739588083933e-02
2.999935739587959380e-02
2.999935739588140832e-02
2.999935739588084974e-02
2.999935739588039524e-02
2.999935739588006217e-02
2.999935739588141179e-02
2.999935739587970482e-02
2.999935739588119668e-02
2.999935739588099892e-02
2.999935739588126607e-02
2.999935739588166853e-02
2.999935739588105790e-02
2.999935739588005870e-02
2.999935739588025299e-02
2.999935739588081851e-02
2.999935739588168587e-02
2.999935739588086361e-02
2.999935739588028422e-02
2.999935739588171016e-02
2.999935739588002401e-02
2.999935739588079769e-02
2.999935739588046810e-02
2.999935739587952441e-02
2.999935739588168587e-02
2.999935739588082545e-02
2.999935739588189751e-02
2.999935739588063810e-02
2.999935739588255323e-02
2.999935739588154709e-02
2.999935739588019748e-02
2.999935739588118974e-02
2.999935739588208486e-02
2.999935739588206404e-02
2.999935739588300773e-02
2.999935739588048891e-02
2.999935739588177955e-02
2.999935739588189404e-02
2.999935739588139444e-02
2.999935739588076647e-02
2.999935739588127648e-02
2.999935739588197037e-02
2.999935739588149852e-02
2.999935739588115852e-02
2.999935739588151934e-02
2.999935739588194955e-02
2.999935739588239711e-02
2.999935739588205016e-02
2.999935739588116546e-02
2.999935739588213690e-02
2.999935739588197731e-02
2.999935739588169281e-02
2.999935739588093300e-02
2.999935739588345529e-02
2.999935739588047851e-02
2.999935739588200506e-02
2.999935739588135974e-02
2.999935739588082545e-02
2.999935739588156791e-02
2.999935739588145689e-02
2.999935739588126954e-02
2.999935739588207445e-02
2.999935739588143954e-02
2.999935739588289324e-02
2.999935739588073524e-02
2.999935739588015238e-02
2.999935739588236935e-02
2.999935739588082198e-02
2.999935739588079076e-02
2.999935739588124178e-02
2.999935739588112729e-02
2.999935739588133893e-02
2.999935739588247691e-02
2.999935739588220629e-02
2.999935739588233466e-02
2.999935739588130076e-02
2.999935739588301120e-02
2.999935739588190098e-02
2.999935739588089137e-02
2.999935739588192873e-02
2.999935739588289324e-02
2.999935739588143607e-02
2.999935739588279263e-02
2.999935739588324018e-02
2.999935739588168934e-02
2.999935739588199118e-02
2.999935739587979502e-02
2.999935739588231037e-02
2.999935739588226180e-02
2.999935739588263650e-02
2.999935739588109260e-02
2.999935739588190445e-02
2.999935739588200506e-02
2.999935739588146383e-02
2.999935739588078729e-02
2.999935739588119321e-02
2.999935739588300426e-02
2.999935739588240058e-02
2.999935739588337896e-02
2.999935739588125566e-02
2.999935739588254976e-02
2.999935739588153322e-02
2.999935739588201200e-02
2.999935739588143607e-02
2.999935739588264344e-02
2.999935739588261568e-02
2.999935739588121403e-02
2.999935739588174832e-02
2.999935739588253936e-02
2.999935739588221670e-02
2.999935739588382305e-02
2.999935739588108219e-02
2.999935739588313610e-02
2.999935739588171363e-02
2.999935739588274058e-02
2.999935739588170669e-02
2.999935739588323672e-02
2.999935739588209874e-02
2.999935739588314998e-02
2.999935739588373979e-02
2.999935739588411449e-02
2.999935739588327488e-02
2.999935739588254283e-02
2.999935739588165812e-02
2.999935739588330957e-02
2.999935739588244915e-02
2.999935739588073524e-02
2.999935739588330263e-02
2.999935739588310488e-02
2.999935739588244915e-02
2.999935739588209527e-02
2.999935739588201200e-02
2.999935739588159567e-02
2.999935739588306324e-02
2.999935739588382999e-02
2.999935739588260181e-02
2.999935739588231037e-02
2.999935739588355244e-02
2.999935739588344141e-02
2.999935739588080463e-02
2.999935739588110994e-02
2.999935739588426020e-02
2.999935739588295569e-02
2.999935739588248038e-02
2.999935739588275793e-02
2.999935739588181771e-02
2.999935739588435388e-02
2.999935739588307712e-02
2.999935739588336855e-02
2.999935739588231037e-02
2.999935739588224098e-02
2.999935739588410755e-02
2.999935739588443367e-02
2.999935739588401734e-02
2.999935739588320202e-02
2.999935739588379530e-02
2.999935739588208833e-02
2.999935739588375366e-02
2.999935739588459327e-02
2.999935739588286202e-02
2.999935739588438510e-02
2.999935739588260875e-02
2.999935739588384734e-02
2.999935739588224792e-02
2.999935739588304590e-02
2.999935739588246997e-02
2.999935739588117933e-02
2.999935739588049932e-02
2.999935739588318467e-02
2.999935739588270936e-02
2.999935739588389244e-02
2.999935739588314651e-02
2.999935739588378142e-02
2.999935739588190098e-02
2.999935739588166506e-02
2.999935739588282385e-02
2.999935739588229650e-02
2.999935739588446143e-02
2.999935739588431571e-02
2.999935739588273365e-02
2.999935739588228956e-02
2.999935739588268160e-02
2.999935739588306324e-02
2.999935739588196343e-02
2.999935739588398265e-02
2.999935739588421857e-02
2.999935739588267120e-02
2.999935739588208833e-02
2.999935739588229650e-02
2.999935739588300426e-02
2.999935739588380224e-02
2.999935739588369468e-02
2.999935739588213690e-02
2.999935739588288977e-02
2.999935739588421510e-02
2.999935739588187322e-02
2.999935739588346223e-02
2.999935739588450306e-02
2.999935739588514838e-02
2.999935739588241793e-02
2.999935739588522471e-02
2.999935739588106831e-02
2.999935739588327835e-02
2.999935739588325753e-02
2.999935739588533226e-02
2.999935739588167199e-02
2.999935739588533920e-02
2.999935739588132158e-02
2.999935739588488123e-02
2.999935739588232425e-02
2.999935739588494021e-02
2.999935739588344141e-02
2.999935739587975339e-02
2.999935739588165465e-02
2.999935739588526287e-02
2.999935739588279610e-02
2.999935739588104056e-02
2.999935739588417694e-02
2.999935739588287936e-02
2.999935739588052361e-02
2.999935739588306324e-02
2.999935739587938216e-02
2.999935739588319161e-02
2.999935739588462796e-02
2.999935739588605738e-02
2.999935739588310835e-02
2.999935739588538083e-02
2.999935739588108219e-02
2.999935739588362876e-02
2.999935739588195649e-02
2.999935739588306324e-02
2.999935739588136668e-02
2.999935739588463490e-02
2.999935739588082545e-02
2.999935739587827541e-02
2.999935739588170322e-02
2.999935739588449612e-02
2.999935739588328876e-02
2.999935739588224098e-02
2.999935739588227568e-02
2.999935739588447531e-02
2.999935739588239364e-02
2.999935739588048544e-02
2.999935739588503736e-02
2.999935739587859806e-02
2.999935739588309100e-02
2.999935739588283079e-02
2.999935739588109954e-02
2.999935739588338590e-02
2.999935739588232425e-02
2.999935739588390632e-02
2.999935739588692474e-02
2.999935739588174138e-02
2.999935739588332345e-02
2.999935739588348652e-02
2.999935739588274058e-02
2.999935739588487776e-02
2.999935739588503736e-02
2.999935739588364611e-02
2.999935739588187322e-02
2.999935739588282038e-02
2.999935739588527675e-02
2.999935739588427061e-02
2.999935739588282038e-02
2.999935739588452388e-02
2.999935739588094341e-02
2.999935739588640432e-02
2.999935739588393407e-02
2.999935739588157485e-02
2.999935739588130423e-02
2.999935739588339284e-02
2.999935739588426020e-02
2.999935739588424632e-02
2.999935739588488123e-02
2.999935739588033626e-02
2.999935739588286202e-02
2.999935739588343100e-02
2.999935739588200159e-02
2.999935739588300079e-02
2.999935739588386815e-02
2.999935739588352468e-02
2.999935739588462449e-02
2.999935739588543981e-02
2.999935739588594288e-02
2.999935739588173791e-02
