2.999935791499749177e-02
2.999935791499619420e-02
2.999935791499374130e-02
2.999935791499467111e-02
2.999935791499521234e-02
2.999935791499712401e-02
2.999935791499969487e-02
2.999935791499450805e-02
2.999935791499385926e-02
2.999935791499564255e-02
2.999935791499694360e-02
2.999935791499854648e-02
2.999935791499634685e-02
2.999935791499572929e-02
2.999935791499811280e-02
2.999935791499620460e-02
2.999935791500013896e-02
2.999935791499708237e-02
2.999935791499556623e-02
2.999935791499357129e-02
2.999935791499555235e-02
2.999935791499644747e-02
2.999935791499810239e-02
2.999935791499672849e-02
2.999935791499659318e-02
2.999935791500071836e-02
2.999935791499957344e-02
2.999935791499462601e-02
2.999935791499580909e-02
2.999935791499834178e-02
2.999935791499766524e-02
2.999935791499338048e-02
2.999935791499837301e-02
2.999935791499981977e-02
2.999935791499695747e-02
2.999935791499528520e-02
2.999935791499618726e-02
2.999935791499389395e-02
2.999935791499873383e-02
2.999935791499916057e-02
2.999935791499959425e-02
2.999935791499651686e-02
2.999935791499723503e-02
2.999935791499332843e-02
2.999935791499826546e-02
2.999935791499564949e-02
2.999935791499676666e-02
2.999935791499418886e-02
2.999935791499695401e-02
2.999935791499639542e-02
2.999935791499684645e-02
2.999935791499750565e-02
2.999935791499713095e-02
2.999935791499628440e-02
2.999935791499958732e-02
2.999935791499443172e-02
2.999935791499706503e-02
2.999935791499677706e-02
2.999935791499420620e-02
2.999935791499680482e-02
2.999935791499790463e-02
2.999935791499648216e-02
2.999935791499466070e-02
2.999935791499542398e-02
2.999935791499562868e-02
2.999935791499936527e-02
2.999935791499583337e-02
2.999935791499325904e-02
2.999935791499254781e-02
2.999935791499271087e-02
2.999935791499693666e-02
2.999935791499029961e-02
2.999935791499202392e-02
2.999935791499079574e-02
2.999935791498860652e-02
2.999935791499219392e-02
2.999935791499175330e-02
2.999935791499197882e-02
2.999935791499181575e-02
2.999935791498935939e-02
2.999935791498713547e-02
2.999935791499053206e-02
2.999935791498938020e-02
2.999935791498683363e-02
2.999935791498560197e-02
2.999935791498758997e-02
2.999935791498373194e-02
2.999935791498769405e-02
2.999935791498582749e-02
2.999935791498591076e-02
2.999935791498609117e-02
2.999935791498607729e-02
2.999935791498139007e-02
2.999935791498624382e-02
2.999935791498830467e-02
2.999935791498541116e-02
2.999935791498491849e-02
2.999935791498346827e-02
2.999935791498370419e-02
2.999935791498519952e-02
2.999935791498503646e-02
2.999935791498524809e-02
2.999935791498643117e-02
2.999935791498624035e-02
2.999935791498705567e-02
2.999935791498688220e-02
2.999935791498594545e-02
2.999935791498818671e-02
2.999935791498862733e-02
2.999935791498935939e-02
2.999935791498757609e-02
2.999935791498811385e-02
2.999935791498921714e-02
2.999935791498885979e-02
2.999935791499123983e-02
2.999935791498868631e-02
2.999935791498917897e-02
2.999935791499086166e-02
2.999935791499063267e-02
2.999935791499170820e-02
2.999935791499171167e-02
2.999935791499274557e-02
2.999935791499185739e-02
2.999935791499355742e-02
2.999935791499269699e-02
2.999935791499388354e-02
2.999935791499472315e-02
2.999935791499579868e-02
2.999935791499533377e-02
2.999935791499541010e-02
2.999935791499581950e-02
2.999935791499691584e-02
2.999935791499608317e-02
2.999935791499785953e-02
2.999935791499674931e-02
2.999935791499792892e-02
2.999935791499750912e-02
2.999935791499645094e-02
2.999935791499697829e-02
2.999935791499993773e-02
2.999935791499824117e-02
2.999935791499769300e-02
2.999935791499809545e-02
2.999935791499810239e-02
2.999935791499849791e-02
2.999935791499860199e-02
2.999935791499801913e-02
2.999935791499681176e-02
2.999935791499758198e-02
2.999935791499765830e-02
2.999935791499638849e-02
2.999935791499582644e-02
2.999935791499434151e-02
2.999935791499724197e-02
2.999935791499480642e-02
2.999935791499475785e-02
2.999935791499364415e-02
2.999935791499231882e-02
2.999935791499353313e-02
2.999935791499261720e-02
2.999935791499291210e-02
2.999935791499280108e-02
2.999935791499290516e-02
2.999935791499012960e-02
2.999935791498967164e-02
2.999935791499010185e-02
2.999935791498976878e-02
2.999935791498947041e-02
2.999935791499018858e-02
2.999935791498767323e-02
2.999935791498815896e-02
2.999935791498734017e-02
2.999935791498763160e-02
2.999935791498747201e-02
2.999935791498603566e-02
2.999935791498671567e-02
2.999935791498496707e-02
2.999935791498356541e-02
2.999935791498623688e-02
2.999935791498565055e-02
2.999935791498565749e-02
2.999935791498363133e-02
2.999935791498509197e-02
2.999935791498494625e-02
2.999935791498500870e-02
2.999935791498498094e-02
2.999935791498488380e-02
2.999935791498465482e-02
2.999935791498514748e-02
2.999935791498591423e-02
2.999935791498402338e-02
2.999935791498543544e-02
2.999935791498337806e-02
2.999935791498423154e-02
2.999935791498676771e-02
2.999935791498729853e-02
2.999935791498673648e-02
2.999935791498735405e-02
2.999935791498813814e-02
2.999935791498669138e-02
2.999935791498775997e-02
2.999935791498853366e-02
2.999935791498878346e-02
2.999935791498964388e-02
2.999935791499074370e-02
2.999935791499302312e-02
2.999935791499264148e-02
2.999935791499238127e-02
2.999935791499269006e-02
2.999935791499298496e-02
2.999935791499464682e-02
2.999935791499366150e-02
2.999935791499427559e-02
2.999935791499664176e-02
2.999935791499682217e-02
2.999935791499882751e-02
2.999935791499869220e-02
2.999935791500033672e-02
2.999935791500048243e-02
2.999935791499866444e-02
2.999935791500090917e-02
2.999935791500084672e-02
2.999935791500273757e-02
2.999935791500035059e-02
2.999935791500225185e-02
2.999935791500434740e-02
2.999935791500560681e-02
2.999935791500565538e-02
2.999935791500440985e-02
2.999935791500468740e-02
2.999935791500577681e-02
2.999935791500414270e-02
2.999935791500517313e-02
2.999935791500445148e-02
2.999935791500574905e-02
2.999935791500572824e-02
2.999935791500554783e-02
2.999935791500595028e-02
2.999935791500519394e-02
2.999935791500430576e-02
2.999935791500508292e-02
2.999935791500563803e-02
2.999935791500357718e-02
2.999935791500313656e-02
2.999935791500319554e-02
2.999935791500266818e-02
2.999935791500218246e-02
2.999935791500091958e-02
2.999935791500202287e-02
2.999935791500060733e-02
2.999935791500155102e-02
2.999935791499924384e-02
2.999935791499952487e-02
2.999935791499945548e-02
2.999935791499719340e-02
2.999935791499826893e-02
2.999935791499883098e-02
2.999935791499641277e-02
2.999935791499626359e-02
2.999935791499534418e-02
2.999935791499596174e-02
2.999935791499539969e-02
2.999935791499325904e-02
2.999935791499376558e-02
2.999935791499250617e-02
2.999935791499179494e-02
2.999935791499168392e-02
2.999935791499070206e-02
2.999935791499099696e-02
2.999935791499099350e-02
2.999935791499023369e-02
2.999935791499017818e-02
2.999935791498835325e-02
2.999935791498825263e-02
2.999935791498832202e-02
2.999935791498719445e-02
2.999935791498758303e-02
2.999935791498677812e-02
2.999935791498657342e-02
2.999935791498608770e-02
2.999935791498446400e-02
2.999935791498581708e-02
2.999935791498446747e-02
2.999935791498499829e-02
2.999935791498485604e-02
2.999935791498520299e-02
2.999935791498574422e-02
2.999935791498508503e-02
2.999935791498595933e-02
2.999935791498385337e-02
2.999935791498642423e-02
2.999935791498450910e-02
2.999935791498505727e-02
2.999935791498526544e-02
2.999935791498558463e-02
2.999935791498708690e-02
2.999935791498687526e-02
2.999935791498620913e-02
2.999935791498650056e-02
2.999935791498676771e-02
2.999935791498765589e-02
2.999935791498820753e-02
2.999935791498654220e-02
2.999935791498815202e-02
2.999935791498895693e-02
2.999935791498799589e-02
2.999935791498925183e-02
2.999935791499096921e-02
2.999935791498985205e-02
2.999935791498960225e-02
2.999935791499016777e-02
2.999935791499095880e-02
2.999935791499289822e-02
2.999935791499196494e-02
2.999935791499399804e-02
2.999935791499219392e-02
2.999935791499250964e-02
2.999935791499332843e-02
2.999935791499366150e-02
2.999935791499355048e-02
2.999935791499455315e-02
2.999935791499511520e-02
2.999935791499502152e-02
2.999935791499565643e-02
2.999935791499560092e-02
2.999935791499683257e-02
2.999935791499526785e-02
2.999935791499532683e-02
2.999935791499750912e-02
2.999935791499654461e-02
2.999935791499722809e-02
2.999935791499731136e-02
2.999935791499589235e-02
2.999935791499689502e-02
2.999935791499785953e-02
2.999935791499776239e-02
2.999935791499713789e-02
2.999935791499826546e-02
2.999935791499624277e-02
2.999935791499768953e-02
2.999935791499688115e-02
2.999935791499652032e-02
2.999935791499714482e-02
2.999935791499689502e-02
2.999935791499737381e-02
2.999935791499657237e-02
2.999935791499577092e-02
2.999935791499619420e-02
2.999935791499545867e-02
2.999935791499678400e-02
2.999935791499594093e-02
2.999935791499452192e-02
2.999935791499471274e-02
2.999935791499413335e-02
2.999935791499529908e-02
2.999935791499448723e-02
2.999935791499418192e-02
2.999935791499384191e-02
2.999935791499374824e-02
2.999935791499312374e-02
2.999935791499350191e-02
2.999935791499289475e-02
2.999935791499202392e-02
2.999935791499296761e-02
2.999935791499249577e-02
2.999935791499203780e-02
2.999935791499173943e-02
2.999935791499179494e-02
2.999935791499173249e-02
2.999935791499158677e-02
2.999935791499157289e-02
2.999935791499193025e-02
2.999935791499057369e-02
2.999935791499050083e-02
2.999935791499084431e-02
2.999935791499066043e-02
2.999935791499109064e-02
2.999935791498980348e-02
2.999935791499021981e-02
2.999935791498969245e-02
2.999935791498978266e-02
2.999935791498966123e-02
2.999935791498985205e-02
2.999935791498969245e-02
2.999935791499015042e-02
2.999935791499036206e-02
2.999935791499007062e-02
2.999935791498973756e-02
2.999935791499057369e-02
2.999935791499009144e-02
2.999935791499023716e-02
2.999935791499014001e-02
2.999935791499038634e-02
2.999935791499038634e-02
2.999935791499108717e-02
2.999935791499115656e-02
2.999935791499119472e-02
2.999935791499139248e-02
2.999935791499168392e-02
2.999935791499192678e-02
2.999935791499167698e-02
2.999935791499287741e-02
2.999935791499280802e-02
2.999935791499294679e-02
2.999935791499327292e-02
2.999935791499359558e-02
2.999935791499415763e-02
2.999935791499431029e-02
2.999935791499459825e-02
2.999935791499479601e-02
2.999935791499519500e-02
2.999935791499559745e-02
2.999935791499602072e-02
2.999935791499663135e-02
2.999935791499665910e-02
2.999935791499694360e-02
2.999935791499729748e-02
2.999935791499719340e-02
2.999935791499757504e-02
2.999935791499796361e-02
2.999935791499802606e-02
2.999935791499846321e-02
2.999935791499842158e-02
2.999935791499842505e-02
2.999935791499870955e-02
2.999935791499897322e-02
2.999935791499897322e-02
2.999935791499913282e-02
2.999935791499916404e-02
2.999935791499908772e-02
2.999935791499915710e-02
2.999935791499921955e-02
2.999935791499950058e-02
2.999935791499976426e-02
2.999935791499976773e-02
2.999935791499934792e-02
2.999935791499913629e-02
2.999935791499943466e-02
2.999935791499928894e-02
2.999935791499922996e-02
2.999935791499915710e-02
2.999935791499905302e-02
2.999935791499901139e-02
2.999935791499894547e-02
2.999935791499871302e-02
2.999935791499851526e-02
2.999935791499859505e-02
2.999935791499822382e-02
2.999935791499796361e-02
2.999935791499799831e-02
2.999935791499767912e-02
2.999935791499760973e-02
2.999935791499720034e-02
2.999935791499717258e-02
2.999935791499695054e-02
2.999935791499656890e-02
2.999935791499642665e-02
2.999935791499626359e-02
2.999935791499603113e-02
2.999935791499582297e-02
2.999935791499552112e-02
2.999935791499521581e-02
2.999935791499511867e-02
2.999935791499503540e-02
2.999935791499471274e-02
2.999935791499465029e-02
2.999935791499439355e-02
2.999935791499422702e-02
2.999935791499408477e-02
2.999935791499390089e-02
2.999935791499383844e-02
2.999935791499360946e-02
2.999935791499366150e-02
2.999935791499349497e-02
2.999935791499346721e-02
2.999935791499339088e-02
2.999935791499340823e-02
2.999935791499335619e-02
2.999935791499334578e-02
2.999935791499332843e-02
2.999935791499332496e-02
2.999935791499332843e-02
2.999935791499338048e-02
2.999935791499341864e-02
2.999935791499347415e-02
2.999935791499354007e-02
2.999935791499362334e-02
2.999935791499373783e-02
2.999935791499385926e-02
2.999935791499400151e-02
2.999935791499414028e-02
2.999935791499427559e-02
2.999935791499440743e-02
2.999935791499454968e-02
2.999935791499465723e-02
2.999935791499478560e-02
2.999935791499488275e-02
2.999935791499497989e-02
2.999935791499510826e-02
2.999935791499523663e-02
2.999935791499537888e-02
2.999935791499550031e-02
2.999935791499562868e-02
2.999935791499573970e-02
2.999935791499585766e-02
2.999935791499597562e-02
2.999935791499607624e-02
2.999935791499615603e-02
2.999935791499623930e-02
2.999935791499633644e-02
2.999935791499644053e-02
2.999935791499652726e-02
2.999935791499665216e-02
2.999935791499675972e-02
2.999935791499684645e-02
2.999935791499692972e-02
2.999935791499700258e-02
2.999935791499706156e-02
2.999935791499709972e-02
2.999935791499717258e-02
2.999935791499722115e-02
2.999935791499726279e-02
2.999935791499728013e-02
2.999935791499729054e-02
2.999935791499732871e-02
2.999935791499735646e-02
2.999935791499738422e-02
2.999935791499739116e-02
2.999935791499742238e-02
2.999935791499742932e-02
2.999935791499738769e-02
2.999935791499740850e-02
2.999935791499747095e-02
2.999935791499737034e-02
2.999935791499740850e-02
2.999935791499744320e-02
2.999935791499754728e-02
2.999935791499745014e-02
2.999935791499746054e-02
2.999935791499746401e-02
2.999935791499745708e-02
2.999935791499751953e-02
2.999935791499749524e-02
2.999935791499748483e-02
2.999935791499748483e-02
2.999935791499749524e-02
2.999935791499751259e-02
2.999935791499746054e-02
2.999935791499734952e-02
2.999935791499738422e-02
2.999935791499721074e-02
2.999935791499717258e-02
2.999935791499714136e-02
2.999935791499710319e-02
2.999935791499682564e-02
2.999935791499698523e-02
2.999935791499683604e-02
2.999935791499692278e-02
2.999935791499689502e-02
2.999935791499675625e-02
2.999935791499668339e-02
2.999935791499658277e-02
2.999935791499626359e-02
2.999935791499640583e-02
2.999935791499623236e-02
2.999935791499644400e-02
2.999935791499594787e-02
2.999935791499595827e-02
2.999935791499602072e-02
2.999935791499568072e-02
2.999935791499585419e-02
2.999935791499593052e-02
2.999935791499566337e-02
2.999935791499601379e-02
2.999935791499554194e-02
2.999935791499549337e-02
2.999935791499544480e-02
2.999935791499577092e-02
2.999935791499544480e-02
2.999935791499525398e-02
2.999935791499535459e-02
2.999935791499545867e-02
2.999935791499563562e-02
2.999935791499563909e-02
2.999935791499564602e-02
2.999935791499527479e-02
2.999935791499587154e-02
2.999935791499568766e-02
2.999935791499529908e-02
2.999935791499581950e-02
2.999935791499550031e-02
2.999935791499632257e-02
2.999935791499609358e-02
2.999935791499624277e-02
2.999935791499633297e-02
2.999935791499632257e-02
2.999935791499672155e-02
2.999935791499662441e-02
2.999935791499690890e-02
2.999935791499735299e-02
2.999935791499751259e-02
2.999935791499814403e-02
2.999935791499774157e-02
2.999935791499791157e-02
2.999935791499812668e-02
2.999935791499832444e-02
2.999935791499852566e-02
2.999935791499878587e-02
2.999935791499883098e-02
2.999935791499920568e-02
2.999935791499921262e-02
2.999935791499956650e-02
2.999935791499964630e-02
2.999935791499967752e-02
2.999935791499998283e-02
2.999935791499995508e-02
2.999935791500082591e-02
2.999935791500041304e-02
2.999935791500115204e-02
2.999935791500061427e-02
2.999935791500094734e-02
2.999935791500132204e-02
2.999935791500116244e-02
2.999935791500173490e-02
2.999935791500153368e-02
2.999935791500169674e-02
2.999935791500210613e-02
2.999935791500191185e-02
2.999935791500202981e-02
2.999935791500219287e-02
2.999935791500241145e-02
2.999935791500167592e-02
2.999935791500189103e-02
2.999935791500228308e-02
2.999935791500176613e-02
2.999935791500238716e-02
2.999935791500292839e-02
2.999935791500140878e-02
2.999935791500137061e-02
2.999935791500138449e-02
2.999935791500123877e-02
2.999935791500068019e-02
2.999935791500089877e-02
2.999935791500036794e-02
2.999935791500092305e-02
2.999935791500034019e-02
2.999935791500059346e-02
2.999935791500097509e-02
2.999935791499967752e-02
2.999935791499925078e-02
2.999935791499966364e-02
2.999935791499895241e-02
2.999935791499941037e-02
2.999935791499809198e-02
2.999935791499827586e-02
2.999935791499707197e-02
2.999935791499811280e-02
2.999935791499806770e-02
2.999935791499631216e-02
2.999935791499704074e-02
2.999935791499634685e-02
2.999935791499605542e-02
2.999935791499601032e-02
2.999935791499563215e-02
2.999935791499599644e-02
2.999935791499554194e-02
2.999935791499559051e-02
2.999935791499526438e-02
2.999935791499454274e-02
2.999935791499462948e-02
2.999935791499447335e-02
2.999935791499613522e-02
2.999935791499556623e-02
2.999935791499456009e-02
2.999935791499519153e-02
2.999935791499550725e-02
2.999935791499408477e-02
2.999935791499495213e-02
2.999935791499552806e-02
2.999935791499649257e-02
2.999935791499620807e-02
2.999935791499588889e-02
2.999935791499543439e-02
2.999935791499575011e-02
2.999935791499670767e-02
2.999935791499662441e-02
2.999935791499639889e-02
2.999935791499909812e-02
2.999935791499914323e-02
2.999935791499864016e-02
2.999935791499866791e-02
2.999935791499955262e-02
2.999935791499990650e-02
2.999935791499944160e-02
2.999935791500003487e-02
2.999935791500002447e-02
2.999935791500041651e-02
2.999935791500032284e-02
2.999935791500123183e-02
2.999935791500041998e-02
2.999935791500261614e-02
2.999935791500351473e-02
2.999935791500284166e-02
2.999935791500355636e-02
2.999935791500366739e-02
2.999935791500282084e-02
2.999935791500397270e-02
2.999935791500512108e-02
2.999935791500501353e-02
2.999935791500555476e-02
2.999935791500522170e-02
2.999935791500605090e-02
2.999935791500523904e-02
2.999935791500504129e-02
2.999935791500683846e-02
2.999935791500550966e-02
2.999935791500587395e-02
2.999935791500644641e-02
2.999935791500598845e-02
2.999935791500609600e-02
2.999935791500619661e-02
2.999935791500686275e-02
2.999935791500667540e-02
2.999935791500591559e-02
2.999935791500471169e-02
2.999935791500650539e-02
2.999935791500651927e-02
2.999935791500513843e-02
2.999935791500504129e-02
2.999935791500463883e-02
2.999935791500405596e-02
2.999935791500272717e-02
2.999935791500325452e-02
2.999935791500351126e-02
2.999935791500260227e-02
2.999935791500380616e-02
2.999935791500233165e-02
2.999935791500243920e-02
2.999935791500082244e-02
2.999935791500155449e-02
2.999935791500158919e-02
2.999935791499926119e-02
2.999935791499956997e-02
2.999935791499814403e-02
2.999935791499819260e-02
2.999935791499810933e-02
2.999935791499786647e-02
2.999935791499654114e-02
2.999935791499655849e-02
2.999935791499615950e-02
2.999935791499549337e-02
2.999935791499501458e-02
2.999935791499649604e-02
2.999935791499388354e-02
2.999935791499479948e-02
2.999935791499364762e-02
2.999935791499225637e-02
2.999935791499302659e-02
2.999935791499246801e-02
2.999935791499218352e-02
2.999935791499221474e-02
2.999935791499148269e-02
2.999935791499173596e-02
2.999935791499062920e-02
2.999935791499014348e-02
2.999935791498992838e-02
2.999935791498936979e-02
2.999935791499026144e-02
2.999935791499123289e-02
2.999935791499025797e-02
2.999935791499077839e-02
2.999935791498951898e-02
2.999935791499091370e-02
2.999935791499133003e-02
2.999935791499126064e-02
2.999935791499264842e-02
2.999935791499071247e-02
2.999935791499110799e-02
2.999935791499255822e-02
2.999935791499198923e-02
2.999935791499213841e-02
2.999935791499262067e-02
2.999935791499262414e-02
2.999935791499287047e-02
2.999935791499465376e-02
2.999935791499539275e-02
2.999935791499511867e-02
2.999935791499526438e-02
2.999935791499655849e-02
2.999935791499633297e-02
2.999935791499653420e-02
2.999935791499764443e-02
2.999935791499999671e-02
2.999935791500152327e-02
2.999935791500168980e-02
2.999935791500109306e-02
2.999935791499979548e-02
2.999935791500363269e-02
2.999935791500307064e-02
2.999935791500307758e-02
2.999935791500388943e-02
2.999935791500419474e-02
2.999935791500557558e-02
2.999935791500653315e-02
2.999935791500610988e-02
2.999935791500758092e-02
2.999935791500851767e-02
2.999935791500901033e-02
2.999935791500996096e-02
2.999935791500938156e-02
2.999935791501114057e-02
2.999935791501018301e-02
2.999935791500962096e-02
2.999935791501190385e-02
2.999935791501022464e-02
2.999935791501119262e-02
2.999935791501181365e-02
2.999935791501266019e-02
2.999935791501306265e-02
2.999935791501243121e-02
2.999935791501264631e-02
2.999935791501213631e-02
2.999935791501279203e-02
2.999935791501222304e-02
2.999935791501096363e-02
2.999935791501246590e-02
2.999935791501277121e-02
2.999935791501143895e-02
2.999935791501127588e-02
2.999935791501069302e-02
2.999935791501175814e-02
2.999935791500983259e-02
2.999935791501027321e-02
2.999935791500917687e-02
2.999935791500920462e-02
2.999935791500806664e-02
2.999935791500699112e-02
2.999935791500723398e-02
2.999935791500644641e-02
2.999935791500659560e-02
2.999935791500506210e-02
2.999935791500626947e-02
2.999935791500224491e-02
2.999935791500295615e-02
2.999935791500440985e-02
2.999935791500357024e-02
2.999935791500377147e-02
2.999935791500236634e-02
2.999935791500181123e-02
2.999935791500103061e-02
2.999935791500098897e-02
2.999935791499945895e-02
2.999935791500037488e-02
2.999935791499987875e-02
2.999935791499891771e-02
2.999935791499919874e-02
2.999935791499792892e-02
2.999935791499797749e-02
2.999935791499852566e-02
2.999935791499847015e-02
2.999935791499898363e-02
2.999935791499804341e-02
2.999935791499761667e-02
2.999935791499539622e-02
2.999935791499675625e-02
2.999935791499514295e-02
2.999935791499558357e-02
2.999935791499656196e-02
2.999935791499767912e-02
2.999935791499408130e-02
2.999935791499635032e-02
2.999935791499686033e-02
2.999935791499688809e-02
2.999935791499640236e-02
2.999935791499927507e-02
2.999935791499686380e-02
2.999935791499750565e-02
2.999935791499878240e-02
2.999935791500011467e-02
2.999935791500039917e-02
2.999935791499902527e-02
2.999935791500083285e-02
2.999935791500089530e-02
2.999935791500236981e-02
2.999935791500423637e-02
2.999935791500303595e-02
2.999935791500304635e-02
2.999935791500422944e-02
2.999935791500540211e-02
2.999935791500323370e-02
2.999935791500622090e-02
2.999935791500580456e-02
2.999935791500762255e-02
2.999935791500685234e-02
2.999935791500570048e-02
2.999935791500617580e-02
2.999935791500931564e-02
2.999935791500753582e-02
2.999935791500944054e-02
2.999935791501007198e-02
2.999935791501013443e-02
2.999935791500864951e-02
2.999935791500967994e-02
2.999935791500904503e-02
2.999935791501154650e-02
2.999935791501056465e-02
2.999935791501066873e-02
2.999935791501225774e-02
2.999935791501111976e-02
2.999935791500741786e-02
2.999935791501142507e-02
2.999935791500886115e-02
2.999935791501221263e-02
2.999935791500872237e-02
2.999935791500892013e-02
2.999935791500646376e-02
2.999935791501030097e-02
2.999935791500806317e-02
2.999935791500985688e-02
2.999935791500637008e-02
2.999935791500662682e-02
2.999935791500779603e-02
2.999935791500808052e-02
2.999935791500726520e-02
2.999935791501080057e-02
2.999935791500647070e-02
2.999935791500863563e-02
2.999935791500133592e-02
2.999935791500554089e-02
2.999935791500490598e-02
2.999935791500522170e-02
2.999935791500632151e-02
2.999935791500187021e-02
2.999935791500328228e-02
2.999935791500193960e-02
2.999935791500083285e-02
2.999935791500068366e-02
2.999935791500338289e-02
2.999935791500235593e-02
2.999935791499937568e-02
2.999935791500270635e-02
2.999935791499977814e-02
2.999935791500524598e-02
2.999935791500179735e-02
2.999935791500220328e-02
2.999935791499905996e-02
2.999935791500315391e-02
2.999935791500308799e-02
2.999935791499756116e-02
2.999935791500039570e-02
2.999935791499886567e-02
2.999935791499848403e-02
2.999935791499735299e-02
2.999935791499751259e-02
2.999935791499527826e-02
2.999935791499585072e-02
2.999935791499760973e-02
2.999935791499916057e-02
2.999935791499581950e-02
2.999935791500158919e-02
2.999935791499801219e-02
2.999935791500117632e-02
2.999935791500244961e-02
2.999935791500146082e-02
2.999935791499930282e-02
2.999935791499742932e-02
2.999935791500150592e-02
2.999935791500183552e-02
2.999935791500232124e-02
2.999935791499450458e-02
2.999935791500158919e-02
2.999935791500274104e-02
2.999935791500141571e-02
2.999935791500577334e-02
2.999935791500345575e-02
2.999935791500355636e-02
2.999935791500029161e-02
2.999935791500255716e-02
2.999935791500580456e-02
2.999935791500111387e-02
2.999935791500408372e-02
2.999935791500443413e-02
2.999935791500636315e-02
2.999935791500306370e-02
2.999935791500798685e-02
2.999935791500697030e-02
2.999935791500315738e-02
2.999935791500850032e-02
2.999935791500563456e-02
2.999935791500351820e-02
2.999935791500144694e-02
2.999935791500639090e-02
2.999935791500385820e-02
2.999935791500558599e-02
2.999935791500659213e-02
2.999935791500420168e-02
2.999935791500500312e-02
2.999935791500548191e-02
