2.999935169539905133e-02
2.999935169540093177e-02
2.999935169540259711e-02
2.999935169540346100e-02
2.999935169539875643e-02
2.999935169539687252e-02
2.999935169540107749e-02
2.999935169540042523e-02
2.999935169540797475e-02
2.999935169539829846e-02
2.999935169540208016e-02
2.999935169540344018e-02
2.999935169540185811e-02
2.999935169539652904e-02
2.999935169539918317e-02
2.999935169540242016e-02
2.999935169540276711e-02
2.999935169540115035e-02
2.999935169539904439e-02
2.999935169540103239e-02
2.999935169540125443e-02
2.999935169540092136e-02
2.999935169539972440e-02
2.999935169540087626e-02
2.999935169540266997e-02
2.999935169539809723e-02
2.999935169539976257e-02
2.999935169539839908e-02
2.999935169540073054e-02
2.999935169539953012e-02
2.999935169540171934e-02
2.999935169540186505e-02
2.999935169539820826e-02
2.999935169540124402e-02
2.999935169540279140e-02
2.999935169540476898e-02
2.999935169539816315e-02
2.999935169540049115e-02
2.999935169539987012e-02
2.999935169539982849e-02
2.999935169540070973e-02
2.999935169540091442e-02
2.999935169539759416e-02
2.999935169539807295e-02
2.999935169539949542e-02
2.999935169540172281e-02
2.999935169540159097e-02
2.999935169539928378e-02
2.999935169540179566e-02
2.999935169539991175e-02
2.999935169539991522e-02
2.999935169540340549e-02
2.999935169540227445e-02
2.999935169540286425e-02
2.999935169539942950e-02
2.999935169540002972e-02
2.999935169540504654e-02
2.999935169539998461e-02
2.999935169539422186e-02
2.999935169540048074e-02
2.999935169540071667e-02
2.999935169540217383e-02
2.999935169540266997e-02
2.999935169540347835e-02
2.999935169540323895e-02
2.999935169540034544e-02
2.999935169539853091e-02
2.999935169540129953e-02
2.999935169540220159e-02
2.999935169540144525e-02
2.999935169539912419e-02
2.999935169539815968e-02
2.999935169539917623e-02
2.999935169540193097e-02
2.999935169540121280e-02
2.999935169540045299e-02
2.999935169540295793e-02
2.999935169540210445e-02
2.999935169540026217e-02
2.999935169540176791e-02
2.999935169539893337e-02
2.999935169539884317e-02
2.999935169539993257e-02
2.999935169539680660e-02
2.999935169540107749e-02
2.999935169539938093e-02
2.999935169539974522e-02
2.999935169540027952e-02
2.999935169540361365e-02
2.999935169539919011e-02
2.999935169539919011e-02
2.999935169539812846e-02
2.999935169540184771e-02
2.999935169540119198e-02
2.999935169539866969e-02
2.999935169540009217e-02
2.999935169540245139e-02
2.999935169540042176e-02
2.999935169539890562e-02
2.999935169539912419e-02
2.999935169539960644e-02
2.999935169540091789e-02
2.999935169540021360e-02
2.999935169539978685e-02
2.999935169539982849e-02
2.999935169539950930e-02
2.999935169540101504e-02
2.999935169539960644e-02
2.999935169539909643e-02
2.999935169540125790e-02
2.999935169540047034e-02
2.999935169540064034e-02
2.999935169540044605e-02
2.999935169540135158e-02
2.999935169540162913e-02
2.999935169540154586e-02
2.999935169540005400e-02
2.999935169540094565e-02
2.999935169540167423e-02
2.999935169540225016e-02
2.999935169540158403e-02
2.999935169540118157e-02
2.999935169539996033e-02
2.999935169539889521e-02
2.999935169540157015e-02
2.999935169540116076e-02
2.999935169540144178e-02
2.999935169539888133e-02
2.999935169539855520e-02
2.999935169540073054e-02
2.999935169540126484e-02
2.999935169540075136e-02
2.999935169540126484e-02
2.999935169540071320e-02
2.999935169540077218e-02
2.999935169540165689e-02
2.999935169539886398e-02
2.999935169540136198e-02
2.999935169540034197e-02
2.999935169540134464e-02
2.999935169540257629e-02
2.999935169539928032e-02
2.999935169539915888e-02
2.999935169540157015e-02
2.999935169540080687e-02
2.999935169540147301e-02
2.999935169540065422e-02
2.999935169540089014e-02
2.999935169539991869e-02
2.999935169539897500e-02
2.999935169539801050e-02
2.999935169540136198e-02
2.999935169540067503e-02
2.999935169540048074e-02
2.999935169540143137e-02
2.999935169540042176e-02
2.999935169540068197e-02
2.999935169540106361e-02
2.999935169540116769e-02
2.999935169539842683e-02
2.999935169539939134e-02
2.999935169540203159e-02
2.999935169539971747e-02
2.999935169540129259e-02
2.999935169539985277e-02
2.999935169539869051e-02
2.999935169540171934e-02
2.999935169540058483e-02
2.999935169540000196e-02
2.999935169540011992e-02
2.999935169540019625e-02
2.999935169539971747e-02
2.999935169540013033e-02
2.999935169540100463e-02
2.999935169540138974e-02
2.999935169540063340e-02
2.999935169540088320e-02
2.999935169540001931e-02
2.999935169540143137e-02
2.999935169540162566e-02
2.999935169539932889e-02
2.999935169540057095e-02
2.999935169540081034e-02
2.999935169540092136e-02
2.999935169540010604e-02
2.999935169540048768e-02
2.999935169540152158e-02
2.999935169540010604e-02
2.999935169540171587e-02
2.999935169539901664e-02
2.999935169540161872e-02
2.999935169540092483e-02
2.999935169540208363e-02
2.999935169540195526e-02
2.999935169540156668e-02
2.999935169539990829e-02
2.999935169539900970e-02
2.999935169539993257e-02
2.999935169540092483e-02
2.999935169540118157e-02
2.999935169540011992e-02
2.999935169540245833e-02
2.999935169539939134e-02
2.999935169540023094e-02
2.999935169539919705e-02
2.999935169540089014e-02
2.999935169539977992e-02
2.999935169540075830e-02
2.999935169539955787e-02
2.999935169540105320e-02
2.999935169539962726e-02
2.999935169539949542e-02
2.999935169540108443e-02
2.999935169540145913e-02
2.999935169540022054e-02
2.999935169540015462e-02
2.999935169540067503e-02
2.999935169539971747e-02
2.999935169540002972e-02
2.999935169540021013e-02
2.999935169540032809e-02
2.999935169540031421e-02
2.999935169540050503e-02
2.999935169540011645e-02
2.999935169539898888e-02
2.999935169540030727e-02
2.999935169540065769e-02
2.999935169540000543e-02
2.999935169540028645e-02
2.999935169540052238e-02
2.999935169540064728e-02
2.999935169540011992e-02
2.999935169539982502e-02
2.999935169540115035e-02
2.999935169540012339e-02
2.999935169539931501e-02
2.999935169540177138e-02
2.999935169540122321e-02
2.999935169539999502e-02
2.999935169539972440e-02
2.999935169539903745e-02
2.999935169539988053e-02
2.999935169540064381e-02
2.999935169540141749e-02
2.999935169540104626e-02
2.999935169540104626e-02
2.999935169540082422e-02
2.999935169540124749e-02
2.999935169540225016e-02
2.999935169539957175e-02
2.999935169540120239e-02
2.999935169539971053e-02
2.999935169540112606e-02
2.999935169539880500e-02
2.999935169539951624e-02
2.999935169540020319e-02
2.999935169540079299e-02
2.999935169539961338e-02
2.999935169539948501e-02
2.999935169540110524e-02
2.999935169539934277e-02
2.999935169540001931e-02
2.999935169540083463e-02
2.999935169539904439e-02
2.999935169540116769e-02
2.999935169540045646e-02
2.999935169539935664e-02
2.999935169540079646e-02
2.999935169540068891e-02
2.999935169539968277e-02
2.999935169539964808e-02
2.999935169539919358e-02
2.999935169539984237e-02
2.999935169540059177e-02
2.999935169540038360e-02
2.999935169540032809e-02
2.999935169539965502e-02
2.999935169539994298e-02
2.999935169540018584e-02
2.999935169540009564e-02
2.999935169539876337e-02
2.999935169540055013e-02
2.999935169540095953e-02
2.999935169540078259e-02
2.999935169540112606e-02
2.999935169540004359e-02
2.999935169540051197e-02
2.999935169540132035e-02
2.999935169540054666e-02
2.999935169539917623e-02
2.999935169539992216e-02
2.999935169539891255e-02
2.999935169540035931e-02
2.999935169540031421e-02
2.999935169539921093e-02
2.999935169540001584e-02
2.999935169539844765e-02
2.999935169540002625e-02
2.999935169540052585e-02
2.999935169539988400e-02
2.999935169539987359e-02
2.999935169540055013e-02
2.999935169540009217e-02
2.999935169540028299e-02
2.999935169540118851e-02
2.999935169539915888e-02
2.999935169540020666e-02
2.999935169539857255e-02
2.999935169540000196e-02
2.999935169539941909e-02
2.999935169540005400e-02
2.999935169539959950e-02
2.999935169539943991e-02
2.999935169539981461e-02
2.999935169540031074e-02
2.999935169540115035e-02
2.999935169540095259e-02
2.999935169540012686e-02
2.999935169539953705e-02
2.999935169539887786e-02
2.999935169539973134e-02
2.999935169539935664e-02
2.999935169539906521e-02
2.999935169539932542e-02
2.999935169540107749e-02
2.999935169539970359e-02
2.999935169540042870e-02
2.999935169540011645e-02
2.999935169540018931e-02
2.999935169539952318e-02
2.999935169539916582e-02
2.999935169539958910e-02
2.999935169539928032e-02
2.999935169540108443e-02
2.999935169540069585e-02
2.999935169539984237e-02
2.999935169539953705e-02
2.999935169539913460e-02
2.999935169539932195e-02
2.999935169539966889e-02
2.999935169539927338e-02
2.999935169539969318e-02
2.999935169540041482e-02
2.999935169540000543e-02
2.999935169539975910e-02
2.999935169539993257e-02
2.999935169539922133e-02
2.999935169540054666e-02
2.999935169540043911e-02
2.999935169539934970e-02
2.999935169539950930e-02
2.999935169540032809e-02
2.999935169539918317e-02
2.999935169539979032e-02
2.999935169539970012e-02
2.999935169539921787e-02
2.999935169539947807e-02
2.999935169540030380e-02
2.999935169539857949e-02
2.999935169539948848e-02
2.999935169539957869e-02
2.999935169539979379e-02
2.999935169539905133e-02
2.999935169539979379e-02
2.999935169539919011e-02
2.999935169539945726e-02
2.999935169539951277e-02
2.999935169539872867e-02
2.999935169539979726e-02
2.999935169539890908e-02
2.999935169539937052e-02
2.999935169540028992e-02
2.999935169539881541e-02
2.999935169540015462e-02
2.999935169539966889e-02
2.999935169539923868e-02
2.999935169539953012e-02
2.999935169539944685e-02
2.999935169539964114e-02
2.999935169539932889e-02
2.999935169539964114e-02
2.999935169539963420e-02
2.999935169539986665e-02
2.999935169539950930e-02
2.999935169539957175e-02
2.999935169540009217e-02
2.999935169539960644e-02
2.999935169539904786e-02
2.999935169539958563e-02
2.999935169539953705e-02
2.999935169539949889e-02
2.999935169539983543e-02
2.999935169539953358e-02
2.999935169539939481e-02
2.999935169539950236e-02
2.999935169540014074e-02
2.999935169539974522e-02
2.999935169539939134e-02
2.999935169539942603e-02
2.999935169539960991e-02
2.999935169539920399e-02
2.999935169539939134e-02
2.999935169539928032e-02
2.999935169539917970e-02
2.999935169539928032e-02
2.999935169539914154e-02
2.999935169540012686e-02
2.999935169539968277e-02
2.999935169539912072e-02
2.999935169539980073e-02
2.999935169539951624e-02
2.999935169539937746e-02
2.999935169539950930e-02
2.999935169539942256e-02
2.999935169539988747e-02
2.999935169539961338e-02
2.999935169539941215e-02
2.999935169539970012e-02
2.999935169539925950e-02
2.999935169539974869e-02
2.999935169539967930e-02
2.999935169539942950e-02
2.999935169539934277e-02
2.999935169539952318e-02
2.999935169539966542e-02
2.999935169539949889e-02
2.999935169539953705e-02
2.999935169539977992e-02
2.999935169539979032e-02
2.999935169539997074e-02
2.999935169539986665e-02
2.999935169539948501e-02
2.999935169539944338e-02
2.999935169539962032e-02
2.999935169539990482e-02
2.999935169539940175e-02
2.999935169539954399e-02
2.999935169539963420e-02
2.999935169540002278e-02
2.999935169539966195e-02
2.999935169539957522e-02
2.999935169539963073e-02
2.999935169539949542e-02
2.999935169539953358e-02
2.999935169539947460e-02
2.999935169539992216e-02
2.999935169539969665e-02
2.999935169539969665e-02
2.999935169539970012e-02
2.999935169539978339e-02
2.999935169539973134e-02
2.999935169539979726e-02
2.999935169539972094e-02
2.999935169539982155e-02
2.999935169539976951e-02
2.999935169539978685e-02
2.999935169539973828e-02
2.999935169539974175e-02
2.999935169539980767e-02
2.999935169539976257e-02
2.999935169539987359e-02
2.999935169539971053e-02
2.999935169539975910e-02
2.999935169539964808e-02
2.999935169539967583e-02
2.999935169539965502e-02
2.999935169539971400e-02
2.999935169539980073e-02
2.999935169539979726e-02
2.999935169539976257e-02
2.999935169539986318e-02
2.999935169539976604e-02
2.999935169539976604e-02
2.999935169539975910e-02
2.999935169539980767e-02
2.999935169539976257e-02
2.999935169539975216e-02
2.999935169539980767e-02
2.999935169539980420e-02
2.999935169539979726e-02
2.999935169539981114e-02
2.999935169539983196e-02
2.999935169539980767e-02
2.999935169539983543e-02
2.999935169539984930e-02
2.999935169539982849e-02
2.999935169539984930e-02
2.999935169539984584e-02
2.999935169539985971e-02
2.999935169539988053e-02
2.999935169539987359e-02
2.999935169539987706e-02
2.999935169539988400e-02
2.999935169539990135e-02
2.999935169539990135e-02
2.999935169539991175e-02
2.999935169539992563e-02
2.999935169539992216e-02
2.999935169539993257e-02
2.999935169539993604e-02
2.999935169539994992e-02
2.999935169539996033e-02
2.999935169539996727e-02
2.999935169539997074e-02
2.999935169539998808e-02
2.999935169539998461e-02
2.999935169539998461e-02
2.999935169540000196e-02
2.999935169540000196e-02
2.999935169539999849e-02
2.999935169539999849e-02
2.999935169540000196e-02
2.999935169540002278e-02
2.999935169540002625e-02
2.999935169540004012e-02
2.999935169540004706e-02
2.999935169540004012e-02
2.999935169540006441e-02
2.999935169540006441e-02
2.999935169540009564e-02
2.999935169540010257e-02
2.999935169540010257e-02
2.999935169540009910e-02
2.999935169540012686e-02
2.999935169540010951e-02
2.999935169540011298e-02
2.999935169540014074e-02
2.999935169540013727e-02
2.999935169540014074e-02
2.999935169540016849e-02
2.999935169540010951e-02
2.999935169540019972e-02
2.999935169540018237e-02
2.999935169540016155e-02
2.999935169540015115e-02
2.999935169540020666e-02
2.999935169540009217e-02
2.999935169540018237e-02
2.999935169540017543e-02
2.999935169540018237e-02
2.999935169540019972e-02
2.999935169540021707e-02
2.999935169540020666e-02
2.999935169540029339e-02
2.999935169540027258e-02
2.999935169540024482e-02
2.999935169540024482e-02
2.999935169540024482e-02
2.999935169540021360e-02
2.999935169540030727e-02
2.999935169540033503e-02
2.999935169540030727e-02
2.999935169540033503e-02
2.999935169540022747e-02
2.999935169540020666e-02
2.999935169540028299e-02
2.999935169540018931e-02
2.999935169540027952e-02
2.999935169540030033e-02
2.999935169540036278e-02
2.999935169540023788e-02
2.999935169540056401e-02
2.999935169540032462e-02
2.999935169540034544e-02
2.999935169540046687e-02
2.999935169540044605e-02
2.999935169540042523e-02
2.999935169540035931e-02
2.999935169540055013e-02
2.999935169540030033e-02
2.999935169540055360e-02
2.999935169540037666e-02
2.999935169540058483e-02
2.999935169540014421e-02
2.999935169540054319e-02
2.999935169540043911e-02
2.999935169540051197e-02
2.999935169540054319e-02
2.999935169540047034e-02
2.999935169539991869e-02
2.999935169539994645e-02
2.999935169540036278e-02
2.999935169540027952e-02
2.999935169540021707e-02
2.999935169540045299e-02
2.999935169540039054e-02
2.999935169540049462e-02
2.999935169540014421e-02
2.999935169540060564e-02
2.999935169540075830e-02
2.999935169540102892e-02
2.999935169540048074e-02
2.999935169540067850e-02
2.999935169540075830e-02
2.999935169540054319e-02
2.999935169540091096e-02
2.999935169539991175e-02
2.999935169540102198e-02
2.999935169540053626e-02
2.999935169540056748e-02
2.999935169540132035e-02
2.999935169539991869e-02
2.999935169540096647e-02
2.999935169540019972e-02
2.999935169540019625e-02
2.999935169540060564e-02
2.999935169540035584e-02
2.999935169540075830e-02
2.999935169540083463e-02
2.999935169540081728e-02
2.999935169540055707e-02
2.999935169540078606e-02
2.999935169540084157e-02
2.999935169540091096e-02
2.999935169540037666e-02
2.999935169540084504e-02
2.999935169540093177e-02
2.999935169540119892e-02
2.999935169540088320e-02
2.999935169540064728e-02
2.999935169540082769e-02
2.999935169540076524e-02
2.999935169540065075e-02
2.999935169540145913e-02
2.999935169540097341e-02
2.999935169540104973e-02
2.999935169540110871e-02
2.999935169539999155e-02
2.999935169540141056e-02
2.999935169540096300e-02
2.999935169540120933e-02
2.999935169540056401e-02
2.999935169540018237e-02
2.999935169540007135e-02
2.999935169540048768e-02
2.999935169540113994e-02
2.999935169540032809e-02
2.999935169540070973e-02
2.999935169540067850e-02
2.999935169540201424e-02
2.999935169540077218e-02
2.999935169540114688e-02
2.999935169540030033e-02
2.999935169540086932e-02
2.999935169540174709e-02
2.999935169540060564e-02
2.999935169540065075e-02
2.999935169540137933e-02
2.999935169540047034e-02
2.999935169540128219e-02
2.999935169540152158e-02
2.999935169540031768e-02
2.999935169540088667e-02
2.999935169540131341e-02
2.999935169540122668e-02
2.999935169540113300e-02
2.999935169540122321e-02
2.999935169540108096e-02
2.999935169540162913e-02
2.999935169540082422e-02
2.999935169540051544e-02
2.999935169540138974e-02
2.999935169540083463e-02
2.999935169540111218e-02
2.999935169540195873e-02
2.999935169540056401e-02
2.999935169540065075e-02
2.999935169540012686e-02
2.999935169540091096e-02
2.999935169540065422e-02
2.999935169540121280e-02
2.999935169540115035e-02
2.999935169540118851e-02
2.999935169540091789e-02
2.999935169540015462e-02
2.999935169540120933e-02
2.999935169540117116e-02
2.999935169540041829e-02
2.999935169540082769e-02
2.999935169540099769e-02
2.999935169540216690e-02
2.999935169540079299e-02
2.999935169540141749e-02
2.999935169540145566e-02
2.999935169540110524e-02
2.999935169540142443e-02
2.999935169540112606e-02
2.999935169540201424e-02
2.999935169540086932e-02
2.999935169540056401e-02
2.999935169540057095e-02
2.999935169540204200e-02
2.999935169540233343e-02
2.999935169540202465e-02
2.999935169540180260e-02
2.999935169540060911e-02
2.999935169540123014e-02
2.999935169540134811e-02
2.999935169540163607e-02
2.999935169539995339e-02
2.999935169540161178e-02
2.999935169540185118e-02
2.999935169540160831e-02
2.999935169540099769e-02
2.999935169540179566e-02
2.999935169540273588e-02
2.999935169540116769e-02
2.999935169540234037e-02
2.999935169540180954e-02
2.999935169540204200e-02
2.999935169540065422e-02
2.999935169540099422e-02
2.999935169540084504e-02
2.999935169540206281e-02
2.999935169540109137e-02
2.999935169540092830e-02
2.999935169540069238e-02
2.999935169540189975e-02
2.999935169540234731e-02
2.999935169540304120e-02
2.999935169540258670e-02
2.999935169540088667e-02
2.999935169540127178e-02
2.999935169540129259e-02
2.999935169540245486e-02
2.999935169540162219e-02
2.999935169540115729e-02
2.999935169540174709e-02
2.999935169540201077e-02
2.999935169540106361e-02
2.999935169540118504e-02
2.999935169540137239e-02
2.999935169540204893e-02
2.999935169540005400e-02
2.999935169540211832e-02
2.999935169540075830e-02
2.999935169540062993e-02
2.999935169540135851e-02
2.999935169540072707e-02
2.999935169540077912e-02
2.999935169540195179e-02
2.999935169540066809e-02
2.999935169540062993e-02
2.999935169540115382e-02
2.999935169540148688e-02
2.999935169540111912e-02
2.999935169540083116e-02
2.999935169540098034e-02
2.999935169540247221e-02
2.999935169540170546e-02
2.999935169540106708e-02
2.999935169540203506e-02
2.999935169540199342e-02
2.999935169540193097e-02
2.999935169540059871e-02
2.999935169540224322e-02
2.999935169540189628e-02
2.999935169540128913e-02
2.999935169540249996e-02
2.999935169540139321e-02
2.999935169540064034e-02
2.999935169540161178e-02
2.999935169540205587e-02
2.999935169540209751e-02
2.999935169540141749e-02
2.999935169540162566e-02
2.999935169540110871e-02
2.999935169540315222e-02
2.999935169540202465e-02
2.999935169540266650e-02
2.999935169540400570e-02
2.999935169540314528e-02
2.999935169540297875e-02
2.999935169540098381e-02
2.999935169540146607e-02
2.999935169540176444e-02
2.999935169540281221e-02
2.999935169540264568e-02
2.999935169540367264e-02
2.999935169540277752e-02
2.999935169540115729e-02
2.999935169540234731e-02
2.999935169540335692e-02
2.999935169540206975e-02
2.999935169540352345e-02
2.999935169540225363e-02
2.999935169540225016e-02
2.999935169540204893e-02
2.999935169540229873e-02
2.999935169540231608e-02
2.999935169540213220e-02
2.999935169540195873e-02
2.999935169540239588e-02
2.999935169540213567e-02
2.999935169540140362e-02
2.999935169540296487e-02
2.999935169540123361e-02
2.999935169540367610e-02
2.999935169540228486e-02
2.999935169540290589e-02
2.999935169540156321e-02
2.999935169540237159e-02
2.999935169540353386e-02
2.999935169540161178e-02
2.999935169540203506e-02
2.999935169540219118e-02
2.999935169540285385e-02
2.999935169540219465e-02
2.999935169540101504e-02
2.999935169540229526e-02
2.999935169540311405e-02
2.999935169540150770e-02
2.999935169540187546e-02
2.999935169540282262e-02
2.999935169540329100e-02
2.999935169540177138e-02
2.999935169540259017e-02
2.999935169540151117e-02
2.999935169540147994e-02
2.999935169540236118e-02
2.999935169540215996e-02
2.999935169540279140e-02
2.999935169540274629e-02
2.999935169540380447e-02
2.999935169540392937e-02
2.999935169540116076e-02
2.999935169540151117e-02
2.999935169540254160e-02
2.999935169540293711e-02
2.999935169540180954e-02
2.999935169540280874e-02
2.999935169540342977e-02
2.999935169540363794e-02
2.999935169540364488e-02
2.999935169540214608e-02
2.999935169540256588e-02
2.999935169540221547e-02
2.999935169540542471e-02
2.999935169540269425e-02
2.999935169540456081e-02
2.999935169540309324e-02
2.999935169540293364e-02
2.999935169540280180e-02
2.999935169540404040e-02
2.999935169540356855e-02
2.999935169540472041e-02
2.999935169540222935e-02
2.999935169540195179e-02
2.999935169540244445e-02
2.999935169540267343e-02
2.999935169540469959e-02
2.999935169540170546e-02
2.999935169540363447e-02
2.999935169540389121e-02
2.999935169540267343e-02
2.999935169540154933e-02
2.999935169540279833e-02
2.999935169540327018e-02
2.999935169540350957e-02
2.999935169540410979e-02
2.999935169540263527e-02
2.999935169540295099e-02
2.999935169540345753e-02
2.999935169540299956e-02
2.999935169540295793e-02
2.999935169540357202e-02
2.999935169540500143e-02
2.999935169540383917e-02
2.999935169540304120e-02
2.999935169540417570e-02
2.999935169540341590e-02
2.999935169540455041e-02
2.999935169540257629e-02
2.999935169540450530e-02
2.999935169540373162e-02
2.999935169540404387e-02
2.999935169540425203e-02
2.999935169540276711e-02
2.999935169540372815e-02
2.999935169540349569e-02
2.999935169540336038e-02
2.999935169540525123e-02
2.999935169540395019e-02
2.999935169540406121e-02
2.999935169540481755e-02
2.999935169540361365e-02
2.999935169540339855e-02
2.999935169540524776e-02
2.999935169540420693e-02
2.999935169540186158e-02
2.999935169540417224e-02
2.999935169540327018e-02
2.999935169540263874e-02
2.999935169540299262e-02
2.999935169540223281e-02
2.999935169540296140e-02
2.999935169540321467e-02
2.999935169540463020e-02
2.999935169540379754e-02
2.999935169540356508e-02
2.999935169540438734e-02
2.999935169540327712e-02
2.999935169540224669e-02
2.999935169540218771e-02
2.999935169540478980e-02
2.999935169540327712e-02
2.999935169540493204e-02
2.999935169540238200e-02
2.999935169540244445e-02
2.999935169540368651e-02
2.999935169540517838e-02
2.999935169540443938e-02
2.999935169540591737e-02
2.999935169540353733e-02
2.999935169540509511e-02
2.999935169540474469e-02
2.999935169540623309e-02
2.999935169540547328e-02
2.999935169540443244e-02
2.999935169540373162e-02
2.999935169540170546e-02
2.999935169540215996e-02
2.999935169540441510e-02
2.999935169540219465e-02
2.999935169540298915e-02
2.999935169540330834e-02
2.999935169540325977e-02
2.999935169540095259e-02
2.999935169540199342e-02
2.999935169540526858e-02
2.999935169540374202e-02
2.999935169540227445e-02
2.999935169540507429e-02
2.999935169540523736e-02
2.999935169540497715e-02
2.999935169540297181e-02
2.999935169540490082e-02
2.999935169540451224e-02
2.999935169540404734e-02
2.999935169540215649e-02
2.999935169540527552e-02
2.999935169540290936e-02
2.999935169540458163e-02
2.999935169540569532e-02
2.999935169540871721e-02
2.999935169540511593e-02
2.999935169540273588e-02
2.999935169540599023e-02
2.999935169540624003e-02
2.999935169539952318e-02
2.999935169540369345e-02
2.999935169540088667e-02
2.999935169540331181e-02
2.999935169540496327e-02
2.999935169540568491e-02
2.999935169540506041e-02
2.999935169540280180e-02
2.999935169540432489e-02
2.999935169540225710e-02
2.999935169540295793e-02
2.999935169540585145e-02
2.999935169540246874e-02
2.999935169540350957e-02
2.999935169540523042e-02
2.999935169540490776e-02
2.999935169540649677e-02
2.999935169540339161e-02
2.999935169540119892e-02
2.999935169540499796e-02
2.999935169540388080e-02
2.999935169540241323e-02
2.999935169540471694e-02
2.999935169540450183e-02
2.999935169539911378e-02
2.999935169540289201e-02
2.999935169540347835e-02
2.999935169540596247e-02
2.999935169540683330e-02
2.999935169540438734e-02
2.999935169540349569e-02
2.999935169540215649e-02
2.999935169540329793e-02
2.999935169540385652e-02
2.999935169540631635e-02
2.999935169540517838e-02
2.999935169540838414e-02
2.999935169540515409e-02
2.999935169540212526e-02
2.999935169540549063e-02
2.999935169540510899e-02
2.999935169540544552e-02
2.999935169540531715e-02
2.999935169540571614e-02
2.999935169540114688e-02
2.999935169540516797e-02
2.999935169540152505e-02
2.999935169540835292e-02
2.999935169540444979e-02
