2.771914099549091887e+06
2.771914099385726266e+06
2.771914099226725753e+06
2.771914099072112702e+06
2.771914098921905272e+06
2.771914098776123021e+06
2.771914098634782713e+06
2.771914098497910891e+06
2.771914098365529440e+06
2.771914098237675615e+06
2.771914098114373628e+06
2.771914097995643970e+06
2.771914097881497815e+06
2.771914097771947272e+06
2.771914097667005844e+06
2.771914097566698678e+06
2.771914097471028101e+06
2.771914097380031832e+06
2.771914097293744329e+06
2.771914097212159541e+06
2.771914097135302145e+06
2.771914097063175403e+06
2.771914096995771397e+06
2.771914096933126915e+06
2.771914096875249874e+06
2.771914096822136547e+06
2.771914096773819067e+06
2.771914096730308607e+06
2.771914096691610292e+06
2.771914096657752059e+06
2.771914096628701314e+06
2.771914096604476683e+06
2.771914096585086547e+06
2.771914096570533700e+06
2.771914096560810693e+06
2.771914096555951517e+06
2.771914096555968747e+06
2.771914096560861450e+06
2.771914096570612863e+06
2.771914096585182007e+06
2.771914096604616381e+06
2.771914096628912259e+06
2.771914096658057999e+06
2.771914096692048013e+06
2.771914096730907913e+06
2.771914096774599981e+06
2.771914096823167522e+06
2.771914096876577474e+06
2.771914096934807021e+06
2.771914096997849178e+06
2.771914097065682989e+06
2.771914097138338722e+06
2.771914097215798683e+06
2.771914097298056353e+06
2.771914097385072149e+06
2.771914097476856783e+06
2.771914097573383246e+06
2.771914097674648743e+06
2.771914097780616023e+06
2.771914097891284619e+06
2.771914098006630782e+06
2.771914098126634490e+06
2.771914098251401912e+06
2.771914098380784038e+06
2.771914098514759913e+06
2.771914098653315566e+06
2.771914098796488717e+06
2.771914098944162019e+06
2.771914099096365273e+06
2.771914099253103137e+06
2.771914099414311815e+06
2.771914099580024835e+06
2.771914099750115070e+06
2.771914099924636073e+06
2.771914100103554782e+06
2.771914100286790635e+06
2.771914100474410690e+06
2.771914100666170474e+06
2.771914100862303283e+06
2.771914101062640082e+06
2.771914101267140824e+06
2.771914101475798059e+06
2.771914101688589901e+06
2.771914101905486081e+06
2.771914102126497775e+06
2.771914102351505775e+06
2.771914102580472361e+06
2.771914102813452948e+06
2.771914103050293401e+06
2.771914103291001171e+06
2.771914103535593487e+06
2.771914103783922736e+06
2.771914104036021512e+06
2.771914104291823227e+06
2.771914104551292490e+06
2.771914104814354330e+06
2.771914105081062764e+06
2.771914105351286475e+06
2.771914105625015683e+06
2.771914105902171694e+06
2.771914106182774995e+06
2.771914106466713361e+06
2.771914106753868051e+06
2.771914107044384815e+06
2.771914107338018250e+06
2.771914107634856831e+06
2.771914107934853062e+06
2.771914108237816952e+06
2.771914108543805778e+06
2.771914108852799516e+06
2.771914109164610971e+06
2.771914109479312785e+06
2.771914109796785284e+06
2.771914110117020551e+06
2.771914110439932905e+06
2.771914110765457619e+06
2.771914111093672924e+06
2.771914111424183939e+06
2.771914111757217906e+06
2.771914112092730589e+06
2.771914112430489156e+06
2.771914112770682666e+06
2.771914113113115076e+06
2.771914113457585685e+06
2.771914113804278895e+06
2.771914114153021015e+06
2.771914114503620658e+06
2.771914114856230095e+06
2.771914115210727789e+06
2.771914115567121189e+06
2.771914115924960468e+06
2.771914116284845863e+06
2.771914116646227892e+06
2.771914117009169422e+06
2.771914117373555899e+06
2.771914117739506997e+06
2.771914118106595241e+06
2.771914118475220166e+06
2.771914118845057674e+06
2.771914119216007181e+06
2.771914119587965775e+06
2.771914119961233810e+06
2.771914120335503481e+06
2.771914120710512158e+06
2.771914121086509898e+06
2.771914121463238262e+06
2.771914121840657666e+06
2.771914122218818404e+06
2.771914122597538866e+06
2.771914122976840008e+06
2.771914123356592376e+06
2.771914123736713547e+06
2.771914124117233790e+06
2.771914124497932382e+06
2.771914124879013281e+06
2.771914125260235742e+06
2.771914125641266350e+06
2.771914126022485550e+06
2.771914126403770875e+06
2.771914126784782391e+06
2.771914127165654674e+06
2.771914127546383068e+06
2.771914127926777117e+06
2.771914128306669183e+06
2.771914128686160315e+06
2.771914129065229557e+06
2.771914129443791229e+06
2.771914129821473733e+06
2.771914130198693369e+06
2.771914130575123709e+06
2.771914130950590596e+06
2.771914131325283088e+06
2.771914131698828191e+06
2.771914132071569562e+06
2.771914132443181705e+06
2.771914132813755888e+06
2.771914133182977326e+06
2.771914133551128674e+06
2.771914133917735424e+06
2.771914134283143096e+06
2.771914134647009429e+06
2.771914135009397287e+06
2.771914135370267089e+06
2.771914135729440022e+06
2.771914136086860672e+06
2.771914136442710645e+06
2.771914136796715204e+06
2.771914137148812879e+06
2.771914137499068398e+06
2.771914137847166508e+06
2.771914138193714432e+06
2.771914138537665829e+06
2.771914138879672624e+06
2.771914139219425619e+06
2.771914139556993265e+06
2.771914139892308041e+06
2.771914140225374140e+06
2.771914140555860475e+06
2.771914140884119086e+06
2.771914141209462192e+06
2.771914141532603651e+06
2.771914141852979548e+06
2.771914142170694657e+06
2.771914142485722434e+06
2.771914142798030749e+06
2.771914143107560463e+06
2.771914143414139282e+06
2.771914143717980478e+06
2.771914144018901512e+06
2.771914144316592254e+06
2.771914144611508586e+06
2.771914144903168082e+06
2.771914145191659685e+06
2.771914145477191545e+06
2.771914145759435371e+06
2.771914146038566250e+06
2.771914146314148791e+06
2.771914146586586721e+06
2.771914146855738945e+06
2.771914147121379152e+06
2.771914147383650765e+06
2.771914147642304190e+06
2.771914147897742689e+06
2.771914148149636574e+06
2.771914148397775367e+06
2.771914148642426357e+06
2.771914148883544840e+06
2.771914149120717309e+06
2.771914149354262277e+06
2.771914149584295228e+06
2.771914149810400791e+06
2.771914150032839272e+06
2.771914150251545012e+06
2.771914150466421619e+06
2.771914150677095167e+06
2.771914150884150527e+06
2.771914151087291539e+06
2.771914151286586188e+06
2.771914151481769048e+06
2.771914151673182379e+06
2.771914151860650163e+06
2.771914152043951210e+06
2.771914152223470621e+06
2.771914152398553677e+06
2.771914152569876052e+06
2.771914152737087570e+06
2.771914152900190093e+06
2.771914153059057891e+06
2.771914153214257210e+06
2.771914153364814352e+06
2.771914153511544690e+06
2.771914153654303867e+06
2.771914153792615980e+06
2.771914153927031439e+06
2.771914154056911357e+06
2.771914154183083680e+06
2.771914154304713942e+06
2.771914154422282241e+06
2.771914154536117800e+06
2.771914154645143542e+06
2.771914154750157148e+06
2.771914154851030558e+06
2.771914154947916977e+06
2.771914155040451325e+06
2.771914155128358863e+06
2.771914155213018879e+06
2.771914155293148942e+06
2.771914155368975364e+06
2.771914155440731905e+06
2.771914155508124735e+06
2.771914155571701936e+06
2.771914155630803201e+06
2.771914155686715618e+06
2.771914155737383291e+06
2.771914155784218572e+06
2.771914155827163719e+06
2.771914155865970533e+06
2.771914155901247635e+06
2.771914155931576155e+06
2.771914155958184972e+06
2.771914155981269665e+06
2.771914155999874696e+06
2.771914156014368869e+06
2.771914156025533564e+06
2.771914156032106839e+06
2.771914156035210006e+06
2.771914156033928040e+06
2.771914156029254198e+06
2.771914156020815484e+06
2.771914156007744372e+06
2.771914155991616659e+06
2.771914155971379485e+06
2.771914155947918538e+06
2.771914155920363031e+06
2.771914155888779089e+06
2.771914155853942037e+06
2.771914155815186910e+06
2.771914155773044564e+06
2.771914155727384612e+06
2.771914155677992851e+06
2.771914155625128653e+06
2.771914155568833463e+06
2.771914155509218574e+06
2.771914155445649289e+06
2.771914155378990807e+06
2.771914155309554189e+06
2.771914155235972721e+06
2.771914155159148388e+06
2.771914155079463497e+06
2.771914154996612575e+06
2.771914154910379089e+06
2.771914154821268283e+06
2.771914154728842434e+06
2.771914154633299448e+06
2.771914154534730129e+06
2.771914154433469754e+06
2.771914154328957200e+06
2.771914154221798293e+06
2.771914154111847281e+06
2.771914153998917900e+06
2.771914153883303516e+06
2.771914153764787596e+06
2.771914153643817175e+06
2.771914153520466760e+06
2.771914153393683024e+06
2.771914153265230358e+06
2.771914153133904561e+06
2.771914152999997139e+06
2.771914152863908559e+06
2.771914152725049760e+06
2.771914152584650554e+06
2.771914152441783808e+06
2.771914152295944281e+06
2.771914152149072848e+06
2.771914151999155525e+06
2.771914151847488713e+06
2.771914151693671476e+06
2.771914151537869591e+06
2.771914151380436961e+06
2.771914151220902335e+06
2.771914151059531141e+06
2.771914150896402076e+06
2.771914150730973110e+06
2.771914150564840995e+06
2.771914150396253448e+06
2.771914150227220263e+06
2.771914150056160521e+06
2.771914149882785976e+06
2.771914149708822370e+06
2.771914149533409625e+06
2.771914149356208742e+06
2.771914149178141262e+06
2.771914148998778313e+06
2.771914148818289395e+06
2.771914148636198137e+06
2.771914148453510366e+06
2.771914148269937374e+06
2.771914148084638640e+06
2.771914147899261676e+06
2.771914147712631151e+06
2.771914147525523789e+06
2.771914147336591035e+06
2.771914147147933021e+06
2.771914146958007477e+06
2.771914146767958999e+06
2.771914146576963831e+06
2.771914146385371685e+06
2.771914146193446591e+06
2.771914146001718938e+06
2.771914145808441564e+06
2.771914145615683869e+06
2.771914145421999972e+06
2.771914145228605717e+06
2.771914145034871530e+06
2.771914144841172732e+06
2.771914144646866247e+06
2.771914144452609587e+06
2.771914144258639775e+06
2.771914144064904191e+06
2.771914143871251494e+06
2.771914143676848151e+06
2.771914143483417574e+06
2.771914143290167209e+06
2.771914143096814398e+06
2.771914142903979868e+06
2.771914142711354885e+06
2.771914142519489396e+06
2.771914142328079324e+06
2.771914142136768904e+06
2.771914141946125776e+06
2.771914141756143421e+06
2.771914141566611361e+06
2.771914141378114466e+06
2.771914141190295108e+06
2.771914141002629884e+06
2.771914140816056170e+06
2.771914140630425885e+06
2.771914140445653349e+06
2.771914140261770692e+06
2.771914140078715514e+06
2.771914139896577224e+06
2.771914139715738595e+06
2.771914139535050374e+06
2.771914139356617816e+06
2.771914139179096557e+06
2.771914139002625365e+06
2.771914138827173039e+06
2.771914138652904890e+06
2.771914138479822315e+06
2.771914138307650108e+06
2.771914138137984090e+06
2.771914137968561146e+06
2.771914137800616678e+06
2.771914137634560466e+06
2.771914137469357345e+06
2.771914137305847835e+06
2.771914137144248001e+06
2.771914136983705219e+06
2.771914136825051159e+06
2.771914136668096296e+06
2.771914136511773337e+06
2.771914136358174030e+06
2.771914136205805466e+06
2.771914136054632254e+06
2.771914135905836243e+06
2.771914135758837685e+06
2.771914135613324121e+06
2.771914135469574481e+06
2.771914135327180382e+06
2.771914135187348351e+06
2.771914135048996191e+06
2.771914134912244510e+06
2.771914134776981547e+06
2.771914134644638747e+06
2.771914134513116907e+06
2.771914134383983444e+06
2.771914134257284924e+06
2.771914134131721221e+06
2.771914134008122608e+06
2.771914133886714932e+06
2.771914133768036962e+06
2.771914133650161792e+06
2.771914133534937166e+06
2.771914133421469945e+06
2.771914133310019504e+06
2.771914133200383279e+06
2.771914133093976416e+06
2.771914132987981662e+06
2.771914132885178085e+06
2.771914132783702109e+06
2.771914132684319280e+06
2.771914132587417960e+06
2.771914132492044941e+06
2.771914132398636080e+06
2.771914132308446337e+06
2.771914132219901774e+06
2.771914132132482715e+06
2.771914132047675084e+06
2.771914131964939181e+06
2.771914131884707604e+06
2.771914131805836223e+06
2.771914131729449611e+06
2.771914131654708646e+06
2.771914131583098322e+06
2.771914131512106396e+06
2.771914131444468163e+06
2.771914131377761718e+06
2.771914131313845981e+06
2.771914131251682062e+06
2.771914131190890912e+06
2.771914131133004092e+06
2.771914131077498663e+06
2.771914131022285204e+06
2.771914130970676430e+06
2.771914130920475349e+06
2.771914130872505251e+06
2.771914130826059263e+06
2.771914130781645421e+06
2.771914130739751738e+06
2.771914130698649678e+06
2.771914130660183728e+06
2.771914130623589270e+06
2.771914130588755943e+06
2.771914130555808078e+06
2.771914130523978733e+06
2.771914130495443475e+06
2.771914130467554089e+06
2.771914130441695917e+06
2.771914130417895038e+06
2.771914130395205691e+06
2.771914130374833476e+06
2.771914130356519017e+06
2.771914130339396652e+06
2.771914130324364174e+06
2.771914130309745669e+06
2.771914130297739059e+06
2.771914130287276115e+06
2.771914130278363824e+06
2.771914130270933732e+06
2.771914130265289452e+06
2.771914130260109436e+06
2.771914130257562734e+06
2.771914130256318953e+06
2.771914130256409757e+06
2.771914130257899873e+06
2.771914130260710604e+06
2.771914130265141837e+06
2.771914130270649679e+06
2.771914130276822951e+06
2.771914130285143852e+06
2.771914130294936709e+06
2.771914130305723753e+06
2.771914130316953175e+06
2.771914130329993553e+06
2.771914130343849771e+06
2.771914130359100644e+06
2.771914130375451874e+06
2.771914130392678082e+06
2.771914130411119200e+06
2.771914130430720747e+06
2.771914130451041739e+06
2.771914130472202320e+06
2.771914130494567566e+06
2.771914130517371930e+06
2.771914130541607738e+06
2.771914130566622131e+06
2.771914130591743160e+06
2.771914130617878865e+06
2.771914130644855089e+06
2.771914130672489293e+06
2.771914130700905807e+06
2.771914130730035249e+06
2.771914130759479012e+06
2.771914130789239425e+06
2.771914130819789134e+06
2.771914130851223599e+06
2.771914130882669706e+06
2.771914130914735608e+06
2.771914130947107449e+06
2.771914130980032496e+06
2.771914131012454163e+06
2.771914131046534050e+06
2.771914131080033723e+06
2.771914131113188807e+06
2.771914131147698034e+06
2.771914131182016805e+06
2.771914131216305774e+06
2.771914131250726059e+06
2.771914131284897216e+06
2.771914131319527049e+06
2.771914131354280747e+06
2.771914131389049813e+06
2.771914131422956940e+06
2.771914131457527168e+06
2.771914131491755135e+06
2.771914131525740027e+06
2.771914131560180336e+06
2.771914131593842059e+06
2.771914131626409944e+06
2.771914131659323350e+06
2.771914131692586467e+06
2.771914131725122686e+06
2.771914131757073104e+06
2.771914131788970903e+06
2.771914131819582079e+06
2.771914131850032602e+06
2.771914131880559959e+06
2.771914131910032127e+06
2.771914131939338520e+06
2.771914131968097296e+06
2.771914131995593198e+06
2.771914132022848353e+06
2.771914132049220614e+06
2.771914132074975874e+06
2.771914132100091781e+06
2.771914132123973221e+06
2.771914132147944532e+06
2.771914132169888820e+06
2.771914132191959769e+06
2.771914132212371565e+06
2.771914132232473232e+06
2.771914132251356728e+06
2.771914132269452792e+06
2.771914132286205888e+06
2.771914132302532904e+06
2.771914132316885050e+06
2.771914132330689114e+06
2.771914132343509700e+06
2.771914132355207577e+06
2.771914132365282159e+06
2.771914132374170702e+06
2.771914132382241543e+06
2.771914132389237639e+06
2.771914132394579705e+06
2.771914132398546673e+06
2.771914132401294075e+06
2.771914132403108757e+06
2.771914132403688040e+06
2.771914132402492687e+06
2.771914132399934344e+06
2.771914132395120338e+06
2.771914132389518432e+06
2.771914132382846903e+06
2.771914132374237292e+06
2.771914132364180405e+06
2.771914132352923043e+06
2.771914132339904550e+06
2.771914132325304672e+06
2.771914132308844943e+06
2.771914132290975656e+06
2.771914132271447219e+06
2.771914132250615396e+06
2.771914132227641530e+06
2.771914132203610148e+06
2.771914132177477702e+06
2.771914132149308454e+06
2.771914132119975518e+06
2.771914132088661660e+06
2.771914132055849303e+06
2.771914132020769641e+06
2.771914131983662490e+06
2.771914131945247762e+06
2.771914131905224174e+06
2.771914131862701848e+06
2.771914131818758324e+06
2.771914131772954483e+06
2.771914131725415587e+06
2.771914131675956771e+06
2.771914131624473725e+06
2.771914131571490783e+06
2.771914131516263355e+06
2.771914131458195392e+06
2.771914131399494596e+06
2.771914131338266190e+06
2.771914131275165826e+06
2.771914131210455205e+06
2.771914131143222563e+06
2.771914131073920056e+06
2.771914131002569571e+06
2.771914130929171573e+06
2.771914130854732357e+06
2.771914130777918734e+06
2.771914130698543508e+06
2.771914130617250688e+06
2.771914130533936899e+06
2.771914130447988398e+06
2.771914130361213349e+06
2.771914130271636881e+06
2.771914130180526525e+06
2.771914130086043850e+06
2.771914129991222173e+06
2.771914129893438891e+06
2.771914129793393426e+06
2.771914129691129550e+06
2.771914129586989060e+06
2.771914129481045529e+06
2.771914129373061005e+06
2.771914129262438510e+06
2.771914129150407389e+06
2.771914129036140162e+06
2.771914128919278271e+06
2.771914128800246399e+06
2.771914128679845482e+06
2.771914128556109034e+06
2.771914128431104124e+06
2.771914128304185346e+06
2.771914128174267709e+06
2.771914128043117933e+06
2.771914127909385134e+06
2.771914127773927525e+06
2.771914127636034973e+06
2.771914127495504916e+06
2.771914127353656106e+06
2.771914127209953498e+06
2.771914127062988468e+06
2.771914126914755441e+06
2.771914126764560118e+06
2.771914126612078398e+06
2.771914126457029022e+06
2.771914126299827360e+06
2.771914126141596586e+06
2.771914125980186742e+06
2.771914125816915184e+06
2.771914125651687384e+06
2.771914125484738033e+06
2.771914125315364450e+06
2.771914125144259073e+06
2.771914124970578589e+06
2.771914124795039184e+06
2.771914124617380090e+06
2.771914124437521212e+06
2.771914124255843461e+06
2.771914124072186183e+06
2.771914123886304908e+06
2.771914123698815238e+06
2.771914123508612160e+06
2.771914123316484503e+06
2.771914123122951947e+06
2.771914122926576063e+06
2.771914122728508431e+06
2.771914122528798413e+06
2.771914122326409444e+06
2.771914122122696135e+06
2.771914121917001903e+06
2.771914121708589606e+06
2.771914121499190107e+06
2.771914121286890469e+06
2.771914121073091403e+06
2.771914120857506525e+06
2.771914120639726985e+06
2.771914120419821702e+06
2.771914120198632590e+06
2.771914119975063950e+06
2.771914119749202393e+06
2.771914119521475863e+06
2.771914119292589836e+06
2.771914119061454199e+06
2.771914118828179315e+06
2.771914118593009189e+06
2.771914118356364314e+06
2.771914118117743172e+06
2.771914117877211887e+06
2.771914117634757422e+06
2.771914117390280124e+06
2.771914117144218646e+06
2.771914116896303371e+06
2.771914116646611597e+06
2.771914116395212710e+06
2.771914116141478065e+06
2.771914115886269137e+06
2.771914115629038308e+06
2.771914115370406769e+06
2.771914115109650418e+06
2.771914114847231191e+06
2.771914114583238028e+06
2.771914114317041822e+06
2.771914114049776457e+06
2.771914113780417480e+06
2.771914113509294577e+06
2.771914113236168399e+06
2.771914112961711828e+06
2.771914112684980966e+06
2.771914112407405861e+06
2.771914112127453554e+06
2.771914111846098676e+06
2.771914111562791746e+06
2.771914111278082710e+06
2.771914110992128029e+06
2.771914110704046674e+06
2.771914110413973685e+06
2.771914110122350045e+06
2.771914109829530120e+06
2.771914109534731135e+06
2.771914109238503966e+06
2.771914108940475620e+06
2.771914108641140163e+06
2.771914108339883387e+06
2.771914108037134632e+06
2.771914107732883655e+06
2.771914107426859438e+06
2.771914107119448483e+06
2.771914106810204219e+06
2.771914106499830727e+06
2.771914106187611818e+06
2.771914105873825960e+06
2.771914105558690615e+06
2.771914105241844896e+06
2.771914104923444800e+06
2.771914104603808839e+06
2.771914104282471351e+06
2.771914103959589265e+06
2.771914103635192849e+06
2.771914103309474885e+06
2.771914102982210927e+06
2.771914102653359063e+06
2.771914102323047817e+06
2.771914101991242263e+06
2.771914101658004802e+06
2.771914101323454641e+06
2.771914100987405516e+06
2.771914100649782456e+06
2.771914100310860667e+06
2.771914099970516749e+06
2.771914099628850818e+06
2.771914099285644479e+06
2.771914098941096105e+06
2.771914098594984040e+06
2.771914098247712944e+06
2.771914097898986191e+06
2.771914097549145576e+06
2.771914097197276074e+06
2.771914096844702028e+06
2.771914096490457654e+06
2.771914096134951338e+06
2.771914095778048038e+06
2.771914095420090016e+06
2.771914095060442574e+06
2.771914094699848909e+06
2.771914094337778632e+06
2.771914093974417076e+06
2.771914093609617092e+06
2.771914093243478332e+06
2.771914092876320705e+06
2.771914092507838272e+06
2.771914092138216831e+06
2.771914091767073143e+06
2.771914091394917108e+06
2.771914091021568514e+06
2.771914090647000354e+06
2.771914090271114372e+06
2.771914089893878903e+06
2.771914089515638538e+06
2.771914089136159979e+06
2.771914088755591772e+06
2.771914088373679202e+06
2.771914087990610860e+06
2.771914087606701069e+06
2.771914087221355177e+06
2.771914086835136637e+06
2.771914086447705515e+06
2.771914086059081368e+06
2.771914085669444408e+06
2.771914085278621875e+06
2.771914084886747412e+06
2.771914084493820090e+06
2.771914084099797532e+06
2.771914083704821765e+06
2.771914083308781497e+06
2.771914082911799662e+06
2.771914082513630390e+06
2.771914082114601042e+06
2.771914081714635249e+06
2.771914081313557457e+06
2.771914080911538564e+06
2.771914080508659594e+06
2.771914080104791559e+06
2.771914079699915834e+06
2.771914079294221476e+06
2.771914078887683805e+06
2.771914078480149619e+06
2.771914078071971424e+06
2.771914077662749216e+06
2.771914077252656221e+06
2.771914076841760427e+06
2.771914076430296991e+06
2.771914076017690822e+06
2.771914075604437850e+06
2.771914075190420728e+06
2.771914074775769375e+06
2.771914074360261671e+06
2.771914073944151402e+06
2.771914073527190369e+06
2.771914073109683581e+06
2.771914072691430338e+06
2.771914072272400372e+06
2.771914071853026748e+06
2.771914071432860568e+06
2.771914071012254804e+06
2.771914070590786636e+06
2.771914070169044659e+06
2.771914069746582769e+06
2.771914069323697127e+06
2.771914068900307175e+06
2.771914068476356566e+06
2.771914068052044138e+06
2.771914067627323326e+06
2.771914067202197853e+06
2.771914066776460968e+06
2.771914066350678448e+06
2.771914065924245864e+06
2.771914065497700125e+06
2.771914065070749726e+06
2.771914064643634018e+06
2.771914064216189552e+06
2.771914063788496889e+06
2.771914063360567670e+06
2.771914062932404689e+06
2.771914062504189089e+06
2.771914062075798865e+06
2.771914061647120863e+06
2.771914061218617950e+06
2.771914060789890122e+06
2.771914060361267067e+06
2.771914059932590928e+06
2.771914059503762517e+06
2.771914059075234924e+06
2.771914058646568563e+06
2.771914058218048420e+06
2.771914057789738756e+06
2.771914057361465879e+06
2.771914056933397427e+06
2.771914056505595334e+06
2.771914056077952962e+06
2.771914055650593713e+06
2.771914055223639589e+06
2.771914054796898272e+06
2.771914054370534606e+06
2.771914053944567218e+06
2.771914053518989123e+06
2.771914053093926050e+06
2.771914052669335157e+06
2.771914052245245315e+06
2.771914051821666770e+06
2.771914051398732234e+06
2.771914050976308994e+06
2.771914050554609392e+06
2.771914050133600365e+06
2.771914049713203683e+06
2.771914049293646123e+06
2.771914048874886706e+06
2.771914048456882592e+06
2.771914048039739951e+06
2.771914047623505816e+06
2.771914047208174597e+06
2.771914046793775633e+06
2.771914046380307060e+06
2.771914045967941638e+06
2.771914045556602068e+06
2.771914045146362856e+06
2.771914044737220276e+06
2.771914044329312630e+06
2.771914043922602199e+06
2.771914043517092243e+06
2.771914043112908956e+06
2.771914042710011825e+06
2.771914042308437638e+06
2.771914041908298619e+06
2.771914041509618983e+06
2.771914041112352163e+06
2.771914040716595482e+06
2.771914040322286543e+06
2.771914039929699618e+06
2.771914039538726211e+06
2.771914039149370976e+06
2.771914038761725649e+06
2.771914038375812117e+06
2.771914037991696037e+06
2.771914037609438412e+06
2.771914037228947505e+06
2.771914036850431468e+06
2.771914036473790649e+06
2.771914036099185701e+06
2.771914035726547707e+06
2.771914035355994012e+06
2.771914034987582359e+06
2.771914034621260595e+06
2.771914034257112071e+06
2.771914033895172644e+06
2.771914033535494935e+06
2.771914033178124577e+06
2.771914032823089510e+06
2.771914032470449805e+06
2.771914032120234333e+06
2.771914031772469636e+06
2.771914031427203678e+06
2.771914031084458344e+06
2.771914030744295102e+06
2.771914030406756792e+06
2.771914030071884859e+06
2.771914029739724472e+06
2.771914029410299845e+06
2.771914029083666392e+06
2.771914028759854846e+06
2.771914028438894544e+06
2.771914028120804578e+06
2.771914027805665974e+06
2.771914027493509464e+06
2.771914027184377890e+06
2.771914026878308970e+06
2.771914026575337164e+06
2.771914026275516488e+06
2.771914025978848338e+06
2.771914025685381144e+06
2.771914025395140983e+06
2.771914025108178146e+06
2.771914024824548047e+06
2.771914024544286076e+06
2.771914024267449044e+06
2.771914023994054180e+06
2.771914023724131752e+06
2.771914023457705975e+06
2.771914023194818757e+06
2.771914022935505025e+06
2.771914022679803893e+06
2.771914022427750751e+06
2.771914022179404274e+06
2.771914021934787743e+06
2.771914021693917457e+06
2.771914021456848364e+06
2.771914021223604679e+06
2.771914020994187798e+06
2.771914020768656861e+06
2.771914020547055174e+06
2.771914020329413936e+06
2.771914020115761552e+06
2.771914019906141795e+06
2.771914019700566307e+06
2.771914019499066286e+06
