3.000062161210688416e-02
3.285946110639879902e-02
3.419738281087328358e-02
3.494161222278701490e-02
3.596723824423065513e-02
3.543046198250783541e-02
3.622228095020776917e-02
3.581306349384341670e-02
3.664974901801380802e-02
3.639840769904667539e-02
3.652036950219056388e-02
3.718851428682334870e-02
3.716596572596370107e-02
3.748454217797254906e-02
3.765265321907360768e-02
3.773307418348065961e-02
3.798487981768855493e-02
3.798515598811245259e-02
3.812169926045511081e-02
3.811961935912659000e-02
3.796333766923246783e-02
3.797108520690094940e-02
3.763710295157720459e-02
3.746224871723252692e-02
3.723936857176123050e-02
3.693850861434110067e-02
3.679253816726345272e-02
3.638002858179921473e-02
3.579539329718891411e-02
3.567727359518856056e-02
3.525285024997623640e-02
3.540003521284751375e-02
3.452619720992955443e-02
3.452749907200718116e-02
3.414152678045704464e-02
3.434236481609691943e-02
3.405232611368738671e-02
3.407176657482302584e-02
3.409988911030539804e-02
3.416101418086482655e-02
3.399079680380348578e-02
3.421187008159896209e-02
3.437742372770346416e-02
3.443125073567861877e-02
3.449477394609649222e-02
3.491454288931004901e-02
3.489317178256374358e-02
3.508513435114948148e-02
3.525108396291420226e-02
3.532191429749605843e-02
3.535956320194741376e-02
3.537123317817967433e-02
3.544618350612910307e-02
3.546300911432829356e-02
3.535297818970714601e-02
3.521839889388408973e-02
3.521466432696432336e-02
3.497599190811507414e-02
3.481743379927583482e-02
3.454093347591676022e-02
3.437971211473437455e-02
3.402560597896801819e-02
3.391122589804304588e-02
3.358331689388011770e-02
3.352929321696484360e-02
3.339794595122023979e-02
3.315911184173733067e-02
3.300353165333144018e-02
3.303913223441912878e-02
3.292014664402698881e-02
3.281850235406896799e-02
3.274935877794780958e-02
3.304154153738445010e-02
3.286433119697625832e-02
3.294080936500570073e-02
3.316182483558129807e-02
3.317231903826581979e-02
3.326821947462537538e-02
3.354131040442846767e-02
3.352025675498045143e-02
3.363900605537811089e-02
3.375611077531329163e-02
3.379490359609164246e-02
3.392271810190713305e-02
3.397209602376326243e-02
3.399880463127423480e-02
3.397673470246302674e-02
3.387342072622721162e-02
3.372445464967180340e-02
3.368241041414118953e-02
3.356010784584119444e-02
3.346351159451258633e-02
3.339421723098804501e-02
3.316727598050567966e-02
3.289925702280733361e-02
3.297652631878427582e-02
3.253802993571898450e-02
3.260770811227022697e-02
3.231614625919675132e-02
3.217066560592656693e-02
3.214969452884171297e-02
3.223813475348315249e-02
3.193944172678510329e-02
3.193576484955245459e-02
3.187980614649837258e-02
3.194679982804273649e-02
3.198997542749727752e-02
3.197981296355027758e-02
3.192183294688541451e-02
3.221946461993788202e-02
3.217317219454591398e-02
3.233933630135894105e-02
3.229306380230861223e-02
3.246150231097803818e-02
3.248168844472464067e-02
3.256626203431487593e-02
3.259040158090838191e-02
3.261425299225449714e-02
3.261669686362232701e-02
3.260784648195696328e-02
3.261633467756625687e-02
3.249824125455127305e-02
3.246654916338664876e-02
3.242074491487118015e-02
3.245253767443306847e-02
3.211464371651769761e-02
3.211518580782570659e-02
3.194579533220380518e-02
3.196842384428998096e-02
3.175906298881802509e-02
3.188594771664809285e-02
3.161350100067275570e-02
3.154029129087702887e-02
3.144249538911379066e-02
3.139806935687688288e-02
3.136494855781541552e-02
3.155948683498209506e-02
3.131340337092682058e-02
3.144780526020926614e-02
3.132229410885790932e-02
3.151407325102442009e-02
3.142274327417617086e-02
3.161075385581330055e-02
3.159778035329391388e-02
3.166088289069735745e-02
3.169529793675020940e-02
3.190777678463823513e-02
3.187088840581311228e-02
3.193185077886233347e-02
3.193977980646883763e-02
3.193988361757658934e-02
3.193820834010442644e-02
3.193365328640452444e-02
3.193464392278082264e-02
3.189649104568643978e-02
3.183688494716656325e-02
3.176344971686136109e-02
3.174585953961853169e-02
3.166472110254647115e-02
3.156340685731107154e-02
3.146565729472811795e-02
3.146674637989983064e-02
3.139991397973902060e-02
3.128366835664766338e-02
3.115603636649160596e-02
3.111443283650345074e-02
3.102208475674943927e-02
3.117309304343518842e-02
3.093616176527588107e-02
3.097559022466352466e-02
3.096124923470714232e-02
3.094210670071118746e-02
3.093310503088694471e-02
3.106063717927678644e-02
3.093802627393923629e-02
3.101051593605323731e-02
3.102518597047493332e-02
3.105015416347215590e-02
3.109035027981438271e-02
3.116051510942704356e-02
3.114685966621453042e-02
3.119798100746408107e-02
3.120355447354074274e-02
3.123236055877975578e-02
3.124094077137686692e-02
3.127500949811369557e-02
3.128193644833356796e-02
3.123169846192245039e-02
3.125558896142963811e-02
3.115947428559240687e-02
3.111251080643505709e-02
3.113962501952879589e-02
3.103507835301337614e-02
3.093385927131948182e-02
3.093123499951580535e-02
3.086378611115592543e-02
3.092139450533183329e-02
3.083200034402426917e-02
3.078690868265509736e-02
3.077365072295742965e-02
3.077945017213360931e-02
3.066542269706710663e-02
3.076241774983828545e-02
3.068623323759121085e-02
3.073699329319898657e-02
3.071605025923390339e-02
3.073925148628486523e-02
3.073611712582413613e-02
3.085876938324533247e-02
3.081774768464860120e-02
3.091296353800826111e-02
3.087305916003730069e-02
3.088048914464915431e-02
3.089672135450616600e-02
3.096361801247677487e-02
3.098989210224215377e-02
3.101496844220674384e-02
3.102250272910523146e-02
3.101521930055102169e-02
3.099301961612488041e-02
3.097973626356555210e-02
3.097199851332477910e-02
3.090566669176505674e-02
3.090398181491021967e-02
3.085745599963845079e-02
3.082697326595152526e-02
3.079847780742997823e-02
3.085718099228767011e-02
3.068126103862423015e-02
3.075285772831769585e-02
3.061558091739693607e-02
3.068631495993663291e-02
3.052135399777825345e-02
3.064247639947422289e-02
3.046272279614411355e-02
3.048846486049114346e-02
3.047073325966774202e-02
3.049532597089616576e-02
3.045470785199900707e-02
3.050187017135743556e-02
3.045517348057929369e-02
3.049224803302742412e-02
3.047974433564807142e-02
3.050496004014827470e-02
3.054043904823399228e-02
3.052971804017096807e-02
3.055845092121231912e-02
3.062084192864348436e-02
3.062061754508385580e-02
3.063339220975760599e-02
3.058076402265876362e-02
3.059737632629386597e-02
3.059759048756440641e-02
3.060933137133364096e-02
3.063673878621468380e-02
3.056316538073692787e-02
3.056046956474399445e-02
3.053218368667007243e-02
3.058308665658938594e-02
3.049140892917823198e-02
3.049531697133353245e-02
3.044118008442226950e-02
3.051164010733314891e-02
3.042220310823172055e-02
3.043486653639997097e-02
3.034394505428196151e-02
3.044069831705472837e-02
3.036726317842322956e-02
3.038712448286772991e-02
3.033622729190833464e-02
3.038727689953385838e-02
3.037045446969817084e-02
3.043984449278421683e-02
3.039159612757081144e-02
3.044718315492922489e-02
3.043938758383449641e-02
3.052418497162440875e-02
3.047659619147003243e-02
3.048888789710102118e-02
3.048801922471917197e-02
3.053088843043084283e-02
3.052025981762096843e-02
3.058040890074717466e-02
3.056262174419758365e-02
3.054381206104677879e-02
3.054851807863270124e-02
3.059580637670980194e-02
3.056916354031919206e-02
3.056214316284770055e-02
3.050627977050584735e-02
3.050623551624136523e-02
3.053157992404283150e-02
3.044800285461551556e-02
3.042361425491515309e-02
3.040774869264387115e-02
3.038057374523241150e-02
3.033429945306958045e-02
3.038744204255849207e-02
3.026285654932608926e-02
3.027457959338026791e-02
3.025581530519375409e-02
3.027658370943447225e-02
3.027781043029045480e-02
3.028057225165943500e-02
3.021479960129734577e-02
3.025034339060790611e-02
3.022348744806450244e-02
3.022711072220085615e-02
3.023161169672151233e-02
3.022517399352943335e-02
3.026828305717804354e-02
3.032406932285963003e-02
3.027914025382860003e-02
3.028109399030224844e-02
3.028276428718353064e-02
3.029114420783321146e-02
3.028739879221054379e-02
3.028498904316675663e-02
3.028477230624461794e-02
3.028858481150985965e-02
3.028722233920700876e-02
3.028475453843973084e-02
3.027804024668062990e-02
3.027171509390081186e-02
3.028530422723214530e-02
3.027014074149457848e-02
3.022688476881147876e-02
3.021009410577464235e-02
3.025818503310043553e-02
3.019816809099404656e-02
3.020224464676667456e-02
3.018768229670576800e-02
3.022775796366218917e-02
3.018179563885437997e-02
3.021759706245385341e-02
3.020167810584837784e-02
3.019626812140853434e-02
3.019078209786162786e-02
3.018917654578337495e-02
3.020442768621697457e-02
3.026657234400633931e-02
3.023083931373584526e-02
3.025372940382314163e-02
3.025619595099816178e-02
3.031228278957244157e-02
3.030810526502032698e-02
3.031365710459626647e-02
3.028912480737588897e-02
3.029768538569973732e-02
3.030023826140238255e-02
3.035321539388795287e-02
3.033597997668438170e-02
3.031459381396198194e-02
3.031643618420660005e-02
3.030083168737182989e-02
3.028116618192621193e-02
3.028501024025294017e-02
3.028285194963218144e-02
3.026943834324122631e-02
3.023953779473570469e-02
3.022307089521059087e-02
3.023619530604538391e-02
3.020894984705503952e-02
3.019973905771120362e-02
3.017535385467476350e-02
3.022163525067324621e-02
3.016322321340963661e-02
3.012894214860398559e-02
3.016492827546104691e-02
3.011561440876674503e-02
3.011092728421018924e-02
3.012683491206857161e-02
3.011567016938306030e-02
3.014585730833949789e-02
3.011223832468649941e-02
3.010892033746664920e-02
3.010502601041700754e-02
3.012222853570836398e-02
3.011870759659516367e-02
3.012431975422668121e-02
3.011851452687807837e-02
3.012216417119772255e-02
3.012192896109722878e-02
3.012125137464251312e-02
3.012082890230603424e-02
3.012452110863231280e-02
3.012477469011539191e-02
3.014252424788263496e-02
3.013528835235465553e-02
3.012174298686935009e-02
3.012699035570119699e-02
3.010840140193777464e-02
3.009988904073547869e-02
3.010792783392073069e-02
3.009778346320256259e-02
3.008855955576941049e-02
3.010463420988098923e-02
3.008897972380009112e-02
3.009391364481970102e-02
3.008854217694657829e-02
3.010359180965264600e-02
3.011654170290625418e-02
3.010614321778540270e-02
3.011340226291946837e-02
3.013491415317627597e-02
3.013154747765569783e-02
3.014398772193606357e-02
3.012848913447371824e-02
3.013015815860364127e-02
3.014268311563286437e-02
3.016953986245179617e-02
3.016046411644108041e-02
3.020341560815216139e-02
3.018967962902480151e-02
3.019102218845752528e-02
3.019084283623032008e-02
3.019581889460367513e-02
3.020633253795219214e-02
3.018906362824034378e-02
3.019392579470629029e-02
3.020341099599987283e-02
3.020067606230259979e-02
3.019732452136565659e-02
3.022282262113391155e-02
3.016756200801262028e-02
3.016707017309781455e-02
3.015735911297988056e-02
3.017386942367724506e-02
3.012851722991304049e-02
3.012799404949370249e-02
3.011167150892593222e-02
3.010361468656089223e-02
3.009254016318351627e-02
3.013267490823025654e-02
3.007272570144199283e-02
3.007512903530220119e-02
3.007728812639564459e-02
3.007012515763891544e-02
3.007492458647280723e-02
3.007332775906928352e-02
3.007726563228889025e-02
3.005591521664612367e-02
3.006051570983952342e-02
3.006503512898439992e-02
3.005852648848661088e-02
3.005503394308708942e-02
3.005936904677327520e-02
3.006740520703780548e-02
3.005612387347751310e-02
3.006932415844243422e-02
3.007706222047892494e-02
3.006737224859017121e-02
3.005349684386525444e-02
3.005674624968869210e-02
3.006944951300748181e-02
3.005435268935747334e-02
3.008471113913107828e-02
3.006103666419295689e-02
3.006101778387427689e-02
3.006019520404772105e-02
3.005015730413206076e-02
3.004957312733373340e-02
3.008578858583316890e-02
3.005294533443335359e-02
3.007743369748535830e-02
3.006993754741165564e-02
3.006015818961654470e-02
3.005700914209491481e-02
3.009793267753396728e-02
3.006697197791386930e-02
3.006758348482493209e-02
3.010676857289220840e-02
3.009522341358709940e-02
3.009336610794748415e-02
3.009326171757394433e-02
3.009792017591535890e-02
3.011181649172906677e-02
3.010082452726622892e-02
3.017791844202473428e-02
3.013784110639811109e-02
3.014005904236439701e-02
3.011922178330235511e-02
3.021838553817994197e-02
3.022667898977053971e-02
3.013075697096380748e-02
3.013173719160295444e-02
3.013546112764840801e-02
3.014390098207347587e-02
3.012369710000229600e-02
3.012147560180680750e-02
3.012507656654911381e-02
3.010728308301007308e-02
3.010393677037920962e-02
3.010451220649226767e-02
3.009540247579754399e-02
3.009422689894703656e-02
3.007621237394729474e-02
3.006094445515742133e-02
3.005231656099455195e-02
3.005641131449480682e-02
3.005720124333510768e-02
3.005322377913188098e-02
3.006036242684246435e-02
3.005020722680110459e-02
3.003423895888667622e-02
3.003735569521776699e-02
3.003765482215321400e-02
3.003204196477820762e-02
3.003193595191572599e-02
3.005821448725844516e-02
3.002672387562271145e-02
3.003159283654308759e-02
3.003110966320367628e-02
3.006516157661416264e-02
3.005242905905738601e-02
3.002178839780603181e-02
3.003226015714039951e-02
3.002451071463036955e-02
3.002481056620180319e-02
3.003524960108241298e-02
3.003741398783043096e-02
3.002876484684525657e-02
3.004405980920689043e-02
3.002969936241239174e-02
3.005744782850849894e-02
3.005831263613003082e-02
3.004990353814701934e-02
3.004243563487180024e-02
3.003848731496347804e-02
3.004339828780243360e-02
3.004070645765520575e-02
3.003941370177366094e-02
3.006984459961286812e-02
3.005443451492851789e-02
3.009342686705377204e-02
3.007770735013087435e-02
3.007519374524070949e-02
3.007229973143032281e-02
3.009277919112593111e-02
3.008647150557989744e-02
3.007978543041614494e-02
3.008400801957376164e-02
3.011117634763387646e-02
3.011052691917496388e-02
3.011671961832385405e-02
3.011634641926054165e-02
3.010713034684629058e-02
3.010659573528546087e-02
3.013789263993365761e-02
3.013290623177285535e-02
3.011798012949027867e-02
3.013500127901832387e-02
3.010398288110267828e-02
3.010384053144116168e-02
3.010795393224692876e-02
3.011196010002957155e-02
3.012691362818973109e-02
3.012879072643840153e-02
3.012058692515704253e-02
3.011880903975290916e-02
3.011246062195324300e-02
3.006172109806954165e-02
3.009406649522848240e-02
3.009396274863063853e-02
3.007559480903708796e-02
3.006387874453832557e-02
3.005887725469659488e-02
3.006532262846380033e-02
3.004450878064393246e-02
3.004001489978024367e-02
3.005529182432292376e-02
3.005549153429795672e-02
3.004220514724589147e-02
3.008953283605081408e-02
3.002533819939033621e-02
3.002445811634607553e-02
3.004700795677427844e-02
3.005387110628706185e-02
3.003046222289703152e-02
3.005978746719761494e-02
3.003457972446231874e-02
3.002679901513702690e-02
3.003220696107429533e-02
3.002178563400402858e-02
3.002720283215237415e-02
3.003816134480285366e-02
3.002034367368061965e-02
3.002594397220220354e-02
3.002051427130403641e-02
3.002399306166215684e-02
3.002767423798875096e-02
3.003276827427155821e-02
3.010685583754237407e-02
3.003874270642384672e-02
3.003405283724300961e-02
3.003419213543182670e-02
3.003568695143529060e-02
3.003708552766316472e-02
3.007175110856139671e-02
3.006214851671667673e-02
3.005514391274047986e-02
3.005328503452893082e-02
3.007249890225256739e-02
3.006855058765121186e-02
3.009745872474994810e-02
3.008282863272970786e-02
3.008385134962807822e-02
3.008622844043301950e-02
3.012090095558648747e-02
3.009934022802206524e-02
3.009451101495651260e-02
3.009715292542137349e-02
3.008432199180154781e-02
3.008785508104980244e-02
3.008849079141939428e-02
3.009439785596904060e-02
3.012234760567692946e-02
3.011916807432232432e-02
3.009710400743735234e-02
3.009830790920233964e-02
3.010151097818060395e-02
3.010528940223114805e-02
3.011250907129267573e-02
3.011362869260567413e-02
3.011425793918287228e-02
3.011882322147030680e-02
3.009147183890653263e-02
3.009408733921441551e-02
3.007246227876409633e-02
3.007121803139844313e-02
3.007330953244974348e-02
3.010272138292930180e-02
3.005768904307412615e-02
3.006648589269431127e-02
3.007135886722513141e-02
3.005918600443817021e-02
3.007379328538428362e-02
3.005129837219015776e-02
3.003561334246711637e-02
3.003478019864086815e-02
3.006896968065880110e-02
3.006476195177656269e-02
3.006492094477028129e-02
3.005629106021133826e-02
3.005243473858174377e-02
3.003539579499021547e-02
3.005641963470280856e-02
3.007602381426221355e-02
3.005259857852292035e-02
3.005142653436727873e-02
3.006553251336363530e-02
3.007656947669329686e-02
3.003085417177810829e-02
3.003432040238112125e-02
3.004003185052599167e-02
3.004637611255310536e-02
3.004857255133150037e-02
3.004654559351743401e-02
3.005004880113870333e-02
3.005084191015311088e-02
3.004807460716956563e-02
3.004745687685813488e-02
3.004670605888218327e-02
3.005012913891243545e-02
3.003937188838482972e-02
3.006293998503140052e-02
3.008767781811345562e-02
3.007979308380252098e-02
3.007975490947027014e-02
3.007856488923281793e-02
3.007895738166399546e-02
3.007557089723227745e-02
3.007475250159357891e-02
3.008104035427133435e-02
3.008851941475958192e-02
3.009858839384092766e-02
3.009873224698164651e-02
3.009375255191375914e-02
3.009464357362466244e-02
3.013161800711139371e-02
3.016422594688640546e-02
3.015843628046769795e-02
3.013366839573378142e-02
3.012598133436484096e-02
3.013368021890739518e-02
3.014295753128189495e-02
3.014778517756327644e-02
3.015134397844148814e-02
3.010523428405464594e-02
3.010164807348073013e-02
3.011794257476058806e-02
3.013953634438571241e-02
3.014711066838413403e-02
3.012725232538223177e-02
3.012296901787536729e-02
3.012205649090469312e-02
3.011530870424236617e-02
3.014986945191663187e-02
3.007813922124066841e-02
3.007869777615519713e-02
3.007805997675970858e-02
3.008104544950021206e-02
3.009892421793643191e-02
3.013176289607955721e-02
3.008599574130068136e-02
3.008416427334941606e-02
3.010196973959002389e-02
3.009299209042360507e-02
3.009231069327180860e-02
3.009895296297935077e-02
3.008130227070834536e-02
3.008297921345063491e-02
3.008298246187511224e-02
3.010265425814746820e-02
3.009289942521567798e-02
3.008400204912196202e-02
3.006397175970757993e-02
3.006727578990214811e-02
3.006682535094186773e-02
3.006538248287391260e-02
3.006821567182697830e-02
3.007194102937727626e-02
3.007170705294581400e-02
3.006949927871028355e-02
3.006479734583484414e-02
3.006298334696268226e-02
3.006777170708867242e-02
3.007742719700209205e-02
3.007701735225719666e-02
3.008341256192777896e-02
3.008532881430362599e-02
3.007454205043492285e-02
3.007711188824868306e-02
3.008175506971679652e-02
3.008724369023887957e-02
3.009989792279397017e-02
3.009882660908599558e-02
3.014378530072498244e-02
3.013922988700440744e-02
3.009820448672847343e-02
3.009315399566261581e-02
3.009528306667114128e-02
3.011958450480150748e-02
3.011387028738876995e-02
3.010430429526761778e-02
3.010838579205371221e-02
3.011049996942967780e-02
3.011104406952622506e-02
3.008894241261056077e-02
3.008570645687522888e-02
3.009568390942190391e-02
3.009977248791287016e-02
3.010848786223232348e-02
3.011070645033202264e-02
3.011009422243357547e-02
3.009646698824062008e-02
3.009854201095089193e-02
3.009736040555983233e-02
3.010278674283402636e-02
3.011363166736066507e-02
3.011561050033544421e-02
3.010783180251995483e-02
3.011001663732977215e-02
3.011638125267871238e-02
3.016708346589851500e-02
3.013507251342569665e-02
3.012568506051103989e-02
3.013451285976347441e-02
3.010532831627507969e-02
3.010826061957810884e-02
3.010925117850681357e-02
3.009215351201248792e-02
3.010056316053727823e-02
3.010325824912779558e-02
3.008672843155043436e-02
3.009177815077624524e-02
3.010056686261058587e-02
3.011837366176881373e-02
3.011634173099213968e-02
3.011334108725649550e-02
3.010171826377241663e-02
3.008863609969282885e-02
3.010666303065180627e-02
3.009471048964176138e-02
3.008589654938077437e-02
3.008890511058313552e-02
3.011052720653991516e-02
3.011313226873926774e-02
3.010401164350507558e-02
3.010543138556263931e-02
3.010920038911530511e-02
3.013413313791065903e-02
3.015025689197989994e-02
3.012286327542770814e-02
3.014301267031912340e-02
3.014562046122774147e-02
3.010563062324797881e-02
3.013645989282852031e-02
3.014586582493818806e-02
3.011007299010601962e-02
3.016810810341288493e-02
3.018568612232309933e-02
3.010940793201003982e-02
3.011575535106918514e-02
3.011187009985517513e-02
3.010458692472691919e-02
3.015893014547920553e-02
3.014644229404164419e-02
3.011916596218132749e-02
3.012015009709156574e-02
3.015638643582531711e-02
3.015843495074814473e-02
3.012834031847134303e-02
3.012725044426997970e-02
3.013532996308614445e-02
3.013493234735403759e-02
3.014298154532736584e-02
3.014018751871875082e-02
3.016933785640832366e-02
3.019771809485596870e-02
3.015295127011406381e-02
3.015635692650906613e-02
3.016207020919915022e-02
3.016420389666554097e-02
3.013748368265047398e-02
3.013318862484793553e-02
3.016573607712510346e-02
3.016094717765386776e-02
3.014008052884360744e-02
3.013153074766365680e-02
3.014691570731312803e-02
3.015237096303454573e-02
3.015963916043466753e-02
3.015996677735150594e-02
3.014001498410181709e-02
3.013937378441033585e-02
3.013964833146110314e-02
3.014052676648815154e-02
3.015337744566774433e-02
3.015335713975761389e-02
3.015540955959448641e-02
3.015662073525967810e-02
3.014594640768630818e-02
3.014799851445812764e-02
3.013304238500746218e-02
3.013613455207445405e-02
3.014218447697877140e-02
3.014076198304570936e-02
3.013848710417341148e-02
3.013847127988971905e-02
3.013147199901588386e-02
3.012799388851881977e-02
3.019102081205381899e-02
3.017599672571831884e-02
3.016730617883131571e-02
3.015730292269363372e-02
3.015872415774802778e-02
3.015814637639093257e-02
3.016823669234432528e-02
3.014157585074852402e-02
3.014884365898840013e-02
3.015238707443455152e-02
3.012270789998026249e-02
3.013971275232529834e-02
3.014494948941332658e-02
3.014807672315267251e-02
3.015144755886067784e-02
3.017208574947190941e-02
3.018273519998088822e-02
3.019559070932523528e-02
3.022857847279251248e-02
3.023721808428412455e-02
3.018083918680547137e-02
3.022714790142711980e-02
3.012584883448492235e-02
3.012409984973221308e-02
3.017046533655205753e-02
3.015713812305218650e-02
3.015335564088260367e-02
3.016151164718466199e-02
3.019310478282759280e-02
3.019875316636999249e-02
3.013109971455192257e-02
3.014013922935312312e-02
3.015305223162697418e-02
3.015256592256451706e-02
3.017852212357835170e-02
3.017445036267750805e-02
3.018557412627901823e-02
3.018615514145026046e-02
3.021539851340031627e-02
3.024833200792730395e-02
3.016769122086464250e-02
3.018539717524296520e-02
3.019491244811712757e-02
3.020163311765264660e-02
3.017022774841958757e-02
3.017820446632162729e-02
3.018638096657053418e-02
3.018342281575106187e-02
3.018445126652367916e-02
3.018551795590033657e-02
3.017670404357838607e-02
3.017794799802999556e-02
3.017952926488921134e-02
3.014830647116488460e-02
3.016555231823307703e-02
3.016406290371571527e-02
3.019048362325373394e-02
3.019196659636793137e-02
3.019312095581084404e-02
3.020302370957832216e-02
3.020683989373591782e-02
3.021129538535705789e-02
3.017988156515008860e-02
3.017882838716419783e-02
3.020793226847182794e-02
3.021140291021636240e-02
3.020007096419211751e-02
3.020353340129319428e-02
3.019445933018054945e-02
3.019740486393419562e-02
3.020564790286403914e-02
3.020814369424907470e-02
3.018762209169763983e-02
3.019919121898299863e-02
3.019757797694106599e-02
3.019676528353463021e-02
3.022893139086420961e-02
3.022700770720517655e-02
3.023206054847485044e-02
3.023702806954168751e-02
3.026153193758321022e-02
3.031433402196522311e-02
3.018707237973269203e-02
3.019540549318256578e-02
3.020422651463930755e-02
3.022261818333423292e-02
3.019815496474869895e-02
3.021104479310116747e-02
3.025078851841250110e-02
3.022669051394629922e-02
3.019890896805731487e-02
3.021725047395592417e-02
3.024889961339854300e-02
3.023116923246834190e-02
3.020866079789023134e-02
3.019687272103081799e-02
3.019380740196258434e-02
3.019412008173923828e-02
3.020532819545870482e-02
3.021118862973953129e-02
3.019492551268665795e-02
3.020043828956773396e-02
3.019756496482342567e-02
3.020185237332327979e-02
3.021778064522355478e-02
3.021982068778196820e-02
3.021750180888349568e-02
3.022032658104924219e-02
3.020780002714244794e-02
3.023386900699110563e-02
3.023470564641800654e-02
3.021271828144192831e-02
3.022059528549527960e-02
3.023632346884188790e-02
3.019384166463651153e-02
3.020397193751212309e-02
3.025856068099968058e-02
3.025667806857245193e-02
3.024448032205393627e-02
3.024980395778288297e-02
3.023344585135611176e-02
3.023435289860300357e-02
3.026695827919301945e-02
3.027071723476592105e-02
3.022794542611437554e-02
3.022301506590912082e-02
3.026333675395181250e-02
3.026251549707796237e-02
3.024365767639673047e-02
3.027400298615498184e-02
3.027634766441943820e-02
3.025130419645862684e-02
3.024480667371898593e-02
3.024346784067220850e-02
3.026747532183717698e-02
3.026854889763093415e-02
3.024980761844075702e-02
3.026222478271212157e-02
3.027118693310660788e-02
3.027037772303158708e-02
3.023883413987488861e-02
3.024132604165070265e-02
3.024858171371136092e-02
3.025378339554809018e-02
3.025145621676912644e-02
3.025836535589727233e-02
