2.999935743692704049e-02
2.999935743692497270e-02
2.999935743692972237e-02
2.999935743692351900e-02
2.999935743692494494e-02
2.999935743692642987e-02
2.999935743692434126e-02
2.999935743692845602e-02
2.999935743692339757e-02
2.999935743692538209e-02
2.999935743692517393e-02
2.999935743692322757e-02
2.999935743692393186e-02
2.999935743692591292e-02
2.999935743692453555e-02
2.999935743692646803e-02
2.999935743691965057e-02
2.999935743692598925e-02
2.999935743692520168e-02
2.999935743692396656e-02
2.999935743692458412e-02
2.999935743692492413e-02
2.999935743692307144e-02
2.999935743692576026e-02
2.999935743692259613e-02
2.999935743692319287e-02
2.999935743692716539e-02
2.999935743692041384e-02
2.999935743692367859e-02
2.999935743692262735e-02
2.999935743692608639e-02
2.999935743692129161e-02
2.999935743692118753e-02
2.999935743692056650e-02
2.999935743692110079e-02
2.999935743692341145e-02
2.999935743691930015e-02
2.999935743692217979e-02
2.999935743691934525e-02
2.999935743691850565e-02
2.999935743691956036e-02
2.999935743692024731e-02
2.999935743692141304e-02
2.999935743692146162e-02
2.999935743691941464e-02
2.999935743691573009e-02
2.999935743691626092e-02
2.999935743691451925e-02
2.999935743691714563e-02
2.999935743691581336e-02
2.999935743691863402e-02
2.999935743691967832e-02
2.999935743691653500e-02
2.999935743691763829e-02
2.999935743691539008e-02
2.999935743691335005e-02
2.999935743691357903e-02
2.999935743691603540e-02
2.999935743691530682e-02
2.999935743691400925e-02
2.999935743691453313e-02
2.999935743690891610e-02
2.999935743691194839e-02
2.999935743691582030e-02
2.999935743691151818e-02
2.999935743691165002e-02
2.999935743691271167e-02
2.999935743690977305e-02
2.999935743691208023e-02
2.999935743691078266e-02
2.999935743690660545e-02
2.999935743690877732e-02
2.999935743690972101e-02
2.999935743690645973e-02
2.999935743690946774e-02
2.999935743690881201e-02
2.999935743690605033e-02
2.999935743690675810e-02
2.999935743690563747e-02
2.999935743690585604e-02
2.999935743690777812e-02
2.999935743690722301e-02
2.999935743690422887e-02
2.999935743690392009e-02
2.999935743690240048e-02
2.999935743690004819e-02
2.999935743690451684e-02
2.999935743690237272e-02
2.999935743690247680e-02
2.999935743690053391e-02
2.999935743690113413e-02
2.999935743690152271e-02
2.999935743690068310e-02
2.999935743690017309e-02
2.999935743690005513e-02
2.999935743689932655e-02
2.999935743689809142e-02
2.999935743690113760e-02
2.999935743689804979e-02
2.999935743689796999e-02
2.999935743689609302e-02
2.999935743689780693e-02
2.999935743689464279e-02
2.999935743689466014e-02
2.999935743689394543e-02
2.999935743689315093e-02
2.999935743689197479e-02
2.999935743689263398e-02
2.999935743689505913e-02
2.999935743689358808e-02
2.999935743689358114e-02
2.999935743689167988e-02
2.999935743689181866e-02
2.999935743689163478e-02
2.999935743689062517e-02
2.999935743689059742e-02
2.999935743688977863e-02
2.999935743688875167e-02
2.999935743688655204e-02
2.999935743688638551e-02
2.999935743688685388e-02
2.999935743688695450e-02
2.999935743688774553e-02
2.999935743688753043e-02
2.999935743688616346e-02
2.999935743688669429e-02
2.999935743688445303e-02
2.999935743688515732e-02
2.999935743688110154e-02
2.999935743688390138e-02
2.999935743688211115e-02
2.999935743688014744e-02
2.999935743688164277e-02
2.999935743688166359e-02
2.999935743688025500e-02
2.999935743688070949e-02
2.999935743687990111e-02
2.999935743687917600e-02
2.999935743688033479e-02
2.999935743687814210e-02
2.999935743687892620e-02
2.999935743687923845e-02
2.999935743687751760e-02
2.999935743687635187e-02
2.999935743687679249e-02
2.999935743687701800e-02
2.999935743687480796e-02
2.999935743687564410e-02
2.999935743687487388e-02
2.999935743687444367e-02
2.999935743687494327e-02
2.999935743687223710e-02
2.999935743687270201e-02
2.999935743687309059e-02
2.999935743687334039e-02
2.999935743687065504e-02
2.999935743687213996e-02
2.999935743687262568e-02
2.999935743687061340e-02
2.999935743687047462e-02
2.999935743687016931e-02
2.999935743686935746e-02
2.999935743686995421e-02
2.999935743686910766e-02
2.999935743686823683e-02
2.999935743686762274e-02
2.999935743686734865e-02
2.999935743686782397e-02
2.999935743686796968e-02
2.999935743686665823e-02
2.999935743686529127e-02
2.999935743686658191e-02
2.999935743686749437e-02
2.999935743686541617e-02
2.999935743686495127e-02
2.999935743686579087e-02
2.999935743686609965e-02
2.999935743686572148e-02
2.999935743686572495e-02
2.999935743686290429e-02
2.999935743686347328e-02
2.999935743686403533e-02
2.999935743686266143e-02
2.999935743686455575e-02
2.999935743686224510e-02
2.999935743686300491e-02
2.999935743686045486e-02
2.999935743686113487e-02
2.999935743686099957e-02
2.999935743686151651e-02
2.999935743686036813e-02
2.999935743685994138e-02
2.999935743685940015e-02
2.999935743685950076e-02
2.999935743686068385e-02
2.999935743686035772e-02
2.999935743685786665e-02
2.999935743685953199e-02
2.999935743685756481e-02
2.999935743685789441e-02
2.999935743685609724e-02
2.999935743685770706e-02
2.999935743685702705e-02
2.999935743685822748e-02
2.999935743685685358e-02
2.999935743685552131e-02
2.999935743685788747e-02
2.999935743685717970e-02
2.999935743685424802e-02
2.999935743685540335e-02
2.999935743685491069e-02
2.999935743685357842e-02
2.999935743685505640e-02
2.999935743685511885e-02
2.999935743685468864e-02
2.999935743685437639e-02
2.999935743685442496e-02
2.999935743685211084e-02
2.999935743685239881e-02
2.999935743685343617e-02
2.999935743685294351e-02
2.999935743685384210e-02
2.999935743685275963e-02
2.999935743685235370e-02
2.999935743685230513e-02
2.999935743685112205e-02
2.999935743685214207e-02
2.999935743685130593e-02
2.999935743684963366e-02
2.999935743684974468e-02
2.999935743685202411e-02
2.999935743684897099e-02
2.999935743684858241e-02
2.999935743684910283e-02
2.999935743684930406e-02
2.999935743684893630e-02
2.999935743684885997e-02
2.999935743685034489e-02
2.999935743684837425e-02
2.999935743684822853e-02
2.999935743684800649e-02
2.999935743684671585e-02
2.999935743684773934e-02
2.999935743684760056e-02
2.999935743684759362e-02
2.999935743684711831e-02
2.999935743684659095e-02
2.999935743684697953e-02
2.999935743684612605e-02
2.999935743684671585e-02
2.999935743684720157e-02
2.999935743684665687e-02
2.999935743684649034e-02
2.999935743684464112e-02
2.999935743684564379e-02
2.999935743684599421e-02
2.999935743684538011e-02
2.999935743684522052e-02
2.999935743684513378e-02
2.999935743684578951e-02
2.999935743684402356e-02
2.999935743684353437e-02
2.999935743684473827e-02
2.999935743684481460e-02
2.999935743684381886e-02
2.999935743684288211e-02
2.999935743684385009e-02
2.999935743684309375e-02
2.999935743684267742e-02
2.999935743684444683e-02
2.999935743684294456e-02
2.999935743684163658e-02
2.999935743684151515e-02
2.999935743684174067e-02
2.999935743684121331e-02
2.999935743684142148e-02
2.999935743684049513e-02
2.999935743684120290e-02
2.999935743684102596e-02
2.999935743684177536e-02
2.999935743683943695e-02
2.999935743683981165e-02
2.999935743683877776e-02
2.999935743683997819e-02
2.999935743683884021e-02
2.999935743684042228e-02
2.999935743683851408e-02
2.999935743683831285e-02
2.999935743683897205e-02
2.999935743683823652e-02
2.999935743683744202e-02
2.999935743683875694e-02
2.999935743683710201e-02
2.999935743683720957e-02
2.999935743683684874e-02
2.999935743683516259e-02
2.999935743683590159e-02
2.999935743683622424e-02
2.999935743683606812e-02
2.999935743683524933e-02
2.999935743683598832e-02
2.999935743683341399e-02
2.999935743683462136e-02
2.999935743683460748e-02
2.999935743683461442e-02
2.999935743683402808e-02
2.999935743683359440e-02
2.999935743683404890e-02
2.999935743683306358e-02
2.999935743683192907e-02
2.999935743683211642e-02
2.999935743683205744e-02
2.999935743683259520e-02
2.999935743683203315e-02
2.999935743683151967e-02
2.999935743683190825e-02
2.999935743683050660e-02
2.999935743683054129e-02
2.999935743683011455e-02
2.999935743683089517e-02
2.999935743682999659e-02
2.999935743682964617e-02
2.999935743682848738e-02
2.999935743682791839e-02
2.999935743682882738e-02
2.999935743682856024e-02
2.999935743682749165e-02
2.999935743682821676e-02
2.999935743682734940e-02
2.999935743682767206e-02
2.999935743682517059e-02
2.999935743682496242e-02
2.999935743682634326e-02
2.999935743682563896e-02
2.999935743682471609e-02
2.999935743682494507e-02
2.999935743682366485e-02
2.999935743682402220e-02
2.999935743682347056e-02
2.999935743682322423e-02
2.999935743682379669e-02
2.999935743682359893e-02
2.999935743682269340e-02
2.999935743682165951e-02
2.999935743682116338e-02
2.999935743682025785e-02
2.999935743682040357e-02
2.999935743682035499e-02
2.999935743681973396e-02
2.999935743681891170e-02
2.999935743681883538e-02
2.999935743681967151e-02
2.999935743681801659e-02
2.999935743681774250e-02
2.999935743681743719e-02
2.999935743681719780e-02
2.999935743681706596e-02
2.999935743681644493e-02
2.999935743681574757e-02
2.999935743681579614e-02
2.999935743681513695e-02
2.999935743681468592e-02
2.999935743681394693e-02
2.999935743681365202e-02
2.999935743681388448e-02
2.999935743681145933e-02
2.999935743681258343e-02
2.999935743681262854e-02
2.999935743681111586e-02
2.999935743681147321e-02
2.999935743681064054e-02
2.999935743681053993e-02
2.999935743680988420e-02
2.999935743680991543e-02
2.999935743680934991e-02
2.999935743680864908e-02
2.999935743680814948e-02
2.999935743680802805e-02
2.999935743680764294e-02
2.999935743680626210e-02
2.999935743680630373e-02
2.999935743680613026e-02
2.999935743680576250e-02
2.999935743680561678e-02
2.999935743680477024e-02
2.999935743680454472e-02
2.999935743680323674e-02
2.999935743680345185e-02
2.999935743680329572e-02
2.999935743680220285e-02
2.999935743680225836e-02
2.999935743680178304e-02
2.999935743680084282e-02
2.999935743680078037e-02
2.999935743680009342e-02
2.999935743679965627e-02
2.999935743679902483e-02
2.999935743679837605e-02
2.999935743679818523e-02
2.999935743679766481e-02
2.999935743679727970e-02
2.999935743679653377e-02
2.999935743679629091e-02
2.999935743679550335e-02
2.999935743679549294e-02
2.999935743679490313e-02
2.999935743679435496e-02
2.999935743679340433e-02
2.999935743679309902e-02
2.999935743679291861e-02
2.999935743679240513e-02
2.999935743679196104e-02
2.999935743679136776e-02
2.999935743679111450e-02
2.999935743679080224e-02
2.999935743679001121e-02
2.999935743678974059e-02
2.999935743678871711e-02
2.999935743678902589e-02
2.999935743678805444e-02
2.999935743678807526e-02
2.999935743678730504e-02
2.999935743678727729e-02
2.999935743678692340e-02
2.999935743678616012e-02
2.999935743678569522e-02
2.999935743678525807e-02
2.999935743678438377e-02
2.999935743678425540e-02
2.999935743678378702e-02
2.999935743678347824e-02
2.999935743678313477e-02
2.999935743678273578e-02
2.999935743678217373e-02
2.999935743678157352e-02
2.999935743678152147e-02
2.999935743678105657e-02
2.999935743678065411e-02
2.999935743678044248e-02
2.999935743678002267e-02
2.999935743677947103e-02
2.999935743677911368e-02
2.999935743677866612e-02
2.999935743677843714e-02
2.999935743677812489e-02
2.999935743677760794e-02
2.999935743677731304e-02
2.999935743677725752e-02
2.999935743677670241e-02
2.999935743677663302e-02
2.999935743677600852e-02
2.999935743677576219e-02
2.999935743677553668e-02
2.999935743677516545e-02
2.999935743677494340e-02
2.999935743677462768e-02
2.999935743677449931e-02
2.999935743677416278e-02
2.999935743677383665e-02
2.999935743677367012e-02
2.999935743677332664e-02
2.999935743677297623e-02
2.999935743677274030e-02
2.999935743677265704e-02
2.999935743677229968e-02
2.999935743677200825e-02
2.999935743677160926e-02
2.999935743677150865e-02
2.999935743677129701e-02
2.999935743677114436e-02
2.999935743677093272e-02
2.999935743677074190e-02
2.999935743677050598e-02
2.999935743677030822e-02
2.999935743677014863e-02
2.999935743676994393e-02
2.999935743676974617e-02
2.999935743676964209e-02
2.999935743676946515e-02
2.999935743676935412e-02
2.999935743676921535e-02
2.999935743676906616e-02
2.999935743676893085e-02
2.999935743676875738e-02
2.999935743676865676e-02
2.999935743676853186e-02
2.999935743676843819e-02
2.999935743676834798e-02
2.999935743676826125e-02
2.999935743676816410e-02
2.999935743676807737e-02
2.999935743676800104e-02
2.999935743676794900e-02
2.999935743676789349e-02
2.999935743676783451e-02
2.999935743676778593e-02
2.999935743676773736e-02
2.999935743676770267e-02
2.999935743676767838e-02
2.999935743676765756e-02
2.999935743676764022e-02
2.999935743676763675e-02
2.999935743676763675e-02
2.999935743676764369e-02
2.999935743676765756e-02
2.999935743676768879e-02
2.999935743676771308e-02
2.999935743676775124e-02
2.999935743676779287e-02
2.999935743676785185e-02
2.999935743676789696e-02
2.999935743676796288e-02
2.999935743676803226e-02
2.999935743676811553e-02
2.999935743676819880e-02
2.999935743676830288e-02
2.999935743676838962e-02
2.999935743676850758e-02
2.999935743676862207e-02
2.999935743676874003e-02
2.999935743676885799e-02
2.999935743676898636e-02
2.999935743676914596e-02
2.999935743676930208e-02
2.999935743676947902e-02
2.999935743676966984e-02
2.999935743676980515e-02
2.999935743676999597e-02
2.999935743677010005e-02
2.999935743677029434e-02
2.999935743677042271e-02
2.999935743677073149e-02
2.999935743677089803e-02
2.999935743677109579e-02
2.999935743677137334e-02
2.999935743677157457e-02
2.999935743677179661e-02
2.999935743677196315e-02
2.999935743677233438e-02
2.999935743677250785e-02
2.999935743677280275e-02
2.999935743677308378e-02
2.999935743677328848e-02
2.999935743677359032e-02
2.999935743677386787e-02
2.999935743677412114e-02
2.999935743677441952e-02
2.999935743677463115e-02
2.999935743677481850e-02
2.999935743677511341e-02
2.999935743677551933e-02
2.999935743677587668e-02
2.999935743677616812e-02
2.999935743677640751e-02
2.999935743677673017e-02
2.999935743677705977e-02
2.999935743677726793e-02
2.999935743677786815e-02
2.999935743677808672e-02
2.999935743677852734e-02
2.999935743677875286e-02
2.999935743677890551e-02
2.999935743677924205e-02
2.999935743677976940e-02
2.999935743678013023e-02
2.999935743678011288e-02
2.999935743678074085e-02
2.999935743678118841e-02
2.999935743678129596e-02
2.999935743678209046e-02
2.999935743678257966e-02
2.999935743678278088e-02
2.999935743678330824e-02
2.999935743678354416e-02
2.999935743678407499e-02
2.999935743678452948e-02
2.999935743678463357e-02
2.999935743678520950e-02
2.999935743678570216e-02
2.999935743678631278e-02
2.999935743678690259e-02
2.999935743678690259e-02
2.999935743678740913e-02
2.999935743678805791e-02
2.999935743678849506e-02
2.999935743678931038e-02
2.999935743678953243e-02
2.999935743678998346e-02
2.999935743679053163e-02
2.999935743679069122e-02
2.999935743679099653e-02
2.999935743679158981e-02
2.999935743679185696e-02
2.999935743679282840e-02
2.999935743679352923e-02
2.999935743679340086e-02
2.999935743679349454e-02
2.999935743679447986e-02
2.999935743679490660e-02
2.999935743679521885e-02
2.999935743679586764e-02
2.999935743679611744e-02
2.999935743679635336e-02
2.999935743679712705e-02
2.999935743679794931e-02
2.999935743679810890e-02
2.999935743679803951e-02
2.999935743679938219e-02
2.999935743679909769e-02
2.999935743679990607e-02
2.999935743680055833e-02
2.999935743680008302e-02
2.999935743680096079e-02
2.999935743680121059e-02
2.999935743680239020e-02
2.999935743680239714e-02
2.999935743680333042e-02
2.999935743680352471e-02
2.999935743680444758e-02
2.999935743680457942e-02
2.999935743680471820e-02
2.999935743680537392e-02
2.999935743680565842e-02
2.999935743680601924e-02
2.999935743680647027e-02
2.999935743680692823e-02
2.999935743680743477e-02
2.999935743680822928e-02
2.999935743680894398e-02
2.999935743680861439e-02
2.999935743680886419e-02
2.999935743680953726e-02
2.999935743680938460e-02
2.999935743681105688e-02
2.999935743681159464e-02
2.999935743681141423e-02
2.999935743681145239e-02
2.999935743681208730e-02
2.999935743681288527e-02
2.999935743681404754e-02
2.999935743681344386e-02
2.999935743681438408e-02
2.999935743681354100e-02
2.999935743681464775e-02
2.999935743681525838e-02
2.999935743681570594e-02
2.999935743681589329e-02
2.999935743681660452e-02
2.999935743681752739e-02
2.999935743681768005e-02
2.999935743681771474e-02
2.999935743681800965e-02
2.999935743681839476e-02
2.999935743681892558e-02
2.999935743681920314e-02
2.999935743681984152e-02
2.999935743681968192e-02
2.999935743682074010e-02
2.999935743682046949e-02
2.999935743682189543e-02
2.999935743682198563e-02
2.999935743682222850e-02
2.999935743682209666e-02
2.999935743682312708e-02
2.999935743682300912e-02
2.999935743682397016e-02
2.999935743682440384e-02
2.999935743682348444e-02
2.999935743682556610e-02
2.999935743682435874e-02
2.999935743682548284e-02
2.999935743682594774e-02
2.999935743682637795e-02
2.999935743682748818e-02
2.999935743682716205e-02
2.999935743682766165e-02
2.999935743682743960e-02
2.999935743682792186e-02
2.999935743682862616e-02
2.999935743682841452e-02
2.999935743682862963e-02
2.999935743682899045e-02
2.999935743682913269e-02
2.999935743683038517e-02
2.999935743683021516e-02
2.999935743682954209e-02
2.999935743683034006e-02
2.999935743683188050e-02
2.999935743683092293e-02
2.999935743683201234e-02
2.999935743683193601e-02
2.999935743683252234e-02
2.999935743683233499e-02
2.999935743683223091e-02
2.999935743683309480e-02
2.999935743683397604e-02
2.999935743683384767e-02
2.999935743683411135e-02
2.999935743683498218e-02
2.999935743683483300e-02
2.999935743683413564e-02
2.999935743683557199e-02
2.999935743683599526e-02
2.999935743683542280e-02
2.999935743683510361e-02
2.999935743683606465e-02
2.999935743683563444e-02
2.999935743683659894e-02
2.999935743683748712e-02
2.999935743683657466e-02
2.999935743683728590e-02
2.999935743683855224e-02
2.999935743683953063e-02
2.999935743683786876e-02
2.999935743684009268e-02
2.999935743683932593e-02
2.999935743683998512e-02
2.999935743683863204e-02
2.999935743683952022e-02
2.999935743684071718e-02
2.999935743683961736e-02
2.999935743684115780e-02
2.999935743684010656e-02
2.999935743684218128e-02
2.999935743684118902e-02
2.999935743684047085e-02
2.999935743684078310e-02
2.999935743684203210e-02
2.999935743684136596e-02
2.999935743684423520e-02
2.999935743684271211e-02
2.999935743684228190e-02
2.999935743684324641e-02
2.999935743684389519e-02
2.999935743684273293e-02
2.999935743684287864e-02
2.999935743684441214e-02
2.999935743684467582e-02
2.999935743684356559e-02
2.999935743684501582e-02
2.999935743684509909e-02
2.999935743684494643e-02
2.999935743684505052e-02
2.999935743684501582e-02
2.999935743684611911e-02
2.999935743684601849e-02
2.999935743684561257e-02
2.999935743684551889e-02
2.999935743684706974e-02
2.999935743684756240e-02
2.999935743684806200e-02
2.999935743684683728e-02
2.999935743684759709e-02
2.999935743684742015e-02
2.999935743684711484e-02
2.999935743684659789e-02
2.999935743684819384e-02
2.999935743684820771e-02
2.999935743684863793e-02
2.999935743684747566e-02
2.999935743684889466e-02
2.999935743684823547e-02
2.999935743684876283e-02
2.999935743684929365e-02
2.999935743685074388e-02
2.999935743684981060e-02
2.999935743685018530e-02
2.999935743685041081e-02
2.999935743685049061e-02
2.999935743685189921e-02
2.999935743685181594e-02
2.999935743685183676e-02
2.999935743685242656e-02
2.999935743685249595e-02
2.999935743685210737e-02
2.999935743685115674e-02
2.999935743685270412e-02
2.999935743685253065e-02
2.999935743685306494e-02
2.999935743685292616e-02
2.999935743685198941e-02
2.999935743685525069e-02
2.999935743685459150e-02
2.999935743685382822e-02
2.999935743685361658e-02
2.999935743685626377e-02
2.999935743685534090e-02
2.999935743685458109e-02
2.999935743685511538e-02
2.999935743685509804e-02
2.999935743685544498e-02
2.999935743685594111e-02
2.999935743685599315e-02
2.999935743685722134e-02
2.999935743685731848e-02
2.999935743685655520e-02
2.999935743685787359e-02
2.999935743685904627e-02
2.999935743685793604e-02
2.999935743685873055e-02
2.999935743685874789e-02
2.999935743686027445e-02
2.999935743686086426e-02
2.999935743686049996e-02
2.999935743686063527e-02
2.999935743686084344e-02
2.999935743686008710e-02
2.999935743686226938e-02
2.999935743686102385e-02
2.999935743686127365e-02
2.999935743686218265e-02
2.999935743686220346e-02
2.999935743686152345e-02
2.999935743686138814e-02
2.999935743686137427e-02
2.999935743686401105e-02
2.999935743686378206e-02
2.999935743686211673e-02
2.999935743686454881e-02
2.999935743686492698e-02
2.999935743686475698e-02
2.999935743686394513e-02
2.999935743686461820e-02
2.999935743686543699e-02
2.999935743686638415e-02
2.999935743686615863e-02
2.999935743686811540e-02
2.999935743686643966e-02
2.999935743686671721e-02
2.999935743686770254e-02
2.999935743686961420e-02
2.999935743686665129e-02
2.999935743686865663e-02
2.999935743686843806e-02
2.999935743686960726e-02
2.999935743686907991e-02
2.999935743687056483e-02
2.999935743687016931e-02
2.999935743686998890e-02
2.999935743686970441e-02
2.999935743687104361e-02
2.999935743687177220e-02
2.999935743687155015e-02
2.999935743687309753e-02
2.999935743687281303e-02
2.999935743687301079e-02
2.999935743687443673e-02
2.999935743687360407e-02
2.999935743687370121e-02
2.999935743687605696e-02
2.999935743687612288e-02
2.999935743687637962e-02
2.999935743687737189e-02
2.999935743687615758e-02
2.999935743687680983e-02
2.999935743687731637e-02
2.999935743687797557e-02
2.999935743687880824e-02
2.999935743687986989e-02
2.999935743687914477e-02
2.999935743688045969e-02
2.999935743688069215e-02
2.999935743688043888e-02
2.999935743687949519e-02
2.999935743688082052e-02
2.999935743688286055e-02
2.999935743688069215e-02
2.999935743688284667e-02
2.999935743688264544e-02
2.999935743688215278e-02
2.999935743688248585e-02
2.999935743688462997e-02
2.999935743688649653e-02
2.999935743688529610e-02
2.999935743688439405e-02
2.999935743688581305e-02
2.999935743688721124e-02
2.999935743688423445e-02
2.999935743688801615e-02
2.999935743688707246e-02
2.999935743688886963e-02
2.999935743688759288e-02
2.999935743688732920e-02
2.999935743689145784e-02
2.999935743689305032e-02
2.999935743689066681e-02
2.999935743689020537e-02
2.999935743689293582e-02
2.999935743689157927e-02
2.999935743689111436e-02
2.999935743689342502e-02
2.999935743689362277e-02
2.999935743689264439e-02
2.999935743689383788e-02
2.999935743689526382e-02
2.999935743689405646e-02
2.999935743689507300e-02
2.999935743689550322e-02
2.999935743689619017e-02
2.999935743689476075e-02
2.999935743689788326e-02
2.999935743689735590e-02
2.999935743689803591e-02
2.999935743689869511e-02
2.999935743690093637e-02
2.999935743690100229e-02
2.999935743690163026e-02
2.999935743690172393e-02
2.999935743690192169e-02
2.999935743689825796e-02
2.999935743690249415e-02
2.999935743690039514e-02
2.999935743690463480e-02
2.999935743690533563e-02
2.999935743690506501e-02
2.999935743690746587e-02
2.999935743690262946e-02
2.999935743690551257e-02
2.999935743690462786e-02
2.999935743690546053e-02
2.999935743691194839e-02
2.999935743690741036e-02
2.999935743690560624e-02
2.999935743690835405e-02
2.999935743690772261e-02
2.999935743691198309e-02
2.999935743691006101e-02
2.999935743690760465e-02
2.999935743690966550e-02
2.999935743690963427e-02
2.999935743690925610e-02
2.999935743690779547e-02
2.999935743691441517e-02
2.999935743690938794e-02
2.999935743691102899e-02
2.999935743691266310e-02
2.999935743691323209e-02
2.999935743691446374e-02
2.999935743691616724e-02
2.999935743691481069e-02
2.999935743691468926e-02
2.999935743691421741e-02
2.999935743691869994e-02
2.999935743691421047e-02
2.999935743691758278e-02
2.999935743691592091e-02
2.999935743691841197e-02
2.999935743692035486e-02
2.999935743691711440e-02
2.999935743691667725e-02
2.999935743692005996e-02
2.999935743691878667e-02
2.999935743692268286e-02
2.999935743692075038e-02
2.999935743691915790e-02
2.999935743692247817e-02
2.999935743692080242e-02
2.999935743692303675e-02
2.999935743691959505e-02
2.999935743692137835e-02
2.999935743692298470e-02
2.999935743691860973e-02
2.999935743692100018e-02
2.999935743692410881e-02
2.999935743692217285e-02
2.999935743692109386e-02
2.999935743692471943e-02
2.999935743692616619e-02
2.999935743692387288e-02
2.999935743692298817e-02
2.999935743692606210e-02
2.999935743692163162e-02
2.999935743692261000e-02
2.999935743692494147e-02
2.999935743692766499e-02
2.999935743692523638e-02
2.999935743692627721e-02
2.999935743692327614e-02
2.999935743692449391e-02
2.999935743692673865e-02
2.999935743692593373e-02
2.999935743692816806e-02
2.999935743692668313e-02
2.999935743692979176e-02
2.999935743692674905e-02
2.999935743692700232e-02
2.999935743692832071e-02
2.999935743692503168e-02
2.999935743692578455e-02
2.999935743692931644e-02
2.999935743692849766e-02
2.999935743692864684e-02
2.999935743692887236e-02
2.999935743692676640e-02
2.999935743692860868e-02
2.999935743693366019e-02
2.999935743693222384e-02
2.999935743692914644e-02
