2.999935739862021403e-02
2.999935739861693887e-02
2.999935739862000239e-02
2.999935739861831624e-02
2.999935739862153936e-02
2.999935739861641845e-02
2.999935739861810113e-02
2.999935739861706030e-02
2.999935739861721296e-02
2.999935739861411821e-02
2.999935739861896850e-02
2.999935739861652254e-02
2.999935739862175793e-02
2.999935739861570722e-02
2.999935739861814277e-02
2.999935739861627620e-02
2.999935739861747663e-02
2.999935739861815318e-02
2.999935739861697703e-02
2.999935739861412515e-02
2.999935739861860767e-02
2.999935739861457965e-02
2.999935739861530823e-02
2.999935739861980810e-02
2.999935739861532558e-02
2.999935739861661968e-02
2.999935739861896850e-02
2.999935739861963116e-02
2.999935739861591885e-02
2.999935739861932932e-02
2.999935739862136935e-02
2.999935739861573497e-02
2.999935739861650519e-02
2.999935739861698397e-02
2.999935739861781317e-02
2.999935739861771949e-02
2.999935739862213610e-02
2.999935739861717826e-02
2.999935739861980116e-02
2.999935739861836481e-02
2.999935739862031464e-02
2.999935739861679662e-02
2.999935739861909340e-02
2.999935739861851747e-02
2.999935739861781664e-02
2.999935739861616865e-02
2.999935739861974218e-02
2.999935739861735173e-02
2.999935739861722683e-02
2.999935739861466638e-02
2.999935739861879502e-02
2.999935739862030770e-02
2.999935739861924952e-02
2.999935739861780623e-02
2.999935739861742806e-02
2.999935739861750092e-02
2.999935739862076567e-02
2.999935739861772643e-02
2.999935739861907952e-02
2.999935739861678274e-02
2.999935739861998504e-02
2.999935739861789297e-02
2.999935739861911421e-02
2.999935739861700479e-02
2.999935739861742112e-02
2.999935739861682438e-02
2.999935739862012035e-02
2.999935739861678968e-02
2.999935739862007178e-02
2.999935739861647743e-02
2.999935739861691111e-02
2.999935739861669254e-02
2.999935739862118894e-02
2.999935739861588763e-02
2.999935739861869788e-02
2.999935739861515210e-02
2.999935739861862849e-02
2.999935739861706030e-02
2.999935739861765704e-02
2.999935739861693887e-02
2.999935739861963463e-02
2.999935739861842032e-02
2.999935739861791378e-02
2.999935739861447556e-02
2.999935739861893380e-02
2.999935739861562395e-02
2.999935739861626927e-02
2.999935739861708806e-02
2.999935739861814971e-02
2.999935739862099465e-02
2.999935739861682091e-02
2.999935739861541578e-02
2.999935739861740724e-02
2.999935739861611314e-02
2.999935739861638029e-02
2.999935739861957565e-02
2.999935739861925993e-02
2.999935739861804909e-02
2.999935739861759459e-02
2.999935739861754255e-02
2.999935739861884013e-02
2.999935739861696316e-02
2.999935739861613743e-02
2.999935739861588763e-02
2.999935739861609579e-02
2.999935739861873951e-02
2.999935739861753908e-02
2.999935739861828848e-02
2.999935739861779582e-02
2.999935739861868400e-02
2.999935739861797623e-02
2.999935739861629702e-02
2.999935739861728234e-02
2.999935739861766051e-02
2.999935739861880196e-02
2.999935739861755643e-02
2.999935739861638029e-02
2.999935739861637682e-02
2.999935739861622069e-02
2.999935739861739337e-02
2.999935739861825032e-02
2.999935739861752521e-02
2.999935739861849318e-02
2.999935739861803868e-02
2.999935739861956177e-02
2.999935739861893380e-02
2.999935739861905523e-02
2.999935739861810807e-02
2.999935739861856257e-02
2.999935739861872563e-02
2.999935739861733092e-02
2.999935739861937095e-02
2.999935739861716438e-02
2.999935739861817052e-02
2.999935739861838563e-02
2.999935739861823991e-02
2.999935739861873604e-02
2.999935739861887829e-02
2.999935739861899625e-02
2.999935739862015505e-02
2.999935739862008913e-02
2.999935739861795195e-02
2.999935739861877421e-02
2.999935739861787562e-02
2.999935739861960340e-02
2.999935739861930850e-02
2.999935739861999545e-02
2.999935739861874645e-02
2.999935739861944728e-02
2.999935739861760153e-02
2.999935739861988790e-02
2.999935739861892686e-02
2.999935739861904482e-02
2.999935739861871870e-02
2.999935739861874992e-02
2.999935739862031464e-02
2.999935739861999892e-02
2.999935739861927381e-02
2.999935739861933626e-02
2.999935739861837869e-02
2.999935739862010647e-02
2.999935739861842032e-02
2.999935739862027995e-02
2.999935739861872563e-02
2.999935739861953055e-02
2.999935739861855910e-02
2.999935739861851747e-02
2.999935739862051240e-02
2.999935739861701867e-02
2.999935739861774031e-02
2.999935739862014811e-02
2.999935739861837869e-02
2.999935739861915238e-02
2.999935739861845502e-02
2.999935739861886441e-02
2.999935739861790684e-02
2.999935739861835787e-02
2.999935739861829542e-02
2.999935739861848971e-02
2.999935739861835787e-02
2.999935739861819828e-02
2.999935739861923217e-02
2.999935739861943340e-02
2.999935739861801440e-02
2.999935739861757378e-02
2.999935739861856604e-02
2.999935739861853828e-02
2.999935739861724071e-02
2.999935739861676887e-02
2.999935739861704642e-02
2.999935739861936401e-02
2.999935739861784439e-02
2.999935739861744194e-02
2.999935739861820175e-02
2.999935739861868400e-02
2.999935739861762929e-02
2.999935739861910033e-02
2.999935739861750439e-02
2.999935739861687295e-02
2.999935739861710887e-02
2.999935739861699091e-02
2.999935739861649825e-02
2.999935739861740377e-02
2.999935739861847236e-02
2.999935739861702561e-02
2.999935739861770909e-02
2.999935739861792766e-02
2.999935739861655029e-02
2.999935739861796929e-02
2.999935739861626927e-02
2.999935739861718867e-02
2.999935739861578354e-02
2.999935739861640110e-02
2.999935739861725806e-02
2.999935739861627620e-02
2.999935739861537415e-02
2.999935739861634906e-02
2.999935739861712275e-02
2.999935739861695622e-02
2.999935739861778194e-02
2.999935739861760153e-02
2.999935739861691458e-02
2.999935739861627620e-02
2.999935739861609926e-02
2.999935739861716785e-02
2.999935739861567252e-02
2.999935739861633865e-02
2.999935739861623457e-02
2.999935739861752867e-02
2.999935739861551293e-02
2.999935739861770562e-02
2.999935739861656764e-02
2.999935739861587375e-02
2.999935739861772643e-02
2.999935739861764317e-02
2.999935739861706724e-02
2.999935739861768480e-02
2.999935739861653988e-02
2.999935739861765011e-02
2.999935739861751827e-02
2.999935739861785827e-02
2.999935739861642886e-02
2.999935739861559966e-02
2.999935739861694234e-02
2.999935739861822950e-02
2.999935739861710887e-02
2.999935739861625539e-02
2.999935739861776113e-02
2.999935739861711581e-02
2.999935739861708459e-02
2.999935739861813583e-02
2.999935739861818440e-02
2.999935739861685213e-02
2.999935739861676887e-02
2.999935739861878808e-02
2.999935739861762929e-02
2.999935739861747663e-02
2.999935739861749745e-02
2.999935739861749745e-02
2.999935739861686948e-02
2.999935739861783399e-02
2.999935739861763623e-02
2.999935739861622416e-02
2.999935739861714357e-02
2.999935739861715744e-02
2.999935739861696662e-02
2.999935739861805256e-02
2.999935739861674458e-02
2.999935739861784439e-02
2.999935739861755643e-02
2.999935739861749051e-02
2.999935739861775072e-02
2.999935739861792419e-02
2.999935739861804909e-02
2.999935739861754255e-02
2.999935739861783746e-02
2.999935739861827461e-02
2.999935739861788603e-02
2.999935739861843420e-02
2.999935739861863890e-02
2.999935739861772643e-02
2.999935739861913503e-02
2.999935739861876033e-02
2.999935739861844461e-02
2.999935739861872563e-02
2.999935739861845502e-02
2.999935739861720602e-02
2.999935739861799011e-02
2.999935739861760153e-02
2.999935739861834400e-02
2.999935739861872910e-02
2.999935739861810113e-02
2.999935739861798317e-02
2.999935739861768827e-02
2.999935739861842379e-02
2.999935739861823991e-02
2.999935739861732745e-02
2.999935739861799011e-02
2.999935739861864931e-02
2.999935739861787215e-02
2.999935739861800399e-02
2.999935739861787909e-02
2.999935739861865971e-02
2.999935739861916972e-02
2.999935739861837869e-02
2.999935739861874645e-02
2.999935739861861114e-02
2.999935739861810113e-02
2.999935739861957218e-02
2.999935739861845502e-02
2.999935739861835093e-02
2.999935739861852094e-02
2.999935739861855216e-02
2.999935739861819481e-02
2.999935739861875339e-02
2.999935739861814971e-02
2.999935739861983586e-02
2.999935739861972483e-02
2.999935739861829889e-02
2.999935739861837869e-02
2.999935739861801093e-02
2.999935739861813583e-02
2.999935739861843073e-02
2.999935739861835787e-02
2.999935739861852094e-02
2.999935739861873951e-02
2.999935739861839951e-02
2.999935739861793807e-02
2.999935739861779235e-02
2.999935739861885400e-02
2.999935739861746622e-02
2.999935739861810807e-02
2.999935739861825379e-02
2.999935739861928075e-02
2.999935739861891645e-02
2.999935739861816705e-02
2.999935739861887829e-02
2.999935739861844808e-02
2.999935739861859033e-02
2.999935739861758766e-02
2.999935739861685213e-02
2.999935739861771949e-02
2.999935739861755296e-02
2.999935739861748010e-02
2.999935739861863890e-02
2.999935739861873257e-02
2.999935739861764317e-02
2.999935739861788603e-02
2.999935739861757725e-02
2.999935739861681050e-02
2.999935739861785133e-02
2.999935739861832665e-02
2.999935739861744888e-02
2.999935739861862502e-02
2.999935739861746969e-02
2.999935739861703948e-02
2.999935739861786521e-02
2.999935739861678621e-02
2.999935739861743847e-02
2.999935739861773337e-02
2.999935739861782011e-02
2.999935739861744541e-02
2.999935739861724765e-02
2.999935739861715744e-02
2.999935739861664397e-02
2.999935739861708112e-02
2.999935739861681050e-02
2.999935739861643580e-02
2.999935739861676193e-02
2.999935739861764317e-02
2.999935739861747663e-02
2.999935739861740377e-02
2.999935739861673417e-02
2.999935739861724765e-02
2.999935739861745582e-02
2.999935739861658845e-02
2.999935739861706030e-02
2.999935739861760847e-02
2.999935739861720602e-02
2.999935739861687295e-02
2.999935739861777848e-02
2.999935739861695622e-02
2.999935739861759113e-02
2.999935739861733786e-02
2.999935739861701173e-02
2.999935739861728928e-02
2.999935739861806644e-02
2.999935739861748357e-02
2.999935739861751133e-02
2.999935739861764317e-02
2.999935739861748357e-02
2.999935739861745235e-02
2.999935739861760847e-02
2.999935739861765011e-02
2.999935739861784439e-02
2.999935739861821909e-02
2.999935739861830930e-02
2.999935739861789297e-02
2.999935739861792766e-02
2.999935739861857645e-02
2.999935739861814277e-02
2.999935739861829889e-02
2.999935739861846196e-02
2.999935739861772296e-02
2.999935739861860767e-02
2.999935739861880196e-02
2.999935739861861114e-02
2.999935739861851053e-02
2.999935739861809766e-02
2.999935739861862849e-02
2.999935739861864237e-02
2.999935739861842726e-02
2.999935739861889911e-02
2.999935739861833012e-02
2.999935739861888523e-02
2.999935739861870135e-02
2.999935739861893380e-02
2.999935739861886441e-02
2.999935739861876727e-02
2.999935739861852788e-02
2.999935739861867706e-02
2.999935739861900319e-02
2.999935739861887482e-02
2.999935739861886094e-02
2.999935739861879502e-02
2.999935739861887482e-02
2.999935739861856604e-02
2.999935739861857645e-02
2.999935739861854522e-02
2.999935739861893380e-02
2.999935739861857992e-02
2.999935739861864931e-02
2.999935739861867706e-02
2.999935739861854175e-02
2.999935739861833012e-02
2.999935739861826767e-02
2.999935739861807338e-02
2.999935739861842726e-02
2.999935739861838216e-02
2.999935739861821563e-02
2.999935739861818440e-02
2.999935739861794154e-02
2.999935739861767786e-02
2.999935739861770562e-02
2.999935739861797623e-02
2.999935739861772643e-02
2.999935739861780970e-02
2.999935739861741418e-02
2.999935739861767439e-02
2.999935739861753561e-02
2.999935739861751827e-02
2.999935739861743153e-02
2.999935739861747316e-02
2.999935739861734479e-02
2.999935739861735867e-02
2.999935739861719214e-02
2.999935739861718173e-02
2.999935739861713316e-02
2.999935739861708459e-02
2.999935739861697356e-02
2.999935739861707765e-02
2.999935739861708112e-02
2.999935739861696316e-02
2.999935739861689377e-02
2.999935739861697009e-02
2.999935739861693887e-02
2.999935739861695275e-02
2.999935739861689377e-02
2.999935739861691458e-02
2.999935739861699091e-02
2.999935739861696316e-02
2.999935739861700826e-02
2.999935739861699438e-02
2.999935739861694928e-02
2.999935739861703948e-02
2.999935739861703601e-02
2.999935739861703948e-02
2.999935739861701520e-02
2.999935739861702561e-02
2.999935739861703948e-02
2.999935739861708112e-02
2.999935739861710887e-02
2.999935739861711234e-02
2.999935739861714704e-02
2.999935739861719214e-02
2.999935739861721296e-02
2.999935739861723377e-02
2.999935739861727194e-02
2.999935739861733439e-02
2.999935739861734132e-02
2.999935739861737949e-02
2.999935739861742459e-02
2.999935739861745582e-02
2.999935739861746969e-02
2.999935739861752174e-02
2.999935739861755990e-02
2.999935739861758766e-02
2.999935739861759459e-02
2.999935739861763623e-02
2.999935739861766398e-02
2.999935739861768827e-02
2.999935739861770215e-02
2.999935739861774725e-02
2.999935739861776460e-02
2.999935739861778194e-02
2.999935739861781317e-02
2.999935739861786174e-02
2.999935739861789297e-02
2.999935739861792766e-02
2.999935739861797276e-02
2.999935739861801093e-02
2.999935739861805603e-02
2.999935739861808032e-02
2.999935739861809766e-02
2.999935739861813236e-02
2.999935739861817399e-02
2.999935739861820522e-02
2.999935739861822256e-02
2.999935739861827808e-02
2.999935739861828501e-02
2.999935739861829195e-02
2.999935739861833012e-02
2.999935739861834400e-02
2.999935739861837869e-02
2.999935739861839257e-02
2.999935739861844808e-02
2.999935739861837522e-02
2.999935739861842379e-02
2.999935739861844808e-02
2.999935739861843073e-02
2.999935739861843073e-02
2.999935739861839257e-02
2.999935739861841338e-02
2.999935739861845849e-02
2.999935739861839951e-02
2.999935739861845502e-02
2.999935739861846890e-02
2.999935739861851053e-02
2.999935739861845502e-02
2.999935739861845849e-02
2.999935739861857992e-02
2.999935739861843420e-02
2.999935739861846196e-02
2.999935739861856604e-02
2.999935739861864584e-02
2.999935739861857645e-02
2.999935739861857992e-02
2.999935739861870829e-02
2.999935739861865625e-02
2.999935739861873604e-02
2.999935739861882278e-02
2.999935739861879502e-02
2.999935739861887482e-02
2.999935739861900319e-02
2.999935739861891992e-02
2.999935739861892339e-02
2.999935739861904829e-02
2.999935739861903095e-02
2.999935739861896156e-02
2.999935739861903095e-02
2.999935739861883319e-02
2.999935739861929462e-02
2.999935739861921136e-02
2.999935739861925646e-02
2.999935739861911768e-02
2.999935739861924605e-02
2.999935739861907605e-02
2.999935739861935707e-02
2.999935739861908646e-02
2.999935739861910033e-02
2.999935739861955136e-02
2.999935739861897890e-02
2.999935739861927034e-02
2.999935739861923911e-02
2.999935739861946116e-02
2.999935739861948891e-02
2.999935739861954442e-02
2.999935739861953055e-02
2.999935739861931891e-02
2.999935739861957912e-02
2.999935739861933626e-02
2.999935739861975606e-02
2.999935739861944728e-02
2.999935739861901707e-02
2.999935739861918360e-02
2.999935739861920442e-02
2.999935739861931544e-02
2.999935739861916972e-02
2.999935739861913850e-02
2.999935739861896850e-02
2.999935739861851747e-02
2.999935739861896503e-02
2.999935739861847236e-02
2.999935739861870135e-02
2.999935739861859380e-02
2.999935739861861114e-02
2.999935739861878808e-02
2.999935739861860420e-02
2.999935739861912115e-02
2.999935739861824685e-02
2.999935739861802828e-02
2.999935739861822950e-02
2.999935739861823297e-02
2.999935739861782358e-02
2.999935739861789991e-02
2.999935739861806644e-02
2.999935739861760847e-02
2.999935739861810807e-02
2.999935739861751133e-02
2.999935739861776113e-02
2.999935739861772643e-02
2.999935739861744888e-02
2.999935739861741418e-02
2.999935739861768480e-02
2.999935739861753214e-02
2.999935739861736214e-02
2.999935739861741071e-02
2.999935739861709846e-02
2.999935739861721989e-02
2.999935739861721296e-02
2.999935739861731704e-02
2.999935739861730316e-02
2.999935739861691805e-02
2.999935739861718173e-02
2.999935739861715744e-02
2.999935739861640804e-02
2.999935739861687642e-02
2.999935739861674111e-02
2.999935739861643233e-02
2.999935739861645662e-02
2.999935739861727541e-02
2.999935739861612355e-02
2.999935739861690071e-02
2.999935739861615824e-02
2.999935739861694234e-02
2.999935739861684519e-02
2.999935739861733092e-02
2.999935739861682785e-02
2.999935739861728581e-02
2.999935739861653988e-02
2.999935739861703601e-02
2.999935739861711581e-02
2.999935739861744194e-02
2.999935739861666478e-02
2.999935739861677580e-02
2.999935739861732745e-02
2.999935739861659886e-02
2.999935739861658845e-02
2.999935739861676887e-02
2.999935739861792072e-02
2.999935739861665090e-02
2.999935739861674458e-02
2.999935739861687989e-02
2.999935739861726847e-02
2.999935739861691805e-02
2.999935739861686601e-02
2.999935739861812542e-02
2.999935739861798317e-02
2.999935739861801787e-02
2.999935739861811848e-02
2.999935739861748357e-02
2.999935739861809419e-02
2.999935739861745235e-02
2.999935739861825379e-02
2.999935739861765011e-02
2.999935739861874645e-02
2.999935739861785133e-02
2.999935739861741765e-02
2.999935739861791031e-02
2.999935739861833359e-02
2.999935739861760153e-02
2.999935739861875686e-02
2.999935739861918707e-02
2.999935739861783399e-02
2.999935739861883319e-02
2.999935739861814971e-02
2.999935739861880196e-02
2.999935739861882278e-02
2.999935739861796236e-02
2.999935739861859033e-02
2.999935739861831624e-02
2.999935739861774378e-02
2.999935739861830236e-02
2.999935739861786868e-02
2.999935739861857298e-02
2.999935739861844461e-02
2.999935739861928075e-02
2.999935739861892339e-02
2.999935739861759459e-02
2.999935739861822256e-02
2.999935739861907952e-02
2.999935739861741765e-02
2.999935739861810460e-02
2.999935739861834400e-02
2.999935739861703254e-02
2.999935739861813583e-02
2.999935739861845155e-02
2.999935739861908993e-02
2.999935739861705336e-02
2.999935739861781664e-02
2.999935739861879502e-02
2.999935739861854522e-02
2.999935739861781317e-02
2.999935739861862502e-02
2.999935739861716785e-02
2.999935739861706377e-02
2.999935739861820522e-02
2.999935739861725459e-02
2.999935739861752867e-02
2.999935739861745235e-02
2.999935739861776113e-02
2.999935739861785827e-02
2.999935739861776113e-02
2.999935739861774378e-02
2.999935739861794154e-02
2.999935739861945075e-02
2.999935739861656070e-02
2.999935739861664397e-02
2.999935739861803868e-02
2.999935739861794848e-02
2.999935739861743847e-02
2.999935739861752867e-02
2.999935739861794154e-02
2.999935739861859380e-02
2.999935739861922870e-02
2.999935739861778194e-02
2.999935739861855910e-02
2.999935739861752867e-02
2.999935739861919054e-02
2.999935739861785480e-02
2.999935739861657111e-02
2.999935739861862849e-02
2.999935739861838563e-02
2.999935739861732398e-02
2.999935739861789991e-02
2.999935739861729622e-02
2.999935739861890951e-02
2.999935739861875686e-02
2.999935739861853828e-02
2.999935739861699438e-02
2.999935739861838216e-02
2.999935739861802481e-02
2.999935739861735173e-02
2.999935739861694234e-02
2.999935739861631437e-02
2.999935739861766398e-02
2.999935739861843073e-02
2.999935739861656764e-02
2.999935739861852441e-02
2.999935739861702907e-02
2.999935739861744194e-02
2.999935739861713663e-02
2.999935739861804215e-02
2.999935739861765704e-02
2.999935739861812542e-02
2.999935739861882972e-02
2.999935739861835787e-02
2.999935739861720602e-02
2.999935739861885747e-02
2.999935739861812195e-02
2.999935739861834053e-02
2.999935739861909340e-02
2.999935739861814971e-02
2.999935739861736561e-02
2.999935739861769868e-02
2.999935739861765704e-02
2.999935739861731704e-02
2.999935739861696662e-02
2.999935739861824685e-02
2.999935739861723724e-02
2.999935739861772296e-02
2.999935739861835787e-02
2.999935739861785827e-02
2.999935739861685907e-02
2.999935739861648784e-02
2.999935739861743500e-02
2.999935739861807338e-02
2.999935739861860073e-02
2.999935739861837175e-02
2.999935739861865625e-02
2.999935739861887829e-02
2.999935739861817052e-02
2.999935739861876033e-02
2.999935739862057138e-02
2.999935739861932238e-02
2.999935739861888176e-02
2.999935739861914197e-02
2.999935739861713663e-02
2.999935739861826767e-02
2.999935739861992606e-02
2.999935739861885747e-02
2.999935739861779235e-02
2.999935739861848624e-02
2.999935739861782705e-02
2.999935739861717479e-02
2.999935739861833359e-02
2.999935739861819828e-02
2.999935739861889911e-02
2.999935739861796236e-02
2.999935739861744194e-02
2.999935739861894768e-02
2.999935739861779582e-02
2.999935739861781664e-02
2.999935739861808032e-02
2.999935739861957912e-02
2.999935739861881931e-02
2.999935739861957565e-02
2.999935739862023484e-02
2.999935739861761888e-02
2.999935739861933279e-02
2.999935739861974912e-02
2.999935739861853828e-02
2.999935739862010647e-02
2.999935739861879502e-02
2.999935739861944728e-02
2.999935739861885053e-02
2.999935739862022790e-02
2.999935739862051587e-02
2.999935739861962769e-02
2.999935739861778888e-02
2.999935739862022097e-02
2.999935739861869441e-02
2.999935739861782358e-02
2.999935739862032158e-02
2.999935739861869094e-02
2.999935739861785827e-02
2.999935739861907258e-02
2.999935739861919054e-02
2.999935739861853828e-02
2.999935739861892686e-02
2.999935739861899972e-02
2.999935739861771949e-02
2.999935739861862849e-02
2.999935739861755296e-02
2.999935739861877421e-02
2.999935739861837522e-02
2.999935739861791031e-02
2.999935739861888870e-02
2.999935739861801787e-02
2.999935739861996076e-02
2.999935739861924952e-02
2.999935739861854522e-02
2.999935739861792072e-02
2.999935739861727541e-02
2.999935739861957912e-02
2.999935739861792766e-02
2.999935739861896156e-02
2.999935739861787215e-02
2.999935739861833012e-02
2.999935739861792766e-02
2.999935739861889911e-02
2.999935739861821909e-02
2.999935739861710193e-02
2.999935739861964157e-02
2.999935739861794154e-02
2.999935739861782358e-02
2.999935739861866665e-02
2.999935739861969014e-02
2.999935739861996770e-02
2.999935739861863543e-02
2.999935739861958606e-02
2.999935739861859033e-02
2.999935739861832318e-02
2.999935739861898237e-02
2.999935739861824685e-02
2.999935739861906564e-02
2.999935739861754255e-02
2.999935739861689377e-02
2.999935739861816358e-02
2.999935739861910033e-02
2.999935739861839604e-02
2.999935739861802828e-02
2.999935739861850359e-02
2.999935739861809073e-02
2.999935739861710887e-02
2.999935739861752521e-02
2.999935739861885053e-02
2.999935739861953055e-02
2.999935739861787215e-02
2.999935739861874645e-02
2.999935739861749051e-02
2.999935739861879155e-02
2.999935739861802481e-02
2.999935739861756337e-02
2.999935739861810113e-02
2.999935739861844114e-02
2.999935739861941258e-02
2.999935739861647743e-02
2.999935739861812195e-02
2.999935739861551293e-02
2.999935739861973871e-02
2.999935739861872563e-02
2.999935739861753908e-02
2.999935739861844808e-02
2.999935739861780276e-02
2.999935739861697703e-02
2.999935739861794848e-02
2.999935739861541231e-02
2.999935739861804562e-02
2.999935739861610967e-02
2.999935739861782011e-02
2.999935739861622069e-02
2.999935739861655723e-02
2.999935739861761541e-02
2.999935739861918013e-02
2.999935739861740031e-02
2.999935739861761888e-02
2.999935739861689377e-02
2.999935739861626233e-02
2.999935739861594314e-02
2.999935739861849318e-02
2.999935739861751133e-02
2.999935739861806991e-02
2.999935739861615130e-02
2.999935739861722683e-02
2.999935739861637335e-02
2.999935739861642192e-02
2.999935739861796236e-02
2.999935739861847583e-02
2.999935739861708806e-02
2.999935739862080383e-02
2.999935739861706030e-02
2.999935739861646009e-02
2.999935739861689724e-02
2.999935739861708459e-02
2.999935739862035627e-02
2.999935739861869788e-02
2.999935739861864584e-02
2.999935739861735867e-02
2.999935739861669254e-02
2.999935739861722683e-02
2.999935739861921830e-02
2.999935739861670642e-02
2.999935739861802481e-02
2.999935739861648437e-02
2.999935739861975259e-02
2.999935739861844808e-02
2.999935739861744194e-02
2.999935739861621029e-02
2.999935739862366960e-02
2.999935739861889911e-02
2.999935739861544354e-02
2.999935739861833012e-02
2.999935739861753214e-02
2.999935739861870482e-02
2.999935739861893380e-02
2.999935739861951667e-02
2.999935739861920095e-02
2.999935739861738296e-02
2.999935739861755296e-02
2.999935739861878115e-02
2.999935739861710887e-02
2.999935739862067546e-02
2.999935739862136241e-02
2.999935739861961034e-02
2.999935739861737949e-02
2.999935739861826420e-02
2.999935739861602293e-02
2.999935739861456924e-02
2.999935739861802134e-02
2.999935739861780970e-02
2.999935739861890951e-02
2.999935739861446168e-02
2.999935739861975259e-02
2.999935739861934667e-02
2.999935739862135201e-02
2.999935739861632478e-02
2.999935739862123751e-02
2.999935739861950279e-02
2.999935739862019321e-02
2.999935739861615824e-02
2.999935739861791725e-02
2.999935739861624151e-02
2.999935739862287856e-02
2.999935739862060607e-02
2.999935739862243100e-02
2.999935739861399678e-02
2.999935739862041179e-02
2.999935739862082812e-02
2.999935739861982198e-02
2.999935739861786174e-02
2.999935739861489883e-02
2.999935739861856604e-02
2.999935739861619641e-02
2.999935739861631090e-02
2.999935739861687295e-02
2.999935739861994688e-02
2.999935739861907952e-02
2.999935739862160528e-02
2.999935739861453107e-02
2.999935739862096690e-02
2.999935739861757031e-02
2.999935739862090445e-02
2.999935739861684866e-02
2.999935739861906911e-02
2.999935739861319881e-02
2.999935739862044301e-02
2.999935739861781664e-02
