2.999935839871102627e-02
2.999935839870818133e-02
2.999935839870881277e-02
2.999935839871311835e-02
2.999935839871226487e-02
2.999935839871368734e-02
2.999935839871962009e-02
2.999935839872850882e-02
2.999935839873308849e-02
2.999935839874363214e-02
2.999935839875673277e-02
2.999935839877068341e-02
2.999935839878418997e-02
2.999935839880107230e-02
2.999935839882276675e-02
2.999935839885180255e-02
2.999935839887594990e-02
2.999935839890462141e-02
2.999935839893609277e-02
2.999935839897664366e-02
2.999935839901161916e-02
2.999935839905564297e-02
2.999935839910313276e-02
2.999935839914845415e-02
2.999935839919696048e-02
2.999935839925018527e-02
2.999935839930169962e-02
2.999935839935720730e-02
2.999935839941638913e-02
2.999935839947929367e-02
2.999935839954144534e-02
2.999935839960334721e-02
2.999935839967333290e-02
2.999935839973564417e-02
2.999935839980471738e-02
2.999935839988073991e-02
2.999935839995114192e-02
2.999935840002044066e-02
2.999935840009436416e-02
2.999935840016513394e-02
2.999935840023138303e-02
2.999935840030038339e-02
2.999935840037648571e-02
2.999935840044600996e-02
2.999935840052073144e-02
2.999935840059066161e-02
2.999935840066863743e-02
2.999935840072930418e-02
2.999935840080463628e-02
2.999935840086858860e-02
2.999935840093411257e-02
2.999935840099620180e-02
2.999935840105583465e-02
2.999935840112352356e-02
2.999935840117920471e-02
2.999935840123452852e-02
2.999935840128885312e-02
2.999935840133498982e-02
2.999935840138631335e-02
2.999935840142681914e-02
2.999935840147082908e-02
2.999935840151128630e-02
2.999935840154010352e-02
2.999935840156764746e-02
2.999935840160899980e-02
2.999935840163529821e-02
2.999935840167960305e-02
2.999935840170129403e-02
2.999935840172691243e-02
2.999935840173667545e-02
2.999935840173720281e-02
2.999935840174176513e-02
2.999935840175178836e-02
2.999935840176591248e-02
2.999935840176702617e-02
2.999935840175735335e-02
2.999935840174401680e-02
2.999935840172346727e-02
2.999935840171386731e-02
2.999935840168903300e-02
2.999935840164930784e-02
2.999935840161375294e-02
2.999935840157781988e-02
2.999935840154516198e-02
2.999935840151068955e-02
2.999935840146963906e-02
2.999935840142620158e-02
2.999935840137850709e-02
2.999935840133562820e-02
2.999935840128126890e-02
2.999935840123418157e-02
2.999935840118445399e-02
2.999935840113016408e-02
2.999935840107174206e-02
2.999935840102240653e-02
2.999935840095385720e-02
2.999935840090244346e-02
2.999935840084867744e-02
2.999935840079121646e-02
2.999935840073243015e-02
2.999935840067700227e-02
2.999935840061519407e-02
2.999935840055236239e-02
2.999935840049166441e-02
2.999935840042960988e-02
2.999935840036060258e-02
2.999935840029375328e-02
2.999935840022657785e-02
2.999935840015315394e-02
2.999935840009504764e-02
2.999935840004583007e-02
2.999935839999449960e-02
2.999935839993955050e-02
2.999935839987312447e-02
2.999935839982583938e-02
2.999935839977655588e-02
2.999935839971065027e-02
2.999935839968689844e-02
2.999935839964715245e-02
2.999935839960484601e-02
2.999935839956236611e-02
2.999935839951891475e-02
2.999935839948950078e-02
2.999935839947007188e-02
2.999935839943306676e-02
2.999935839938249610e-02
2.999935839935211762e-02
2.999935839930992915e-02
2.999935839926583248e-02
2.999935839922446279e-02
2.999935839918143471e-02
2.999935839915714164e-02
2.999935839913126651e-02
2.999935839911760382e-02
2.999935839910283092e-02
2.999935839908300997e-02
2.999935839905988610e-02
2.999935839903308810e-02
2.999935839901679557e-02
2.999935839901061302e-02
2.999935839899079901e-02
2.999935839898587239e-02
2.999935839896001460e-02
2.999935839895306877e-02
2.999935839892817549e-02
2.999935839890733799e-02
2.999935839889654801e-02
2.999935839889265182e-02
2.999935839888577538e-02
2.999935839886267580e-02
2.999935839883653005e-02
2.999935839881640032e-02
2.999935839879842858e-02
2.999935839878321159e-02
2.999935839876395269e-02
2.999935839875873117e-02
2.999935839874188354e-02
2.999935839873554833e-02
2.999935839872056378e-02
2.999935839870207510e-02
2.999935839868263232e-02
2.999935839865932458e-02
2.999935839864841663e-02
2.999935839863544090e-02
2.999935839863275555e-02
2.999935839862911263e-02
2.999935839861752121e-02
2.999935839864052711e-02
2.999935839864076997e-02
2.999935839863786952e-02
2.999935839864400350e-02
2.999935839865488368e-02
2.999935839866642306e-02
2.999935839867458667e-02
2.999935839868088372e-02
2.999935839867744897e-02
2.999935839868919998e-02
2.999935839870094406e-02
2.999935839871600840e-02
2.999935839872763105e-02
2.999935839874995694e-02
2.999935839875678828e-02
2.999935839878122013e-02
2.999935839879963942e-02
2.999935839885467526e-02
2.999935839890317466e-02
2.999935839895540718e-02
2.999935839900904483e-02
2.999935839905569848e-02
2.999935839910523525e-02
2.999935839915935515e-02
2.999935839920439898e-02
2.999935839925284287e-02
2.999935839929176659e-02
2.999935839932625636e-02
2.999935839936690787e-02
2.999935839940141152e-02
2.999935839943439209e-02
2.999935839948641644e-02
2.999935839953421154e-02
2.999935839959629730e-02
2.999935839967124429e-02
2.999935839973103674e-02
2.999935839977448115e-02
2.999935839982081909e-02
2.999935839988884800e-02
2.999935839993678882e-02
2.999935839999042647e-02
2.999935840003451273e-02
2.999935840008047597e-02
2.999935840012725452e-02
2.999935840016353800e-02
2.999935840021457009e-02
2.999935840025666489e-02
2.999935840030585818e-02
2.999935840035523882e-02
2.999935840041140916e-02
2.999935840045118637e-02
2.999935840047907726e-02
2.999935840051758118e-02
2.999935840055411099e-02
2.999935840058491968e-02
2.999935840060410919e-02
2.999935840061845882e-02
2.999935840062615405e-02
2.999935840063657627e-02
2.999935840062721570e-02
2.999935840063524400e-02
2.999935840063082393e-02
2.999935840063380071e-02
2.999935840062863818e-02
2.999935840062916900e-02
2.999935840062441933e-02
2.999935840061301873e-02
2.999935840060398776e-02
2.999935840059094957e-02
2.999935840057730771e-02
2.999935840058095410e-02
2.999935840057049025e-02
2.999935840054521533e-02
2.999935840052370128e-02
2.999935840048328917e-02
2.999935840044375135e-02
2.999935840040918872e-02
2.999935840037679449e-02
2.999935840033822465e-02
2.999935840029138712e-02
2.999935840025071479e-02
2.999935840021128799e-02
2.999935840018659594e-02
2.999935840014999328e-02
2.999935840012823637e-02
2.999935840008690832e-02
2.999935840005173160e-02
2.999935840002779242e-02
2.999935840000610837e-02
2.999935839996850304e-02
2.999935839992357023e-02
2.999935839990972714e-02
2.999935839987608044e-02
2.999935839985007346e-02
2.999935839981783883e-02
2.999935839979130450e-02
2.999935839976381607e-02
2.999935839974424492e-02
2.999935839972779628e-02
2.999935839970904392e-02
2.999935839969576981e-02
2.999935839968385920e-02
2.999935839968059445e-02
2.999935839968417492e-02
2.999935839967610152e-02
2.999935839967499476e-02
2.999935839967210818e-02
2.999935839967605988e-02
2.999935839966687626e-02
2.999935839966642523e-02
2.999935839966277884e-02
2.999935839966030859e-02
2.999935839966498541e-02
2.999935839967246554e-02
2.999935839968110793e-02
2.999935839968586801e-02
2.999935839969773005e-02
2.999935839971433482e-02
2.999935839972938528e-02
2.999935839975421265e-02
2.999935839977551505e-02
2.999935839979976995e-02
2.999935839981747801e-02
2.999935839982737634e-02
2.999935839984574359e-02
2.999935839985599928e-02
2.999935839987277753e-02
2.999935839988649919e-02
2.999935839990619871e-02
2.999935839993223691e-02
2.999935839994209708e-02
2.999935839996412806e-02
2.999935839998525700e-02
2.999935840000805473e-02
2.999935840002835793e-02
2.999935840005255386e-02
2.999935840008203375e-02
2.999935840011264121e-02
2.999935840014158334e-02
2.999935840017041444e-02
2.999935840019953698e-02
2.999935840022838543e-02
2.999935840025090214e-02
2.999935840027822750e-02
2.999935840030244771e-02
2.999935840032577281e-02
2.999935840034628418e-02
2.999935840037270401e-02
2.999935840039598053e-02
2.999935840042408999e-02
2.999935840045819813e-02
2.999935840048658167e-02
2.999935840051632177e-02
2.999935840054302957e-02
2.999935840057093087e-02
2.999935840059883563e-02
2.999935840062210868e-02
2.999935840064700543e-02
2.999935840067104176e-02
2.999935840069448134e-02
2.999935840071301166e-02
2.999935840072725374e-02
2.999935840074055213e-02
2.999935840075465543e-02
2.999935840076643073e-02
2.999935840078055138e-02
2.999935840079470672e-02
2.999935840080373423e-02
2.999935840081051006e-02
2.999935840081882632e-02
2.999935840082646257e-02
2.999935840083416475e-02
2.999935840084173855e-02
2.999935840084561739e-02
2.999935840085144606e-02
2.999935840085157443e-02
2.999935840085364569e-02
2.999935840085411407e-02
2.999935840085383998e-02
2.999935840085033931e-02
2.999935840084956909e-02
2.999935840084562780e-02
2.999935840084505534e-02
2.999935840083824135e-02
2.999935840083073346e-02
2.999935840082387783e-02
2.999935840081381644e-02
2.999935840080973290e-02
2.999935840079865149e-02
2.999935840078754579e-02
2.999935840077716867e-02
2.999935840076741952e-02
2.999935840075706323e-02
2.999935840074842430e-02
2.999935840074126336e-02
2.999935840073293322e-02
2.999935840072715312e-02
2.999935840071803889e-02
2.999935840070748136e-02
2.999935840070260679e-02
2.999935840069788140e-02
2.999935840069173701e-02
2.999935840069193477e-02
2.999935840068894410e-02
2.999935840068678958e-02
2.999935840068345544e-02
2.999935840067488590e-02
2.999935840066844314e-02
2.999935840066563983e-02
2.999935840066354775e-02
2.999935840066202120e-02
2.999935840066227100e-02
2.999935840066604228e-02
2.999935840066390164e-02
2.999935840066996970e-02
2.999935840066457471e-02
2.999935840066613943e-02
2.999935840066620535e-02
2.999935840067397691e-02
2.999935840067867801e-02
2.999935840068300788e-02
2.999935840068270951e-02
2.999935840068125581e-02
2.999935840068498893e-02
2.999935840068888859e-02
2.999935840068913145e-02
2.999935840069464441e-02
2.999935840069946000e-02
2.999935840070258250e-02
2.999935840070878934e-02
2.999935840070318965e-02
2.999935840070732523e-02
2.999935840070966364e-02
2.999935840071608212e-02
2.999935840071240450e-02
2.999935840071762255e-02
2.999935840071546109e-02
2.999935840070701992e-02
2.999935840071171061e-02
2.999935840070364068e-02
2.999935840070325210e-02
2.999935840070946935e-02
2.999935840071370902e-02
2.999935840071167592e-02
2.999935840072140078e-02
2.999935840072546350e-02
2.999935840072977949e-02
2.999935840074877819e-02
2.999935840075334398e-02
2.999935840075650811e-02
2.999935840076118493e-02
2.999935840076374191e-02
2.999935840077666560e-02
2.999935840077650948e-02
2.999935840075561994e-02
2.999935840074429219e-02
2.999935840073900128e-02
2.999935840074832716e-02
2.999935840075502319e-02
2.999935840074963514e-02
2.999935840074862553e-02
2.999935840074492363e-02
2.999935840075458604e-02
2.999935840077127755e-02
2.999935840078762558e-02
2.999935840080822022e-02
2.999935840083654826e-02
2.999935840084518718e-02
2.999935840086244768e-02
2.999935840087332092e-02
2.999935840086853309e-02
2.999935840088543970e-02
2.999935840088452377e-02
2.999935840088495398e-02
2.999935840089095265e-02
2.999935840089577518e-02
2.999935840090504902e-02
2.999935840090964950e-02
2.999935840091726147e-02
2.999935840092288891e-02
2.999935840094138106e-02
2.999935840094289374e-02
2.999935840095555722e-02
2.999935840096704456e-02
2.999935840098047479e-02
2.999935840100085432e-02
2.999935840101807319e-02
2.999935840102398166e-02
2.999935840103246446e-02
2.999935840104346260e-02
2.999935840105667773e-02
2.999935840106949386e-02
2.999935840108068630e-02
2.999935840109210772e-02
2.999935840110337648e-02
2.999935840111648405e-02
2.999935840114198796e-02
2.999935840115660821e-02
2.999935840117224500e-02
2.999935840117624181e-02
2.999935840118398214e-02
2.999935840120596803e-02
2.999935840119865096e-02
2.999935840121421837e-02
2.999935840122093175e-02
2.999935840121009667e-02
2.999935840119643746e-02
2.999935840121029096e-02
2.999935840122999048e-02
2.999935840123916370e-02
2.999935840124784078e-02
2.999935840126234654e-02
2.999935840128116482e-02
2.999935840129086539e-02
2.999935840129553527e-02
2.999935840131524173e-02
2.999935840132008855e-02
2.999935840132767276e-02
2.999935840134356976e-02
2.999935840134988763e-02
2.999935840135425913e-02
2.999935840136522605e-02
2.999935840135010967e-02
2.999935840136638138e-02
2.999935840132935544e-02
2.999935840134702533e-02
2.999935840133325857e-02
2.999935840131243148e-02
2.999935840131165085e-02
2.999935840131687584e-02
2.999935840132865808e-02
2.999935840133587800e-02
2.999935840132889053e-02
2.999935840133447981e-02
2.999935840135093540e-02
2.999935840135446383e-02
2.999935840133983317e-02
2.999935840131780912e-02
2.999935840131885342e-02
2.999935840130950673e-02
2.999935840131002715e-02
2.999935840131470050e-02
2.999935840131232392e-02
2.999935840130498604e-02
2.999935840129983391e-02
2.999935840130503809e-02
2.999935840130385500e-02
2.999935840129640610e-02
2.999935840129340850e-02
2.999935840131445416e-02
2.999935840131280965e-02
2.999935840132112938e-02
2.999935840131957854e-02
2.999935840132880727e-02
2.999935840133506962e-02
2.999935840132137571e-02
2.999935840132275655e-02
2.999935840132659723e-02
2.999935840132162204e-02
2.999935840131401008e-02
2.999935840132881421e-02
2.999935840135680570e-02
2.999935840137374007e-02
2.999935840138359677e-02
2.999935840140041318e-02
2.999935840142573321e-02
2.999935840144223043e-02
2.999935840145483146e-02
2.999935840146242261e-02
2.999935840147163052e-02
2.999935840147613386e-02
2.999935840147465241e-02
2.999935840147548854e-02
2.999935840147063826e-02
2.999935840148229213e-02
2.999935840148522034e-02
2.999935840149170821e-02
2.999935840150728950e-02
2.999935840152208322e-02
2.999935840153247074e-02
2.999935840155158739e-02
2.999935840157706007e-02
2.999935840159639183e-02
2.999935840161224720e-02
2.999935840163417411e-02
2.999935840165782533e-02
2.999935840168075490e-02
2.999935840169664497e-02
2.999935840170268528e-02
2.999935840171069970e-02
2.999935840171766982e-02
2.999935840174938403e-02
2.999935840174660501e-02
2.999935840174559540e-02
2.999935840176690474e-02
2.999935840177379853e-02
2.999935840178820368e-02
2.999935840179707852e-02
2.999935840180360455e-02
2.999935840181912686e-02
2.999935840183259178e-02
2.999935840185445970e-02
2.999935840186256086e-02
2.999935840188241304e-02
2.999935840189563857e-02
2.999935840190585262e-02
2.999935840191596953e-02
2.999935840191840855e-02
2.999935840193699785e-02
2.999935840194598718e-02
2.999935840195579531e-02
2.999935840196209583e-02
2.999935840197268805e-02
2.999935840199169368e-02
2.999935840199776521e-02
2.999935840200913806e-02
2.999935840203013515e-02
2.999935840203987042e-02
2.999935840205687071e-02
2.999935840207144239e-02
2.999935840207713575e-02
2.999935840208308585e-02
2.999935840208048377e-02
2.999935840208662122e-02
2.999935840208676346e-02
2.999935840208384219e-02
2.999935840208831778e-02
2.999935840209190865e-02
2.999935840210152943e-02
2.999935840210853077e-02
2.999935840212471228e-02
2.999935840214162236e-02
2.999935840214010274e-02
2.999935840216249455e-02
2.999935840218460187e-02
2.999935840219316446e-02
2.999935840221474442e-02
2.999935840222292538e-02
2.999935840222978795e-02
2.999935840223386802e-02
2.999935840223647010e-02
2.999935840225521899e-02
2.999935840226396894e-02
2.999935840226324035e-02
2.999935840226632469e-02
2.999935840226565509e-02
2.999935840227054701e-02
2.999935840227848510e-02
2.999935840228612483e-02
2.999935840228990652e-02
2.999935840230436024e-02
2.999935840231530981e-02
2.999935840232105522e-02
2.999935840233483933e-02
2.999935840234566053e-02
2.999935840235171819e-02
2.999935840235775503e-02
2.999935840236625864e-02
2.999935840237361040e-02
2.999935840238074705e-02
2.999935840238138196e-02
2.999935840238002194e-02
2.999935840237801313e-02
2.999935840237841905e-02
2.999935840237459225e-02
2.999935840237018259e-02
2.999935840237021034e-02
2.999935840236606435e-02
2.999935840235753645e-02
2.999935840235423007e-02
2.999935840234882120e-02
2.999935840234187537e-02
2.999935840233270215e-02
2.999935840232665490e-02
2.999935840231403653e-02
2.999935840230578618e-02
2.999935840229448619e-02
2.999935840228344294e-02
2.999935840227287501e-02
2.999935840226348321e-02
2.999935840225551043e-02
2.999935840224793315e-02
2.999935840223813543e-02
2.999935840222417438e-02
2.999935840221575750e-02
2.999935840220450262e-02
2.999935840219611349e-02
2.999935840218633659e-02
2.999935840217533498e-02
2.999935840216557195e-02
2.999935840215731120e-02
2.999935840214501548e-02
2.999935840213504776e-02
2.999935840212419186e-02
2.999935840211493190e-02
2.999935840210683768e-02
2.999935840209978430e-02
2.999935840209294602e-02
2.999935840208387341e-02
2.999935840207869353e-02
2.999935840207147708e-02
2.999935840206661292e-02
2.999935840206396573e-02
2.999935840206782375e-02
2.999935840206839274e-02
2.999935840206984644e-02
2.999935840206904847e-02
2.999935840207569593e-02
2.999935840208275278e-02
2.999935840208753715e-02
2.999935840209533647e-02
2.999935840210200821e-02
2.999935840210721932e-02
2.999935840211614621e-02
2.999935840212153426e-02
2.999935840213032584e-02
2.999935840213641472e-02
2.999935840214607019e-02
2.999935840215209315e-02
2.999935840216181454e-02
2.999935840217009611e-02
2.999935840217823196e-02
2.999935840218806438e-02
2.999935840220020397e-02
2.999935840222141964e-02
2.999935840223826033e-02
2.999935840225501082e-02
2.999935840227243092e-02
2.999935840229171757e-02
2.999935840231152118e-02
2.999935840232862555e-02
2.999935840234562584e-02
2.999935840236836460e-02
2.999935840238873372e-02
2.999935840240824936e-02
2.999935840242431984e-02
2.999935840243936336e-02
2.999935840245475382e-02
2.999935840247250352e-02
2.999935840249957214e-02
2.999935840251558711e-02
2.999935840253340966e-02
2.999935840254849481e-02
2.999935840257091091e-02
2.999935840258710629e-02
2.999935840260345779e-02
2.999935840262109646e-02
2.999935840263561609e-02
2.999935840265269965e-02
2.999935840266340289e-02
2.999935840267639597e-02
2.999935840268758841e-02
2.999935840270058843e-02
2.999935840271965651e-02
2.999935840273450227e-02
2.999935840274343957e-02
2.999935840274855353e-02
2.999935840276012414e-02
2.999935840276455462e-02
2.999935840277240598e-02
2.999935840278791788e-02
2.999935840279198407e-02
2.999935840279993257e-02
2.999935840280910232e-02
2.999935840280605268e-02
2.999935840279741722e-02
2.999935840278604091e-02
2.999935840277227761e-02
2.999935840275698776e-02
2.999935840275094398e-02
2.999935840273957460e-02
2.999935840273042220e-02
2.999935840269626203e-02
2.999935840268022277e-02
2.999935840266730602e-02
2.999935840265007675e-02
2.999935840264128517e-02
2.999935840263314585e-02
2.999935840261970174e-02
2.999935840259523867e-02
2.999935840256823943e-02
2.999935840254146571e-02
2.999935840251325564e-02
2.999935840247811708e-02
2.999935840243832946e-02
2.999935840240722587e-02
2.999935840237078627e-02
2.999935840233305950e-02
2.999935840229724093e-02
2.999935840226536365e-02
2.999935840223611275e-02
2.999935840221772121e-02
2.999935840219743882e-02
2.999935840217586233e-02
2.999935840213931171e-02
2.999935840210985610e-02
2.999935840210409682e-02
2.999935840207452326e-02
2.999935840203462462e-02
2.999935840200424614e-02
2.999935840197919326e-02
2.999935840195618042e-02
2.999935840194820763e-02
2.999935840193793113e-02
2.999935840191702771e-02
2.999935840190651182e-02
2.999935840191016861e-02
2.999935840189915659e-02
2.999935840190338932e-02
2.999935840191066821e-02
2.999935840193497516e-02
2.999935840195506326e-02
2.999935840198290904e-02
2.999935840201282955e-02
2.999935840201752718e-02
2.999935840204480050e-02
2.999935840207134871e-02
2.999935840208693000e-02
2.999935840211909871e-02
2.999935840214285054e-02
2.999935840218736008e-02
2.999935840222581890e-02
2.999935840226404180e-02
2.999935840230556414e-02
2.999935840236675477e-02
2.999935840241364088e-02
2.999935840246520727e-02
2.999935840252632852e-02
2.999935840259205025e-02
2.999935840265545439e-02
2.999935840272083612e-02
2.999935840278664112e-02
2.999935840285750804e-02
2.999935840291911154e-02
2.999935840298007667e-02
2.999935840304837620e-02
2.999935840311428875e-02
2.999935840317580552e-02
2.999935840322716374e-02
2.999935840327743602e-02
2.999935840332753137e-02
2.999935840338773668e-02
2.999935840344421928e-02
2.999935840349175417e-02
2.999935840353496613e-02
2.999935840358217143e-02
2.999935840363573969e-02
2.999935840368429807e-02
2.999935840372592796e-02
2.999935840376061549e-02
2.999935840380062169e-02
2.999935840383245733e-02
2.999935840386810937e-02
2.999935840389134425e-02
2.999935840391681346e-02
2.999935840394000325e-02
2.999935840397111378e-02
2.999935840397805614e-02
2.999935840400061796e-02
2.999935840402680881e-02
2.999935840404971410e-02
2.999935840406570131e-02
2.999935840409804350e-02
2.999935840410511423e-02
2.999935840412302351e-02
2.999935840410929144e-02
2.999935840411538032e-02
2.999935840411027677e-02
2.999935840411254925e-02
2.999935840411852017e-02
2.999935840411110249e-02
2.999935840410495463e-02
2.999935840409978863e-02
2.999935840408493593e-02
2.999935840410524954e-02
2.999935840409599652e-02
2.999935840411106433e-02
2.999935840413478494e-02
2.999935840413616231e-02
2.999935840412516763e-02
2.999935840413307103e-02
2.999935840413698110e-02
2.999935840411516175e-02
2.999935840410122845e-02
2.999935840411403071e-02
2.999935840409936189e-02
2.999935840409137869e-02
2.999935840407323348e-02
2.999935840405668769e-02
2.999935840403534365e-02
2.999935840402678799e-02
2.999935840401696946e-02
2.999935840401049547e-02
2.999935840399749198e-02
2.999935840399175352e-02
2.999935840398847836e-02
2.999935840398189335e-02
2.999935840397967290e-02
2.999935840396828618e-02
2.999935840395941827e-02
2.999935840394631764e-02
2.999935840393699524e-02
2.999935840392889061e-02
2.999935840390466346e-02
2.999935840387169678e-02
2.999935840386178804e-02
2.999935840383437247e-02
2.999935840381924568e-02
2.999935840378475244e-02
2.999935840375983487e-02
2.999935840371632800e-02
2.999935840366623960e-02
2.999935840364406636e-02
2.999935840359959499e-02
2.999935840357806013e-02
2.999935840354112093e-02
2.999935840351185268e-02
2.999935840345879096e-02
2.999935840341211996e-02
2.999935840337575321e-02
2.999935840331844489e-02
2.999935840326254863e-02
2.999935840321632519e-02
2.999935840316453328e-02
2.999935840311894822e-02
2.999935840306759000e-02
2.999935840302423232e-02
2.999935840296813483e-02
2.999935840292374672e-02
2.999935840286802047e-02
2.999935840282173111e-02
2.999935840276129334e-02
2.999935840270950144e-02
2.999935840264858142e-02
2.999935840259129738e-02
2.999935840253804484e-02
2.999935840247135166e-02
2.999935840241410578e-02
2.999935840234750281e-02
2.999935840227573036e-02
2.999935840221414421e-02
2.999935840213864557e-02
2.999935840207893986e-02
2.999935840200830539e-02
2.999935840193981157e-02
2.999935840189188463e-02
2.999935840186129105e-02
2.999935840180088104e-02
2.999935840177818738e-02
2.999935840172581608e-02
2.999935840167307008e-02
2.999935840164332998e-02
2.999935840160430911e-02
2.999935840156277983e-02
2.999935840151767008e-02
2.999935840147507915e-02
2.999935840143098942e-02
2.999935840139480309e-02
2.999935840136539605e-02
2.999935840134327833e-02
2.999935840132390841e-02
2.999935840130251233e-02
2.999935840129586834e-02
2.999935840128349282e-02
2.999935840126856379e-02
2.999935840126218001e-02
2.999935840125505376e-02
2.999935840125809994e-02
2.999935840126801215e-02
2.999935840126968442e-02
2.999935840126735989e-02
2.999935840127053097e-02
2.999935840127554085e-02
2.999935840129215950e-02
2.999935840131282352e-02
2.999935840132552170e-02
2.999935840135636161e-02
2.999935840139464696e-02
2.999935840141848553e-02
2.999935840145174712e-02
2.999935840148976532e-02
2.999935840152552491e-02
2.999935840157377798e-02
2.999935840161223333e-02
2.999935840165590673e-02
2.999935840169791132e-02
2.999935840173485052e-02
2.999935840177655327e-02
2.999935840182711005e-02
2.999935840187719499e-02
2.999935840193145714e-02
2.999935840196880574e-02
2.999935840202075724e-02
2.999935840208092785e-02
2.999935840213983212e-02
2.999935840219992295e-02
2.999935840225979172e-02
2.999935840232775472e-02
2.999935840238460161e-02
2.999935840244420324e-02
2.999935840250530367e-02
2.999935840255873315e-02
2.999935840261622536e-02
2.999935840267479656e-02
2.999935840272806298e-02
2.999935840277695095e-02
2.999935840282822938e-02
2.999935840287721103e-02
2.999935840293009928e-02
2.999935840297465392e-02
2.999935840301955550e-02
2.999935840306074478e-02
2.999935840310359939e-02
2.999935840315831256e-02
2.999935840319116129e-02
2.999935840322413144e-02
2.999935840325611280e-02
2.999935840329319078e-02
2.999935840332743422e-02
2.999935840335756290e-02
2.999935840338515541e-02
2.999935840340665211e-02
2.999935840343492810e-02
2.999935840345132471e-02
2.999935840346375227e-02
2.999935840347975682e-02
2.999935840349624711e-02
2.999935840350863997e-02
2.999935840351456925e-02
2.999935840352039446e-02
2.999935840352847480e-02
