2.999925691709943651e-02
2.999925691709521766e-02
2.999925691709900630e-02
2.999925691709858649e-02
2.999925691710278106e-02
2.999925691709741035e-02
2.999925691710065428e-02
2.999925691709702524e-02
2.999925691709859343e-02
2.999925691709776077e-02
2.999925691709845466e-02
2.999925691709920406e-02
2.999925691709876344e-02
2.999925691709388886e-02
2.999925691710068204e-02
2.999925691709670258e-02
2.999925691709546052e-02
2.999925691709938100e-02
2.999925691709838180e-02
2.999925691709894385e-02
2.999925691709742423e-02
2.999925691709837486e-02
2.999925691709854139e-02
2.999925691709715708e-02
2.999925691709793771e-02
2.999925691710239248e-02
2.999925691709913120e-02
2.999925691710088674e-02
2.999925691709993958e-02
2.999925691710167083e-02
2.999925691709936018e-02
2.999925691709776424e-02
2.999925691709651177e-02
2.999925691709853098e-02
2.999925691709928038e-02
2.999925691709481174e-02
2.999925691709635217e-02
2.999925691709711545e-02
2.999925691709744505e-02
2.999925691709920406e-02
2.999925691709486031e-02
2.999925691710004019e-02
2.999925691709814587e-02
2.999925691710278106e-02
2.999925691709666442e-02
2.999925691709597747e-02
2.999925691709835751e-02
2.999925691709751444e-02
2.999925691709922140e-02
2.999925691709735137e-02
2.999925691710051551e-02
2.999925691709472847e-02
2.999925691709810771e-02
2.999925691709760811e-02
2.999925691709783709e-02
2.999925691709888140e-02
2.999925691709994999e-02
2.999925691710092143e-02
2.999925691709728892e-02
2.999925691709665748e-02
2.999925691709733749e-02
2.999925691709752484e-02
2.999925691710056061e-02
2.999925691710104286e-02
2.999925691710124409e-02
2.999925691709875303e-02
2.999925691710047734e-02
2.999925691709951978e-02
2.999925691710152165e-02
2.999925691709746933e-02
2.999925691709797240e-02
2.999925691709871139e-02
2.999925691709855527e-02
2.999925691709873568e-02
2.999925691709938447e-02
2.999925691709564787e-02
2.999925691709753178e-02
2.999925691709854486e-02
2.999925691709872527e-02
2.999925691709700443e-02
2.999925691709795506e-02
2.999925691709877038e-02
2.999925691709779546e-02
2.999925691710090409e-02
2.999925691709965161e-02
2.999925691709796893e-02
2.999925691709939141e-02
2.999925691709677544e-02
2.999925691709939141e-02
2.999925691709897507e-02
2.999925691710038020e-02
2.999925691709772954e-02
2.999925691709944345e-02
2.999925691709783362e-02
2.999925691710008530e-02
2.999925691709816322e-02
2.999925691709843037e-02
2.999925691709916242e-02
2.999925691709814934e-02
2.999925691709815975e-02
2.999925691709730627e-02
2.999925691709921100e-02
2.999925691709581094e-02
2.999925691709713974e-02
2.999925691709831588e-02
2.999925691709778158e-02
2.999925691710020326e-02
2.999925691709883629e-02
2.999925691709822567e-02
2.999925691709961345e-02
2.999925691709923875e-02
2.999925691709982162e-02
2.999925691709839914e-02
2.999925691709769832e-02
2.999925691709899936e-02
2.999925691709906875e-02
2.999925691709951284e-02
2.999925691709933590e-02
2.999925691709922487e-02
2.999925691709780587e-02
2.999925691709925957e-02
2.999925691709841996e-02
2.999925691709810077e-02
2.999925691709894732e-02
2.999925691709667136e-02
2.999925691709878425e-02
2.999925691709831588e-02
2.999925691709813894e-02
2.999925691709766709e-02
2.999925691709774689e-02
2.999925691709845466e-02
2.999925691709970366e-02
2.999925691709794812e-02
2.999925691709749362e-02
2.999925691709842690e-02
2.999925691709946080e-02
2.999925691709799669e-02
2.999925691709960651e-02
2.999925691709828118e-02
2.999925691709692810e-02
2.999925691709830894e-02
2.999925691709920059e-02
2.999925691709872180e-02
2.999925691709703218e-02
2.999925691709737913e-02
2.999925691709941222e-02
2.999925691709829506e-02
2.999925691709796546e-02
2.999925691709690034e-02
2.999925691709878078e-02
2.999925691709711198e-02
2.999925691709919018e-02
2.999925691709867670e-02
2.999925691709941222e-02
2.999925691709922487e-02
2.999925691709911385e-02
2.999925691710002978e-02
2.999925691709912773e-02
2.999925691709946426e-02
2.999925691709909997e-02
2.999925691709902364e-02
2.999925691709721259e-02
2.999925691709761505e-02
2.999925691709839221e-02
2.999925691709715014e-02
2.999925691709959957e-02
2.999925691709790648e-02
2.999925691709776077e-02
2.999925691709962039e-02
2.999925691710019979e-02
2.999925691709790995e-02
2.999925691709916242e-02
2.999925691709859343e-02
2.999925691709888487e-02
2.999925691709724729e-02
2.999925691709953018e-02
2.999925691709926651e-02
2.999925691709907222e-02
2.999925691709841996e-02
2.999925691709826384e-02
2.999925691709941916e-02
2.999925691709790648e-02
2.999925691709750403e-02
2.999925691709821873e-02
2.999925691709940875e-02
2.999925691709840955e-02
2.999925691709834363e-02
2.999925691709965508e-02
2.999925691709962733e-02
2.999925691709777464e-02
2.999925691709951631e-02
2.999925691709971060e-02
2.999925691709903058e-02
2.999925691709830894e-02
2.999925691709882242e-02
2.999925691709863854e-02
2.999925691709768791e-02
2.999925691709866282e-02
2.999925691709849629e-02
2.999925691709771219e-02
2.999925691709630707e-02
2.999925691709792730e-02
2.999925691709863160e-02
2.999925691709747280e-02
2.999925691709851711e-02
2.999925691709852751e-02
2.999925691709790648e-02
2.999925691709968631e-02
2.999925691709805567e-02
2.999925691709849629e-02
2.999925691709819792e-02
2.999925691709774342e-02
2.999925691709840261e-02
2.999925691709776771e-02
2.999925691709953712e-02
2.999925691709880160e-02
2.999925691709767056e-02
2.999925691709882936e-02
2.999925691709875997e-02
2.999925691709835751e-02
2.999925691709904446e-02
2.999925691709853792e-02
2.999925691709830200e-02
2.999925691709903752e-02
2.999925691709785444e-02
2.999925691709787179e-02
2.999925691709737566e-02
2.999925691709803138e-02
2.999925691709742770e-02
2.999925691709859690e-02
2.999925691709845119e-02
2.999925691709772607e-02
2.999925691709843037e-02
2.999925691709773995e-02
2.999925691709790648e-02
2.999925691709999162e-02
2.999925691709725423e-02
2.999925691709737913e-02
2.999925691709703218e-02
2.999925691709815975e-02
2.999925691709854833e-02
2.999925691709906181e-02
2.999925691709830894e-02
2.999925691709911038e-02
2.999925691709851711e-02
2.999925691709929773e-02
2.999925691709787873e-02
2.999925691709885711e-02
2.999925691709858649e-02
2.999925691709812853e-02
2.999925691709822567e-02
2.999925691709854486e-02
2.999925691709870446e-02
2.999925691709870099e-02
2.999925691709819098e-02
2.999925691709905140e-02
2.999925691709822567e-02
2.999925691709835751e-02
2.999925691709818404e-02
2.999925691709824996e-02
2.999925691709757342e-02
2.999925691709790648e-02
2.999925691709996040e-02
2.999925691709776077e-02
2.999925691709750056e-02
2.999925691709854139e-02
2.999925691709883976e-02
2.999925691709818404e-02
2.999925691709800710e-02
2.999925691709776771e-02
2.999925691709786485e-02
2.999925691709865588e-02
2.999925691709811812e-02
2.999925691709957876e-02
2.999925691709938447e-02
2.999925691709832282e-02
2.999925691709815281e-02
2.999925691709803485e-02
2.999925691709759423e-02
2.999925691709835057e-02
2.999925691709843037e-02
2.999925691709839221e-02
2.999925691709930467e-02
2.999925691709855180e-02
2.999925691709834363e-02
2.999925691709925263e-02
2.999925691710061959e-02
2.999925691709781628e-02
2.999925691709787526e-02
2.999925691709816669e-02
2.999925691709832629e-02
2.999925691709730627e-02
2.999925691709715014e-02
2.999925691709801404e-02
2.999925691709771913e-02
2.999925691709767056e-02
2.999925691709795852e-02
2.999925691709937406e-02
2.999925691709835404e-02
2.999925691709949202e-02
2.999925691709822914e-02
2.999925691709875997e-02
2.999925691709980080e-02
2.999925691709783709e-02
2.999925691709797240e-02
2.999925691709655340e-02
2.999925691709834016e-02
2.999925691709837833e-02
2.999925691709755954e-02
2.999925691709676157e-02
2.999925691709755954e-02
2.999925691709765668e-02
2.999925691709816669e-02
2.999925691709766709e-02
2.999925691709803485e-02
2.999925691709735831e-02
2.999925691709729586e-02
2.999925691709809383e-02
2.999925691709837833e-02
2.999925691709821179e-02
2.999925691709860037e-02
2.999925691709842343e-02
2.999925691709703565e-02
2.999925691709836445e-02
2.999925691709836445e-02
2.999925691709897160e-02
2.999925691709800363e-02
2.999925691709798281e-02
2.999925691709905834e-02
2.999925691709609543e-02
2.999925691709865588e-02
2.999925691709728892e-02
2.999925691709723341e-02
2.999925691709859343e-02
2.999925691709755260e-02
2.999925691709739300e-02
2.999925691709848935e-02
2.999925691709779199e-02
2.999925691709780240e-02
2.999925691709826384e-02
2.999925691709904446e-02
2.999925691709779546e-02
2.999925691709801057e-02
2.999925691709714320e-02
2.999925691709746586e-02
2.999925691709829159e-02
2.999925691709805914e-02
2.999925691709777811e-02
2.999925691709797587e-02
2.999925691709698361e-02
2.999925691709826037e-02
2.999925691709762893e-02
2.999925691709797587e-02
2.999925691709698361e-02
2.999925691709767403e-02
2.999925691709822220e-02
2.999925691709736872e-02
2.999925691709818057e-02
2.999925691709748668e-02
2.999925691709836445e-02
2.999925691709683789e-02
2.999925691709906528e-02
2.999925691709798281e-02
2.999925691709717790e-02
2.999925691709822220e-02
2.999925691709787526e-02
2.999925691709719178e-02
2.999925691709735831e-02
2.999925691709828465e-02
2.999925691709802097e-02
2.999925691709782669e-02
2.999925691709736525e-02
2.999925691709688300e-02
2.999925691709759423e-02
2.999925691709785791e-02
2.999925691709770526e-02
2.999925691709755260e-02
2.999925691709800710e-02
2.999925691709716055e-02
2.999925691709757689e-02
2.999925691709768097e-02
2.999925691709788914e-02
2.999925691709768791e-02
2.999925691709792730e-02
2.999925691709808689e-02
2.999925691709739300e-02
2.999925691709795852e-02
2.999925691709818057e-02
2.999925691709795506e-02
2.999925691709772260e-02
2.999925691709784750e-02
2.999925691709804526e-02
2.999925691709758035e-02
2.999925691709781281e-02
2.999925691709755607e-02
2.999925691709765321e-02
2.999925691709808342e-02
2.999925691709787873e-02
2.999925691709817016e-02
2.999925691709765668e-02
2.999925691709760811e-02
2.999925691709818404e-02
2.999925691709764281e-02
2.999925691709773301e-02
2.999925691709781628e-02
2.999925691709774689e-02
2.999925691709770526e-02
2.999925691709780587e-02
2.999925691709769138e-02
2.999925691709792036e-02
2.999925691709772260e-02
2.999925691709786832e-02
2.999925691709779546e-02
2.999925691709762199e-02
2.999925691709778158e-02
2.999925691709809730e-02
2.999925691709791342e-02
2.999925691709779546e-02
2.999925691709831588e-02
2.999925691709793424e-02
2.999925691709801057e-02
2.999925691709776771e-02
2.999925691709830894e-02
2.999925691709773301e-02
2.999925691709808689e-02
2.999925691709784750e-02
2.999925691709781628e-02
2.999925691709789954e-02
2.999925691709834016e-02
2.999925691709797934e-02
2.999925691709794812e-02
2.999925691709828812e-02
2.999925691709796199e-02
2.999925691709807996e-02
2.999925691709789261e-02
2.999925691709793077e-02
2.999925691709793424e-02
2.999925691709788567e-02
2.999925691709787526e-02
2.999925691709804526e-02
2.999925691709779199e-02
2.999925691709817710e-02
2.999925691709807996e-02
2.999925691709789607e-02
2.999925691709804526e-02
2.999925691709798975e-02
2.999925691709797240e-02
2.999925691709796893e-02
2.999925691709810771e-02
2.999925691709796546e-02
2.999925691709806955e-02
2.999925691709802791e-02
2.999925691709794465e-02
2.999925691709792036e-02
2.999925691709810771e-02
2.999925691709802444e-02
2.999925691709802097e-02
2.999925691709798628e-02
2.999925691709792730e-02
2.999925691709800363e-02
2.999925691709800710e-02
2.999925691709795506e-02
2.999925691709796546e-02
2.999925691709798628e-02
2.999925691709803485e-02
2.999925691709811118e-02
2.999925691709808342e-02
2.999925691709817016e-02
2.999925691709808689e-02
2.999925691709805914e-02
2.999925691709805914e-02
2.999925691709804526e-02
2.999925691709802791e-02
2.999925691709810424e-02
2.999925691709803832e-02
2.999925691709806608e-02
2.999925691709809383e-02
2.999925691709809730e-02
2.999925691709810077e-02
2.999925691709810077e-02
2.999925691709807649e-02
2.999925691709810771e-02
2.999925691709813200e-02
2.999925691709810424e-02
2.999925691709812159e-02
2.999925691709814241e-02
2.999925691709815628e-02
2.999925691709815628e-02
2.999925691709815628e-02
2.999925691709816322e-02
2.999925691709817363e-02
2.999925691709818404e-02
2.999925691709818404e-02
2.999925691709817710e-02
2.999925691709818751e-02
2.999925691709820139e-02
2.999925691709820486e-02
2.999925691709820486e-02
2.999925691709821179e-02
2.999925691709821526e-02
2.999925691709822220e-02
2.999925691709822914e-02
2.999925691709823608e-02
2.999925691709823608e-02
2.999925691709824649e-02
2.999925691709824996e-02
2.999925691709825343e-02
2.999925691709827077e-02
2.999925691709827424e-02
2.999925691709827077e-02
2.999925691709827771e-02
2.999925691709828465e-02
2.999925691709829506e-02
2.999925691709830200e-02
2.999925691709831588e-02
2.999925691709831935e-02
2.999925691709831241e-02
2.999925691709831935e-02
2.999925691709834363e-02
2.999925691709833669e-02
2.999925691709835404e-02
2.999925691709835404e-02
2.999925691709835057e-02
2.999925691709836792e-02
2.999925691709836445e-02
2.999925691709836445e-02
2.999925691709837139e-02
2.999925691709841302e-02
2.999925691709839221e-02
2.999925691709837139e-02
2.999925691709845119e-02
2.999925691709844772e-02
2.999925691709845119e-02
2.999925691709847200e-02
2.999925691709848588e-02
2.999925691709846506e-02
2.999925691709846853e-02
2.999925691709848241e-02
2.999925691709850670e-02
2.999925691709839914e-02
2.999925691709843731e-02
2.999925691709847200e-02
2.999925691709855180e-02
2.999925691709858996e-02
2.999925691709851364e-02
2.999925691709850323e-02
2.999925691709860037e-02
2.999925691709854833e-02
2.999925691709858649e-02
2.999925691709870446e-02
2.999925691709856568e-02
2.999925691709856915e-02
2.999925691709860037e-02
2.999925691709853792e-02
2.999925691709865588e-02
2.999925691709879813e-02
2.999925691709848588e-02
2.999925691709855180e-02
2.999925691709867323e-02
2.999925691709865935e-02
2.999925691709851364e-02
2.999925691709876691e-02
2.999925691709879466e-02
2.999925691709877038e-02
2.999925691709843731e-02
2.999925691709870446e-02
2.999925691709878078e-02
2.999925691709853792e-02
2.999925691709862466e-02
2.999925691709885017e-02
2.999925691709878772e-02
2.999925691709860731e-02
2.999925691709879466e-02
2.999925691709864548e-02
2.999925691709894732e-02
2.999925691709884670e-02
2.999925691709871139e-02
2.999925691709883629e-02
2.999925691709834363e-02
2.999925691709864201e-02
2.999925691709900283e-02
2.999925691709841996e-02
2.999925691709864201e-02
2.999925691709817016e-02
2.999925691709880854e-02
2.999925691709857262e-02
2.999925691709889181e-02
2.999925691709827424e-02
2.999925691709887099e-02
2.999925691709868017e-02
2.999925691709887099e-02
2.999925691709843384e-02
2.999925691709919018e-02
2.999925691709882936e-02
2.999925691709923181e-02
2.999925691709909303e-02
2.999925691709882242e-02
2.999925691709853792e-02
2.999925691709892650e-02
2.999925691709912079e-02
2.999925691709901671e-02
2.999925691709902018e-02
2.999925691709893344e-02
2.999925691709903058e-02
2.999925691709886405e-02
2.999925691709864894e-02
2.999925691709880160e-02
2.999925691709882936e-02
2.999925691709905834e-02
2.999925691709869752e-02
2.999925691709868364e-02
2.999925691709941222e-02
2.999925691709889874e-02
2.999925691709900283e-02
2.999925691709833669e-02
2.999925691709921793e-02
2.999925691709870793e-02
2.999925691709882936e-02
2.999925691709905834e-02
2.999925691709899589e-02
2.999925691709907916e-02
2.999925691709908609e-02
2.999925691709919018e-02
2.999925691709858996e-02
2.999925691709931855e-02
2.999925691709848241e-02
2.999925691709930467e-02
2.999925691709921446e-02
2.999925691709869058e-02
2.999925691709918671e-02
2.999925691709888487e-02
2.999925691709937059e-02
2.999925691709927345e-02
2.999925691709863854e-02
2.999925691709892303e-02
2.999925691709910344e-02
2.999925691709933243e-02
2.999925691709863160e-02
2.999925691709885711e-02
2.999925691709921100e-02
2.999925691709905834e-02
2.999925691709920406e-02
2.999925691709974876e-02
2.999925691709934977e-02
2.999925691709939835e-02
2.999925691709862119e-02
2.999925691709856568e-02
2.999925691709913467e-02
2.999925691709914508e-02
2.999925691709901324e-02
2.999925691709832976e-02
2.999925691709943304e-02
2.999925691709977651e-02
2.999925691709885364e-02
2.999925691709946426e-02
2.999925691709928732e-02
2.999925691709935324e-02
2.999925691709936018e-02
2.999925691709945386e-02
2.999925691709984243e-02
2.999925691709946426e-02
2.999925691709853792e-02
2.999925691709927345e-02
2.999925691709982856e-02
2.999925691709916242e-02
2.999925691709957182e-02
2.999925691709958570e-02
2.999925691709972447e-02
2.999925691709933590e-02
2.999925691709968978e-02
2.999925691709966896e-02
2.999925691709943998e-02
2.999925691709926651e-02
2.999925691710034203e-02
2.999925691710043918e-02
2.999925691710000897e-02
2.999925691709855874e-02
2.999925691709863507e-02
2.999925691709805567e-02
2.999925691709930120e-02
2.999925691709987019e-02
2.999925691709888487e-02
2.999925691709936365e-02
2.999925691709922834e-02
2.999925691709916242e-02
2.999925691709806608e-02
2.999925691710004366e-02
2.999925691709956141e-02
2.999925691709823608e-02
2.999925691710053632e-02
2.999925691710048775e-02
2.999925691709895426e-02
2.999925691709827424e-02
2.999925691709888834e-02
2.999925691709891262e-02
2.999925691710066469e-02
2.999925691709986325e-02
2.999925691709906181e-02
2.999925691710075143e-02
2.999925691709949549e-02
2.999925691709839914e-02
2.999925691709960998e-02
2.999925691709955447e-02
2.999925691709975223e-02
2.999925691710021367e-02
2.999925691710010264e-02
2.999925691710001938e-02
2.999925691709932549e-02
2.999925691710034203e-02
2.999925691709905834e-02
2.999925691709872874e-02
2.999925691709998815e-02
2.999925691709936712e-02
2.999925691709947814e-02
2.999925691709965161e-02
2.999925691710017550e-02
2.999925691709934977e-02
2.999925691710032122e-02
2.999925691709986325e-02
2.999925691710027265e-02
2.999925691710048081e-02
2.999925691709975223e-02
2.999925691709847547e-02
2.999925691709876691e-02
2.999925691710038714e-02
2.999925691709984243e-02
2.999925691709978692e-02
2.999925691709930467e-02
2.999925691709981468e-02
2.999925691709995346e-02
2.999925691710094572e-02
2.999925691710005754e-02
2.999925691710051204e-02
2.999925691709989795e-02
2.999925691709958223e-02
2.999925691709911385e-02
2.999925691709943998e-02
2.999925691709868711e-02
2.999925691709981468e-02
2.999925691709952671e-02
2.999925691710183043e-02
2.999925691710023795e-02
2.999925691710040448e-02
2.999925691709918324e-02
2.999925691710009223e-02
2.999925691709987713e-02
2.999925691709970713e-02
2.999925691710041489e-02
2.999925691709846159e-02
2.999925691709998815e-02
2.999925691710021713e-02
2.999925691709971406e-02
2.999925691710096654e-02
2.999925691709953365e-02
2.999925691710009223e-02
2.999925691710059877e-02
2.999925691710082776e-02
2.999925691710118858e-02
2.999925691710185124e-02
2.999925691710150083e-02
2.999925691710056408e-02
2.999925691710014775e-02
2.999925691710041142e-02
2.999925691710082776e-02
2.999925691710124409e-02
2.999925691709956488e-02
2.999925691710071327e-02
2.999925691709992570e-02
2.999925691710089368e-02
2.999925691710002978e-02
2.999925691709979039e-02
2.999925691710054326e-02
2.999925691710179226e-02
2.999925691710074449e-02
2.999925691709977305e-02
2.999925691710074102e-02
2.999925691710066122e-02
2.999925691709928038e-02
2.999925691709973141e-02
2.999925691710037673e-02
2.999925691710002632e-02
2.999925691709921793e-02
2.999925691710077919e-02
2.999925691709971060e-02
2.999925691710016856e-02
2.999925691709914161e-02
2.999925691709994652e-02
2.999925691710114001e-02
2.999925691709984243e-02
2.999925691710015468e-02
2.999925691709941916e-02
2.999925691710133430e-02
2.999925691710059183e-02
2.999925691710102899e-02
2.999925691710193798e-02
2.999925691710017203e-02
2.999925691710167430e-02
2.999925691710001244e-02
2.999925691710078612e-02
2.999925691709973141e-02
2.999925691710181308e-02
2.999925691709968978e-02
2.999925691710081388e-02
2.999925691710052938e-02
2.999925691710048428e-02
2.999925691710240289e-02
2.999925691710020326e-02
2.999925691709881548e-02
2.999925691710310025e-02
2.999925691710000203e-02
2.999925691710152512e-02
2.999925691709861425e-02
2.999925691710118164e-02
2.999925691710072367e-02
2.999925691710119552e-02
2.999925691709901671e-02
2.999925691709934630e-02
2.999925691709964121e-02
2.999925691709991876e-02
2.999925691710222594e-02
2.999925691710339515e-02
2.999925691710127879e-02
2.999925691710130307e-02
2.999925691710150083e-02
2.999925691710104980e-02
2.999925691710109490e-02
2.999925691710007836e-02
2.999925691710074449e-02
2.999925691710141756e-02
2.999925691710188247e-02
2.999925691710241676e-02
2.999925691710156328e-02
2.999925691710061612e-02
2.999925691710233350e-02
2.999925691710016162e-02
2.999925691710106368e-02
2.999925691710245146e-02
2.999925691710028652e-02
2.999925691710169165e-02
2.999925691710036979e-02
2.999925691710039755e-02
2.999925691710152165e-02
2.999925691710036979e-02
2.999925691710125103e-02
2.999925691710032122e-02
2.999925691710103592e-02
2.999925691710120246e-02
2.999925691710196921e-02
2.999925691710160838e-02
2.999925691710251391e-02
2.999925691709910691e-02
2.999925691710104980e-02
2.999925691710247228e-02
2.999925691710193104e-02
2.999925691710184431e-02
2.999925691710297188e-02
2.999925691710322861e-02
2.999925691710240289e-02
2.999925691710039755e-02
2.999925691710094225e-02
2.999925691710243758e-02
2.999925691709991876e-02
2.999925691710194839e-02
2.999925691710035938e-02
2.999925691710202125e-02
2.999925691710127185e-02
2.999925691709980774e-02
2.999925691710311065e-02
2.999925691710302045e-02
2.999925691710056408e-02
2.999925691710168818e-02
2.999925691710075837e-02
2.999925691710131348e-02
2.999925691710162573e-02
2.999925691710123368e-02
2.999925691710011305e-02
2.999925691710203512e-02
2.999925691710055020e-02
2.999925691710294065e-02
2.999925691710192757e-02
2.999925691710259718e-02
2.999925691709910691e-02
2.999925691710184084e-02
2.999925691710082776e-02
2.999925691710028652e-02
2.999925691710138634e-02
2.999925691710317310e-02
2.999925691710073408e-02
2.999925691710256248e-02
2.999925691710080694e-02
2.999925691710138634e-02
2.999925691710235431e-02
2.999925691710143838e-02
2.999925691710124409e-02
2.999925691710064735e-02
2.999925691710312453e-02
2.999925691709939488e-02
2.999925691710372821e-02
2.999925691710118858e-02
2.999925691710278453e-02
2.999925691710022060e-02
2.999925691710175063e-02
2.999925691710254166e-02
2.999925691710341596e-02
2.999925691710106021e-02
2.999925691710218778e-02
2.999925691710441170e-02
2.999925691710141062e-02
2.999925691710233350e-02
2.999925691710123715e-02
2.999925691710342290e-02
2.999925691710072367e-02
2.999925691710187900e-02
2.999925691710299963e-02
2.999925691710204206e-02
2.999925691709970019e-02
2.999925691710546988e-02
2.999925691710103592e-02
2.999925691710229186e-02
2.999925691710060918e-02
2.999925691710243411e-02
2.999925691710682990e-02
2.999925691710327025e-02
2.999925691709968978e-02
2.999925691710109490e-02
2.999925691709968631e-02
2.999925691709983550e-02
2.999925691710243064e-02
2.999925691710566070e-02
2.999925691710261799e-02
2.999925691710309678e-02
2.999925691710365536e-02
2.999925691710387393e-02
2.999925691710324596e-02
2.999925691710261799e-02
2.999925691709874609e-02
2.999925691710254166e-02
2.999925691710424169e-02
2.999925691710172287e-02
2.999925691710393985e-02
2.999925691710417924e-02
2.999925691710438394e-02
2.999925691710343678e-02
2.999925691710081735e-02
2.999925691710036632e-02
2.999925691710215656e-02
2.999925691710227452e-02
2.999925691710293024e-02
2.999925691710127185e-02
2.999925691709984243e-02
2.999925691710063694e-02
2.999925691710211145e-02
2.999925691710349576e-02
2.999925691710407516e-02
2.999925691710251044e-02
2.999925691710333270e-02
2.999925691710295800e-02
2.999925691710523049e-02
2.999925691710465109e-02
2.999925691710306208e-02
2.999925691710302739e-02
2.999925691710225023e-02
2.999925691710271861e-02
2.999925691710308984e-02
2.999925691710006448e-02
2.999925691710157716e-02
2.999925691710141062e-02
2.999925691710212533e-02
2.999925691710372821e-02
2.999925691710346801e-02
2.999925691710126838e-02
2.999925691710228146e-02
2.999925691710113654e-02
2.999925691710276718e-02
2.999925691710007142e-02
2.999925691710048775e-02
2.999925691710259024e-02
2.999925691710327372e-02
2.999925691710342637e-02
2.999925691710532763e-02
2.999925691710198655e-02
2.999925691710343678e-02
2.999925691710347841e-02
2.999925691710023101e-02
2.999925691710070980e-02
2.999925691709932549e-02
2.999925691709952325e-02
2.999925691710323902e-02
2.999925691710204206e-02
2.999925691710381842e-02
2.999925691710137940e-02
2.999925691710013734e-02
2.999925691710641357e-02
2.999925691710439782e-02
2.999925691710051898e-02
2.999925691710200043e-02
2.999925691710157369e-02
2.999925691710478293e-02
