2.999938494115540061e-02
2.999938494115503285e-02
2.999938494115359303e-02
2.999938494115783963e-02
2.999938494115200055e-02
2.999938494115361384e-02
2.999938494115168830e-02
2.999938494114967255e-02
2.999938494114758741e-02
2.999938494114611290e-02
2.999938494114418736e-02
2.999938494114236937e-02
2.999938494114104057e-02
2.999938494113908727e-02
2.999938494113710968e-02
2.999938494113633600e-02
2.999938494113532292e-02
2.999938494113550680e-02
2.999938494113478862e-02
2.999938494113498638e-02
2.999938494113464985e-02
2.999938494113454923e-02
2.999938494113606885e-02
2.999938494113628396e-02
2.999938494113657886e-02
2.999938494113693274e-02
2.999938494113707499e-02
2.999938494113682519e-02
2.999938494113819909e-02
2.999938494113753990e-02
2.999938494113734214e-02
2.999938494113922258e-02
2.999938494113760235e-02
2.999938494113671070e-02
2.999938494113937870e-02
2.999938494113646090e-02
2.999938494113342513e-02
2.999938494113268961e-02
2.999938494113298451e-02
2.999938494112968507e-02
2.999938494112642379e-02
2.999938494112229861e-02
2.999938494111780915e-02
2.999938494111473869e-02
2.999938494111025269e-02
2.999938494110598527e-02
2.999938494110203357e-02
2.999938494109836984e-02
2.999938494109489345e-02
2.999938494109159401e-02
2.999938494108861375e-02
2.999938494108806905e-02
2.999938494108667780e-02
2.999938494108526227e-02
2.999938494108485634e-02
2.999938494108383980e-02
2.999938494108395082e-02
2.999938494108427001e-02
2.999938494108446430e-02
2.999938494108459267e-02
2.999938494108495696e-02
2.999938494108493614e-02
2.999938494108484593e-02
2.999938494108552248e-02
2.999938494108580350e-02
2.999938494108474532e-02
2.999938494108470022e-02
2.999938494108450593e-02
2.999938494108373918e-02
2.999938494108219875e-02
2.999938494107873277e-02
2.999938494107703968e-02
2.999938494107418085e-02
2.999938494107135672e-02
2.999938494106768952e-02
2.999938494106283229e-02
2.999938494105830467e-02
2.999938494105337111e-02
2.999938494104821898e-02
2.999938494104331665e-02
2.999938494103843167e-02
2.999938494103409486e-02
2.999938494102997663e-02
2.999938494102703107e-02
2.999938494102295794e-02
2.999938494102043912e-02
2.999938494101828459e-02
2.999938494101669559e-02
2.999938494101679273e-02
2.999938494101748315e-02
2.999938494101628272e-02
2.999938494101501985e-02
2.999938494101566516e-02
2.999938494101578312e-02
2.999938494101616129e-02
2.999938494101624109e-02
2.999938494101666089e-02
2.999938494101665395e-02
2.999938494101666436e-02
2.999938494101702519e-02
2.999938494101690722e-02
2.999938494101622027e-02
2.999938494101690029e-02
2.999938494101474923e-02
2.999938494101440228e-02
2.999938494101160591e-02
2.999938494101049569e-02
2.999938494100830300e-02
2.999938494100575295e-02
2.999938494100254718e-02
2.999938494099949060e-02
2.999938494099595523e-02
2.999938494099229497e-02
2.999938494098883246e-02
2.999938494098582792e-02
2.999938494098322236e-02
2.999938494098026640e-02
2.999938494097818473e-02
2.999938494097541958e-02
2.999938494097535019e-02
2.999938494097393465e-02
2.999938494097229361e-02
2.999938494097453140e-02
2.999938494097418099e-02
2.999938494097161359e-02
2.999938494097070113e-02
2.999938494097425384e-02
2.999938494097297015e-02
2.999938494097396241e-02
2.999938494097253647e-02
2.999938494097321301e-02
2.999938494097318178e-02
2.999938494097239075e-02
2.999938494097277239e-02
2.999938494097261973e-02
2.999938494097227973e-02
2.999938494097169686e-02
2.999938494097413588e-02
2.999938494097383751e-02
2.999938494097189115e-02
2.999938494097123196e-02
2.999938494097227973e-02
2.999938494097177666e-02
2.999938494097106542e-02
2.999938494096946601e-02
2.999938494096876171e-02
2.999938494096711372e-02
2.999938494096652392e-02
2.999938494096521246e-02
2.999938494096522287e-02
2.999938494096381428e-02
2.999938494096325570e-02
2.999938494096439714e-02
2.999938494096309957e-02
2.999938494096439021e-02
2.999938494096309263e-02
2.999938494096258609e-02
2.999938494096273875e-02
2.999938494096710678e-02
2.999938494096401898e-02
2.999938494096260344e-02
2.999938494096022340e-02
2.999938494095912705e-02
2.999938494095780173e-02
2.999938494095670191e-02
2.999938494095527250e-02
2.999938494095273980e-02
2.999938494095133468e-02
2.999938494095068936e-02
2.999938494094900668e-02
2.999938494094799360e-02
2.999938494094845504e-02
2.999938494094709501e-02
2.999938494094602642e-02
2.999938494094692501e-02
2.999938494094618949e-02
2.999938494094664052e-02
2.999938494094869443e-02
2.999938494094770911e-02
2.999938494094833707e-02
2.999938494094908994e-02
2.999938494094873953e-02
2.999938494094909341e-02
2.999938494094859034e-02
2.999938494094908994e-02
2.999938494095003017e-02
2.999938494095085589e-02
2.999938494094948893e-02
2.999938494094879157e-02
2.999938494095030425e-02
2.999938494094832320e-02
2.999938494094946118e-02
2.999938494094637337e-02
2.999938494094339311e-02
2.999938494094103042e-02
2.999938494093835548e-02
2.999938494093531277e-02
2.999938494093198210e-02
2.999938494092803387e-02
2.999938494092352012e-02
2.999938494091905841e-02
2.999938494091620306e-02
2.999938494091188707e-02
2.999938494090967356e-02
2.999938494090703678e-02
2.999938494090463939e-02
2.999938494090172852e-02
2.999938494090219690e-02
2.999938494090089586e-02
2.999938494090094443e-02
2.999938494089836316e-02
2.999938494089984808e-02
2.999938494089895991e-02
2.999938494089937624e-02
2.999938494089974400e-02
2.999938494089993135e-02
2.999938494090051075e-02
2.999938494090004931e-02
2.999938494090039279e-02
2.999938494090198179e-02
2.999938494089923399e-02
2.999938494089999380e-02
2.999938494090124974e-02
2.999938494089688171e-02
2.999938494089809601e-02
2.999938494089542107e-02
2.999938494089248939e-02
2.999938494089091426e-02
2.999938494088710828e-02
2.999938494088261534e-02
2.999938494087841037e-02
2.999938494087375090e-02
2.999938494086851204e-02
2.999938494086339807e-02
2.999938494085828064e-02
2.999938494085346158e-02
2.999938494084857660e-02
2.999938494084484347e-02
2.999938494084127688e-02
2.999938494083763396e-02
2.999938494083747437e-02
2.999938494083452534e-02
2.999938494083317919e-02
2.999938494083020241e-02
2.999938494083040710e-02
2.999938494083080609e-02
2.999938494083220081e-02
2.999938494083070201e-02
2.999938494083090670e-02
2.999938494083098650e-02
2.999938494083111487e-02
2.999938494083116691e-02
2.999938494083165957e-02
2.999938494083143406e-02
2.999938494083127100e-02
2.999938494083083385e-02
2.999938494083083385e-02
2.999938494083033425e-02
2.999938494082986934e-02
2.999938494082879034e-02
2.999938494082576151e-02
2.999938494082520987e-02
2.999938494082278473e-02
2.999938494081935692e-02
2.999938494081655360e-02
2.999938494081292456e-02
2.999938494080908041e-02
2.999938494080529525e-02
2.999938494080207213e-02
2.999938494079843268e-02
2.999938494079536916e-02
2.999938494079229523e-02
2.999938494078898538e-02
2.999938494078961682e-02
2.999938494078446122e-02
2.999938494078492959e-02
2.999938494078600859e-02
2.999938494078073156e-02
2.999938494078177934e-02
2.999938494078503368e-02
2.999938494078375345e-02
2.999938494078464163e-02
2.999938494078372916e-02
2.999938494078410040e-02
2.999938494078416978e-02
2.999938494078462081e-02
2.999938494078426346e-02
2.999938494078446469e-02
2.999938494078445775e-02
2.999938494078441265e-02
2.999938494078360773e-02
2.999938494078424611e-02
2.999938494078453755e-02
2.999938494078525225e-02
2.999938494078379855e-02
2.999938494078387141e-02
2.999938494078268833e-02
2.999938494078351753e-02
2.999938494078170301e-02
2.999938494078041584e-02
2.999938494077884071e-02
2.999938494077777906e-02
2.999938494077697762e-02
2.999938494077643292e-02
2.999938494077556556e-02
2.999938494077353593e-02
2.999938494077243611e-02
2.999938494077044465e-02
2.999938494077470166e-02
2.999938494077364348e-02
2.999938494077147161e-02
2.999938494076800216e-02
2.999938494077108303e-02
2.999938494077426104e-02
2.999938494077172488e-02
2.999938494077153406e-02
2.999938494077080894e-02
2.999938494076866136e-02
2.999938494076837339e-02
2.999938494076712092e-02
2.999938494076549028e-02
2.999938494076370699e-02
2.999938494076211798e-02
2.999938494076185777e-02
2.999938494076114306e-02
2.999938494075865200e-02
2.999938494076006407e-02
2.999938494075753831e-02
2.999938494075865894e-02
2.999938494075911691e-02
2.999938494076008488e-02
2.999938494075920017e-02
2.999938494075837792e-02
2.999938494075996345e-02
2.999938494076028958e-02
2.999938494076035897e-02
2.999938494076006407e-02
2.999938494076058448e-02
2.999938494076224288e-02
2.999938494076175369e-02
2.999938494076154899e-02
2.999938494076183348e-02
2.999938494076181267e-02
2.999938494076106674e-02
2.999938494076263493e-02
2.999938494076215614e-02
2.999938494075621645e-02
2.999938494075727463e-02
2.999938494075692075e-02
2.999938494075449213e-02
2.999938494075136616e-02
2.999938494074777182e-02
2.999938494074470829e-02
2.999938494074115905e-02
2.999938494073706510e-02
2.999938494073335973e-02
2.999938494072927272e-02
2.999938494072602879e-02
2.999938494072245526e-02
2.999938494072089054e-02
2.999938494071896500e-02
2.999938494071729272e-02
2.999938494071516942e-02
2.999938494071371226e-02
2.999938494071408349e-02
2.999938494071383022e-02
2.999938494071349715e-02
2.999938494071376777e-02
2.999938494071420839e-02
2.999938494071464554e-02
2.999938494071484676e-02
2.999938494071523881e-02
2.999938494071534983e-02
2.999938494071574882e-02
2.999938494071524922e-02
2.999938494071470452e-02
2.999938494071417716e-02
2.999938494071333756e-02
2.999938494071478778e-02
2.999938494071342776e-02
2.999938494071009709e-02
2.999938494070836931e-02
2.999938494070612804e-02
2.999938494070144429e-02
2.999938494069849526e-02
2.999938494069361028e-02
2.999938494068886408e-02
2.999938494068386113e-02
2.999938494067866737e-02
2.999938494067378586e-02
2.999938494066870312e-02
2.999938494066417549e-02
2.999938494065988032e-02
2.999938494065645944e-02
2.999938494065393368e-02
2.999938494065108180e-02
2.999938494064923605e-02
2.999938494064745623e-02
2.999938494064787950e-02
2.999938494064716132e-02
2.999938494064521843e-02
2.999938494064601641e-02
2.999938494064530864e-02
2.999938494064608926e-02
2.999938494064593661e-02
2.999938494064615518e-02
2.999938494064643274e-02
2.999938494064640845e-02
2.999938494064638070e-02
2.999938494064665825e-02
2.999938494064602681e-02
2.999938494064678315e-02
2.999938494064449332e-02
2.999938494064428862e-02
2.999938494064245675e-02
2.999938494064142286e-02
2.999938494063886241e-02
2.999938494063596195e-02
2.999938494063382477e-02
2.999938494063021655e-02
2.999938494062655281e-02
2.999938494062253172e-02
2.999938494061870839e-02
2.999938494061489547e-02
2.999938494061089173e-02
2.999938494060701982e-02
2.999938494060454264e-02
2.999938494060202729e-02
2.999938494060092053e-02
2.999938494059996991e-02
2.999938494059798191e-02
2.999938494059489064e-02
2.999938494059844335e-02
2.999938494059826294e-02
2.999938494059590371e-02
2.999938494059663230e-02
2.999938494059621943e-02
2.999938494059534513e-02
2.999938494059666352e-02
2.999938494059587943e-02
2.999938494059647270e-02
2.999938494059588637e-02
2.999938494059637556e-02
2.999938494059618127e-02
2.999938494059575800e-02
2.999938494059751701e-02
2.999938494059628882e-02
2.999938494059736435e-02
2.999938494059606331e-02
2.999938494059804089e-02
2.999938494059586555e-02
2.999938494059396429e-02
2.999938494059312469e-02
2.999938494059219835e-02
2.999938494059100833e-02
2.999938494058954769e-02
2.999938494058835073e-02
2.999938494058701499e-02
2.999938494058583538e-02
2.999938494058475985e-02
2.999938494058410413e-02
2.999938494058214042e-02
2.999938494057917057e-02
2.999938494058395841e-02
2.999938494058027733e-02
2.999938494058128000e-02
2.999938494058247002e-02
2.999938494058166510e-02
2.999938494058162694e-02
2.999938494058240410e-02
2.999938494058025998e-02
2.999938494058201205e-02
2.999938494057997548e-02
2.999938494057749830e-02
2.999938494057683216e-02
2.999938494057596133e-02
2.999938494057422314e-02
2.999938494057309210e-02
2.999938494057301577e-02
2.999938494057193331e-02
2.999938494057115268e-02
2.999938494057125329e-02
2.999938494057108676e-02
2.999938494057072594e-02
2.999938494057022981e-02
2.999938494057134697e-02
2.999938494057049002e-02
2.999938494057045532e-02
2.999938494057149269e-02
2.999938494057115268e-02
2.999938494057130534e-02
2.999938494057213800e-02
2.999938494057199923e-02
2.999938494057248842e-02
2.999938494057251617e-02
2.999938494057274169e-02
2.999938494057140248e-02
2.999938494057232535e-02
2.999938494057144758e-02
2.999938494057332108e-02
2.999938494057232188e-02
2.999938494056832855e-02
2.999938494057124982e-02
2.999938494056849161e-02
2.999938494056638913e-02
2.999938494056305152e-02
2.999938494056013372e-02
2.999938494055661570e-02
2.999938494055348973e-02
2.999938494054986415e-02
2.999938494054630450e-02
2.999938494054346996e-02
2.999938494054035787e-02
2.999938494053731516e-02
2.999938494053438348e-02
2.999938494053219079e-02
2.999938494053049770e-02
2.999938494053009871e-02
2.999938494052876298e-02
2.999938494052848542e-02
2.999938494052896421e-02
2.999938494052890522e-02
2.999938494052884277e-02
2.999938494052861379e-02
2.999938494052933891e-02
2.999938494052955054e-02
2.999938494052981075e-02
2.999938494053057750e-02
2.999938494053029994e-02
2.999938494052977953e-02
2.999938494053078220e-02
2.999938494052900237e-02
2.999938494052896421e-02
2.999938494052827032e-02
2.999938494052794766e-02
2.999938494052566129e-02
2.999938494052278859e-02
2.999938494052017957e-02
2.999938494051677951e-02
2.999938494051271679e-02
2.999938494050869223e-02
2.999938494050407786e-02
2.999938494049910614e-02
2.999938494049391585e-02
2.999938494048890250e-02
2.999938494048373303e-02
2.999938494047944132e-02
2.999938494047559717e-02
2.999938494047280774e-02
2.999938494046816909e-02
2.999938494046739540e-02
2.999938494046540741e-02
2.999938494046201429e-02
2.999938494046233001e-02
2.999938494046222592e-02
2.999938494046198306e-02
2.999938494046093876e-02
2.999938494046129958e-02
2.999938494046120591e-02
2.999938494046124407e-02
2.999938494046138285e-02
2.999938494046143489e-02
2.999938494046149040e-02
2.999938494046150428e-02
2.999938494046136550e-02
2.999938494046074794e-02
2.999938494046062304e-02
2.999938494045995344e-02
2.999938494045891260e-02
2.999938494045783013e-02
2.999938494045707379e-02
2.999938494045277515e-02
2.999938494045120696e-02
2.999938494044762649e-02
2.999938494044412929e-02
2.999938494044068760e-02
2.999938494043624670e-02
2.999938494043205908e-02
2.999938494042796167e-02
2.999938494042408976e-02
2.999938494042087012e-02
2.999938494041765741e-02
2.999938494041555839e-02
2.999938494041354611e-02
2.999938494040843909e-02
2.999938494041028830e-02
2.999938494041030218e-02
2.999938494040750928e-02
2.999938494040637477e-02
2.999938494040588557e-02
2.999938494040862644e-02
2.999938494040827602e-02
2.999938494040857787e-02
2.999938494040856052e-02
2.999938494040807480e-02
2.999938494040838705e-02
2.999938494040818235e-02
2.999938494040833500e-02
2.999938494040819970e-02
2.999938494040834888e-02
2.999938494040780418e-02
2.999938494040777295e-02
2.999938494040865766e-02
2.999938494040823439e-02
2.999938494040776255e-02
2.999938494040706172e-02
2.999938494040446657e-02
2.999938494040457065e-02
2.999938494040368941e-02
2.999938494040205184e-02
2.999938494040068487e-02
2.999938494039846096e-02
2.999938494039729869e-02
2.999938494039667766e-02
2.999938494039457171e-02
2.999938494039188636e-02
2.999938494039292025e-02
2.999938494038996081e-02
2.999938494039188289e-02
2.999938494039371822e-02
2.999938494039057144e-02
2.999938494039248310e-02
2.999938494038882977e-02
2.999938494039218820e-02
2.999938494038940223e-02
2.999938494039062348e-02
2.999938494039026265e-02
2.999938494038849671e-02
2.999938494038789649e-02
2.999938494038688688e-02
2.999938494038641851e-02
2.999938494038483644e-02
2.999938494038430215e-02
2.999938494038330294e-02
2.999938494038226558e-02
2.999938494038212680e-02
2.999938494038195333e-02
2.999938494038048228e-02
2.999938494038157863e-02
2.999938494038196721e-02
2.999938494038249109e-02
2.999938494038142250e-02
2.999938494038307049e-02
2.999938494038229680e-02
2.999938494038235925e-02
2.999938494038298376e-02
2.999938494038246334e-02
2.999938494038318151e-02
2.999938494038208170e-02
2.999938494038470113e-02
2.999938494038489542e-02
2.999938494038414255e-02
2.999938494038300457e-02
2.999938494038381642e-02
2.999938494038043718e-02
2.999938494038276518e-02
2.999938494038088821e-02
2.999938494038097148e-02
2.999938494038054126e-02
2.999938494037862960e-02
2.999938494037440728e-02
2.999938494037210357e-02
2.999938494036900535e-02
2.999938494036585857e-02
2.999938494036242381e-02
2.999938494035907927e-02
2.999938494035609554e-02
2.999938494035336509e-02
2.999938494035025646e-02
2.999938494034749131e-02
2.999938494034629782e-02
2.999938494034444514e-02
2.999938494034413289e-02
2.999938494034379635e-02
2.999938494034346675e-02
2.999938494034257858e-02
2.999938494034234612e-02
2.999938494034392472e-02
2.999938494034348757e-02
2.999938494034382758e-02
2.999938494034386574e-02
2.999938494034435146e-02
2.999938494034417452e-02
2.999938494034509739e-02
2.999938494034489617e-02
2.999938494034464637e-02
2.999938494034536801e-02
2.999938494034280062e-02
2.999938494034443126e-02
2.999938494034252653e-02
2.999938494034028180e-02
2.999938494033753400e-02
2.999938494033489028e-02
2.999938494033242697e-02
2.999938494032929059e-02
2.999938494032365968e-02
2.999938494031919450e-02
2.999938494031399033e-02
2.999938494030907413e-02
2.999938494030391853e-02
2.999938494029950539e-02
2.999938494029471409e-02
2.999938494029040503e-02
2.999938494028777866e-02
2.999938494028449310e-02
2.999938494028113814e-02
2.999938494027860891e-02
2.999938494028005220e-02
2.999938494027719338e-02
2.999938494027581948e-02
2.999938494027573621e-02
2.999938494027624969e-02
2.999938494027637806e-02
2.999938494027661745e-02
2.999938494027655847e-02
2.999938494027679786e-02
2.999938494027676317e-02
2.999938494027678051e-02
2.999938494027760971e-02
2.999938494027706848e-02
2.999938494027648561e-02
2.999938494027583682e-02
2.999938494027427904e-02
2.999938494027450109e-02
2.999938494027171859e-02
2.999938494027155553e-02
2.999938494026838792e-02
2.999938494026569216e-02
2.999938494026237884e-02
2.999938494025855898e-02
2.999938494025459340e-02
2.999938494025019414e-02
2.999938494024588509e-02
2.999938494024152746e-02
2.999938494023730515e-02
2.999938494023468918e-02
2.999938494023019278e-02
2.999938494022704599e-02
2.999938494022569638e-02
2.999938494022182794e-02
2.999938494022307001e-02
2.999938494022133528e-02
2.999938494022055813e-02
2.999938494021844870e-02
2.999938494021824054e-02
2.999938494021928831e-02
2.999938494021832380e-02
2.999938494021999955e-02
2.999938494022050609e-02
2.999938494022026669e-02
2.999938494022056854e-02
2.999938494022072466e-02
2.999938494022080793e-02
2.999938494022093283e-02
2.999938494022162672e-02
2.999938494022156080e-02
2.999938494022080793e-02
2.999938494022021465e-02
2.999938494021891708e-02
2.999938494021970464e-02
2.999938494021883034e-02
2.999938494021900728e-02
2.999938494021609295e-02
2.999938494021523600e-02
2.999938494021347699e-02
2.999938494021137103e-02
2.999938494020958080e-02
2.999938494020818261e-02
2.999938494020603849e-02
2.999938494020391519e-02
2.999938494020391172e-02
2.999938494020367580e-02
2.999938494020212149e-02
2.999938494019845428e-02
2.999938494020264190e-02
2.999938494019990104e-02
2.999938494019986981e-02
2.999938494019893306e-02
2.999938494020087942e-02
2.999938494020453275e-02
2.999938494019874918e-02
2.999938494019937715e-02
2.999938494019947430e-02
2.999938494019819407e-02
2.999938494019684099e-02
2.999938494019678548e-02
2.999938494019553301e-02
2.999938494019470381e-02
2.999938494019526933e-02
2.999938494019408278e-02
2.999938494019329174e-02
2.999938494019250765e-02
2.999938494019452340e-02
2.999938494019378787e-02
2.999938494019258051e-02
2.999938494019312521e-02
2.999938494019389890e-02
2.999938494019342705e-02
2.999938494019258398e-02
2.999938494019311480e-02
2.999938494019317378e-02
2.999938494019340277e-02
2.999938494019451299e-02
2.999938494019514096e-02
2.999938494019394747e-02
2.999938494019451993e-02
2.999938494019303847e-02
2.999938494019267418e-02
2.999938494019141824e-02
2.999938494019542892e-02
2.999938494019597016e-02
2.999938494019306623e-02
2.999938494019088742e-02
2.999938494019020394e-02
2.999938494018861493e-02
2.999938494018656795e-02
2.999938494018410118e-02
2.999938494018090929e-02
2.999938494017815455e-02
2.999938494017486898e-02
2.999938494017163892e-02
2.999938494016857540e-02
2.999938494016508861e-02
2.999938494016365573e-02
2.999938494016195917e-02
2.999938494015919055e-02
2.999938494015895463e-02
2.999938494015666826e-02
2.999938494015672377e-02
2.999938494015552334e-02
2.999938494015683133e-02
2.999938494015697704e-02
2.999938494015758073e-02
2.999938494015727888e-02
2.999938494015805951e-02
2.999938494015790338e-02
2.999938494015816706e-02
2.999938494015855564e-02
2.999938494015868401e-02
2.999938494015851748e-02
2.999938494015884360e-02
2.999938494015902402e-02
2.999938494015631438e-02
2.999938494015899973e-02
2.999938494015740031e-02
2.999938494015419108e-02
2.999938494015296983e-02
2.999938494015079796e-02
2.999938494014707177e-02
2.999938494014287374e-02
2.999938494013864448e-02
2.999938494013349236e-02
2.999938494012886064e-02
2.999938494012388893e-02
2.999938494011899354e-02
2.999938494011442774e-02
2.999938494010984461e-02
2.999938494010547310e-02
2.999938494010240958e-02
2.999938494009852380e-02
2.999938494009572049e-02
2.999938494009594947e-02
2.999938494009318779e-02
2.999938494009307330e-02
2.999938494009211226e-02
2.999938494009203593e-02
2.999938494009081469e-02
2.999938494009164389e-02
2.999938494009188328e-02
2.999938494009208451e-02
2.999938494009206716e-02
2.999938494009252860e-02
2.999938494009275064e-02
2.999938494009282350e-02
2.999938494009304901e-02
2.999938494009265003e-02
2.999938494009104714e-02
2.999938494008969059e-02
2.999938494008890996e-02
2.999938494008758116e-02
2.999938494008582909e-02
2.999938494008407702e-02
2.999938494008068390e-02
2.999938494007686057e-02
2.999938494007331827e-02
2.999938494006904738e-02
2.999938494006443301e-02
2.999938494005999212e-02
2.999938494005541245e-02
2.999938494005133932e-02
2.999938494004706496e-02
2.999938494004384532e-02
2.999938494004061873e-02
2.999938494003775297e-02
2.999938494003726031e-02
2.999938494003466516e-02
2.999938494003471026e-02
2.999938494003185491e-02
2.999938494003211858e-02
2.999938494003166062e-02
2.999938494003228859e-02
2.999938494003366249e-02
2.999938494003316636e-02
2.999938494003332595e-02
2.999938494003343697e-02
2.999938494003330167e-02
2.999938494003342310e-02
2.999938494003329820e-02
2.999938494003320105e-02
2.999938494003339881e-02
2.999938494003293390e-02
2.999938494003432515e-02
2.999938494003396780e-02
2.999938494003151490e-02
2.999938494003214981e-02
2.999938494003112285e-02
2.999938494003004039e-02
2.999938494002884343e-02
2.999938494002684503e-02
2.999938494002528377e-02
2.999938494002271291e-02
2.999938494002061737e-02
2.999938494001743589e-02
2.999938494001637423e-02
2.999938494001433420e-02
2.999938494001280070e-02
2.999938494001014311e-02
2.999938494001074332e-02
2.999938494000748551e-02
2.999938494001108333e-02
2.999938494000888023e-02
2.999938494000690264e-02
2.999938494000881778e-02
2.999938494000961575e-02
2.999938494001129496e-02
2.999938494000836328e-02
2.999938494001000780e-02
2.999938494000876921e-02
2.999938494000770756e-02
2.999938494000778388e-02
2.999938494000654529e-02
2.999938494000613243e-02
2.999938494000606651e-02
2.999938494000505690e-02
2.999938494000468567e-02
2.999938494000350259e-02
2.999938494000387035e-02
2.999938494000307238e-02
2.999938494000341238e-02
2.999938494000400566e-02
2.999938494000413750e-02
2.999938494000549752e-02
2.999938494000486261e-02
2.999938494000372116e-02
2.999938494000439076e-02
2.999938494000458852e-02
2.999938494000393280e-02
2.999938494000354769e-02
2.999938494000297523e-02
2.999938494000391545e-02
2.999938494000494588e-02
2.999938494000353728e-02
2.999938494000030723e-02
2.999938494000585140e-02
2.999938494000394321e-02
2.999938494000484526e-02
2.999938494000716285e-02
2.999938494000196909e-02
2.999938494000335340e-02
2.999938494000083805e-02
2.999938493999796535e-02
2.999938493999603981e-02
2.999938493999257036e-02
2.999938493998968031e-02
2.999938493998672434e-02
2.999938493998377531e-02
2.999938493998163813e-02
2.999938493997891115e-02
2.999938493997576436e-02
2.999938493997562211e-02
2.999938493997311370e-02
2.999938493997223940e-02
2.999938493997119510e-02
2.999938493997055672e-02
2.999938493996966160e-02
2.999938493996972405e-02
2.999938493997030692e-02
2.999938493997056713e-02
2.999938493997091060e-02
2.999938493997158367e-02
2.999938493997220124e-02
2.999938493997241634e-02
2.999938493997256553e-02
2.999938493997277023e-02
2.999938493997240246e-02
2.999938493997225675e-02
2.999938493997274594e-02
2.999938493997129918e-02
