2.999936721060143113e-02
2.999936721060439404e-02
2.999936721060701347e-02
2.999936721061010822e-02
2.999936721061261663e-02
2.999936721061582240e-02
2.999936721061860836e-02
2.999936721062624809e-02
2.999936721062935324e-02
2.999936721063238901e-02
2.999936721063483497e-02
2.999936721063569192e-02
2.999936721063526171e-02
2.999936721063235778e-02
2.999936721063355474e-02
2.999936721063225023e-02
2.999936721062827771e-02
2.999936721062517256e-02
2.999936721061875061e-02
2.999936721062535991e-02
2.999936721061731773e-02
2.999936721061310235e-02
2.999936721060400546e-02
2.999936721059410019e-02
2.999936721057863340e-02
2.999936721057120878e-02
2.999936721057146552e-02
2.999936721056887384e-02
2.999936721054594427e-02
2.999936721053259731e-02
2.999936721052860744e-02
2.999936721051289085e-02
2.999936721050028982e-02
2.999936721048732449e-02
2.999936721047084809e-02
2.999936721045329616e-02
2.999936721043626811e-02
2.999936721042491955e-02
2.999936721040657311e-02
2.999936721038941323e-02
2.999936721037731874e-02
2.999936721034961867e-02
2.999936721032134268e-02
2.999936721029479447e-02
2.999936721026422864e-02
2.999936721022443409e-02
2.999936721018969105e-02
2.999936721012656446e-02
2.999936721007209067e-02
2.999936721002054510e-02
2.999936720996459680e-02
2.999936720994689568e-02
2.999936720988780753e-02
2.999936720982497584e-02
2.999936720978686397e-02
2.999936720970043658e-02
2.999936720968299914e-02
2.999936720962939271e-02
2.999936720959008388e-02
2.999936720952144434e-02
2.999936720945588220e-02
2.999936720939436544e-02
2.999936720929572212e-02
2.999936720924767028e-02
2.999936720917663682e-02
2.999936720913379609e-02
2.999936720906114240e-02
2.999936720907290383e-02
2.999936720901767717e-02
2.999936720898527601e-02
2.999936720892537600e-02
2.999936720894330611e-02
2.999936720893768213e-02
2.999936720896756448e-02
2.999936720893177713e-02
2.999936720892024122e-02
2.999936720891753852e-02
2.999936720887259878e-02
2.999936720887952032e-02
2.999936720889480671e-02
2.999936720889108399e-02
2.999936720890949635e-02
2.999936720892907790e-02
2.999936720893361594e-02
2.999936720895293729e-02
2.999936720892737441e-02
2.999936720887912134e-02
2.999936720886146879e-02
2.999936720884640445e-02
2.999936720879815832e-02
2.999936720877812574e-02
2.999936720876268670e-02
2.999936720872257295e-02
2.999936720867835485e-02
2.999936720864263690e-02
2.999936720860976735e-02
2.999936720856926156e-02
2.999936720852425937e-02
2.999936720846966415e-02
2.999936720843000837e-02
2.999936720838368431e-02
2.999936720836121617e-02
2.999936720830561482e-02
2.999936720828666123e-02
2.999936720825679276e-02
2.999936720821885436e-02
2.999936720816759675e-02
2.999936720816049132e-02
2.999936720811668261e-02
2.999936720812756974e-02
2.999936720811311602e-02
2.999936720806570256e-02
2.999936720806167800e-02
2.999936720804654428e-02
2.999936720804497609e-02
2.999936720804555895e-02
2.999936720803613940e-02
2.999936720803923762e-02
2.999936720800366885e-02
2.999936720805124191e-02
2.999936720799048148e-02
2.999936720789556435e-02
2.999936720784710659e-02
2.999936720776442967e-02
2.999936720773329485e-02
2.999936720766009646e-02
2.999936720756711528e-02
2.999936720748484775e-02
2.999936720739728585e-02
2.999936720731920248e-02
2.999936720725661712e-02
2.999936720713658467e-02
2.999936720699050707e-02
2.999936720689726569e-02
2.999936720679376168e-02
2.999936720664626855e-02
2.999936720644302834e-02
2.999936720631640047e-02
2.999936720611959956e-02
2.999936720600835521e-02
2.999936720580917426e-02
2.999936720569331555e-02
2.999936720551721336e-02
2.999936720533537965e-02
2.999936720522171363e-02
2.999936720507316579e-02
2.999936720499164419e-02
2.999936720485998909e-02
2.999936720475844185e-02
2.999936720464617748e-02
2.999936720453615785e-02
2.999936720443120014e-02
2.999936720434358273e-02
2.999936720422696074e-02
2.999936720415649627e-02
2.999936720405831092e-02
2.999936720397837139e-02
2.999936720386168348e-02
2.999936720377194624e-02
2.999936720368236859e-02
2.999936720357757047e-02
2.999936720347655753e-02
2.999936720337879198e-02
2.999936720323541361e-02
2.999936720315034971e-02
2.999936720304111765e-02
2.999936720291351833e-02
2.999936720275305294e-02
2.999936720257272843e-02
2.999936720242661614e-02
2.999936720227709339e-02
2.999936720210504004e-02
2.999936720192383083e-02
2.999936720173039528e-02
2.999936720157402037e-02
2.999936720138518531e-02
2.999936720119093791e-02
2.999936720102958781e-02
2.999936720087408720e-02
2.999936720074687993e-02
2.999936720060986453e-02
2.999936720045325370e-02
2.999936720029664633e-02
2.999936720015907235e-02
2.999936720008423291e-02
2.999936719998552367e-02
2.999936719988242559e-02
2.999936719975983268e-02
2.999936719966060650e-02
2.999936719952275149e-02
2.999936719944280156e-02
2.999936719935648172e-02
2.999936719931860576e-02
2.999936719916044756e-02
2.999936719909326865e-02
2.999936719896563464e-02
2.999936719888859210e-02
2.999936719883209563e-02
2.999936719877088764e-02
2.999936719867789259e-02
2.999936719858289219e-02
2.999936719851196282e-02
2.999936719836489990e-02
2.999936719825012366e-02
2.999936719821506143e-02
2.999936719814290387e-02
2.999936719806709645e-02
2.999936719800185697e-02
2.999936719790522247e-02
2.999936719776294045e-02
2.999936719765544657e-02
2.999936719752926972e-02
2.999936719738088148e-02
2.999936719726694484e-02
2.999936719712340688e-02
2.999936719703273982e-02
2.999936719692460757e-02
2.999936719682177663e-02
2.999936719674229507e-02
2.999936719661635415e-02
2.999936719654369005e-02
2.999936719645818900e-02
2.999936719638105626e-02
2.999936719633727530e-02
2.999936719625799497e-02
2.999936719620643205e-02
2.999936719615414749e-02
2.999936719613432307e-02
2.999936719612199265e-02
2.999936719609498995e-02
2.999936719608269770e-02
2.999936719603736937e-02
2.999936719604336804e-02
2.999936719603589486e-02
2.999936719604365254e-02
2.999936719602802615e-02
2.999936719602784574e-02
2.999936719604604299e-02
2.999936719606396615e-02
2.999936719606442065e-02
2.999936719605523008e-02
2.999936719605842544e-02
2.999936719605618071e-02
2.999936719607033953e-02
2.999936719607606758e-02
2.999936719605448415e-02
2.999936719602876861e-02
2.999936719602627755e-02
2.999936719603501362e-02
2.999936719601773924e-02
2.999936719602883800e-02
2.999936719599027857e-02
2.999936719595128892e-02
2.999936719593176981e-02
2.999936719591828060e-02
2.999936719592914691e-02
2.999936719589074707e-02
2.999936719586812628e-02
2.999936719587926320e-02
2.999936719589782474e-02
2.999936719586115963e-02
2.999936719588233713e-02
2.999936719591752426e-02
2.999936719595880374e-02
2.999936719598800261e-02
2.999936719600175203e-02
2.999936719606694641e-02
2.999936719609409830e-02
2.999936719615690917e-02
2.999936719619165221e-02
2.999936719624029732e-02
2.999936719633407300e-02
2.999936719640409685e-02
2.999936719643815294e-02
2.999936719650374284e-02
2.999936719656186301e-02
2.999936719661875847e-02
2.999936719666162696e-02
2.999936719676415259e-02
2.999936719681309261e-02
2.999936719688725897e-02
2.999936719697914034e-02
2.999936719704558025e-02
2.999936719711126382e-02
2.999936719715303596e-02
2.999936719719695916e-02
2.999936719725350767e-02
2.999936719732500603e-02
2.999936719735056198e-02
2.999936719739401680e-02
2.999936719743656957e-02
2.999936719750615627e-02
2.999936719755040559e-02
2.999936719760653431e-02
2.999936719765275081e-02
2.999936719769756219e-02
2.999936719775906507e-02
2.999936719781665442e-02
2.999936719788415945e-02
2.999936719794938852e-02
2.999936719800982629e-02
2.999936719806499744e-02
2.999936719813314431e-02
2.999936719820212733e-02
2.999936719827078768e-02
2.999936719835798182e-02
2.999936719842995203e-02
2.999936719850754621e-02
2.999936719858145237e-02
2.999936719866309540e-02
2.999936719873485397e-02
2.999936719882363365e-02
2.999936719890738610e-02
2.999936719899108997e-02
2.999936719906993315e-02
2.999936719915704403e-02
2.999936719923529740e-02
2.999936719931975415e-02
2.999936719940669155e-02
2.999936719948632924e-02
2.999936719956870085e-02
2.999936719965941995e-02
2.999936719974182625e-02
2.999936719982548156e-02
2.999936719991144057e-02
2.999936719998853862e-02
2.999936720007174637e-02
2.999936720015199815e-02
2.999936720022990805e-02
2.999936720030281848e-02
2.999936720038581806e-02
2.999936720046213895e-02
2.999936720053950068e-02
2.999936720062097370e-02
2.999936720069449475e-02
2.999936720076861948e-02
2.999936720084604713e-02
2.999936720092276007e-02
2.999936720099479620e-02
2.999936720106830684e-02
2.999936720114596000e-02
2.999936720121748612e-02
2.999936720129213821e-02
2.999936720135478602e-02
2.999936720141872792e-02
2.999936720148916811e-02
2.999936720155585781e-02
2.999936720161566761e-02
2.999936720167493964e-02
2.999936720173394106e-02
2.999936720179473965e-02
2.999936720185421291e-02
2.999936720190187617e-02
2.999936720195540280e-02
2.999936720200119949e-02
2.999936720204741600e-02
2.999936720208806751e-02
2.999936720211338059e-02
2.999936720214607666e-02
2.999936720217959152e-02
2.999936720221096573e-02
2.999936720224789105e-02
2.999936720226767037e-02
2.999936720229476328e-02
2.999936720232203313e-02
2.999936720233789891e-02
2.999936720236182075e-02
2.999936720238992674e-02
2.999936720240387392e-02
2.999936720243169541e-02
2.999936720245317823e-02
2.999936720247314489e-02
2.999936720250459543e-02
2.999936720253267020e-02
2.999936720255271319e-02
2.999936720256808978e-02
2.999936720258694622e-02
2.999936720260305140e-02
2.999936720261304340e-02
2.999936720261342851e-02
2.999936720261921555e-02
2.999936720261433404e-02
2.999936720260732922e-02
2.999936720261547896e-02
2.999936720260023421e-02
2.999936720260849496e-02
2.999936720258898279e-02
2.999936720258702949e-02
2.999936720257563930e-02
2.999936720255293177e-02
2.999936720254395284e-02
2.999936720251597522e-02
2.999936720249612998e-02
2.999936720242544347e-02
2.999936720235549248e-02
2.999936720231903900e-02
2.999936720226632769e-02
2.999936720221589928e-02
2.999936720218090644e-02
2.999936720219011782e-02
2.999936720218079542e-02
2.999936720210746866e-02
2.999936720203667112e-02
2.999936720197742684e-02
2.999936720195061149e-02
2.999936720192443104e-02
2.999936720187605654e-02
2.999936720181950456e-02
2.999936720180100547e-02
2.999936720177116128e-02
2.999936720175976762e-02
2.999936720175633287e-02
2.999936720175766514e-02
2.999936720173353860e-02
2.999936720170039151e-02
2.999936720170694182e-02
2.999936720169070481e-02
2.999936720171039045e-02
2.999936720170774326e-02
2.999936720171798854e-02
2.999936720171992102e-02
2.999936720170498505e-02
2.999936720166813259e-02
2.999936720164968901e-02
2.999936720160337883e-02
2.999936720152503178e-02
2.999936720150748332e-02
2.999936720147163005e-02
2.999936720143517310e-02
2.999936720138602145e-02
2.999936720131460288e-02
2.999936720126255424e-02
2.999936720123771994e-02
2.999936720121626141e-02
2.999936720117501662e-02
2.999936720115327360e-02
2.999936720109471280e-02
2.999936720102962251e-02
2.999936720099631235e-02
2.999936720095254181e-02
2.999936720091898879e-02
2.999936720086971570e-02
2.999936720086009839e-02
2.999936720083763719e-02
2.999936720080514235e-02
2.999936720077522878e-02
2.999936720075863789e-02
2.999936720076671129e-02
2.999936720073617669e-02
2.999936720073465360e-02
2.999936720072054683e-02
2.999936720075444679e-02
2.999936720073331092e-02
2.999936720077234914e-02
2.999936720077496163e-02
2.999936720077112789e-02
2.999936720079048394e-02
2.999936720083569430e-02
2.999936720077210975e-02
2.999936720072782920e-02
2.999936720066551099e-02
2.999936720067188783e-02
2.999936720058190426e-02
2.999936720059801290e-02
2.999936720050893485e-02
2.999936720051134265e-02
2.999936720042029395e-02
2.999936720026346454e-02
2.999936720021055547e-02
2.999936720012223029e-02
2.999936720009306265e-02
2.999936720002754562e-02
2.999936719997647883e-02
2.999936719988191558e-02
2.999936719980944924e-02
2.999936719970204557e-02
2.999936719970278109e-02
2.999936719968991639e-02
2.999936719957047720e-02
2.999936719956532161e-02
2.999936719950132766e-02
2.999936719940097737e-02
2.999936719935562823e-02
2.999936719927862039e-02
2.999936719926142928e-02
2.999936719926958248e-02
2.999936719927472420e-02
2.999936719928483070e-02
2.999936719933781956e-02
2.999936719932022947e-02
2.999936719928612480e-02
2.999936719935453536e-02
2.999936719941736010e-02
2.999936719945173191e-02
2.999936719948662414e-02
2.999936719946060329e-02
2.999936719954613210e-02
2.999936719953062020e-02
2.999936719957322154e-02
2.999936719964155230e-02
2.999936719967678800e-02
2.999936719966978665e-02
2.999936719967673249e-02
2.999936719965513171e-02
2.999936719968616591e-02
2.999936719970704505e-02
2.999936719972369839e-02
2.999936719969974186e-02
2.999936719972367410e-02
2.999936719974741900e-02
2.999936719972519025e-02
2.999936719972969013e-02
2.999936719971776911e-02
2.999936719969764631e-02
2.999936719964052881e-02
2.999936719959245268e-02
2.999936719955052788e-02
2.999936719954963624e-02
2.999936719956447853e-02
2.999936719957375930e-02
2.999936719957567791e-02
2.999936719958608972e-02
2.999936719960509535e-02
2.999936719961661044e-02
2.999936719963849918e-02
2.999936719968437568e-02
2.999936719976334029e-02
2.999936719977393945e-02
2.999936719980635103e-02
2.999936719982834038e-02
2.999936719986973435e-02
2.999936719987965350e-02
2.999936719992531489e-02
2.999936719993705897e-02
2.999936720003847784e-02
2.999936720013349559e-02
2.999936720015744865e-02
2.999936720030871307e-02
2.999936720033982707e-02
2.999936720041605775e-02
2.999936720044520458e-02
2.999936720044414987e-02
2.999936720049679872e-02
2.999936720049441521e-02
2.999936720053039685e-02
2.999936720054805980e-02
2.999936720057433046e-02
2.999936720060277645e-02
2.999936720062164330e-02
2.999936720061815651e-02
2.999936720061108578e-02
2.999936720059379752e-02
2.999936720058209855e-02
2.999936720054507261e-02
2.999936720053250974e-02
2.999936720047742533e-02
2.999936720044596439e-02
2.999936720039462698e-02
2.999936720035385404e-02
2.999936720031685239e-02
2.999936720027074691e-02
2.999936720019480418e-02
2.999936720019424213e-02
2.999936720016021380e-02
2.999936720016143504e-02
2.999936720010251343e-02
2.999936720010336691e-02
2.999936720007244720e-02
2.999936720005654672e-02
2.999936720004467081e-02
2.999936720000728752e-02
2.999936719997248549e-02
2.999936719994440726e-02
2.999936719993040457e-02
2.999936719994462930e-02
2.999936719993703815e-02
2.999936719993496342e-02
2.999936719990631273e-02
2.999936719988605810e-02
2.999936719986141115e-02
2.999936719983988323e-02
2.999936719979701821e-02
2.999936719976128638e-02
2.999936719971596499e-02
2.999936719964631932e-02
2.999936719957784284e-02
2.999936719953585212e-02
2.999936719947372127e-02
2.999936719942493391e-02
2.999936719934102186e-02
2.999936719929346962e-02
2.999936719923399636e-02
2.999936719919572142e-02
2.999936719914524097e-02
2.999936719904472415e-02
2.999936719897714280e-02
2.999936719893990175e-02
2.999936719888193770e-02
2.999936719882237771e-02
2.999936719877348626e-02
2.999936719874186919e-02
2.999936719873246005e-02
2.999936719867773646e-02
2.999936719861576867e-02
2.999936719854613687e-02
2.999936719850945788e-02
2.999936719848907835e-02
2.999936719843075000e-02
2.999936719841584179e-02
2.999936719841298643e-02
2.999936719841318072e-02
2.999936719839686045e-02
2.999936719839589247e-02
2.999936719838369736e-02
2.999936719836299864e-02
2.999936719830657156e-02
2.999936719831146001e-02
2.999936719825940096e-02
2.999936719822831818e-02
2.999936719826219733e-02
2.999936719822982392e-02
2.999936719823369929e-02
2.999936719825031101e-02
2.999936719826092058e-02
2.999936719822134112e-02
2.999936719821044706e-02
2.999936719821474224e-02
2.999936719820881989e-02
2.999936719819996239e-02
2.999936719817481931e-02
2.999936719814420144e-02
2.999936719814817049e-02
2.999936719812491479e-02
2.999936719812899832e-02
2.999936719811461053e-02
2.999936719809992089e-02
2.999936719810002497e-02
2.999936719809046665e-02
2.999936719809133748e-02
2.999936719808226487e-02
2.999936719808296917e-02
2.999936719808246263e-02
2.999936719808668495e-02
2.999936719808838498e-02
2.999936719809495264e-02
2.999936719809918537e-02
2.999936719811495400e-02
2.999936719813459801e-02
2.999936719814986358e-02
2.999936719816285319e-02
2.999936719818525194e-02
2.999936719821288955e-02
2.999936719823237050e-02
2.999936719825559844e-02
2.999936719827240098e-02
2.999936719829644077e-02
2.999936719831493639e-02
2.999936719834093296e-02
2.999936719837235921e-02
2.999936719839634350e-02
2.999936719842222904e-02
2.999936719844338573e-02
2.999936719847912797e-02
2.999936719850381656e-02
2.999936719852518488e-02
2.999936719855387374e-02
2.999936719858087991e-02
2.999936719860373316e-02
2.999936719863413939e-02
2.999936719866325846e-02
2.999936719869045545e-02
2.999936719872623586e-02
2.999936719875588922e-02
2.999936719878392929e-02
2.999936719881828376e-02
2.999936719884922082e-02
2.999936719888359610e-02
2.999936719892136797e-02
2.999936719896071496e-02
2.999936719899057302e-02
2.999936719902980553e-02
2.999936719907054378e-02
2.999936719910266045e-02
2.999936719912603064e-02
2.999936719915607952e-02
2.999936719918865763e-02
2.999936719922251249e-02
2.999936719925679063e-02
2.999936719928992385e-02
2.999936719932202317e-02
2.999936719934989671e-02
2.999936719937491489e-02
2.999936719940759014e-02
2.999936719943987334e-02
2.999936719945738711e-02
2.999936719948190569e-02
2.999936719949457264e-02
2.999936719950685102e-02
2.999936719952005920e-02
2.999936719952770933e-02
2.999936719955477102e-02
2.999936719956957168e-02
2.999936719959261922e-02
2.999936719961312365e-02
2.999936719962311565e-02
2.999936719962136705e-02
2.999936719962298728e-02
2.999936719963313542e-02
2.999936719965895504e-02
2.999936719967559451e-02
2.999936719968654408e-02
2.999936719971543070e-02
2.999936719973999438e-02
2.999936719975326155e-02
2.999936719978155142e-02
2.999936719979359734e-02
2.999936719981326216e-02
2.999936719984030997e-02
2.999936719986143543e-02
2.999936719987347095e-02
2.999936719987955636e-02
2.999936719988157557e-02
2.999936719988425399e-02
2.999936719990020997e-02
2.999936719988477787e-02
2.999936719988176639e-02
2.999936719989766340e-02
2.999936719987609732e-02
2.999936719987395667e-02
2.999936719989671624e-02
2.999936719988890305e-02
2.999936719990924788e-02
2.999936719990446005e-02
2.999936719986814188e-02
2.999936719987233991e-02
2.999936719988408745e-02
2.999936719989789585e-02
2.999936719994181211e-02
2.999936719992232770e-02
2.999936719993611528e-02
2.999936719991500023e-02
2.999936719994910489e-02
2.999936719993746490e-02
2.999936719991613127e-02
2.999936719992982170e-02
2.999936719995891996e-02
2.999936719995783749e-02
2.999936719996885992e-02
2.999936719998122156e-02
2.999936720005594304e-02
2.999936720004212770e-02
2.999936720001569745e-02
2.999936720004426488e-02
2.999936720003601454e-02
2.999936720008153368e-02
2.999936720015440594e-02
2.999936720020730113e-02
2.999936720027004955e-02
2.999936720034291487e-02
2.999936720038789278e-02
2.999936720040330060e-02
2.999936720043823793e-02
2.999936720048655692e-02
2.999936720049955347e-02
2.999936720056334272e-02
2.999936720055833630e-02
2.999936720061169640e-02
2.999936720059971640e-02
2.999936720064910745e-02
2.999936720065963375e-02
2.999936720066653795e-02
2.999936720066637835e-02
2.999936720063590967e-02
2.999936720062778422e-02
2.999936720060577405e-02
2.999936720061355602e-02
2.999936720061859713e-02
2.999936720061044393e-02
2.999936720059189627e-02
2.999936720061309459e-02
2.999936720062837403e-02
2.999936720063434148e-02
2.999936720061215090e-02
2.999936720059440468e-02
2.999936720060558323e-02
2.999936720059814821e-02
2.999936720057717540e-02
2.999936720055445399e-02
2.999936720057343881e-02
2.999936720056589623e-02
2.999936720059456774e-02
2.999936720063295717e-02
2.999936720059424855e-02
2.999936720061610954e-02
2.999936720058935663e-02
2.999936720057971504e-02
2.999936720055563014e-02
2.999936720053340833e-02
2.999936720055661893e-02
2.999936720051914890e-02
2.999936720053277689e-02
2.999936720051290390e-02
2.999936720048972105e-02
2.999936720046589983e-02
2.999936720045235511e-02
2.999936720037774812e-02
2.999936720030572934e-02
2.999936720017326586e-02
2.999936720011490976e-02
2.999936719998679696e-02
2.999936719988599218e-02
2.999936719975958982e-02
2.999936719962333770e-02
2.999936719952350089e-02
2.999936719943056829e-02
2.999936719925280076e-02
2.999936719909797322e-02
2.999936719901338811e-02
2.999936719885019226e-02
2.999936719871810348e-02
2.999936719858591755e-02
2.999936719844989788e-02
2.999936719827604042e-02
2.999936719815342323e-02
2.999936719801798643e-02
2.999936719787561767e-02
2.999936719776687827e-02
2.999936719764311616e-02
2.999936719751280373e-02
2.999936719735772292e-02
2.999936719725294215e-02
2.999936719718646755e-02
2.999936719714194067e-02
2.999936719705607185e-02
2.999936719700155990e-02
2.999936719696761483e-02
2.999936719687029685e-02
2.999936719680229916e-02
2.999936719674841518e-02
2.999936719665309906e-02
2.999936719660353454e-02
2.999936719654981709e-02
2.999936719641557725e-02
2.999936719636327881e-02
2.999936719628216661e-02
2.999936719620281689e-02
2.999936719615301645e-02
2.999936719605273555e-02
2.999936719595361692e-02
2.999936719584648387e-02
2.999936719575354432e-02
2.999936719566563895e-02
2.999936719557998871e-02
2.999936719545570271e-02
2.999936719537922222e-02
2.999936719526298534e-02
2.999936719517319259e-02
2.999936719501447580e-02
2.999936719488265763e-02
2.999936719475949573e-02
2.999936719466474860e-02
2.999936719457123313e-02
2.999936719448976358e-02
2.999936719438803939e-02
2.999936719433463420e-02
2.999936719427852977e-02
2.999936719416744502e-02
2.999936719409153699e-02
2.999936719405335572e-02
2.999936719406882946e-02
2.999936719401958413e-02
2.999936719400318058e-02
2.999936719392484047e-02
2.999936719388791861e-02
2.999936719387381531e-02
2.999936719380670927e-02
2.999936719380661906e-02
2.999936719383924227e-02
2.999936719382447284e-02
2.999936719375452879e-02
2.999936719369476756e-02
2.999936719363207466e-02
2.999936719360776771e-02
2.999936719361000897e-02
2.999936719354553277e-02
2.999936719350707742e-02
2.999936719341191049e-02
2.999936719331472434e-02
2.999936719327945395e-02
2.999936719318502948e-02
2.999936719305179231e-02
2.999936719293292905e-02
2.999936719280593689e-02
2.999936719266251689e-02
2.999936719256107026e-02
2.999936719242489447e-02
2.999936719224093398e-02
2.999936719208977712e-02
2.999936719192143261e-02
2.999936719177472011e-02
2.999936719162912477e-02
2.999936719151001865e-02
2.999936719137746496e-02
2.999936719123348985e-02
2.999936719114308994e-02
2.999936719102306790e-02
2.999936719089930232e-02
2.999936719077450631e-02
2.999936719060674120e-02
2.999936719046662065e-02
2.999936719037011451e-02
2.999936719020547538e-02
2.999936719005456484e-02
2.999936718994065249e-02
2.999936718981076333e-02
2.999936718968542262e-02
2.999936718956398851e-02
2.999936718946219494e-02
2.999936718934438293e-02
2.999936718920880735e-02
2.999936718909059288e-02
2.999936718896248355e-02
2.999936718881908784e-02
2.999936718866916263e-02
2.999936718850657047e-02
2.999936718837344085e-02
2.999936718822294318e-02
2.999936718805273211e-02
2.999936718788519252e-02
2.999936718773249522e-02
2.999936718754596388e-02
2.999936718732494623e-02
2.999936718712901268e-02
2.999936718693101481e-02
2.999936718674561797e-02
2.999936718655297346e-02
2.999936718633616425e-02
2.999936718617234391e-02
2.999936718601513286e-02
2.999936718583863515e-02
2.999936718569084365e-02
2.999936718552805720e-02
2.999936718539550004e-02
2.999936718528380467e-02
2.999936718513703665e-02
2.999936718502206959e-02
2.999936718489836299e-02
2.999936718475783651e-02
2.999936718459314880e-02
2.999936718446171574e-02
2.999936718438293154e-02
2.999936718429756580e-02
2.999936718420804713e-02
2.999936718411490982e-02
2.999936718402628627e-02
2.999936718391937873e-02
2.999936718381485123e-02
2.999936718369972805e-02
2.999936718360911997e-02
2.999936718353036005e-02
2.999936718343280961e-02
2.999936718335466379e-02
2.999936718329389296e-02
2.999936718318155920e-02
2.999936718306863911e-02
2.999936718298578525e-02
2.999936718290151585e-02
2.999936718283202977e-02
2.999936718273835123e-02
2.999936718267536689e-02
2.999936718259480981e-02
2.999936718252720763e-02
2.999936718245544212e-02
2.999936718237820182e-02
2.999936718229544164e-02
2.999936718221480475e-02
2.999936718214714360e-02
2.999936718206853634e-02
2.999936718200279032e-02
2.999936718193397384e-02
2.999936718186811332e-02
2.999936718180377937e-02
2.999936718175300401e-02
2.999936718170477176e-02
2.999936718166268043e-02
2.999936718162277138e-02
2.999936718158809773e-02
2.999936718155828477e-02
2.999936718152484277e-02
2.999936718149777068e-02
2.999936718147161105e-02
2.999936718144505937e-02
2.999936718142303185e-02
2.999936718140265232e-02
2.999936718139122049e-02
2.999936718137705821e-02
2.999936718136000241e-02
2.999936718135616520e-02
