2.999933778246352545e-02
2.999933778246681448e-02
2.999933778246821614e-02
2.999933778246911126e-02
2.999933778246656468e-02
2.999933778246735919e-02
2.999933778246719265e-02
2.999933778246895166e-02
2.999933778246793165e-02
2.999933778246563487e-02
2.999933778246790389e-02
2.999933778246692551e-02
2.999933778246737306e-02
2.999933778246411178e-02
2.999933778246757082e-02
2.999933778246543017e-02
2.999933778246672428e-02
2.999933778246720653e-02
2.999933778246754307e-02
2.999933778246360871e-02
2.999933778246843818e-02
2.999933778246993005e-02
2.999933778246717184e-02
2.999933778246509017e-02
2.999933778246779634e-02
2.999933778246683183e-02
2.999933778246729674e-02
2.999933778246527752e-02
2.999933778246722735e-02
2.999933778246880595e-02
2.999933778246929861e-02
2.999933778246741470e-02
2.999933778246602692e-02
2.999933778246337973e-02
2.999933778246441363e-02
2.999933778246518037e-02
2.999933778246658203e-02
2.999933778246941310e-02
2.999933778246666530e-02
2.999933778246524976e-02
2.999933778247141150e-02
2.999933778245995886e-02
2.999933778246733837e-02
2.999933778246701224e-02
2.999933778246924310e-02
2.999933778246992658e-02
2.999933778246772348e-02
2.999933778246825083e-02
2.999933778246696020e-02
2.999933778246863941e-02
2.999933778246700183e-02
2.999933778246707122e-02
2.999933778246888227e-02
2.999933778246963861e-02
2.999933778246766797e-02
2.999933778246695326e-02
2.999933778246598529e-02
2.999933778246773736e-02
2.999933778246434424e-02
2.999933778246872268e-02
2.999933778246942698e-02
2.999933778246505200e-02
2.999933778246800103e-02
2.999933778246978433e-02
2.999933778246817451e-02
2.999933778246413954e-02
2.999933778246486465e-02
2.999933778246677979e-02
2.999933778246634264e-02
2.999933778246387933e-02
2.999933778246393484e-02
2.999933778246640162e-02
2.999933778246850063e-02
2.999933778246573896e-02
2.999933778246678673e-02
2.999933778246913207e-02
2.999933778246850757e-02
2.999933778246646754e-02
2.999933778246788654e-02
2.999933778246722388e-02
2.999933778246614835e-02
2.999933778246547528e-02
2.999933778246792124e-02
2.999933778246638080e-02
2.999933778246557242e-02
2.999933778246566957e-02
2.999933778246537119e-02
2.999933778246838961e-02
2.999933778246719612e-02
2.999933778246635305e-02
2.999933778246835492e-02
2.999933778246470506e-02
2.999933778246479527e-02
2.999933778246599916e-02
2.999933778246484384e-02
2.999933778246709898e-02
2.999933778246652652e-02
2.999933778246446567e-02
2.999933778246579794e-02
2.999933778246618304e-02
2.999933778246786226e-02
2.999933778246343524e-02
2.999933778246604080e-02
2.999933778246803573e-02
2.999933778246598876e-02
2.999933778246607896e-02
2.999933778246507282e-02
2.999933778246635652e-02
2.999933778246546140e-02
2.999933778246696714e-02
2.999933778246605121e-02
2.999933778246578753e-02
2.999933778246735919e-02
2.999933778246545793e-02
2.999933778246495833e-02
2.999933778246574242e-02
2.999933778246641897e-02
2.999933778246667224e-02
2.999933778246571814e-02
2.999933778246560018e-02
2.999933778246603386e-02
2.999933778246580141e-02
2.999933778246595406e-02
2.999933778246447608e-02
2.999933778246558630e-02
2.999933778246640509e-02
2.999933778246646060e-02
2.999933778246731408e-02
2.999933778246693244e-02
2.999933778246635999e-02
2.999933778246559324e-02
2.999933778246588467e-02
2.999933778246817451e-02
2.999933778246607896e-02
2.999933778246555161e-02
2.999933778246719265e-02
2.999933778246686653e-02
2.999933778246475363e-02
2.999933778246698796e-02
2.999933778246809124e-02
2.999933778246757082e-02
2.999933778246589855e-02
2.999933778246503813e-02
2.999933778246485425e-02
2.999933778246686999e-02
2.999933778246719612e-02
2.999933778246725510e-02
2.999933778246703653e-02
2.999933778246658550e-02
2.999933778246731408e-02
2.999933778246597488e-02
2.999933778246440322e-02
2.999933778246582222e-02
2.999933778246622468e-02
2.999933778246566957e-02
2.999933778246572161e-02
2.999933778246575630e-02
2.999933778246653693e-02
2.999933778246540589e-02
2.999933778246654387e-02
2.999933778246584651e-02
2.999933778246634958e-02
2.999933778246644672e-02
2.999933778246662019e-02
2.999933778246527752e-02
2.999933778246711286e-02
2.999933778246666877e-02
2.999933778246617611e-02
2.999933778246563834e-02
2.999933778246695326e-02
2.999933778246612059e-02
2.999933778246585345e-02
2.999933778246666183e-02
2.999933778246649183e-02
2.999933778246569038e-02
2.999933778246704347e-02
2.999933778246548916e-02
2.999933778246743205e-02
2.999933778246823002e-02
2.999933778246638080e-02
2.999933778246676591e-02
2.999933778246670693e-02
2.999933778246603733e-02
2.999933778246564875e-02
2.999933778246709898e-02
2.999933778246704347e-02
2.999933778246736960e-02
2.999933778246673469e-02
2.999933778246446914e-02
2.999933778246645366e-02
2.999933778246709898e-02
2.999933778246558630e-02
2.999933778246584304e-02
2.999933778246640509e-02
2.999933778246716837e-02
2.999933778246637733e-02
2.999933778246657856e-02
2.999933778246732796e-02
2.999933778246661673e-02
2.999933778246557242e-02
2.999933778246549956e-02
2.999933778246718918e-02
2.999933778246538160e-02
2.999933778246615876e-02
2.999933778246501384e-02
2.999933778246612753e-02
2.999933778246635652e-02
2.999933778246388974e-02
2.999933778246643978e-02
2.999933778246623162e-02
2.999933778246630101e-02
2.999933778246439975e-02
2.999933778246727939e-02
2.999933778246702265e-02
2.999933778246634264e-02
2.999933778246576671e-02
2.999933778246675203e-02
2.999933778246702959e-02
2.999933778246577018e-02
2.999933778246457322e-02
2.999933778246677979e-02
2.999933778246601651e-02
2.999933778246514221e-02
2.999933778246724816e-02
2.999933778246544752e-02
2.999933778246726204e-02
2.999933778246664101e-02
2.999933778246710245e-02
2.999933778246554467e-02
2.999933778246511445e-02
2.999933778246648142e-02
2.999933778246388627e-02
2.999933778246509017e-02
2.999933778246797328e-02
2.999933778246506588e-02
2.999933778246630101e-02
2.999933778246607202e-02
2.999933778246654040e-02
2.999933778246604427e-02
2.999933778246575977e-02
2.999933778246531568e-02
2.999933778246599916e-02
2.999933778246670346e-02
2.999933778246533997e-02
2.999933778246650223e-02
2.999933778246789001e-02
2.999933778246610672e-02
2.999933778246503119e-02
2.999933778246469118e-02
2.999933778246736960e-02
2.999933778246605814e-02
2.999933778246534344e-02
2.999933778246689081e-02
2.999933778246524629e-02
2.999933778246542670e-02
2.999933778246575630e-02
2.999933778246648142e-02
2.999933778246562793e-02
2.999933778246522548e-02
2.999933778246541283e-02
2.999933778246583957e-02
2.999933778246640509e-02
2.999933778246619692e-02
2.999933778246603039e-02
2.999933778246597488e-02
2.999933778246571120e-02
2.999933778246680408e-02
2.999933778246589508e-02
2.999933778246555854e-02
2.999933778246520466e-02
2.999933778246659244e-02
2.999933778246544752e-02
2.999933778246558630e-02
2.999933778246580834e-02
2.999933778246608937e-02
2.999933778246665836e-02
2.999933778246513180e-02
2.999933778246569732e-02
2.999933778246515262e-02
2.999933778246647448e-02
2.999933778246579447e-02
2.999933778246565916e-02
2.999933778246613794e-02
2.999933778246506241e-02
2.999933778246631835e-02
2.999933778246495486e-02
2.999933778246554814e-02
2.999933778246527405e-02
2.999933778246599569e-02
2.999933778246572508e-02
2.999933778246601651e-02
2.999933778246616570e-02
2.999933778246593324e-02
2.999933778246589161e-02
2.999933778246575283e-02
2.999933778246574589e-02
2.999933778246759858e-02
2.999933778246596794e-02
2.999933778246622815e-02
2.999933778246627672e-02
2.999933778246659938e-02
2.999933778246614141e-02
2.999933778246451077e-02
2.999933778246552385e-02
2.999933778246637039e-02
2.999933778246601304e-02
2.999933778246668958e-02
2.999933778246553426e-02
2.999933778246558977e-02
2.999933778246548916e-02
2.999933778246572161e-02
2.999933778246614835e-02
2.999933778246630448e-02
2.999933778246572161e-02
2.999933778246648142e-02
2.999933778246689428e-02
2.999933778246541630e-02
2.999933778246552732e-02
2.999933778246721694e-02
2.999933778246505547e-02
2.999933778246521854e-02
2.999933778246533997e-02
2.999933778246610672e-02
2.999933778246495486e-02
2.999933778246577018e-02
2.999933778246569385e-02
2.999933778246571814e-02
2.999933778246621080e-02
2.999933778246506588e-02
2.999933778246557936e-02
2.999933778246587773e-02
2.999933778246612753e-02
2.999933778246582569e-02
2.999933778246530180e-02
2.999933778246546140e-02
2.999933778246561059e-02
2.999933778246569038e-02
2.999933778246578059e-02
2.999933778246559671e-02
2.999933778246593324e-02
2.999933778246526364e-02
2.999933778246555854e-02
2.999933778246576671e-02
2.999933778246572855e-02
2.999933778246546140e-02
2.999933778246411872e-02
2.999933778246485772e-02
2.999933778246480567e-02
2.999933778246554120e-02
2.999933778246591243e-02
2.999933778246622815e-02
2.999933778246569038e-02
2.999933778246488894e-02
2.999933778246521160e-02
2.999933778246615876e-02
2.999933778246632182e-02
2.999933778246556201e-02
2.999933778246472588e-02
2.999933778246603386e-02
2.999933778246541630e-02
2.999933778246495139e-02
2.999933778246481608e-02
2.999933778246561059e-02
2.999933778246591937e-02
2.999933778246487506e-02
2.999933778246663754e-02
2.999933778246561406e-02
2.999933778246529487e-02
2.999933778246571467e-02
2.999933778246602345e-02
2.999933778246455240e-02
2.999933778246538160e-02
2.999933778246520466e-02
2.999933778246481955e-02
2.999933778246526017e-02
2.999933778246506588e-02
2.999933778246541630e-02
2.999933778246511099e-02
2.999933778246576324e-02
2.999933778246537119e-02
2.999933778246535038e-02
2.999933778246548569e-02
2.999933778246556548e-02
2.999933778246531568e-02
2.999933778246544405e-02
2.999933778246546140e-02
2.999933778246556201e-02
2.999933778246573549e-02
2.999933778246523242e-02
2.999933778246555161e-02
2.999933778246543017e-02
2.999933778246541283e-02
2.999933778246531568e-02
2.999933778246522548e-02
2.999933778246526711e-02
2.999933778246588467e-02
2.999933778246553773e-02
2.999933778246542670e-02
2.999933778246574936e-02
2.999933778246564181e-02
2.999933778246523935e-02
2.999933778246575977e-02
2.999933778246550997e-02
2.999933778246519078e-02
2.999933778246577018e-02
2.999933778246540936e-02
2.999933778246549609e-02
2.999933778246549956e-02
2.999933778246568344e-02
2.999933778246538507e-02
2.999933778246501731e-02
2.999933778246585692e-02
2.999933778246579100e-02
2.999933778246579447e-02
2.999933778246552385e-02
2.999933778246547875e-02
2.999933778246563140e-02
2.999933778246531568e-02
2.999933778246543364e-02
2.999933778246532262e-02
2.999933778246545446e-02
2.999933778246531568e-02
2.999933778246533997e-02
2.999933778246522548e-02
2.999933778246559324e-02
2.999933778246522548e-02
2.999933778246538507e-02
2.999933778246551691e-02
2.999933778246553773e-02
2.999933778246521854e-02
2.999933778246534344e-02
2.999933778246543364e-02
2.999933778246548569e-02
2.999933778246547528e-02
2.999933778246564875e-02
2.999933778246549956e-02
2.999933778246549609e-02
2.999933778246549609e-02
2.999933778246555161e-02
2.999933778246577018e-02
2.999933778246559324e-02
2.999933778246560712e-02
2.999933778246552038e-02
2.999933778246558630e-02
2.999933778246538160e-02
2.999933778246547528e-02
2.999933778246561406e-02
2.999933778246558630e-02
2.999933778246553079e-02
2.999933778246567651e-02
2.999933778246549262e-02
2.999933778246560365e-02
2.999933778246551691e-02
2.999933778246556201e-02
2.999933778246561406e-02
2.999933778246552038e-02
2.999933778246567651e-02
2.999933778246560018e-02
2.999933778246568344e-02
2.999933778246568344e-02
2.999933778246558283e-02
2.999933778246563834e-02
2.999933778246569732e-02
2.999933778246573549e-02
2.999933778246564181e-02
2.999933778246570426e-02
2.999933778246562099e-02
2.999933778246566263e-02
2.999933778246558977e-02
2.999933778246567651e-02
2.999933778246568691e-02
2.999933778246564181e-02
2.999933778246569732e-02
2.999933778246564181e-02
2.999933778246564528e-02
2.999933778246570773e-02
2.999933778246572508e-02
2.999933778246576324e-02
2.999933778246575977e-02
2.999933778246574936e-02
2.999933778246577712e-02
2.999933778246578059e-02
2.999933778246578059e-02
2.999933778246577712e-02
2.999933778246579794e-02
2.999933778246578753e-02
2.999933778246577712e-02
2.999933778246580487e-02
2.999933778246583610e-02
2.999933778246581528e-02
2.999933778246582569e-02
2.999933778246582222e-02
2.999933778246583610e-02
2.999933778246584651e-02
2.999933778246584304e-02
2.999933778246585345e-02
2.999933778246586039e-02
2.999933778246586732e-02
2.999933778246587079e-02
2.999933778246587773e-02
2.999933778246589161e-02
2.999933778246590549e-02
2.999933778246591243e-02
2.999933778246592284e-02
2.999933778246593671e-02
2.999933778246594018e-02
2.999933778246595753e-02
2.999933778246596447e-02
2.999933778246598529e-02
2.999933778246597835e-02
2.999933778246599569e-02
2.999933778246599916e-02
2.999933778246600263e-02
2.999933778246599916e-02
2.999933778246600957e-02
2.999933778246602692e-02
2.999933778246602692e-02
2.999933778246601998e-02
2.999933778246603386e-02
2.999933778246603039e-02
2.999933778246601651e-02
2.999933778246603386e-02
2.999933778246604774e-02
2.999933778246605814e-02
2.999933778246604774e-02
2.999933778246606855e-02
2.999933778246605121e-02
2.999933778246609631e-02
2.999933778246607896e-02
2.999933778246606161e-02
2.999933778246603733e-02
2.999933778246610325e-02
2.999933778246613447e-02
2.999933778246613447e-02
2.999933778246621774e-02
2.999933778246614835e-02
2.999933778246611366e-02
2.999933778246608937e-02
2.999933778246620386e-02
2.999933778246608243e-02
2.999933778246617264e-02
2.999933778246611366e-02
2.999933778246617264e-02
2.999933778246614141e-02
2.999933778246609978e-02
2.999933778246618304e-02
2.999933778246625937e-02
2.999933778246617611e-02
2.999933778246616917e-02
2.999933778246616223e-02
2.999933778246613794e-02
2.999933778246620386e-02
2.999933778246618998e-02
2.999933778246629754e-02
2.999933778246619692e-02
2.999933778246619692e-02
2.999933778246638774e-02
2.999933778246622121e-02
2.999933778246629407e-02
2.999933778246630794e-02
2.999933778246629754e-02
2.999933778246627325e-02
2.999933778246643978e-02
2.999933778246623162e-02
2.999933778246644325e-02
2.999933778246638427e-02
2.999933778246662713e-02
2.999933778246652999e-02
2.999933778246623162e-02
2.999933778246647448e-02
2.999933778246619345e-02
2.999933778246638774e-02
2.999933778246637039e-02
2.999933778246634958e-02
2.999933778246623162e-02
2.999933778246639121e-02
2.999933778246663060e-02
2.999933778246624203e-02
2.999933778246631488e-02
2.999933778246653346e-02
2.999933778246638427e-02
2.999933778246644672e-02
2.999933778246611366e-02
2.999933778246630794e-02
2.999933778246636346e-02
2.999933778246584998e-02
2.999933778246654387e-02
2.999933778246655081e-02
2.999933778246680754e-02
2.999933778246666183e-02
2.999933778246647448e-02
2.999933778246686653e-02
2.999933778246684918e-02
2.999933778246673816e-02
2.999933778246644672e-02
2.999933778246670346e-02
2.999933778246662713e-02
2.999933778246665836e-02
2.999933778246665489e-02
2.999933778246652305e-02
2.999933778246604427e-02
2.999933778246651264e-02
2.999933778246639468e-02
2.999933778246707122e-02
2.999933778246679714e-02
2.999933778246639121e-02
2.999933778246622468e-02
2.999933778246660285e-02
2.999933778246681448e-02
2.999933778246636346e-02
2.999933778246649529e-02
2.999933778246697408e-02
2.999933778246631488e-02
2.999933778246691857e-02
2.999933778246694632e-02
2.999933778246692898e-02
2.999933778246657162e-02
2.999933778246639815e-02
2.999933778246670346e-02
2.999933778246673469e-02
2.999933778246676938e-02
2.999933778246685265e-02
2.999933778246666530e-02
2.999933778246627325e-02
2.999933778246728286e-02
2.999933778246690122e-02
2.999933778246676591e-02
2.999933778246703653e-02
2.999933778246677979e-02
2.999933778246660632e-02
2.999933778246651611e-02
2.999933778246691163e-02
2.999933778246681795e-02
2.999933778246696367e-02
2.999933778246629060e-02
2.999933778246733143e-02
2.999933778246742858e-02
2.999933778246633570e-02
2.999933778246664795e-02
2.999933778246657856e-02
2.999933778246733143e-02
2.999933778246638774e-02
2.999933778246665836e-02
2.999933778246574589e-02
2.999933778246655774e-02
2.999933778246713020e-02
2.999933778246721347e-02
2.999933778246784491e-02
2.999933778246709204e-02
2.999933778246727245e-02
2.999933778246641203e-02
2.999933778246641203e-02
2.999933778246635999e-02
2.999933778246751531e-02
2.999933778246669999e-02
2.999933778246680061e-02
2.999933778246619692e-02
2.999933778246686999e-02
2.999933778246646754e-02
2.999933778246664101e-02
2.999933778246724123e-02
2.999933778246660979e-02
2.999933778246681101e-02
2.999933778246598529e-02
2.999933778246686306e-02
2.999933778246692204e-02
2.999933778246758470e-02
2.999933778246765756e-02
2.999933778246726551e-02
2.999933778246696020e-02
2.999933778246582916e-02
2.999933778246722735e-02
2.999933778246797328e-02
2.999933778246606508e-02
2.999933778246669652e-02
2.999933778246794552e-02
2.999933778246685959e-02
2.999933778246617611e-02
2.999933778246685612e-02
2.999933778246787267e-02
2.999933778246649876e-02
2.999933778246702959e-02
2.999933778246776164e-02
2.999933778246691857e-02
2.999933778246757776e-02
2.999933778246701918e-02
2.999933778246671387e-02
2.999933778246709898e-02
2.999933778246777552e-02
2.999933778246694979e-02
2.999933778246742511e-02
2.999933778246727592e-02
2.999933778246658203e-02
2.999933778246774083e-02
2.999933778246671734e-02
2.999933778246685959e-02
2.999933778246791777e-02
2.999933778246698796e-02
2.999933778246696714e-02
2.999933778246736266e-02
2.999933778246710245e-02
2.999933778246863247e-02
2.999933778246591937e-02
2.999933778246736613e-02
2.999933778246646754e-02
2.999933778246705735e-02
2.999933778246751531e-02
2.999933778246853533e-02
2.999933778246728980e-02
2.999933778246813287e-02
2.999933778246843818e-02
2.999933778246866023e-02
2.999933778246716143e-02
2.999933778246769919e-02
2.999933778246838961e-02
2.999933778246699836e-02
2.999933778246596794e-02
2.999933778246776858e-02
2.999933778246662713e-02
2.999933778246716143e-02
2.999933778246803573e-02
2.999933778246716143e-02
2.999933778246768531e-02
2.999933778246862554e-02
2.999933778246757776e-02
2.999933778246700530e-02
2.999933778246607202e-02
2.999933778246730368e-02
2.999933778246742511e-02
2.999933778246801491e-02
2.999933778246700530e-02
2.999933778246625590e-02
2.999933778246813981e-02
2.999933778246682142e-02
2.999933778246816063e-02
2.999933778246813287e-02
2.999933778246730368e-02
2.999933778246713020e-02
2.999933778246790389e-02
2.999933778246685612e-02
2.999933778246649529e-02
2.999933778246813981e-02
2.999933778246800450e-02
2.999933778246835492e-02
2.999933778246720653e-02
2.999933778246757776e-02
2.999933778246764368e-02
2.999933778246715449e-02
2.999933778246649529e-02
2.999933778246633223e-02
2.999933778246775123e-02
2.999933778246693244e-02
2.999933778246742511e-02
2.999933778246823696e-02
2.999933778246769225e-02
2.999933778246693244e-02
2.999933778246729327e-02
2.999933778246741470e-02
2.999933778246790389e-02
2.999933778246837573e-02
2.999933778246832022e-02
2.999933778246701571e-02
2.999933778246829941e-02
2.999933778246796634e-02
2.999933778246791083e-02
2.999933778246884758e-02
2.999933778246763327e-02
2.999933778246869839e-02
2.999933778246760899e-02
2.999933778246791777e-02
2.999933778246733143e-02
2.999933778246715449e-02
2.999933778246660979e-02
2.999933778246733837e-02
2.999933778246757429e-02
2.999933778246775817e-02
2.999933778246817451e-02
2.999933778246885452e-02
2.999933778246811206e-02
2.999933778246802185e-02
2.999933778246765409e-02
2.999933778246770266e-02
2.999933778246925697e-02
2.999933778246658550e-02
2.999933778246784144e-02
2.999933778246940963e-02
2.999933778246768531e-02
2.999933778246841737e-02
2.999933778246807736e-02
2.999933778246826818e-02
2.999933778246750143e-02
2.999933778246956922e-02
2.999933778246700183e-02
2.999933778246784838e-02
2.999933778246902105e-02
2.999933778246907656e-02
2.999933778246859431e-02
2.999933778246789001e-02
2.999933778246842431e-02
2.999933778246905575e-02
2.999933778246925004e-02
2.999933778246917371e-02
2.999933778246859778e-02
2.999933778246866717e-02
2.999933778246657162e-02
2.999933778246757776e-02
2.999933778246945126e-02
2.999933778246764715e-02
2.999933778246811206e-02
2.999933778246885452e-02
2.999933778246709898e-02
2.999933778246752225e-02
2.999933778246846594e-02
2.999933778246784144e-02
2.999933778246812247e-02
2.999933778246725163e-02
2.999933778246812940e-02
2.999933778246690469e-02
2.999933778246761940e-02
2.999933778246958310e-02
2.999933778246896207e-02
2.999933778246927085e-02
2.999933778246932289e-02
2.999933778246769919e-02
2.999933778246934718e-02
2.999933778246766797e-02
2.999933778246940963e-02
2.999933778246776511e-02
2.999933778246625937e-02
2.999933778246805308e-02
2.999933778246790389e-02
2.999933778246917718e-02
2.999933778246819185e-02
2.999933778246724816e-02
2.999933778246961780e-02
2.999933778246907656e-02
2.999933778246957269e-02
2.999933778246825430e-02
2.999933778246864635e-02
2.999933778246974964e-02
2.999933778246906269e-02
2.999933778246855615e-02
2.999933778246920146e-02
2.999933778246854227e-02
2.999933778246950677e-02
2.999933778246940963e-02
2.999933778246855615e-02
2.999933778246851451e-02
2.999933778247056496e-02
2.999933778246944432e-02
2.999933778246859084e-02
2.999933778246905575e-02
2.999933778246836186e-02
2.999933778246836533e-02
2.999933778246875737e-02
2.999933778246764021e-02
2.999933778246909044e-02
2.999933778246785185e-02
2.999933778246860125e-02
2.999933778247080435e-02
2.999933778246953453e-02
2.999933778246859084e-02
2.999933778247157456e-02
2.999933778247001331e-02
2.999933778246984678e-02
2.999933778247096394e-02
2.999933778247031863e-02
2.999933778246885452e-02
2.999933778246868105e-02
2.999933778246881635e-02
2.999933778246865676e-02
2.999933778246811206e-02
2.999933778246832716e-02
2.999933778247013821e-02
2.999933778247031169e-02
2.999933778246904187e-02
2.999933778246794205e-02
2.999933778247012434e-02
2.999933778246974617e-02
2.999933778247126925e-02
2.999933778247063088e-02
2.999933778246977739e-02
2.999933778247011740e-02
2.999933778246847635e-02
2.999933778247023536e-02
2.999933778246957616e-02
2.999933778246950677e-02
2.999933778246938187e-02
2.999933778247080782e-02
2.999933778247008964e-02
2.999933778246884758e-02
2.999933778246902105e-02
2.999933778247058924e-02
2.999933778246977739e-02
2.999933778246864635e-02
2.999933778246700183e-02
2.999933778246904187e-02
2.999933778246807389e-02
2.999933778246960392e-02
2.999933778247103333e-02
2.999933778247092231e-02
2.999933778247024577e-02
2.999933778247003413e-02
2.999933778246835839e-02
2.999933778246963167e-02
2.999933778246911126e-02
2.999933778247085986e-02
2.999933778246995780e-02
2.999933778247112701e-02
2.999933778247024924e-02
2.999933778247202559e-02
2.999933778246993005e-02
2.999933778246789001e-02
2.999933778246971494e-02
2.999933778247149824e-02
2.999933778247104374e-02
2.999933778246730715e-02
2.999933778246854574e-02
2.999933778246858390e-02
2.999933778247164395e-02
2.999933778246975657e-02
2.999933778247025618e-02
2.999933778246921187e-02
2.999933778247313582e-02
2.999933778247232050e-02
2.999933778246854574e-02
2.999933778246668264e-02
2.999933778246974964e-02
2.999933778246926391e-02
2.999933778246775817e-02
2.999933778246903493e-02
2.999933778246870533e-02
2.999933778247085639e-02
2.999933778247041924e-02
2.999933778247105415e-02
2.999933778246826818e-02
2.999933778246753613e-02
2.999933778247107496e-02
2.999933778246927085e-02
2.999933778246832022e-02
2.999933778247174804e-02
2.999933778247275765e-02
2.999933778247097088e-02
2.999933778246588467e-02
2.999933778247085292e-02
2.999933778246946514e-02
2.999933778246999944e-02
2.999933778247077659e-02
2.999933778247156416e-02
2.999933778246984678e-02
2.999933778246963514e-02
2.999933778247283050e-02
2.999933778247094660e-02
2.999933778246956229e-02
2.999933778246550303e-02
2.999933778246755001e-02
2.999933778246487853e-02
2.999933778246704347e-02
2.999933778246839655e-02
2.999933778247404134e-02
2.999933778246509017e-02
2.999933778247225111e-02
2.999933778247050251e-02
2.999933778247144620e-02
2.999933778247251825e-02
2.999933778247219213e-02
2.999933778247136640e-02
2.999933778246925004e-02
2.999933778246777899e-02
2.999933778246844165e-02
2.999933778246804267e-02
2.999933778246864288e-02
2.999933778246689775e-02
2.999933778247003066e-02
2.999933778247257377e-02
2.999933778247096047e-02
2.999933778247325725e-02
2.999933778246881289e-02
2.999933778246539895e-02
2.999933778247136293e-02
2.999933778246919105e-02
2.999933778246928820e-02
2.999933778247129354e-02
2.999933778247236213e-02
2.999933778246543017e-02
2.999933778247017638e-02
2.999933778246974270e-02
2.999933778246963514e-02
2.999933778246884411e-02
2.999933778247054761e-02
2.999933778247060659e-02
2.999933778246710939e-02
2.999933778246895860e-02
2.999933778247130395e-02
2.999933778246849023e-02
2.999933778247059965e-02
2.999933778247232743e-02
2.999933778247284091e-02
