2.999571957017175758e-02
2.999571957016978693e-02
2.999571957016927692e-02
2.999571957016988061e-02
2.999571957016990836e-02
2.999571957017044613e-02
2.999571957017051899e-02
2.999571957016949897e-02
2.999571957017026919e-02
2.999571957016975224e-02
2.999571957017048429e-02
2.999571957016953019e-02
2.999571957016755608e-02
2.999571957016970714e-02
2.999571957017406129e-02
2.999571957016775037e-02
2.999571957017004714e-02
2.999571957016964122e-02
2.999571957016990489e-02
2.999571957016883977e-02
2.999571957016941917e-02
2.999571957017365537e-02
2.999571957016922835e-02
2.999571957017082777e-02
2.999571957017043919e-02
2.999571957016944346e-02
2.999571957016816323e-02
2.999571957016823262e-02
2.999571957017091797e-02
2.999571957016973489e-02
2.999571957017609439e-02
2.999571957017096308e-02
2.999571957016930121e-02
2.999571957016945387e-02
2.999571957017078613e-02
2.999571957016998469e-02
2.999571957017239249e-02
2.999571957017345761e-02
2.999571957016990836e-02
2.999571957016778159e-02
2.999571957016830895e-02
2.999571957016835752e-02
2.999571957017209758e-02
2.999571957017040102e-02
2.999571957017184085e-02
2.999571957017112961e-02
2.999571957016793078e-02
2.999571957016872875e-02
2.999571957016736873e-02
2.999571957016965162e-02
2.999571957016927692e-02
2.999571957016969673e-02
2.999571957017293372e-02
2.999571957016882937e-02
2.999571957017091797e-02
2.999571957016885365e-02
2.999571957016803486e-02
2.999571957017221902e-02
2.999571957016812854e-02
2.999571957016854834e-02
2.999571957016875651e-02
2.999571957017336740e-02
2.999571957016852058e-02
2.999571957016954060e-02
2.999571957017366924e-02
2.999571957017079307e-02
2.999571957017167084e-02
2.999571957017003673e-02
2.999571957017188248e-02
2.999571957017132043e-02
2.999571957017040796e-02
2.999571957017169860e-02
2.999571957017106022e-02
2.999571957016995694e-02
2.999571957017009224e-02
2.999571957017076185e-02
2.999571957017102553e-02
2.999571957016742077e-02
2.999571957017146961e-02
2.999571957016839915e-02
2.999571957016822915e-02
2.999571957016872528e-02
2.999571957016754220e-02
2.999571957016566523e-02
2.999571957017313842e-02
2.999571957016937407e-02
2.999571957016920060e-02
2.999571957016763241e-02
2.999571957017072368e-02
2.999571957017071674e-02
2.999571957017250698e-02
2.999571957016829854e-02
2.999571957016754567e-02
2.999571957017243759e-02
2.999571957017023449e-02
2.999571957016840609e-02
2.999571957017040796e-02
2.999571957016980428e-02
2.999571957016809731e-02
2.999571957017136553e-02
2.999571957016878773e-02
2.999571957017044266e-02
2.999571957017005061e-02
2.999571957017131002e-02
2.999571957016863855e-02
2.999571957016947815e-02
2.999571957016902019e-02
2.999571957017077573e-02
2.999571957016912427e-02
2.999571957016967938e-02
2.999571957017097001e-02
2.999571957016997081e-02
2.999571957017038368e-02
2.999571957016961693e-02
2.999571957016848589e-02
2.999571957016959611e-02
2.999571957017134471e-02
2.999571957016896467e-02
2.999571957017090063e-02
2.999571957017157370e-02
2.999571957017134125e-02
2.999571957017056756e-02
2.999571957016913815e-02
2.999571957016800017e-02
2.999571957016841303e-02
2.999571957017074450e-02
2.999571957017043919e-02
2.999571957016946080e-02
2.999571957016883283e-02
2.999571957017068552e-02
2.999571957017095614e-02
2.999571957016950938e-02
2.999571957017108451e-02
2.999571957016857610e-02
2.999571957017129267e-02
2.999571957016951285e-02
2.999571957017096308e-02
2.999571957017118512e-02
2.999571957016793772e-02
2.999571957016849630e-02
2.999571957017006796e-02
2.999571957017043572e-02
2.999571957016903059e-02
2.999571957016933244e-02
2.999571957016917978e-02
2.999571957017195534e-02
2.999571957016986673e-02
2.999571957017008184e-02
2.999571957016967244e-02
2.999571957017099083e-02
2.999571957016892651e-02
2.999571957016977305e-02
2.999571957016891610e-02
2.999571957017091103e-02
2.999571957016785792e-02
2.999571957016988755e-02
2.999571957016964469e-02
2.999571957016999857e-02
2.999571957016979040e-02
2.999571957016993612e-02
2.999571957016895773e-02
2.999571957017020327e-02
2.999571957016955101e-02
2.999571957017008184e-02
2.999571957017016163e-02
2.999571957017100471e-02
2.999571957016945734e-02
2.999571957016932550e-02
2.999571957017026225e-02
2.999571957016935325e-02
2.999571957016908610e-02
2.999571957016964122e-02
2.999571957016987714e-02
2.999571957017098389e-02
2.999571957016937407e-02
2.999571957017079654e-02
2.999571957016906182e-02
2.999571957017189983e-02
2.999571957017165003e-02
2.999571957016960305e-02
2.999571957016917284e-02
2.999571957016872181e-02
2.999571957017036286e-02
2.999571957016948856e-02
2.999571957017080348e-02
2.999571957016872528e-02
2.999571957016933244e-02
2.999571957016966550e-02
2.999571957017054674e-02
2.999571957016861773e-02
2.999571957016977305e-02
2.999571957016894386e-02
2.999571957016852752e-02
2.999571957016784057e-02
2.999571957017022755e-02
2.999571957016985979e-02
2.999571957016941917e-02
2.999571957016831936e-02
2.999571957017087981e-02
2.999571957017044960e-02
2.999571957017026919e-02
2.999571957017072368e-02
2.999571957017012347e-02
2.999571957017033164e-02
2.999571957016994306e-02
2.999571957017006796e-02
2.999571957016790649e-02
2.999571957017147308e-02
2.999571957016978346e-02
2.999571957016864202e-02
2.999571957016789608e-02
2.999571957016982510e-02
2.999571957016990836e-02
2.999571957016938448e-02
2.999571957017021367e-02
2.999571957017001245e-02
2.999571957016829160e-02
2.999571957017028653e-02
2.999571957016930468e-02
2.999571957017063348e-02
2.999571957016990836e-02
2.999571957016997775e-02
2.999571957016974183e-02
2.999571957016966203e-02
2.999571957016892304e-02
2.999571957016931509e-02
2.999571957016797241e-02
2.999571957016826732e-02
2.999571957016813895e-02
2.999571957016992224e-02
2.999571957017092144e-02
2.999571957017008877e-02
2.999571957017025531e-02
2.999571957016962734e-02
2.999571957017060919e-02
2.999571957017070634e-02
2.999571957016956836e-02
2.999571957016960305e-02
2.999571957016972101e-02
2.999571957016948856e-02
2.999571957017023796e-02
2.999571957016915549e-02
2.999571957016861773e-02
2.999571957017059531e-02
2.999571957016920407e-02
2.999571957016926999e-02
2.999571957016917978e-02
2.999571957016889528e-02
2.999571957016881896e-02
2.999571957016911733e-02
2.999571957016963428e-02
2.999571957016941570e-02
2.999571957016857610e-02
2.999571957016993959e-02
2.999571957017015816e-02
2.999571957016992224e-02
2.999571957016794813e-02
2.999571957017014776e-02
2.999571957017020674e-02
2.999571957016959264e-02
2.999571957016994653e-02
2.999571957017060225e-02
2.999571957016858303e-02
2.999571957016928733e-02
2.999571957016994653e-02
2.999571957016899937e-02
2.999571957017001245e-02
2.999571957016931162e-02
2.999571957016900631e-02
2.999571957016911733e-02
2.999571957016803486e-02
2.999571957016827425e-02
2.999571957016981122e-02
2.999571957016906182e-02
2.999571957017060919e-02
2.999571957016813201e-02
2.999571957016997081e-02
2.999571957016913815e-02
2.999571957016928039e-02
2.999571957016968285e-02
2.999571957016872528e-02
2.999571957016890916e-02
2.999571957016967244e-02
2.999571957016918672e-02
2.999571957016998816e-02
2.999571957016880855e-02
2.999571957016971060e-02
2.999571957017067858e-02
2.999571957016992918e-02
2.999571957016866977e-02
2.999571957016886753e-02
2.999571957016915202e-02
2.999571957016904447e-02
2.999571957016844426e-02
2.999571957016896467e-02
2.999571957016857263e-02
2.999571957016993959e-02
2.999571957016953019e-02
2.999571957016863855e-02
2.999571957016901325e-02
2.999571957016839915e-02
2.999571957016791690e-02
2.999571957016937407e-02
2.999571957017057450e-02
2.999571957016831936e-02
2.999571957016879814e-02
2.999571957016887447e-02
2.999571957016846854e-02
2.999571957017029347e-02
2.999571957016959611e-02
2.999571957016854140e-02
2.999571957016860038e-02
2.999571957016873569e-02
2.999571957016999163e-02
2.999571957016921794e-02
2.999571957017047735e-02
2.999571957016884324e-02
2.999571957016997081e-02
2.999571957016857263e-02
2.999571957016953366e-02
2.999571957016834017e-02
2.999571957016811813e-02
2.999571957016931856e-02
2.999571957016923529e-02
2.999571957016954407e-02
2.999571957016866977e-02
2.999571957016896814e-02
2.999571957016974530e-02
2.999571957016909651e-02
2.999571957016938448e-02
2.999571957016898896e-02
2.999571957016966550e-02
2.999571957016907223e-02
2.999571957016968979e-02
2.999571957016900978e-02
2.999571957016913121e-02
2.999571957016972101e-02
2.999571957016941223e-02
2.999571957016972795e-02
2.999571957016862814e-02
2.999571957016913121e-02
2.999571957016886753e-02
2.999571957016850324e-02
2.999571957016989796e-02
2.999571957016911039e-02
2.999571957016837487e-02
2.999571957017041837e-02
2.999571957016957530e-02
2.999571957016927345e-02
2.999571957016898549e-02
2.999571957016902019e-02
2.999571957016922488e-02
2.999571957017015816e-02
2.999571957016917631e-02
2.999571957016846507e-02
2.999571957016841650e-02
2.999571957016935672e-02
2.999571957016931509e-02
2.999571957016906182e-02
2.999571957016979734e-02
2.999571957016868365e-02
2.999571957016858997e-02
2.999571957016918325e-02
2.999571957016948856e-02
2.999571957016902019e-02
2.999571957016938795e-02
2.999571957016897161e-02
2.999571957016901325e-02
2.999571957016875304e-02
2.999571957016962387e-02
2.999571957016800711e-02
2.999571957016869406e-02
2.999571957016807650e-02
2.999571957016905141e-02
2.999571957016880855e-02
2.999571957016877038e-02
2.999571957016844426e-02
2.999571957016908264e-02
2.999571957016877732e-02
2.999571957016891957e-02
2.999571957016871140e-02
2.999571957016892998e-02
2.999571957016838875e-02
2.999571957016898202e-02
2.999571957016883977e-02
2.999571957016879814e-02
2.999571957016938795e-02
2.999571957016915202e-02
2.999571957016902712e-02
2.999571957016883283e-02
2.999571957016871834e-02
2.999571957016918672e-02
2.999571957016885018e-02
2.999571957016927692e-02
2.999571957016859691e-02
2.999571957016885365e-02
2.999571957016872181e-02
2.999571957016877732e-02
2.999571957016886059e-02
2.999571957016931856e-02
2.999571957016902712e-02
2.999571957016908957e-02
2.999571957016888835e-02
2.999571957016904447e-02
2.999571957016912774e-02
2.999571957016892998e-02
2.999571957016898202e-02
2.999571957016916243e-02
2.999571957016904100e-02
2.999571957016886753e-02
2.999571957016929774e-02
2.999571957016908264e-02
2.999571957016879814e-02
2.999571957016892304e-02
2.999571957016844773e-02
2.999571957016895773e-02
2.999571957016895773e-02
2.999571957016904100e-02
2.999571957016884671e-02
2.999571957016926305e-02
2.999571957016919366e-02
2.999571957016858997e-02
2.999571957016896467e-02
2.999571957016934284e-02
2.999571957016921794e-02
2.999571957016904794e-02
2.999571957016904447e-02
2.999571957016886059e-02
2.999571957016906529e-02
2.999571957016879814e-02
2.999571957016914509e-02
2.999571957016917284e-02
2.999571957016938795e-02
2.999571957016899243e-02
2.999571957016908957e-02
2.999571957016898202e-02
2.999571957016902019e-02
2.999571957016905488e-02
2.999571957016897508e-02
2.999571957016913468e-02
2.999571957016912427e-02
2.999571957016886406e-02
2.999571957016886406e-02
2.999571957016917631e-02
2.999571957016913815e-02
2.999571957016906876e-02
2.999571957016904100e-02
2.999571957016903059e-02
2.999571957016904100e-02
2.999571957016904794e-02
2.999571957016912774e-02
2.999571957016907917e-02
2.999571957016909651e-02
2.999571957016909304e-02
2.999571957016915896e-02
2.999571957016898549e-02
2.999571957016909998e-02
2.999571957016913815e-02
2.999571957016906876e-02
2.999571957016910692e-02
2.999571957016912427e-02
2.999571957016911039e-02
2.999571957016918325e-02
2.999571957016919713e-02
2.999571957016922488e-02
2.999571957016924917e-02
2.999571957016908264e-02
2.999571957016917631e-02
2.999571957016920407e-02
2.999571957016925264e-02
2.999571957016915202e-02
2.999571957016917978e-02
2.999571957016919713e-02
2.999571957016918325e-02
2.999571957016917978e-02
2.999571957016920407e-02
2.999571957016925958e-02
2.999571957016925958e-02
2.999571957016923529e-02
2.999571957016921794e-02
2.999571957016924223e-02
2.999571957016925611e-02
2.999571957016926652e-02
2.999571957016925958e-02
2.999571957016926999e-02
2.999571957016926652e-02
2.999571957016928386e-02
2.999571957016928386e-02
2.999571957016930468e-02
2.999571957016929427e-02
2.999571957016929774e-02
2.999571957016930468e-02
2.999571957016931856e-02
2.999571957016932550e-02
2.999571957016932203e-02
2.999571957016933590e-02
2.999571957016933590e-02
2.999571957016933937e-02
2.999571957016934978e-02
2.999571957016936019e-02
2.999571957016937407e-02
2.999571957016938448e-02
2.999571957016938448e-02
2.999571957016939489e-02
2.999571957016940529e-02
2.999571957016941917e-02
2.999571957016942264e-02
2.999571957016943305e-02
2.999571957016943305e-02
2.999571957016944693e-02
2.999571957016946427e-02
2.999571957016946080e-02
2.999571957016947468e-02
2.999571957016948162e-02
2.999571957016949203e-02
2.999571957016949897e-02
2.999571957016950938e-02
2.999571957016951285e-02
2.999571957016953713e-02
2.999571957016951632e-02
2.999571957016955101e-02
2.999571957016953713e-02
2.999571957016957183e-02
2.999571957016956489e-02
2.999571957016959264e-02
2.999571957016958917e-02
2.999571957016962734e-02
2.999571957016959611e-02
2.999571957016959958e-02
2.999571957016962040e-02
2.999571957016965856e-02
2.999571957016963428e-02
2.999571957016964469e-02
2.999571957016970367e-02
2.999571957016968979e-02
2.999571957016974530e-02
2.999571957016969673e-02
2.999571957016973142e-02
2.999571957016969673e-02
2.999571957016966550e-02
2.999571957016974530e-02
2.999571957016970020e-02
2.999571957016976612e-02
2.999571957016968979e-02
2.999571957016976265e-02
2.999571957016982510e-02
2.999571957016977652e-02
2.999571957016977999e-02
2.999571957016979040e-02
2.999571957016976959e-02
2.999571957016969673e-02
2.999571957016976612e-02
2.999571957016978693e-02
2.999571957016974530e-02
2.999571957016967938e-02
2.999571957016998469e-02
2.999571957016988755e-02
2.999571957016982163e-02
2.999571957016973489e-02
2.999571957016956142e-02
2.999571957016984591e-02
2.999571957017000204e-02
2.999571957016975571e-02
2.999571957016997428e-02
2.999571957017000204e-02
2.999571957016976265e-02
2.999571957016971407e-02
2.999571957017007837e-02
2.999571957016999163e-02
2.999571957016975224e-02
2.999571957017014429e-02
2.999571957016975918e-02
2.999571957017008877e-02
2.999571957017006449e-02
2.999571957016992224e-02
2.999571957016996041e-02
2.999571957016999857e-02
2.999571957016974183e-02
2.999571957016988755e-02
2.999571957016996387e-02
2.999571957017007143e-02
2.999571957016991530e-02
2.999571957017006796e-02
2.999571957016992918e-02
2.999571957017057797e-02
2.999571957016992571e-02
2.999571957016988755e-02
2.999571957017026919e-02
2.999571957017004714e-02
2.999571957016981122e-02
2.999571957017019286e-02
2.999571957016990836e-02
2.999571957017013735e-02
2.999571957017021714e-02
2.999571957017022061e-02
2.999571957016999857e-02
2.999571957016975224e-02
2.999571957016998122e-02
2.999571957016936019e-02
2.999571957017058838e-02
2.999571957016992224e-02
2.999571957016965162e-02
2.999571957017015122e-02
2.999571957017038021e-02
2.999571957016985285e-02
2.999571957016958570e-02
2.999571957017043572e-02
2.999571957017034551e-02
2.999571957017034898e-02
2.999571957017003326e-02
2.999571957017025531e-02
2.999571957017008531e-02
2.999571957016983551e-02
2.999571957017031082e-02
2.999571957017022408e-02
2.999571957017013041e-02
2.999571957017047041e-02
2.999571957017005755e-02
2.999571957017032470e-02
2.999571957016981469e-02
2.999571957017005061e-02
2.999571957017036633e-02
2.999571957017027266e-02
2.999571957016992571e-02
2.999571957017020674e-02
2.999571957016983551e-02
2.999571957017089716e-02
2.999571957017036633e-02
2.999571957017083471e-02
2.999571957016987020e-02
2.999571957017066817e-02
2.999571957017064736e-02
2.999571957017042878e-02
2.999571957017068205e-02
2.999571957017057103e-02
2.999571957017108104e-02
2.999571957016964122e-02
2.999571957016976265e-02
2.999571957016951979e-02
2.999571957017050511e-02
2.999571957017026919e-02
2.999571957016998816e-02
2.999571957017036286e-02
2.999571957016977305e-02
2.999571957016975224e-02
2.999571957017016510e-02
2.999571957017081042e-02
2.999571957017080001e-02
2.999571957016974530e-02
2.999571957016984938e-02
2.999571957017091450e-02
2.999571957017031082e-02
2.999571957017014776e-02
2.999571957017118165e-02
2.999571957017028653e-02
2.999571957017086940e-02
2.999571957017032470e-02
2.999571957017058491e-02
2.999571957017153553e-02
2.999571957016992918e-02
2.999571957017114696e-02
2.999571957017082430e-02
2.999571957016988755e-02
2.999571957016971407e-02
2.999571957017033511e-02
2.999571957017074103e-02
2.999571957017005061e-02
2.999571957017077573e-02
2.999571957017122328e-02
2.999571957017076879e-02
2.999571957017110879e-02
2.999571957017076532e-02
2.999571957017053286e-02
2.999571957016984591e-02
2.999571957017057797e-02
2.999571957017084511e-02
2.999571957017113308e-02
2.999571957016926999e-02
2.999571957017061613e-02
2.999571957017014776e-02
2.999571957016993612e-02
2.999571957017004367e-02
2.999571957017163268e-02
2.999571957017085899e-02
2.999571957017093879e-02
2.999571957017049817e-02
2.999571957017008531e-02
2.999571957017145921e-02
2.999571957017175064e-02
2.999571957017004020e-02
2.999571957017031776e-02
2.999571957017196575e-02
2.999571957017132737e-02
2.999571957017068899e-02
2.999571957017063001e-02
2.999571957017062307e-02
2.999571957017122675e-02
2.999571957017024490e-02
2.999571957017119553e-02
2.999571957017043225e-02
2.999571957016983204e-02
2.999571957016967938e-02
2.999571957017080348e-02
2.999571957016949203e-02
2.999571957016991183e-02
2.999571957017127533e-02
2.999571957017197615e-02
2.999571957017138288e-02
2.999571957017051205e-02
2.999571957017108104e-02
2.999571957017042878e-02
2.999571957017049123e-02
2.999571957017096308e-02
2.999571957017111920e-02
2.999571957017056756e-02
2.999571957017047735e-02
2.999571957017063001e-02
2.999571957017174717e-02
2.999571957017123716e-02
2.999571957017180962e-02
2.999571957017050858e-02
2.999571957017053980e-02
2.999571957017095267e-02
2.999571957017092144e-02
2.999571957017092144e-02
2.999571957017119900e-02
2.999571957017064042e-02
2.999571957017045654e-02
2.999571957017060919e-02
2.999571957017032470e-02
2.999571957017183738e-02
2.999571957017083818e-02
2.999571957017181309e-02
2.999571957016960305e-02
2.999571957017130308e-02
2.999571957017031082e-02
2.999571957017096308e-02
2.999571957017052939e-02
2.999571957017175411e-02
2.999571957017087287e-02
2.999571957017106022e-02
2.999571957017248963e-02
2.999571957017125798e-02
2.999571957017101512e-02
2.999571957017086593e-02
2.999571957017113655e-02
2.999571957017109491e-02
2.999571957016985632e-02
2.999571957017137594e-02
2.999571957017160145e-02
2.999571957017121288e-02
2.999571957017088675e-02
2.999571957017140716e-02
2.999571957017231269e-02
2.999571957017140716e-02
2.999571957017168472e-02
2.999571957017177840e-02
2.999571957017098389e-02
2.999571957017106022e-02
2.999571957017052592e-02
2.999571957017293372e-02
2.999571957017211493e-02
2.999571957017011653e-02
2.999571957017182003e-02
2.999571957017028653e-02
2.999571957016990489e-02
2.999571957017146961e-02
2.999571957017157717e-02
2.999571957017087287e-02
2.999571957017182350e-02
2.999571957017169860e-02
2.999571957017265617e-02
2.999571957017031082e-02
2.999571957017094920e-02
2.999571957017203166e-02
2.999571957017282964e-02
2.999571957017199003e-02
2.999571957017069593e-02
2.999571957017168472e-02
2.999571957016982510e-02
2.999571957017069246e-02
2.999571957017119206e-02
2.999571957017231616e-02
2.999571957017121981e-02
2.999571957017170554e-02
2.999571957017169166e-02
2.999571957017305168e-02
2.999571957017131349e-02
2.999571957017139329e-02
2.999571957017144880e-02
2.999571957017175064e-02
2.999571957017088675e-02
2.999571957017203166e-02
2.999571957017166043e-02
2.999571957017263535e-02
2.999571957017091450e-02
2.999571957017073409e-02
2.999571957017179921e-02
2.999571957017179921e-02
2.999571957017092144e-02
2.999571957017078266e-02
2.999571957017129614e-02
2.999571957017269433e-02
2.999571957017030041e-02
2.999571957017177493e-02
2.999571957017349577e-02
2.999571957017196228e-02
2.999571957017062654e-02
2.999571957017163615e-02
2.999571957017092838e-02
2.999571957017135859e-02
2.999571957017208024e-02
2.999571957017162921e-02
2.999571957017258678e-02
2.999571957017216350e-02
2.999571957016999857e-02
2.999571957017281576e-02
2.999571957017143145e-02
2.999571957017451926e-02
2.999571957017258678e-02
2.999571957017238902e-02
2.999571957017204207e-02
2.999571957017211840e-02
2.999571957017223636e-02
2.999571957017093532e-02
2.999571957017286433e-02
2.999571957017257290e-02
2.999571957017244800e-02
2.999571957017232657e-02
2.999571957017219126e-02
2.999571957017255902e-02
2.999571957017097695e-02
2.999571957017127533e-02
2.999571957017253820e-02
2.999571957017196921e-02
2.999571957017291984e-02
2.999571957017200391e-02
2.999571957017155288e-02
2.999571957017242024e-02
2.999571957017219126e-02
2.999571957017078266e-02
2.999571957017105328e-02
2.999571957017196921e-02
2.999571957017151472e-02
2.999571957017367965e-02
2.999571957017084511e-02
2.999571957017043225e-02
2.999571957017329454e-02
2.999571957017179227e-02
2.999571957017273249e-02
2.999571957017133431e-02
2.999571957017284352e-02
2.999571957017362414e-02
2.999571957017115043e-02
2.999571957017324597e-02
2.999571957017078266e-02
2.999571957017264923e-02
2.999571957017269086e-02
2.999571957017244106e-02
2.999571957017201432e-02
2.999571957017306556e-02
2.999571957017150431e-02
2.999571957017296842e-02
2.999571957017256596e-02
2.999571957017275678e-02
2.999571957017432150e-02
2.999571957017261800e-02
2.999571957017346455e-02
2.999571957017272902e-02
2.999571957017252780e-02
2.999571957017231269e-02
2.999571957017261453e-02
2.999571957017156676e-02
2.999571957017292331e-02
2.999571957017243412e-02
2.999571957017196228e-02
2.999571957017303780e-02
2.999571957017290944e-02
2.999571957017304127e-02
2.999571957017274290e-02
2.999571957017238555e-02
2.999571957017354781e-02
2.999571957017220514e-02
2.999571957017281923e-02
2.999571957017290944e-02
2.999571957017247575e-02
2.999571957017425558e-02
2.999571957017326679e-02
2.999571957017214269e-02
2.999571957017420007e-02
2.999571957017289903e-02
2.999571957017182003e-02
2.999571957017253127e-02
2.999571957017173676e-02
2.999571957017382884e-02
2.999571957017417578e-02
2.999571957017285045e-02
2.999571957017178880e-02
2.999571957017206636e-02
2.999571957017396068e-02
2.999571957017235779e-02
2.999571957017384272e-02
2.999571957017271862e-02
2.999571957017238555e-02
2.999571957017392598e-02
2.999571957017346455e-02
2.999571957017409252e-02
2.999571957017150778e-02
2.999571957017293025e-02
2.999571957017081389e-02
2.999571957017556703e-02
2.999571957017152860e-02
2.999571957017193452e-02
2.999571957017523050e-02
2.999571957017345414e-02
2.999571957017126145e-02
2.999571957017349230e-02
2.999571957017146268e-02
2.999571957017302393e-02
2.999571957017267698e-02
2.999571957017200044e-02
2.999571957017491478e-02
2.999571957017468926e-02
2.999571957017216350e-02
2.999571957017386353e-02
2.999571957017297535e-02
2.999571957017469620e-02
2.999571957017152513e-02
2.999571957017170901e-02
2.999571957017382537e-02
2.999571957017520621e-02
2.999571957017387741e-02
2.999571957017097695e-02
2.999571957017493906e-02
2.999571957017228147e-02
2.999571957017353047e-02
2.999571957017436660e-02
2.999571957017060572e-02
2.999571957017370741e-02
2.999571957017608398e-02
2.999571957017192064e-02
2.999571957017331536e-02
2.999571957017371782e-02
2.999571957016929774e-02
2.999571957017257637e-02
2.999571957017490784e-02
2.999571957017137594e-02
2.999571957017344720e-02
2.999571957017509172e-02
2.999571957017313842e-02
2.999571957017297189e-02
2.999571957017515417e-02
2.999571957017278800e-02
2.999571957017043225e-02
2.999571957017432844e-02
2.999571957017152166e-02
2.999571957017329454e-02
2.999571957017501539e-02
2.999571957017384966e-02
2.999571957017366577e-02
2.999571957017540744e-02
2.999571957017447763e-02
2.999571957017113655e-02
2.999571957017412721e-02
2.999571957017500498e-02
2.999571957017385659e-02
2.999571957017357904e-02
2.999571957017499804e-02
2.999571957017199003e-02
2.999571957017502233e-02
2.999571957017740237e-02
2.999571957017226065e-02
2.999571957017267351e-02
2.999571957017612561e-02
2.999571957017041490e-02
2.999571957017471355e-02
2.999571957017512294e-02
2.999571957017210799e-02
2.999571957017342985e-02
2.999571957017546295e-02
2.999571957017231963e-02
2.999571957017132043e-02
2.999571957017490784e-02
2.999571957017461987e-02
2.999571957017447416e-02
2.999571957017193105e-02
2.999571957017641358e-02
2.999571957017100124e-02
2.999571957017320781e-02
2.999571957017344720e-02
2.999571957017418619e-02
2.999571957017292678e-02
2.999571957017436313e-02
2.999571957017270821e-02
2.999571957017444293e-02
2.999571957017548376e-02
2.999571957017248616e-02
2.999571957017617418e-02
