2.999935785512154382e-02
2.999935785512372263e-02
2.999935785512103381e-02
2.999935785512251873e-02
2.999935785512266098e-02
2.999935785512332018e-02
2.999935785512536368e-02
2.999935785512244935e-02
2.999935785511942399e-02
2.999935785511800498e-02
2.999935785512462816e-02
2.999935785511945521e-02
2.999935785512167913e-02
2.999935785512347630e-02
2.999935785512069381e-02
2.999935785511794947e-02
2.999935785512038502e-02
2.999935785511696068e-02
2.999935785512215097e-02
2.999935785512173117e-02
2.999935785512432632e-02
2.999935785512162015e-02
2.999935785512038849e-02
2.999935785512312936e-02
2.999935785512367059e-02
2.999935785512495082e-02
2.999935785512215791e-02
2.999935785512225159e-02
2.999935785511883765e-02
2.999935785512318140e-02
2.999935785512256037e-02
2.999935785512448244e-02
2.999935785512628308e-02
2.999935785512501674e-02
2.999935785512100953e-02
2.999935785512503408e-02
2.999935785512412509e-02
2.999935785512741759e-02
2.999935785512264017e-02
2.999935785512061054e-02
2.999935785512389264e-02
2.999935785512381631e-02
2.999935785512232098e-02
2.999935785512398284e-02
2.999935785512253261e-02
2.999935785512630043e-02
2.999935785512637329e-02
2.999935785512521796e-02
2.999935785512640452e-02
2.999935785512773678e-02
2.999935785512912456e-02
2.999935785512574879e-02
2.999935785512709840e-02
2.999935785512545389e-02
2.999935785512861802e-02
2.999935785512565511e-02
2.999935785512364977e-02
2.999935785512827802e-02
2.999935785512852088e-02
2.999935785512707759e-02
2.999935785512873251e-02
2.999935785512613390e-02
2.999935785512779576e-02
2.999935785512624145e-02
2.999935785512875680e-02
2.999935785512812883e-02
2.999935785512884701e-02
2.999935785512716085e-02
2.999935785512923558e-02
2.999935785513088704e-02
2.999935785512960335e-02
2.999935785512738290e-02
2.999935785513033887e-02
2.999935785513319075e-02
2.999935785513375280e-02
2.999935785513192094e-02
2.999935785513216033e-02
2.999935785513441200e-02
2.999935785513788838e-02
2.999935785513354464e-02
2.999935785513484915e-02
2.999935785513605305e-02
2.999935785513628203e-02
2.999935785513561590e-02
2.999935785513440159e-02
2.999935785513523079e-02
2.999935785513835676e-02
2.999935785513600794e-02
2.999935785513566794e-02
2.999935785513462710e-02
2.999935785513363831e-02
2.999935785513571304e-02
2.999935785513697245e-02
2.999935785513427322e-02
2.999935785513520997e-02
2.999935785513667755e-02
2.999935785513647979e-02
2.999935785513655959e-02
2.999935785513489425e-02
2.999935785513609468e-02
2.999935785513493935e-02
2.999935785513315953e-02
2.999935785513330178e-02
2.999935785513358974e-02
2.999935785513202155e-02
2.999935785513133113e-02
2.999935785513146991e-02
2.999935785513163297e-02
2.999935785513037356e-02
2.999935785512940906e-02
2.999935785512687983e-02
2.999935785512705677e-02
2.999935785512508613e-02
2.999935785512327507e-02
2.999935785512340691e-02
2.999935785512497510e-02
2.999935785512267486e-02
2.999935785512064523e-02
2.999935785511827907e-02
2.999935785511889663e-02
2.999935785511431696e-02
2.999935785511534045e-02
2.999935785511366818e-02
2.999935785511299857e-02
2.999935785511213121e-02
2.999935785510860278e-02
2.999935785510679867e-02
2.999935785510781522e-02
2.999935785510612907e-02
2.999935785510472741e-02
2.999935785510465108e-02
2.999935785510172287e-02
2.999935785509959263e-02
2.999935785510025529e-02
2.999935785509729239e-02
2.999935785509753178e-02
2.999935785509647707e-02
2.999935785509613012e-02
2.999935785509274394e-02
2.999935785509439887e-02
2.999935785509273700e-02
2.999935785509224434e-02
2.999935785508960062e-02
2.999935785508946531e-02
2.999935785508937858e-02
2.999935785508942715e-02
2.999935785508829264e-02
2.999935785508740793e-02
2.999935785508885122e-02
2.999935785508606179e-02
2.999935785508921898e-02
2.999935785508734895e-02
2.999935785508700548e-02
2.999935785508569749e-02
2.999935785508570790e-02
2.999935785508718589e-02
2.999935785508762304e-02
2.999935785508557953e-02
2.999935785508750508e-02
2.999935785508563157e-02
2.999935785508705405e-02
2.999935785508759181e-02
2.999935785508685629e-02
2.999935785508760916e-02
2.999935785508988859e-02
2.999935785508818509e-02
2.999935785508810182e-02
2.999935785508885122e-02
2.999935785508956593e-02
2.999935785508973246e-02
2.999935785509069003e-02
2.999935785509120698e-02
2.999935785509061023e-02
2.999935785509068309e-02
2.999935785509301109e-02
2.999935785509344477e-02
2.999935785509193903e-02
2.999935785509233455e-02
2.999935785509299721e-02
2.999935785509550562e-02
2.999935785509543623e-02
2.999935785509671646e-02
2.999935785509715708e-02
2.999935785509719871e-02
2.999935785509598093e-02
2.999935785509953712e-02
2.999935785509909303e-02
2.999935785509814934e-02
2.999935785509830199e-02
2.999935785509853445e-02
2.999935785509844424e-02
2.999935785510015121e-02
2.999935785510132735e-02
2.999935785510060571e-02
2.999935785510048775e-02
2.999935785510272207e-02
2.999935785510287820e-02
2.999935785510293024e-02
2.999935785510438047e-02
2.999935785510570926e-02
2.999935785510459904e-02
2.999935785510455394e-02
2.999935785510497374e-02
2.999935785510694092e-02
2.999935785510825237e-02
2.999935785510561559e-02
2.999935785510800951e-02
2.999935785510740235e-02
2.999935785510888728e-02
2.999935785510962974e-02
2.999935785510998709e-02
2.999935785511226999e-02
2.999935785511224223e-02
2.999935785511235325e-02
2.999935785511249897e-02
2.999935785511330388e-02
2.999935785511321715e-02
2.999935785511610720e-02
2.999935785511556596e-02
2.999935785511568392e-02
2.999935785511741171e-02
2.999935785511720354e-02
2.999935785511841091e-02
2.999935785511851846e-02
2.999935785511935807e-02
2.999935785511886541e-02
2.999935785512122810e-02
2.999935785512046482e-02
2.999935785512210934e-02
2.999935785512217526e-02
2.999935785512177627e-02
2.999935785512205036e-02
2.999935785512343467e-02
2.999935785512300793e-02
2.999935785512373651e-02
2.999935785512330630e-02
2.999935785512453101e-02
2.999935785512334446e-02
2.999935785512476000e-02
2.999935785512605063e-02
2.999935785512430203e-02
2.999935785512544001e-02
2.999935785512579389e-02
2.999935785512583900e-02
2.999935785512696657e-02
2.999935785512436795e-02
2.999935785512582165e-02
2.999935785512486408e-02
2.999935785512536715e-02
2.999935785512564818e-02
2.999935785512727882e-02
2.999935785512611308e-02
2.999935785512770903e-02
2.999935785512613737e-02
2.999935785512573144e-02
2.999935785512761882e-02
2.999935785512619635e-02
2.999935785512587369e-02
2.999935785512608533e-02
2.999935785512487449e-02
2.999935785512689024e-02
2.999935785512562736e-02
2.999935785512633166e-02
2.999935785512673758e-02
2.999935785512685554e-02
2.999935785512660574e-02
2.999935785512641839e-02
2.999935785512823291e-02
2.999935785512625186e-02
2.999935785512648778e-02
2.999935785512712616e-02
2.999935785512683126e-02
2.999935785512804903e-02
2.999935785512721290e-02
2.999935785512868741e-02
2.999935785512769862e-02
2.999935785512549552e-02
2.999935785512800740e-02
2.999935785512670636e-02
2.999935785512711228e-02
2.999935785512680697e-02
2.999935785512702902e-02
2.999935785512734474e-02
2.999935785512654676e-02
2.999935785512818781e-02
2.999935785512642533e-02
2.999935785512715392e-02
2.999935785512605063e-02
2.999935785512655370e-02
2.999935785512637676e-02
2.999935785512629002e-02
2.999935785512522490e-02
2.999935785512591532e-02
2.999935785512626574e-02
2.999935785512544695e-02
2.999935785512445122e-02
2.999935785512455183e-02
2.999935785512499939e-02
2.999935785512512776e-02
2.999935785512325426e-02
2.999935785512211281e-02
2.999935785512271302e-02
2.999935785512259506e-02
2.999935785512161668e-02
2.999935785512187342e-02
2.999935785512050299e-02
2.999935785512060707e-02
2.999935785511980563e-02
2.999935785511850111e-02
2.999935785511847683e-02
2.999935785511751579e-02
2.999935785511676292e-02
2.999935785511643332e-02
2.999935785511629455e-02
2.999935785511527800e-02
2.999935785511377573e-02
2.999935785511295694e-02
2.999935785511493105e-02
2.999935785511373409e-02
2.999935785511247816e-02
2.999935785511154834e-02
2.999935785511082323e-02
2.999935785511040690e-02
2.999935785511070180e-02
2.999935785511066016e-02
2.999935785510889075e-02
2.999935785510799216e-02
2.999935785510797134e-02
2.999935785510624703e-02
2.999935785510664948e-02
2.999935785510672234e-02
2.999935785510601458e-02
2.999935785510515762e-02
2.999935785510456088e-02
2.999935785510478986e-02
2.999935785510374903e-02
2.999935785510485231e-02
2.999935785510437700e-02
2.999935785510402658e-02
2.999935785510375597e-02
2.999935785510532069e-02
2.999935785510270125e-02
2.999935785510263880e-02
2.999935785510264921e-02
2.999935785510236819e-02
2.999935785510362413e-02
2.999935785510257635e-02
2.999935785510227104e-02
2.999935785510240288e-02
2.999935785510131347e-02
2.999935785510184083e-02
2.999935785510090408e-02
2.999935785510177838e-02
2.999935785510152858e-02
2.999935785510119898e-02
2.999935785510169858e-02
2.999935785510166389e-02
2.999935785510116082e-02
2.999935785510145225e-02
2.999935785510077224e-02
2.999935785510136552e-02
2.999935785510127878e-02
2.999935785510120939e-02
2.999935785510102898e-02
2.999935785510202471e-02
2.999935785510129266e-02
2.999935785510150082e-02
2.999935785510140021e-02
2.999935785510161185e-02
2.999935785510150082e-02
2.999935785510140368e-02
2.999935785510125102e-02
2.999935785510106367e-02
2.999935785510074795e-02
2.999935785510187553e-02
2.999935785510122327e-02
2.999935785510137592e-02
2.999935785510133776e-02
2.999935785510136552e-02
2.999935785510150082e-02
2.999935785510239247e-02
2.999935785510305861e-02
2.999935785510249309e-02
2.999935785510247921e-02
2.999935785510275676e-02
2.999935785510333269e-02
2.999935785510360331e-02
2.999935785510344372e-02
2.999935785510373515e-02
2.999935785510387740e-02
2.999935785510379760e-02
2.999935785510454006e-02
2.999935785510436659e-02
2.999935785510479680e-02
2.999935785510449149e-02
2.999935785510451230e-02
2.999935785510464414e-02
2.999935785510458863e-02
2.999935785510467190e-02
2.999935785510419312e-02
2.999935785510416883e-02
2.999935785510442210e-02
2.999935785510428332e-02
2.999935785510401270e-02
2.999935785510400924e-02
2.999935785510396413e-02
2.999935785510381148e-02
2.999935785510351310e-02
2.999935785510334657e-02
2.999935785510333269e-02
2.999935785510279146e-02
2.999935785510244451e-02
2.999935785510260758e-02
2.999935785510269085e-02
2.999935785510249656e-02
2.999935785510202124e-02
2.999935785510147307e-02
2.999935785510129266e-02
2.999935785510112612e-02
2.999935785510058489e-02
2.999935785510043917e-02
2.999935785510043570e-02
2.999935785509971059e-02
2.999935785509967243e-02
2.999935785509950242e-02
2.999935785509979733e-02
2.999935785509961692e-02
2.999935785509978692e-02
2.999935785509923875e-02
2.999935785509982161e-02
2.999935785509975222e-02
2.999935785509956834e-02
2.999935785509975916e-02
2.999935785509962038e-02
2.999935785510025529e-02
2.999935785510027264e-02
2.999935785510024489e-02
2.999935785510078612e-02
2.999935785510082081e-02
2.999935785510110531e-02
2.999935785510096653e-02
2.999935785510117817e-02
2.999935785510141756e-02
2.999935785510149389e-02
2.999935785510167777e-02
2.999935785510207328e-02
2.999935785510218778e-02
2.999935785510219471e-02
2.999935785510263880e-02
2.999935785510280881e-02
2.999935785510293718e-02
2.999935785510302738e-02
2.999935785510316616e-02
2.999935785510326677e-02
2.999935785510333269e-02
2.999935785510333269e-02
2.999935785510337086e-02
2.999935785510326677e-02
2.999935785510330841e-02
2.999935785510300310e-02
2.999935785510287473e-02
2.999935785510271513e-02
2.999935785510262840e-02
2.999935785510246186e-02
2.999935785510223288e-02
2.999935785510203165e-02
2.999935785510191022e-02
2.999935785510171246e-02
2.999935785510157368e-02
2.999935785510136899e-02
2.999935785510118164e-02
2.999935785510097694e-02
2.999935785510084857e-02
2.999935785510065081e-02
2.999935785510057101e-02
2.999935785510041142e-02
2.999935785510033509e-02
2.999935785510022060e-02
2.999935785510016162e-02
2.999935785510011652e-02
2.999935785510009917e-02
2.999935785510007835e-02
2.999935785510008876e-02
2.999935785510008529e-02
2.999935785510013733e-02
2.999935785510010264e-02
2.999935785510011305e-02
2.999935785510017897e-02
2.999935785510023448e-02
2.999935785510032121e-02
2.999935785510043224e-02
2.999935785510054326e-02
2.999935785510072367e-02
2.999935785510087632e-02
2.999935785510108449e-02
2.999935785510134470e-02
2.999935785510161879e-02
2.999935785510196920e-02
2.999935785510230921e-02
2.999935785510265615e-02
2.999935785510304820e-02
2.999935785510343331e-02
2.999935785510383923e-02
2.999935785510427985e-02
2.999935785510469965e-02
2.999935785510516456e-02
2.999935785510556355e-02
2.999935785510596253e-02
2.999935785510631989e-02
2.999935785510666683e-02
2.999935785510700337e-02
2.999935785510730868e-02
2.999935785510760358e-02
2.999935785510788461e-02
2.999935785510813441e-02
2.999935785510838768e-02
2.999935785510860625e-02
2.999935785510881442e-02
2.999935785510901912e-02
2.999935785510923075e-02
2.999935785510942157e-02
2.999935785510959504e-02
2.999935785510972341e-02
2.999935785510983444e-02
2.999935785510993158e-02
2.999935785510997321e-02
2.999935785510998362e-02
2.999935785511001485e-02
2.999935785510996628e-02
2.999935785510992464e-02
2.999935785510984138e-02
2.999935785510965403e-02
2.999935785510951525e-02
2.999935785510937647e-02
2.999935785510913361e-02
2.999935785510891850e-02
2.999935785510868952e-02
2.999935785510851605e-02
2.999935785510830094e-02
2.999935785510803032e-02
2.999935785510784297e-02
2.999935785510750644e-02
2.999935785510734684e-02
2.999935785510709010e-02
2.999935785510687847e-02
2.999935785510657316e-02
2.999935785510619499e-02
2.999935785510590355e-02
2.999935785510557049e-02
2.999935785510527558e-02
2.999935785510485231e-02
2.999935785510450537e-02
2.999935785510413067e-02
2.999935785510366576e-02
2.999935785510341249e-02
2.999935785510294758e-02
2.999935785510261105e-02
2.999935785510229533e-02
2.999935785510197961e-02
2.999935785510144878e-02
2.999935785510101510e-02
2.999935785510094224e-02
2.999935785510052244e-02
2.999935785510030387e-02
2.999935785509991529e-02
2.999935785509958916e-02
2.999935785509950242e-02
2.999935785509934977e-02
2.999935785509910691e-02
2.999935785509878772e-02
2.999935785509853098e-02
2.999935785509875302e-02
2.999935785509848241e-02
2.999935785509819097e-02
2.999935785509825342e-02
2.999935785509814587e-02
2.999935785509818403e-02
2.999935785509819791e-02
2.999935785509861425e-02
2.999935785509863853e-02
2.999935785509852404e-02
2.999935785509894731e-02
2.999935785509930466e-02
2.999935785509962732e-02
2.999935785509991182e-02
2.999935785510010611e-02
2.999935785510095265e-02
2.999935785510140368e-02
2.999935785510197267e-02
2.999935785510197614e-02
2.999935785510273248e-02
2.999935785510369352e-02
2.999935785510413414e-02
2.999935785510480374e-02
2.999935785510540395e-02
2.999935785510624009e-02
2.999935785510712827e-02
2.999935785510761052e-02
2.999935785510832523e-02
2.999935785510902952e-02
2.999935785510922034e-02
2.999935785511011893e-02
2.999935785511023689e-02
2.999935785511072955e-02
2.999935785511156222e-02
2.999935785511206182e-02
2.999935785511222142e-02
2.999935785511299857e-02
2.999935785511350511e-02
2.999935785511369940e-02
2.999935785511421288e-02
2.999935785511437247e-02
2.999935785511486513e-02
2.999935785511546535e-02
2.999935785511556596e-02
2.999935785511544453e-02
2.999935785511631883e-02
2.999935785511644720e-02
2.999935785511683578e-02
2.999935785511669006e-02
2.999935785511706129e-02
2.999935785511707864e-02
2.999935785511718273e-02
2.999935785511720701e-02
2.999935785511663455e-02
2.999935785511743946e-02
2.999935785511676292e-02
2.999935785511692599e-02
2.999935785511669353e-02
2.999935785511594760e-02
2.999935785511498657e-02
2.999935785511712028e-02
2.999935785511617659e-02
2.999935785511562147e-02
2.999935785511515657e-02
2.999935785511488942e-02
2.999935785511455982e-02
2.999935785511442105e-02
2.999935785511397002e-02
2.999935785511287367e-02
2.999935785511184672e-02
2.999935785511246428e-02
2.999935785511151712e-02
2.999935785511171488e-02
2.999935785511051445e-02
2.999935785511090303e-02
2.999935785510924463e-02
2.999935785510894626e-02
2.999935785510843278e-02
2.999935785510771807e-02
2.999935785510752378e-02
2.999935785510705194e-02
2.999935785510569886e-02
2.999935785510521660e-02
2.999935785510637887e-02
2.999935785510560865e-02
2.999935785510526171e-02
2.999935785510419312e-02
2.999935785510414801e-02
2.999935785510344718e-02
2.999935785510406822e-02
2.999935785510288166e-02
2.999935785510255901e-02
2.999935785510261105e-02
2.999935785510228145e-02
2.999935785510323555e-02
2.999935785510114000e-02
2.999935785510149389e-02
2.999935785510237513e-02
2.999935785510392597e-02
2.999935785510219818e-02
2.999935785510320432e-02
2.999935785510344025e-02
2.999935785510375250e-02
2.999935785510283309e-02
2.999935785510482456e-02
2.999935785510490435e-02
2.999935785510498068e-02
2.999935785510543865e-02
2.999935785510581335e-02
2.999935785510547334e-02
2.999935785510750991e-02
2.999935785510748215e-02
2.999935785510799563e-02
2.999935785510831829e-02
2.999935785510989342e-02
2.999935785511056649e-02
2.999935785511042424e-02
2.999935785511182937e-02
2.999935785511274530e-02
2.999935785511352593e-02
2.999935785511369593e-02
2.999935785511376532e-02
2.999935785511433778e-02
2.999935785511484432e-02
2.999935785511576025e-02
2.999935785511598924e-02
2.999935785511593719e-02
2.999935785511631536e-02
2.999935785511654435e-02
2.999935785511762681e-02
2.999935785511763375e-02
2.999935785511733538e-02
2.999935785511862602e-02
2.999935785511750885e-02
2.999935785511748804e-02
2.999935785511802927e-02
2.999935785511778988e-02
2.999935785511754355e-02
2.999935785511860520e-02
2.999935785511718966e-02
2.999935785511699537e-02
2.999935785511693292e-02
2.999935785511694680e-02
2.999935785511630149e-02
2.999935785511602393e-02
2.999935785511555555e-02
2.999935785511475758e-02
2.999935785511528494e-02
2.999935785511527453e-02
2.999935785511424063e-02
2.999935785511436553e-02
2.999935785511494493e-02
2.999935785511279387e-02
2.999935785511343572e-02
2.999935785511359532e-02
2.999935785511305408e-02
2.999935785511233938e-02
2.999935785511213815e-02
2.999935785511154140e-02
2.999935785511193692e-02
2.999935785511130895e-02
2.999935785511133324e-02
2.999935785511115977e-02
2.999935785511121528e-02
2.999935785511080588e-02
2.999935785511114589e-02
2.999935785510873115e-02
2.999935785511131936e-02
2.999935785511061853e-02
2.999935785510984484e-02
2.999935785511010505e-02
2.999935785510917524e-02
2.999935785511017444e-02
2.999935785511020220e-02
2.999935785511000791e-02
2.999935785510932443e-02
2.999935785510992464e-02
2.999935785510836339e-02
2.999935785510855421e-02
2.999935785510968872e-02
2.999935785510963321e-02
2.999935785510958811e-02
2.999935785510988301e-02
2.999935785510885605e-02
2.999935785510968178e-02
2.999935785510985525e-02
2.999935785510910932e-02
2.999935785510954300e-02
2.999935785510961586e-02
2.999935785510925157e-02
2.999935785510848135e-02
2.999935785510909197e-02
2.999935785511050751e-02
2.999935785510913708e-02
2.999935785510932790e-02
2.999935785511083364e-02
2.999935785510909891e-02
2.999935785510915442e-02
2.999935785511082670e-02
2.999935785511018832e-02
2.999935785510940423e-02
2.999935785511038261e-02
2.999935785511023689e-02
2.999935785510908504e-02
2.999935785511052833e-02
2.999935785511157610e-02
2.999935785511035485e-02
2.999935785511108344e-02
2.999935785511222835e-02
2.999935785511220060e-02
2.999935785511211039e-02
2.999935785511117364e-02
2.999935785511251979e-02
2.999935785511192304e-02
2.999935785511303327e-02
2.999935785511355368e-02
2.999935785511501085e-02
2.999935785511611414e-02
2.999935785511483044e-02
2.999935785511479228e-02
2.999935785511591291e-02
2.999935785511667272e-02
2.999935785511682190e-02
2.999935785511580882e-02
2.999935785511568739e-02
2.999935785511689129e-02
2.999935785511995828e-02
2.999935785511761294e-02
2.999935785511950379e-02
2.999935785512133912e-02
2.999935785512014216e-02
2.999935785512043707e-02
2.999935785511949685e-02
2.999935785512145014e-02
2.999935785512151259e-02
2.999935785512332018e-02
2.999935785512405917e-02
2.999935785512396202e-02
2.999935785512401060e-02
2.999935785512584246e-02
2.999935785512702208e-02
2.999935785512619982e-02
2.999935785512578001e-02
2.999935785512681044e-02
2.999935785512777842e-02
2.999935785512882966e-02
2.999935785513096684e-02
2.999935785513142134e-02
2.999935785513066500e-02
2.999935785513252462e-02
2.999935785513246911e-02
2.999935785513436343e-02
2.999935785513406158e-02
2.999935785513498446e-02
2.999935785513626468e-02
2.999935785513728470e-02
2.999935785513692388e-02
2.999935785513983474e-02
2.999935785513953290e-02
2.999935785514147232e-02
2.999935785514303704e-02
2.999935785514446646e-02
2.999935785514551423e-02
2.999935785514445952e-02
2.999935785514574321e-02
2.999935785514729752e-02
2.999935785514924388e-02
2.999935785515060044e-02
2.999935785515147821e-02
2.999935785515190495e-02
2.999935785515305681e-02
2.999935785515278272e-02
2.999935785515426417e-02
2.999935785515342457e-02
2.999935785515547848e-02
2.999935785515658176e-02
2.999935785515774056e-02
2.999935785515654013e-02
2.999935785515947181e-02
2.999935785515754280e-02
2.999935785515807363e-02
2.999935785515974937e-02
2.999935785515954467e-02
2.999935785515937467e-02
2.999935785516044673e-02
2.999935785516074857e-02
2.999935785516100184e-02
2.999935785516030101e-02
2.999935785515889242e-02
2.999935785515971814e-02
2.999935785515715075e-02
2.999935785515909364e-02
2.999935785515809444e-02
2.999935785515930181e-02
2.999935785515668585e-02
2.999935785515712994e-02
2.999935785515592951e-02
2.999935785515616543e-02
2.999935785515396580e-02
2.999935785515270639e-02
2.999935785515026043e-02
2.999935785515203679e-02
2.999935785515019104e-02
2.999935785514876163e-02
2.999935785514773467e-02
2.999935785514636077e-02
2.999935785514403971e-02
2.999935785514327297e-02
2.999935785514278030e-02
2.999935785514152436e-02
2.999935785513997699e-02
2.999935785513945657e-02
2.999935785513758307e-02
2.999935785513486997e-02
2.999935785513405118e-02
2.999935785513445016e-02
2.999935785513132419e-02
2.999935785512964498e-02
2.999935785512953396e-02
2.999935785512700473e-02
2.999935785512689718e-02
2.999935785512651901e-02
2.999935785512391345e-02
2.999935785512364977e-02
2.999935785512373304e-02
2.999935785512065217e-02
2.999935785512177974e-02
2.999935785512053768e-02
2.999935785511916725e-02
2.999935785511861561e-02
2.999935785511737701e-02
2.999935785511671088e-02
2.999935785511642639e-02
2.999935785511445921e-02
2.999935785511419900e-02
2.999935785511481656e-02
2.999935785511571862e-02
2.999935785511605862e-02
2.999935785511372369e-02
2.999935785511432390e-02
2.999935785511607944e-02
2.999935785511246081e-02
2.999935785511353981e-02
2.999935785511501779e-02
2.999935785511507330e-02
2.999935785511331082e-02
2.999935785511404981e-02
2.999935785511522596e-02
2.999935785511575678e-02
2.999935785511640557e-02
2.999935785511783498e-02
2.999935785511946562e-02
2.999935785511624944e-02
2.999935785511875785e-02
2.999935785511879255e-02
2.999935785512063136e-02
2.999935785512249445e-02
2.999935785512164443e-02
2.999935785512112055e-02
2.999935785512251873e-02
2.999935785512083258e-02
2.999935785512305997e-02
2.999935785512417019e-02
2.999935785512571063e-02
2.999935785512056197e-02
2.999935785512370529e-02
2.999935785512401754e-02
2.999935785512455877e-02
2.999935785512908640e-02
2.999935785512604369e-02
2.999935785512421529e-02
2.999935785512968314e-02
2.999935785513014111e-02
2.999935785512750086e-02
2.999935785512824332e-02
2.999935785512898578e-02
2.999935785512726841e-02
2.999935785512797964e-02
2.999935785513093561e-02
2.999935785512952702e-02
2.999935785513159481e-02
2.999935785513159828e-02
2.999935785513071357e-02
2.999935785513046030e-02
2.999935785512833353e-02
2.999935785512922171e-02
2.999935785513006131e-02
2.999935785512985315e-02
2.999935785513094602e-02
2.999935785513105010e-02
2.999935785513128950e-02
2.999935785513101888e-02
2.999935785513411363e-02
2.999935785513046377e-02
2.999935785512924599e-02
2.999935785512899966e-02
2.999935785513083153e-02
2.999935785513106745e-02
2.999935785513513711e-02
2.999935785513299299e-02
2.999935785513357933e-02
2.999935785513822839e-02
2.999935785513442935e-02
2.999935785513545283e-02
2.999935785513623693e-02
2.999935785513753103e-02
2.999935785513595243e-02
2.999935785513682673e-02
2.999935785513684061e-02
2.999935785513502609e-02
2.999935785513768022e-02
2.999935785513773226e-02
2.999935785514265887e-02
2.999935785513994924e-02
2.999935785514101089e-02
2.999935785514287745e-02
2.999935785514293296e-02
2.999935785514144110e-02
2.999935785514315847e-02
2.999935785514267969e-02
2.999935785514573974e-02
2.999935785514420278e-02
2.999935785514494871e-02
2.999935785514863673e-02
2.999935785514554892e-02
2.999935785514723161e-02
2.999935785514583342e-02
