2.999935733181153738e-02
2.999935733180903938e-02
2.999935733180959796e-02
2.999935733181174902e-02
2.999935733181332762e-02
2.999935733181078104e-02
2.999935733181133962e-02
2.999935733181040634e-02
2.999935733181477784e-02
2.999935733181402844e-02
2.999935733181125289e-02
2.999935733181513173e-02
2.999935733181310210e-02
2.999935733181251923e-02
2.999935733180928224e-02
2.999935733181501377e-02
2.999935733181161024e-02
2.999935733181049655e-02
2.999935733181037859e-02
2.999935733181297720e-02
2.999935733181488887e-02
2.999935733181442743e-02
2.999935733181382722e-02
2.999935733181341782e-02
2.999935733180975408e-02
2.999935733181227637e-02
2.999935733181197800e-02
2.999935733181171432e-02
2.999935733181395558e-02
2.999935733181108288e-02
2.999935733181199535e-02
2.999935733180941408e-02
2.999935733181462866e-02
2.999935733181018083e-02
2.999935733181321659e-02
2.999935733181037165e-02
2.999935733181042716e-02
2.999935733181609276e-02
2.999935733181116615e-02
2.999935733181036124e-02
2.999935733181259903e-02
2.999935733181404232e-02
2.999935733181011838e-02
2.999935733181349068e-02
2.999935733181084696e-02
2.999935733181306047e-02
2.999935733181362946e-02
2.999935733181469111e-02
2.999935733181186698e-02
2.999935733181254352e-02
2.999935733180955633e-02
2.999935733181242209e-02
2.999935733181363640e-02
2.999935733181216535e-02
2.999935733181405273e-02
2.999935733181025022e-02
2.999935733181107941e-02
2.999935733181224168e-02
2.999935733181050349e-02
2.999935733181079145e-02
2.999935733181421579e-02
2.999935733181350109e-02
2.999935733181215841e-02
2.999935733180958408e-02
2.999935733181373701e-02
2.999935733181009409e-02
2.999935733181292169e-02
2.999935733181042022e-02
2.999935733181083308e-02
2.999935733181201616e-02
2.999935733181103431e-02
2.999935733181285230e-02
2.999935733181204739e-02
2.999935733181463560e-02
2.999935733181683523e-02
2.999935733181031614e-02
2.999935733181115227e-02
2.999935733181140207e-02
2.999935733181000388e-02
2.999935733181257128e-02
2.999935733181243597e-02
2.999935733181590888e-02
2.999935733181073941e-02
2.999935733181370578e-02
2.999935733181150616e-02
2.999935733181059716e-02
2.999935733181336925e-02
2.999935733180798120e-02
2.999935733181237352e-02
2.999935733181511438e-02
2.999935733181089553e-02
2.999935733181081920e-02
2.999935733181264066e-02
2.999935733181299108e-02
2.999935733181225903e-02
2.999935733181265801e-02
2.999935733181193290e-02
2.999935733180933428e-02
2.999935733181216188e-02
2.999935733181442743e-02
2.999935733181342823e-02
2.999935733181171432e-02
2.999935733181309516e-02
2.999935733181243597e-02
2.999935733181147146e-02
2.999935733181150269e-02
2.999935733181185310e-02
2.999935733181161024e-02
2.999935733181134309e-02
2.999935733181248801e-02
2.999935733181172820e-02
2.999935733181268230e-02
2.999935733181174902e-02
2.999935733181149922e-02
2.999935733181380293e-02
2.999935733181202310e-02
2.999935733181027103e-02
2.999935733181196065e-02
2.999935733181215147e-02
2.999935733181148534e-02
2.999935733181214453e-02
2.999935733181135697e-02
2.999935733181147146e-02
2.999935733181195718e-02
2.999935733181320272e-02
2.999935733181290087e-02
2.999935733181038552e-02
2.999935733181484723e-02
2.999935733181179065e-02
2.999935733181034042e-02
2.999935733181187392e-02
2.999935733181081920e-02
2.999935733181104125e-02
2.999935733181353925e-02
2.999935733181102043e-02
2.999935733181138126e-02
2.999935733181107594e-02
2.999935733181090941e-02
2.999935733181366762e-02
2.999935733181153391e-02
2.999935733181224168e-02
2.999935733181096145e-02
2.999935733181215841e-02
2.999935733181148534e-02
2.999935733181156514e-02
2.999935733181094411e-02
2.999935733181251576e-02
2.999935733181114186e-02
2.999935733181148534e-02
2.999935733181244291e-02
2.999935733181204045e-02
2.999935733181169698e-02
2.999935733181252270e-02
2.999935733181233188e-02
2.999935733181141595e-02
2.999935733181170044e-02
2.999935733181047920e-02
2.999935733181275516e-02
2.999935733181186004e-02
2.999935733181077063e-02
2.999935733181152697e-02
2.999935733181207168e-02
2.999935733181172820e-02
2.999935733181266148e-02
2.999935733181117309e-02
2.999935733181161024e-02
2.999935733180966041e-02
2.999935733181203351e-02
2.999935733181254699e-02
2.999935733181247066e-02
2.999935733181143677e-02
2.999935733181290087e-02
2.999935733181190514e-02
2.999935733181315761e-02
2.999935733181277597e-02
2.999935733181175943e-02
2.999935733181071859e-02
2.999935733181187392e-02
2.999935733181007327e-02
2.999935733181209249e-02
2.999935733181297026e-02
2.999935733181237352e-02
2.999935733181178371e-02
2.999935733181144371e-02
2.999935733181159636e-02
2.999935733181229025e-02
2.999935733181309516e-02
2.999935733181155473e-02
2.999935733181190167e-02
2.999935733181137432e-02
2.999935733181341435e-02
2.999935733181235964e-02
2.999935733181160330e-02
2.999935733181176289e-02
2.999935733181107941e-02
2.999935733181292863e-02
2.999935733181154779e-02
2.999935733181264413e-02
2.999935733181199188e-02
2.999935733181053471e-02
2.999935733181213066e-02
2.999935733181093023e-02
2.999935733181156167e-02
2.999935733181212372e-02
2.999935733180989286e-02
2.999935733181147493e-02
2.999935733181102737e-02
2.999935733181131881e-02
2.999935733181164493e-02
2.999935733181150269e-02
2.999935733181142983e-02
2.999935733181183922e-02
2.999935733181170738e-02
2.999935733181212372e-02
2.999935733181249148e-02
2.999935733181056940e-02
2.999935733181165881e-02
2.999935733181283495e-02
2.999935733181289740e-02
2.999935733181051389e-02
2.999935733181021552e-02
2.999935733181118003e-02
2.999935733181110023e-02
2.999935733181077757e-02
2.999935733180906713e-02
2.999935733181307088e-02
2.999935733181161718e-02
2.999935733181030573e-02
2.999935733181311945e-02
2.999935733181164493e-02
2.999935733181129452e-02
2.999935733181131881e-02
2.999935733181089900e-02
2.999935733181133962e-02
2.999935733181018083e-02
2.999935733181047920e-02
2.999935733181122166e-02
2.999935733181302577e-02
2.999935733181043063e-02
2.999935733181194331e-02
2.999935733181246372e-02
2.999935733181070818e-02
2.999935733181036124e-02
2.999935733181240821e-02
2.999935733181107594e-02
2.999935733181290087e-02
2.999935733181199882e-02
2.999935733181001082e-02
2.999935733181134656e-02
2.999935733181146452e-02
2.999935733181113146e-02
2.999935733181142289e-02
2.999935733181204739e-02
2.999935733181159636e-02
2.999935733181071512e-02
2.999935733181222433e-02
2.999935733181201269e-02
2.999935733181074288e-02
2.999935733181111064e-02
2.999935733181177677e-02
2.999935733181080533e-02
2.999935733181316455e-02
2.999935733181153738e-02
2.999935733181181841e-02
2.999935733181235617e-02
2.999935733181152350e-02
2.999935733181057634e-02
2.999935733181150616e-02
2.999935733181116615e-02
2.999935733181054859e-02
2.999935733181171432e-02
2.999935733181181494e-02
2.999935733181268577e-02
2.999935733181132574e-02
2.999935733181071165e-02
2.999935733181118697e-02
2.999935733181157901e-02
2.999935733181118350e-02
2.999935733181207514e-02
2.999935733181152003e-02
2.999935733181017389e-02
2.999935733181134309e-02
2.999935733181152003e-02
2.999935733181132574e-02
2.999935733181016001e-02
2.999935733181198494e-02
2.999935733181104819e-02
2.999935733181216535e-02
2.999935733181239086e-02
2.999935733181098227e-02
2.999935733181190167e-02
2.999935733181029879e-02
2.999935733181048267e-02
2.999935733181174555e-02
2.999935733181073594e-02
2.999935733181176636e-02
2.999935733181057981e-02
2.999935733181142983e-02
2.999935733181229372e-02
2.999935733181226943e-02
2.999935733181136738e-02
2.999935733181193290e-02
2.999935733181142289e-02
2.999935733181103431e-02
2.999935733181086084e-02
2.999935733181136391e-02
2.999935733181155473e-02
2.999935733181191902e-02
2.999935733181150616e-02
2.999935733181098574e-02
2.999935733181146799e-02
2.999935733181074288e-02
2.999935733181192249e-02
2.999935733181002817e-02
2.999935733181106901e-02
2.999935733181127717e-02
2.999935733181097186e-02
2.999935733181165881e-02
2.999935733181136044e-02
2.999935733181137085e-02
2.999935733181156861e-02
2.999935733181133962e-02
2.999935733181212372e-02
2.999935733181155820e-02
2.999935733181120778e-02
2.999935733181163106e-02
2.999935733181169351e-02
2.999935733181040287e-02
2.999935733181039246e-02
2.999935733181134656e-02
2.999935733181034389e-02
2.999935733181118003e-02
2.999935733181083655e-02
2.999935733181068737e-02
2.999935733181029185e-02
2.999935733181178718e-02
2.999935733181111758e-02
2.999935733181107247e-02
2.999935733181132921e-02
2.999935733181128064e-02
2.999935733181124942e-02
2.999935733181140207e-02
2.999935733181069084e-02
2.999935733181036818e-02
2.999935733181113839e-02
2.999935733181141595e-02
2.999935733181089553e-02
2.999935733181139860e-02
2.999935733181148187e-02
2.999935733181117656e-02
2.999935733181135350e-02
2.999935733181064226e-02
2.999935733181090594e-02
2.999935733181130840e-02
2.999935733181103431e-02
2.999935733181147493e-02
2.999935733181024328e-02
2.999935733181146452e-02
2.999935733181251923e-02
2.999935733181080533e-02
2.999935733181164493e-02
2.999935733181233882e-02
2.999935733181075675e-02
2.999935733181110370e-02
2.999935733181060410e-02
2.999935733181112799e-02
2.999935733181099962e-02
2.999935733181154779e-02
2.999935733181082614e-02
2.999935733181201269e-02
2.999935733181045838e-02
2.999935733181122860e-02
2.999935733181090247e-02
2.999935733181118003e-02
2.999935733181020164e-02
2.999935733181072206e-02
2.999935733181077063e-02
2.999935733181105860e-02
2.999935733180989633e-02
2.999935733181041675e-02
2.999935733181047573e-02
2.999935733181086084e-02
2.999935733181054165e-02
2.999935733181063532e-02
2.999935733181086778e-02
2.999935733181099962e-02
2.999935733181090941e-02
2.999935733181121819e-02
2.999935733181104125e-02
2.999935733181113839e-02
2.999935733181118003e-02
2.999935733181071512e-02
2.999935733181099962e-02
2.999935733181097186e-02
2.999935733181056940e-02
2.999935733181108982e-02
2.999935733181093717e-02
2.999935733181115227e-02
2.999935733181119044e-02
2.999935733181090247e-02
2.999935733181085043e-02
2.999935733181115227e-02
2.999935733181122166e-02
2.999935733181091982e-02
2.999935733181075329e-02
2.999935733181088165e-02
2.999935733181090941e-02
2.999935733181123207e-02
2.999935733181079839e-02
2.999935733181086778e-02
2.999935733181083308e-02
2.999935733181080186e-02
2.999935733181059716e-02
2.999935733181093023e-02
2.999935733181114533e-02
2.999935733181093023e-02
2.999935733181071512e-02
2.999935733181053818e-02
2.999935733181081227e-02
2.999935733181129105e-02
2.999935733181102737e-02
2.999935733181086778e-02
2.999935733181077757e-02
2.999935733181102043e-02
2.999935733181082961e-02
2.999935733181113146e-02
2.999935733181113492e-02
2.999935733181102390e-02
2.999935733181080533e-02
2.999935733181109676e-02
2.999935733181099962e-02
2.999935733181127023e-02
2.999935733181106207e-02
2.999935733181106901e-02
2.999935733181077410e-02
2.999935733181106901e-02
2.999935733181086431e-02
2.999935733181106901e-02
2.999935733181114533e-02
2.999935733181102737e-02
2.999935733181095451e-02
2.999935733181109329e-02
2.999935733181111064e-02
2.999935733181099962e-02
2.999935733181114880e-02
2.999935733181120431e-02
2.999935733181127717e-02
2.999935733181106901e-02
2.999935733181102390e-02
2.999935733181105513e-02
2.999935733181112799e-02
2.999935733181110023e-02
2.999935733181102737e-02
2.999935733181107941e-02
2.999935733181115921e-02
2.999935733181105860e-02
2.999935733181110717e-02
2.999935733181106901e-02
2.999935733181114533e-02
2.999935733181112452e-02
2.999935733181126676e-02
2.999935733181113839e-02
2.999935733181121125e-02
2.999935733181112105e-02
2.999935733181124942e-02
2.999935733181121472e-02
2.999935733181118350e-02
2.999935733181109676e-02
2.999935733181119044e-02
2.999935733181116615e-02
2.999935733181121819e-02
2.999935733181118003e-02
2.999935733181122166e-02
2.999935733181120778e-02
2.999935733181120778e-02
2.999935733181124595e-02
2.999935733181120778e-02
2.999935733181124248e-02
2.999935733181125289e-02
2.999935733181123901e-02
2.999935733181122166e-02
2.999935733181126329e-02
2.999935733181123901e-02
2.999935733181122860e-02
2.999935733181123901e-02
2.999935733181125636e-02
2.999935733181124248e-02
2.999935733181127370e-02
2.999935733181127370e-02
2.999935733181128411e-02
2.999935733181127717e-02
2.999935733181127717e-02
2.999935733181128411e-02
2.999935733181128758e-02
2.999935733181128064e-02
2.999935733181129452e-02
2.999935733181129799e-02
2.999935733181131534e-02
2.999935733181132227e-02
2.999935733181133268e-02
2.999935733181134309e-02
2.999935733181135350e-02
2.999935733181135003e-02
2.999935733181135350e-02
2.999935733181137085e-02
2.999935733181137779e-02
2.999935733181137779e-02
2.999935733181138819e-02
2.999935733181138472e-02
2.999935733181139513e-02
2.999935733181140207e-02
2.999935733181140901e-02
2.999935733181142289e-02
2.999935733181141595e-02
2.999935733181143330e-02
2.999935733181142983e-02
2.999935733181145411e-02
2.999935733181144717e-02
2.999935733181146105e-02
2.999935733181147146e-02
2.999935733181146799e-02
2.999935733181145411e-02
2.999935733181147840e-02
2.999935733181151309e-02
2.999935733181153044e-02
2.999935733181151309e-02
2.999935733181151309e-02
2.999935733181154085e-02
2.999935733181154432e-02
2.999935733181154432e-02
2.999935733181153738e-02
2.999935733181159983e-02
2.999935733181154432e-02
2.999935733181158248e-02
2.999935733181155473e-02
2.999935733181158595e-02
2.999935733181156861e-02
2.999935733181155473e-02
2.999935733181155473e-02
2.999935733181163106e-02
2.999935733181153738e-02
2.999935733181167963e-02
2.999935733181164493e-02
2.999935733181165187e-02
2.999935733181157554e-02
2.999935733181149575e-02
2.999935733181156861e-02
2.999935733181163452e-02
2.999935733181167963e-02
2.999935733181156167e-02
2.999935733181163106e-02
2.999935733181166575e-02
2.999935733181170391e-02
2.999935733181162065e-02
2.999935733181161371e-02
2.999935733181182534e-02
2.999935733181165881e-02
2.999935733181173861e-02
2.999935733181179759e-02
2.999935733181188086e-02
2.999935733181173514e-02
2.999935733181181147e-02
2.999935733181178371e-02
2.999935733181196412e-02
2.999935733181164146e-02
2.999935733181176983e-02
2.999935733181181841e-02
2.999935733181179412e-02
2.999935733181184963e-02
2.999935733181173514e-02
2.999935733181190514e-02
2.999935733181201269e-02
2.999935733181189820e-02
2.999935733181158248e-02
2.999935733181165534e-02
2.999935733181163799e-02
2.999935733181187739e-02
2.999935733181174902e-02
2.999935733181174902e-02
2.999935733181186698e-02
2.999935733181183922e-02
2.999935733181167963e-02
2.999935733181167963e-02
2.999935733181177677e-02
2.999935733181169004e-02
2.999935733181184616e-02
2.999935733181220004e-02
2.999935733181182534e-02
2.999935733181197800e-02
2.999935733181198494e-02
2.999935733181188086e-02
2.999935733181199188e-02
2.999935733181206127e-02
2.999935733181188433e-02
2.999935733181182188e-02
2.999935733181194331e-02
2.999935733181231107e-02
2.999935733181195024e-02
2.999935733181234576e-02
2.999935733181164493e-02
2.999935733181195371e-02
2.999935733181179759e-02
2.999935733181242209e-02
2.999935733181167269e-02
2.999935733181220698e-02
2.999935733181211678e-02
2.999935733181226943e-02
2.999935733181190167e-02
2.999935733181214453e-02
2.999935733181195024e-02
2.999935733181199882e-02
2.999935733181192943e-02
2.999935733181220004e-02
2.999935733181201963e-02
2.999935733181164840e-02
2.999935733181244985e-02
2.999935733181243597e-02
2.999935733181203004e-02
2.999935733181175943e-02
2.999935733181201616e-02
2.999935733181185310e-02
2.999935733181226943e-02
2.999935733181247760e-02
2.999935733181166228e-02
2.999935733181201269e-02
2.999935733181158248e-02
2.999935733181227984e-02
2.999935733181188779e-02
2.999935733181174208e-02
2.999935733181186698e-02
2.999935733181250536e-02
2.999935733181120431e-02
2.999935733181255046e-02
2.999935733181259209e-02
2.999935733181184616e-02
2.999935733181284189e-02
2.999935733181163106e-02
2.999935733181188779e-02
2.999935733181142289e-02
2.999935733181158248e-02
2.999935733181251923e-02
2.999935733181273087e-02
2.999935733181169698e-02
2.999935733181285924e-02
2.999935733181155473e-02
2.999935733181328598e-02
2.999935733181234576e-02
2.999935733181223127e-02
2.999935733181192943e-02
2.999935733181273781e-02
2.999935733181212025e-02
2.999935733181260944e-02
2.999935733181199535e-02
2.999935733181239433e-02
2.999935733181242556e-02
2.999935733181238739e-02
2.999935733181189473e-02
2.999935733181356354e-02
2.999935733181277944e-02
2.999935733181113146e-02
2.999935733181264413e-02
2.999935733181119391e-02
2.999935733181252964e-02
2.999935733181275863e-02
2.999935733181288700e-02
2.999935733181161371e-02
2.999935733181212372e-02
2.999935733181255740e-02
2.999935733181199535e-02
2.999935733181273434e-02
2.999935733181194678e-02
2.999935733181346292e-02
2.999935733181297720e-02
2.999935733181322700e-02
2.999935733181253311e-02
2.999935733181235617e-02
2.999935733181221739e-02
2.999935733181256781e-02
2.999935733181227290e-02
2.999935733181295985e-02
2.999935733181261638e-02
2.999935733181365721e-02
2.999935733181292863e-02
2.999935733181284883e-02
2.999935733181256087e-02
2.999935733181305700e-02
2.999935733181333802e-02
2.999935733181141942e-02
2.999935733181210984e-02
2.999935733181273781e-02
2.999935733181329639e-02
2.999935733181247066e-02
2.999935733181273087e-02
2.999935733181261291e-02
2.999935733181257128e-02
2.999935733181242903e-02
2.999935733181123207e-02
2.999935733181123554e-02
2.999935733181256087e-02
2.999935733181315414e-02
2.999935733181236658e-02
2.999935733181286271e-02
2.999935733181265801e-02
2.999935733181190861e-02
2.999935733181131187e-02
2.999935733181222780e-02
2.999935733181381681e-02
2.999935733181306741e-02
2.999935733181175596e-02
2.999935733181192249e-02
2.999935733181300149e-02
2.999935733181280720e-02
2.999935733181268577e-02
2.999935733181294598e-02
2.999935733181122860e-02
2.999935733181290434e-02
2.999935733181274475e-02
2.999935733181268577e-02
2.999935733181293557e-02
2.999935733181422620e-02
2.999935733181352537e-02
2.999935733181366415e-02
2.999935733181199535e-02
2.999935733181269965e-02
2.999935733181358435e-02
2.999935733181197453e-02
2.999935733181197106e-02
2.999935733181314373e-02
2.999935733181260250e-02
2.999935733181341435e-02
2.999935733181370232e-02
2.999935733181298067e-02
2.999935733181222780e-02
2.999935733181254699e-02
2.999935733181390007e-02
2.999935733181278985e-02
2.999935733181344905e-02
2.999935733181238739e-02
2.999935733181283842e-02
2.999935733181120778e-02
2.999935733181350456e-02
2.999935733181294598e-02
2.999935733181329986e-02
2.999935733181276903e-02
2.999935733181165881e-02
2.999935733181384109e-02
2.999935733181276903e-02
2.999935733181347333e-02
2.999935733181239433e-02
2.999935733181254005e-02
2.999935733181163106e-02
2.999935733181434763e-02
2.999935733181282455e-02
2.999935733181264413e-02
2.999935733181352190e-02
2.999935733181455233e-02
2.999935733181278985e-02
2.999935733181208902e-02
2.999935733181368844e-02
2.999935733181273087e-02
2.999935733181293557e-02
2.999935733181347680e-02
2.999935733181219658e-02
2.999935733181356007e-02
2.999935733181305700e-02
2.999935733181394518e-02
2.999935733181264413e-02
2.999935733181349762e-02
2.999935733181397987e-02
2.999935733181411518e-02
2.999935733181353231e-02
2.999935733181385150e-02
2.999935733181194331e-02
2.999935733181382028e-02
2.999935733181380640e-02
2.999935733181545439e-02
2.999935733181306047e-02
2.999935733181365721e-02
2.999935733181344211e-02
2.999935733181332415e-02
2.999935733181418110e-02
2.999935733181247066e-02
2.999935733181334496e-02
2.999935733181529479e-02
2.999935733181339353e-02
2.999935733181384456e-02
2.999935733181478131e-02
2.999935733181338660e-02
2.999935733181417069e-02
2.999935733181355313e-02
2.999935733181337619e-02
2.999935733181276903e-02
2.999935733181369191e-02
2.999935733181374742e-02
2.999935733181431641e-02
2.999935733181279679e-02
2.999935733181337272e-02
2.999935733181398334e-02
2.999935733181456621e-02
2.999935733181516989e-02
2.999935733181253311e-02
2.999935733181492703e-02
2.999935733181387579e-02
2.999935733181316455e-02
2.999935733181223474e-02
2.999935733181461478e-02
2.999935733181373354e-02
2.999935733181373354e-02
2.999935733181354619e-02
2.999935733181348374e-02
2.999935733181354619e-02
2.999935733181397293e-02
2.999935733181372313e-02
2.999935733181456968e-02
2.999935733181400763e-02
2.999935733181429559e-02
2.999935733181348374e-02
2.999935733181566255e-02
2.999935733181492009e-02
2.999935733181442743e-02
2.999935733181524622e-02
2.999935733181390007e-02
2.999935733181340047e-02
2.999935733181360864e-02
2.999935733181308475e-02
2.999935733181497560e-02
2.999935733181343517e-02
2.999935733181292169e-02
2.999935733181410824e-02
2.999935733181391395e-02
2.999935733181437886e-02
2.999935733181651604e-02
2.999935733181557582e-02
2.999935733181351843e-02
2.999935733181318537e-02
2.999935733181390354e-02
2.999935733181435110e-02
2.999935733181513520e-02
2.999935733181588460e-02
2.999935733181488540e-02
2.999935733181468417e-02
2.999935733181394171e-02
2.999935733181369885e-02
2.999935733181434763e-02
2.999935733181473274e-02
2.999935733181489927e-02
2.999935733181267536e-02
2.999935733181478131e-02
2.999935733181395212e-02
2.999935733181467376e-02
2.999935733181497213e-02
2.999935733181405967e-02
2.999935733181539194e-02
2.999935733181327904e-02
2.999935733181248107e-02
2.999935733181584990e-02
2.999935733181349068e-02
2.999935733181282108e-02
2.999935733181467029e-02
2.999935733181483682e-02
2.999935733181319925e-02
2.999935733181393477e-02
2.999935733181307435e-02
2.999935733181611011e-02
2.999935733181400763e-02
2.999935733181581521e-02
2.999935733181411518e-02
2.999935733181468417e-02
2.999935733181436498e-02
2.999935733181487846e-02
2.999935733181342823e-02
2.999935733181577358e-02
2.999935733181571113e-02
2.999935733181521499e-02
2.999935733181367109e-02
2.999935733181435110e-02
2.999935733181378905e-02
2.999935733181388967e-02
2.999935733181591235e-02
2.999935733181497907e-02
2.999935733181742503e-02
2.999935733181359476e-02
2.999935733181525316e-02
2.999935733181452804e-02
2.999935733181497907e-02
2.999935733181441355e-02
2.999935733181692543e-02
2.999935733181651604e-02
2.999935733181464254e-02
2.999935733181409436e-02
2.999935733181505887e-02
2.999935733181580827e-02
2.999935733181478131e-02
2.999935733181451070e-02
2.999935733181539194e-02
2.999935733181422273e-02
2.999935733181598868e-02
2.999935733181369538e-02
2.999935733181606848e-02
2.999935733181435110e-02
2.999935733181497560e-02
2.999935733181555847e-02
2.999935733181485070e-02
2.999935733181595746e-02
2.999935733181532255e-02
2.999935733181526357e-02
2.999935733181510050e-02
2.999935733181470499e-02
2.999935733181367803e-02
2.999935733181713360e-02
2.999935733181479519e-02
2.999935733181341088e-02
2.999935733181525316e-02
2.999935733181555500e-02
2.999935733181745279e-02
2.999935733181474662e-02
2.999935733181581174e-02
2.999935733181541622e-02
2.999935733181413600e-02
2.999935733181297720e-02
2.999935733181601644e-02
2.999935733181501724e-02
2.999935733181720299e-02
2.999935733181370232e-02
2.999935733181390007e-02
2.999935733181325476e-02
2.999935733181522887e-02
2.999935733181512132e-02
2.999935733181513867e-02
2.999935733181444825e-02
2.999935733181582215e-02
2.999935733181478825e-02
2.999935733181598174e-02
2.999935733181532255e-02
2.999935733181594705e-02
2.999935733181655073e-02
2.999935733181662359e-02
2.999935733181604419e-02
2.999935733181558969e-02
2.999935733181700176e-02
2.999935733181859077e-02
2.999935733181271005e-02
2.999935733181231107e-02
2.999935733181510397e-02
2.999935733181686992e-02
2.999935733181681441e-02
2.999935733181412212e-02
2.999935733181894812e-02
2.999935733181513520e-02
2.999935733181439967e-02
2.999935733181477437e-02
2.999935733181680747e-02
2.999935733181442743e-02
2.999935733181492009e-02
2.999935733181642236e-02
2.999935733181687339e-02
2.999935733181509703e-02
2.999935733181715788e-02
2.999935733181078451e-02
2.999935733181585684e-02
2.999935733181630440e-02
2.999935733181573888e-02
2.999935733181680747e-02
2.999935733181854566e-02
2.999935733181446212e-02
2.999935733181324435e-02
2.999935733181549255e-02
2.999935733181324435e-02
2.999935733181267883e-02
2.999935733181497907e-02
2.999935733181377170e-02
2.999935733181214106e-02
2.999935733181687686e-02
2.999935733181314373e-02
2.999935733181526357e-02
2.999935733181833056e-02
2.999935733181753605e-02
2.999935733181541622e-02
2.999935733181939221e-02
2.999935733181257821e-02
2.999935733181304312e-02
2.999935733181707462e-02
2.999935733181295291e-02
2.999935733181282455e-02
2.999935733181436498e-02
2.999935733181878852e-02
2.999935733181658890e-02
2.999935733181540928e-02
2.999935733182151204e-02
2.999935733181410130e-02
2.999935733181592623e-02
2.999935733181611358e-02
2.999935733181739034e-02
2.999935733181599562e-02
2.999935733181916669e-02
2.999935733181317843e-02
2.999935733181524969e-02
2.999935733181174555e-02
