1.534079976201671303e-01
6.659699716122070567e-01
1.255297401046303740e+01
4.587436739878665293e+01
1.477595525721096692e+02
2.003062871066299806e+02
1.262736985426778489e+02
9.413029301167118774e+02
4.899149620153479191e+03
8.306306055935194308e+03
2.870848716323782810e+03
3.826374517289142386e+04
2.598756194164057670e+05
5.473751189325815067e+05
2.791230257429765770e+05
1.725803057182199322e+06
1.435731408225287497e+07
3.705503825481165946e+07
2.634194186273460463e+07
5.798346632917186618e+07
6.904334025645633936e+08
2.226007195362487793e+09
2.189214884871407509e+09
2.031578669795713902e+09
3.270886235362384415e+10
1.315381037298716278e+11
1.726010399016387939e+11
8.323519238115808105e+10
1.444209569646287598e+12
7.391140040279055664e+12
1.250580630178422266e+13
5.359351954768846680e+12
5.946928978975873438e+13
3.976609218831679375e+14
8.500191806686845000e+14
4.712935718215386250e+14
2.260641364886799500e+15
2.044953643564960800e+16
5.463708212325733600e+16
4.232446035174188800e+16
7.929102598157211200e+16
1.001158579634223104e+18
3.339977298807032320e+18
3.527952840303162880e+18
2.748848514636372480e+18
4.643778598471933133e+19
1.949266462773081866e+20
2.709464777970934415e+20
1.211887278836484506e+20
2.024607924070636061e+21
1.087845850103874060e+22
1.935380922907455442e+22
8.558431920212841333e+21
8.211065808001801860e+22
5.805969427431207154e+23
1.299499283598365361e+24
7.689278456842081828e+23
3.067352884232646335e+24
2.957931873539990539e+25
8.263190153193640070e+25
6.826284289386716270e+25
1.063283680529331074e+26
1.433637210892588331e+27
5.002837649219165172e+27
5.595462284306180027e+27
3.762084077628441821e+27
6.573225864396151237e+28
2.893531771331715485e+29
4.231727851665896455e+29
1.811659156261471435e+29
2.827001220104846540e+30
1.600239735771802606e+31
2.982966614974507060e+31
1.380616383995023677e+31
1.128442471868522885e+32
8.462526213365387736e+32
1.980284758390839669e+33
1.253548003440365138e+33
4.144315838753509050e+33
4.269481463054712289e+34
1.246384202502066140e+35
1.097105609615750301e+35
1.423885281368784956e+35
2.047235102450027448e+36
7.475143508171738769e+36
8.843479425707610856e+36
5.206405760807388936e+36
9.272590634690823966e+37
4.283864500356008708e+38
6.588025605507577942e+38
2.761396897264164428e+38
3.932661641604864859e+39
2.348456828039905245e+40
4.585933878341906362e+40
2.241029044631706283e+40
1.544659283677735749e+41
1.230664952885624005e+42
3.010631456564914650e+42
2.039012527142081298e+42
5.581676782959369917e+42
6.149760634794089174e+43
1.876489297207756354e+44
1.757592812923250101e+44
1.910375218197534883e+44
2.917624437137210591e+45
1.115255472764015064e+46
1.393775529915684127e+46
7.324002091579582176e+45
1.305279185152387962e+47
6.334907608132044105e+47
1.023373015196935508e+48
4.291930167352309245e+47
5.456725163516154940e+48
3.442109189611604539e+49
7.036443234614561298e+49
3.652358734934835589e+49
2.108140663931046680e+50
1.786842315693295411e+51
4.568995122464900788e+51
3.309153283478514193e+51
7.498201638749895117e+51
8.838852447656032585e+52
2.819491168541140273e+53
2.805561994401812241e+53
2.571214986478569664e+53
4.146239407637152769e+54
1.660244550997115831e+55
2.189041568854630789e+55
1.049052383544476152e+55
1.831562278974937060e+56
9.347546092159928529e+56
1.585070227651597225e+57
6.775651998299748190e+56
7.542247026245302693e+57
5.033011729881774670e+58
1.076762526818774999e+59
5.960001880875546757e+58
2.865169352815912462e+59
2.588667685062086848e+60
6.918827378528516504e+60
5.355448487136116570e+60
1.005035058341769406e+61
1.267709451317271585e+62
4.229245170130593743e+62
4.465927284394528431e+62
3.482285057040447514e+62
5.879203159603890298e+63
2.467635028620870194e+64
3.428778068115481919e+64
1.533907773928685384e+64
2.562784720222296020e+65
1.376997186492156601e+66
2.449460620149683657e+66
1.083245343171552312e+66
1.039466684060316442e+67
7.349619418342653098e+67
1.644884729303940798e+68
9.731822963531007222e+67
3.883872615049801677e+68
3.745070406708813936e+69
1.046106049433372356e+70
8.640324542619994811e+69
1.346493037312132929e+70
1.815120403828011993e+71
6.333855998844056243e+71
7.083218755101534352e+71
4.764184778815951585e+71
8.321970938203873034e+72
3.662780848301319594e+73
5.356014810753354357e+73
2.292743250061024217e+73
3.578537207311856722e+74
2.025499097393992023e+75
3.775562080598807764e+75
1.747122261938247553e+75
1.428250550068936603e+76
1.071058636307807402e+77
2.505905557464458625e+77
1.585893707242785029e+77
5.247231058027003087e+77
5.404676648487286457e+78
1.577632524138740417e+79
1.388267703330131157e+79
1.803358931470402512e+79
2.592484380274648192e+80
9.465015891318543037e+80
1.119589432892075623e+81
6.596009276848338721e+80
1.174443131436898277e+82
5.425255130811381594e+82
8.340648469320211515e+82
3.496661494927135584e+82
4.981070269858389449e+83
2.974094789254449079e+84
5.805539990572078302e+84
2.836325640177252348e+84
1.956357413126063149e+85
1.558285971707929347e+86
3.810885699712316336e+86
2.580104349273893386e+86
7.070895157209668238e+86
7.786923188202158404e+87
2.375420989848362611e+88
2.223749068421547783e+88
2.420447761846074588e+88
3.694720557363624138e+89
1.411835784857777810e+90
1.763695909726213449e+90
9.275574893694323897e+89
1.653340691369824877e+91
8.021449178664881876e+91
1.295385938987097677e+92
5.433124002887978532e+91
6.913544056464065033e+92
4.358940054944615140e+93
8.907347420036066319e+93
4.620705697832684228e+93
2.671624921177066325e+94
2.263324859697283591e+95
5.784988078061703437e+95
4.187119473010958002e+95
9.507128466259769421e+95
1.119942876833457799e+97
3.570810290238147286e+97
3.550719178610761622e+97
3.261164303444246749e+97
5.255587687752530694e+98
2.103169242081704465e+99
2.771254520978684139e+99
1.329425327135030573e+99
2.321963511613149226e+100
1.184263302495417333e+101
2.006928381579055294e+101
8.574623871532724307e+100
9.562858720183026354e+101
6.376806768789251260e+102
1.363222495384485684e+103
7.538652013278226217e+102
3.633377813589057058e+103
3.279897962085912034e+104
8.760072674437947375e+104
6.774292615907838640e+104
1.274729297827828022e+105
1.606473369871884120e+106
5.355607166230796043e+106
5.650125242220344584e+106
4.416538132826119114e+106
7.452842575633481541e+107
3.125828862608313901e+108
4.340051721064385838e+108
1.943598442423120110e+108
3.250337113141039723e+109
1.744779538952686972e+110
3.101037494304292079e+110
1.370419872597473695e+110
1.318517107280591916e+111
9.311571796221542182e+111
2.082120682136425945e+112
1.230423576778803505e+112
4.925864743345050260e+112
4.744437691627159618e+113
1.324116069578177960e+114
1.092368564565482919e+114
1.707986416872258099e+114
2.299675508439347374e+115
8.017763347296180272e+115
8.956524208964735017e+115
6.039710778712352171e+115
1.054710677823959269e+117
4.637604385475784960e+117
6.775757757118166336e+117
2.902296570736432531e+117
4.537388751894516015e+118
2.565507559022142686e+119
4.778112128187531084e+119
2.208885132841854345e+119
1.811799711245931758e+120
1.356984345014670693e+121
3.172173751681693450e+121
2.004848121540764123e+121
6.658796957732876380e+121
6.848839782293404222e+122
1.997389453045697312e+123
1.755609540147068536e+123
2.288558686648452302e+123
3.285294217999985760e+124
1.198362175456392394e+125
1.416024546804258628e+125
8.360510335169375346e+124
1.488552600815515372e+126
6.869516431415057521e+126
1.055303301529372611e+127
4.424159928323589654e+126
6.314860369641088552e+127
3.766780676118794061e+128
7.347577568297475282e+128
3.585791948689415955e+128
2.481850275589275446e+129
1.974313765879751727e+130
4.824532426488888676e+130
3.261589614706335968e+130
8.973883206835754501e+130
9.869644365524199530e+131
3.008096501069022677e+132
2.812879455026717535e+132
3.072703714843678295e+132
4.683734610118334847e+133
1.788100655745616402e+134
2.231057407756461513e+134
1.175667853210840552e+134
2.095760088463171506e+135
1.015815844580127128e+136
1.638798848378565352e+136
6.871063521942318758e+135
8.765721767135767543e+136
5.521117112099328509e+137
1.127301817128668551e+138
5.839843882743825891e+137
3.388913489456397375e+138
2.867314824610621635e+139
7.321378200732603267e+139
5.291014477032259916e+139
1.206291044071194506e+140
1.418966290558250871e+141
4.519829220318903827e+141
4.488961205045370280e+141
4.137475050356709178e+141
6.660902941169766193e+142
2.662742215939633879e+143
3.504372032322589912e+143
1.684190737330225215e+143
2.944018850352522662e+144
1.499842407882895934e+145
2.538863729721824508e+145
1.084123987863051128e+145
1.213227492294271278e+146
8.078958558104479059e+146
1.725363973236526735e+147
9.527056708180836553e+146
4.611221247852252629e+147
4.156058122810083062e+148
1.108941876407164498e+149
8.561998985888107850e+148
1.617905770180142541e+149
2.036072532584083456e+150
6.781644319137072091e+150
7.145511748410906085e+150
5.604391260111262938e+150
9.449206802044536032e+151
3.958721594915607773e+152
5.490605866469999068e+152
2.461348734343299280e+152
4.120825319112422910e+153
2.209658322549990072e+154
3.923462015702896145e+154
1.732269644565188670e+154
1.672337169888653024e+155
1.179533886066705279e+156
2.635150216912584183e+156
1.554841769041982435e+156
6.251067261825425669e+156
6.011855349129472101e+157
1.676392117680694624e+158
1.381265770367763271e+158
2.167680953155828383e+158
2.914978739515651515e+159
1.015414787516720204e+160
1.133118440887887275e+160
7.658776938754065356e+159
1.336808045693501653e+161
5.873164766250011267e+161
8.572982936083803704e+161
3.673456301469856203e+161
5.751597432933432362e+162
3.249082259315361871e+163
6.046258536421798613e+163
2.792885726054768951e+163
2.297593748359603360e+164
1.718811117440208089e+165
4.015197311222994410e+165
2.534425765032584992e+165
8.444832192229197770e+165
8.676724338213712210e+166
2.528669865710044938e+167
2.220408957523751760e+167
2.902147045107223842e+167
4.162063975923674581e+168
1.517110196619885669e+169
1.791018728168998153e+169
1.059282637374808812e+169
1.886231530945146052e+170
8.698971978348400714e+170
1.335387801598888786e+171
5.600292511310249453e+170
8.004077422752662616e+171
4.770549738456385201e+172
9.299643967515594000e+172
4.533785632942336512e+172
3.145799905311132133e+173
2.500693566158675893e+174
6.107072480734323952e+174
4.125016756244636251e+174
1.137652322250132816e+175
1.250102112794707017e+176
3.807821304082572694e+176
3.557911861039009037e+176
3.893133618272210563e+176
5.932799237577197217e+177
2.263753035909451806e+178
2.823163918687179645e+178
1.489315123695057366e+178
2.655384614323019576e+179
1.286245766874330190e+180
2.074088019525799589e+180
8.694823191023519974e+179
1.110549620558181892e+181
6.991747032488087673e+181
1.426825211205823785e+182
7.390034687345772811e+181
4.293370759577050484e+182
3.630751702977507145e+183
9.269028752129856045e+183
6.696605405048808859e+183
1.528357868513210785e+184
1.797170606236196356e+185
5.723288147442435839e+185
5.682687701644510890e+185
5.241457810784394946e+185
8.435593687062901932e+186
3.371668419306146683e+187
4.436825757215661218e+187
2.132666324726427960e+187
3.727815460313452217e+188
1.898898294167797127e+189
3.214124750258620177e+189
1.372274829164247514e+189
1.536058147706718189e+190
1.022790042645097103e+191
2.184190645337029416e+191
1.206054030367324558e+191
5.838684424804735367e+191
5.261436456757626500e+192
1.403941213825546671e+193
1.083914505866671007e+193
2.048722916144321624e+193
2.577514172730693570e+194
8.584736535236356067e+194
9.043991940546251574e+194
7.096587936931073561e+194
1.196147085181892537e+196
5.010439224640422382e+196
6.947104483485424643e+196
3.114922345801143874e+196
5.217330334883123913e+197
2.797102574918412472e+198
4.966186872589374305e+198
2.192498872399394927e+198
2.117040868360801867e+199
1.493016148046203951e+200
3.335131310006873714e+200
1.967719271025304145e+200
7.911563126653683227e+200
7.608416211804660541e+201
2.121385459168701580e+202
1.747488928487969023e+202
2.744035950244918553e+202
3.688963169155944072e+203
1.284796977095959424e+204
1.433221937608660784e+204
9.696606929416803416e+203
1.691937515188512010e+205
7.432266758075167655e+205
1.084434777287329613e+206
4.649188909812857332e+205
7.282183113970341166e+206
4.112431156572826685e+207
7.650083097271730840e+207
3.532277216719306175e+207
2.909229753240359331e+208
2.175679879633002184e+209
5.080338203211941184e+209
3.205331192924647697e+209
1.069550573990531968e+210
1.098187518589267278e+211
3.199167944360192310e+211
2.807294084281589543e+211
3.675300720876095979e+211
5.268439999559985368e+212
1.919529213936242863e+213
2.264842206093545026e+213
1.341370751197090917e+213
2.387869703528286773e+214
1.100631453613690677e+215
1.688744177484222707e+215
7.082451836248158587e+214
1.013452792931736738e+216
6.036911691329721925e+216
1.176254103632078054e+217
5.732220719903236121e+216
3.983428655306591203e+217
3.164520707674802819e+218
7.725064615100693826e+218
5.215365786347913049e+218
1.440369447552968226e+219
1.581937048896692570e+220
4.817182993197454850e+220
4.499310624069766261e+220
4.929532450536700420e+220
7.507509910263026695e+221
2.863828962749090475e+222
3.569921012323330246e+222
1.884482703743990175e+222
3.360037907489402566e+223
1.627295812812608832e+224
2.623073468254401175e+224
1.099667059866610895e+224
1.405552736904114744e+225
8.844461676952430787e+225
1.804108100971319427e+226
9.336842915415149232e+225
5.434682983981757315e+226
4.593855246702252161e+227
1.172194967612558700e+228
8.462478783912277193e+227
1.935356579278626842e+228
2.273734637641878141e+229
7.236980068907399958e+229
7.180154085613754309e+229
6.635251387297892518e+229
1.067196328161511674e+231
4.263071881814751441e+231
5.605183563512295281e+231
2.697145198761334772e+231
4.716588502744958079e+232
2.401027870067243009e+233
4.061010929420916703e+233
1.733439763709537489e+233
1.944457517804230808e+234
1.293647196046639429e+235
2.760523216287653596e+235
1.522627030039262482e+235
7.394505122991605367e+235
6.656821437143273908e+236
1.774690336737640928e+237
1.368510912404770742e+237
2.595793445032164080e+237
3.261686770378477621e+238
1.085307338432108891e+239
1.142063203601167666e+239
8.988029463327735161e+238
1.513880740242636035e+240
6.336596484835113577e+240
8.777952987787908469e+240
3.940706729515684662e+240
6.605342652656981017e+241
3.537954935666167674e+242
6.275639830042810019e+242
2.768506988817591447e+242
2.681302711013166762e+243
1.889053166725256631e+244
4.216338994417830044e+244
2.484450102898295931e+244
1.002470539767254192e+245
9.628411226198522298e+245
2.682269925526583081e+246
2.207029872549771712e+246
3.476782916924237962e+246
4.668963813785606136e+247
1.624818905739226485e+248
1.811216024192134070e+248
1.228059696032095273e+248
2.142029436990083543e+249
9.402046795811754773e+249
1.371035083580861692e+250
5.879774707851812705e+249
9.218136167430844136e+250
5.202021241051219627e+251
9.671476981292277274e+251
4.463492375714312042e+251
3.683232472070901934e+252
2.752552163827157749e+253
6.424531270924038317e+253
4.050208884291347924e+253
1.354507003540559575e+254
1.389816695291816516e+255
4.046722323724956446e+255
3.548618799279870865e+255
4.655901304909048919e+255
6.668655108160567957e+256
2.428296557079166398e+257
2.862862708472322891e+257
1.698478926315699584e+257
3.023302072392033201e+258
1.392481061905247704e+259
2.134654827167688990e+259
8.954750414396396171e+258
1.283291036783087744e+260
7.637133940976693982e+260
1.486946405691628386e+261
7.239944959658376470e+260
5.044302523878546647e+261
4.003140453328232212e+262
9.766181686567020851e+262
6.585508601049002728e+262
1.824494640085493879e+263
2.001330852973919593e+264
6.089641440551080266e+264
5.680352267820593644e+264
6.243837272699918502e+264
9.500505056290795044e+265
3.620893151988099589e+266
4.509153009805353732e+266
2.385759944935128237e+266
4.254646873559530432e+267
2.058189788631115123e+268
3.314290131653132282e+268
1.389083715439104120e+268
1.780102189986800818e+269
1.118988253725934851e+270
2.280610412193263080e+270
1.179128179409235455e+270
6.886322023697793341e+270
5.814084367399922164e+271
1.482436910696508997e+272
1.069219735304466468e+272
2.452262412108357873e+272
2.878085720504017383e+273
9.154123121809064225e+273
9.074146111687415815e+273
8.405023904038386724e+273
1.351149691039531744e+275
5.393202164292437248e+275
7.086462262097610488e+275
3.413971557742470541e+275
5.973889955301997772e+276
3.038330289487906231e+277
5.135429963372576576e+277
2.191000897727697188e+277
2.462567256486605646e+278
1.636925760505247070e+279
3.491118699377779419e+279
1.923650309081828455e+279
9.366575184172594189e+279
8.426481229227460013e+280
2.245158416316746027e+281
1.730116254578322345e+281
3.289083394590898053e+281
4.129518572245740162e+282
1.373277282927547950e+283
1.444348880724568886e+283
1.138423656098524596e+283
1.916755551414236353e+284
8.018207462234595070e+284
1.110183442899798205e+285
4.986130667679314021e+284
8.361948117705005677e+285
4.476281749379150722e+286
7.936927928897051325e+286
3.499583978254309564e+286
3.394591531334216882e+287
2.389887504286925448e+288
5.331858367181471724e+288
3.138979840726392525e+288
1.269309158962065455e+289
1.218495296472439695e+290
3.393115470932805164e+290
2.790217388690563089e+290
4.405268810609193119e+290
5.911387541556984532e+291
2.056163494819557366e+292
2.290458292935996505e+292
1.555707536755597364e+292
2.712578431736685566e+293
1.189912714950922119e+294
1.734074107599608296e+294
7.440008055085651565e+293
1.167539515599321376e+295
6.584681211180161240e+295
1.223498921689260761e+296
5.643172376025329911e+295
4.665302743953777543e+296
3.484112868673332556e+297
8.127645227126260979e+297
5.120702851517310948e+297
1.715512013449607238e+298
1.759211965005579093e+299
5.120109572379795743e+299
4.487748794303504372e+299
5.896838616599261605e+299
8.442061134507995492e+300
3.072923424777955016e+301
3.621471130021042624e+301
2.150399200595876145e+301
3.827039228617560003e+302
1.762165787643375385e+303
2.700728359351590767e+303
1.132878157840047818e+303
1.624628726881583970e+304
9.666487883766019522e+304
1.881515117782975136e+305
9.159219916897452204e+304
6.389523495925702712e+305
5.069129218712704395e+306
1.236285904737140238e+307
8.333404925918932633e+306
2.312185701324820471e+307
inf
inf
inf
inf
inf
inf
inf
inf
inf
inf
nan
nan
nan
nan
nan
nan
nan
nan
nan
nan
nan
nan
nan
nan
nan
nan
nan
nan
nan
nan
nan
nan
nan
nan
nan
nan
nan
nan
nan
nan
nan
nan
nan
nan
nan
nan
nan
nan
nan
nan
nan
nan
nan
nan
nan
nan
nan
nan
nan
nan
nan
nan
nan
nan
nan
nan
nan
nan
nan
nan
nan
nan
nan
nan
nan
nan
nan
nan
nan
nan
nan
nan
nan
nan
nan
nan
nan
nan
nan
nan
nan
nan
nan
nan
nan
nan
nan
nan
nan
nan
nan
nan
nan
nan
nan
nan
nan
nan
nan
nan
nan
nan
nan
nan
nan
nan
nan
nan
nan
nan
nan
nan
nan
nan
nan
nan
nan
nan
nan
nan
nan
nan
nan
nan
nan
nan
nan
nan
nan
nan
nan
nan
nan
nan
nan
nan
nan
nan
nan
nan
nan
nan
nan
nan
nan
nan
nan
nan
nan
nan
nan
nan
nan
nan
nan
nan
nan
nan
nan
nan
nan
nan
nan
nan
nan
nan
nan
nan
nan
nan
nan
nan
nan
nan
nan
nan
nan
nan
nan
nan
nan
nan
nan
nan
nan
nan
nan
nan
nan
nan
nan
nan
nan
nan
nan
nan
nan
nan
nan
nan
nan
nan
nan
nan
nan
nan
nan
nan
nan
nan
nan
nan
nan
nan
nan
nan
nan
nan
nan
nan
nan
nan
nan
nan
nan
nan
nan
nan
nan
nan
nan
nan
nan
nan
nan
nan
nan
nan
nan
nan
nan
nan
nan
nan
nan
nan
nan
nan
nan
nan
nan
nan
nan
nan
nan
nan
nan
nan
nan
nan
nan
nan
nan
nan
nan
nan
nan
nan
nan
nan
nan
nan
nan
nan
nan
nan
nan
nan
nan
nan
nan
nan
