2.999935610998315239e-02
2.999935610998135868e-02
2.999935610997999172e-02
2.999935610998131011e-02
2.999935610998053295e-02
2.999935610998218788e-02
2.999935610997673391e-02
2.999935610998414465e-02
2.999935610997986335e-02
2.999935610997836455e-02
2.999935610997981478e-02
2.999935610997813903e-02
2.999935610998404750e-02
2.999935610998121990e-02
2.999935610997757351e-02
2.999935610998483160e-02
2.999935610998179236e-02
2.999935610998397811e-02
2.999935610998196236e-02
2.999935610998667040e-02
2.999935610998411689e-02
2.999935610998165705e-02
2.999935610998072724e-02
2.999935610998379770e-02
2.999935610998186869e-02
2.999935610997895089e-02
2.999935610998085214e-02
2.999935610998225033e-02
2.999935610998278462e-02
2.999935610998610835e-02
2.999935610998295463e-02
2.999935610998348545e-02
2.999935610998237176e-02
2.999935610998341259e-02
2.999935610998240992e-02
2.999935610998397117e-02
2.999935610998501201e-02
2.999935610998132746e-02
2.999935610998550467e-02
2.999935610998612570e-02
2.999935610998399546e-02
2.999935610998579957e-02
2.999935610998311075e-02
2.999935610998478649e-02
2.999935610998668775e-02
2.999935610998505364e-02
2.999935610998480037e-02
2.999935610998567814e-02
2.999935610998729144e-02
2.999935610998666000e-02
2.999935610998391219e-02
2.999935610998771124e-02
2.999935610998480384e-02
2.999935610998846758e-02
2.999935610998239605e-02
2.999935610998855778e-02
2.999935610998260768e-02
2.999935610998797145e-02
2.999935610998714225e-02
2.999935610998601468e-02
2.999935610998799573e-02
2.999935610998668081e-02
2.999935610998449506e-02
2.999935610998814145e-02
2.999935610998822472e-02
2.999935610998816921e-02
2.999935610998976168e-02
2.999935610998709021e-02
2.999935610998826288e-02
2.999935610998987617e-02
2.999935610998974433e-02
2.999935610998813451e-02
2.999935610998871044e-02
2.999935610998677796e-02
2.999935610998894983e-02
2.999935610998799920e-02
2.999935610998930718e-02
2.999935610998709715e-02
2.999935610998970617e-02
2.999935610998631652e-02
2.999935610998936616e-02
2.999935610998896371e-02
2.999935610999034108e-02
2.999935610998942168e-02
2.999935610999008434e-02
2.999935610998651081e-02
2.999935610998873126e-02
2.999935610998941127e-02
2.999935610998454710e-02
2.999935610998810329e-02
2.999935610999047986e-02
2.999935610999059088e-02
2.999935610999006699e-02
2.999935610998897065e-02
2.999935610998875207e-02
2.999935610999248520e-02
2.999935610999031679e-02
2.999935610999004618e-02
2.999935610999092395e-02
2.999935610999048680e-02
2.999935610998764185e-02
2.999935610999154151e-02
2.999935610999076088e-02
2.999935610999035496e-02
2.999935610998952923e-02
2.999935610998964719e-02
2.999935610998939392e-02
2.999935610999118069e-02
2.999935610998922392e-02
2.999935610999020924e-02
2.999935610998929331e-02
2.999935610999037924e-02
2.999935610999199254e-02
2.999935610999148947e-02
2.999935610999072272e-02
2.999935610998798186e-02
2.999935610999048680e-02
2.999935610999120844e-02
2.999935610998920310e-02
2.999935610999138885e-02
2.999935610999049374e-02
2.999935610999098640e-02
2.999935610999065333e-02
2.999935610999183988e-02
2.999935610999069496e-02
2.999935610999063251e-02
2.999935610999023700e-02
2.999935610999261704e-02
2.999935610998955005e-02
2.999935610999043128e-02
2.999935610999077476e-02
2.999935610999266908e-02
2.999935610998977209e-02
2.999935610999129171e-02
2.999935610999060129e-02
2.999935610999100374e-02
2.999935610998928637e-02
2.999935610999118069e-02
2.999935610999000107e-02
2.999935610999005658e-02
2.999935610999071578e-02
2.999935610999132640e-02
2.999935610999024393e-02
2.999935610999099334e-02
2.999935610999114599e-02
2.999935610999128130e-02
2.999935610999115987e-02
2.999935610999158661e-02
2.999935610999123620e-02
2.999935610999095170e-02
2.999935610998984842e-02
2.999935610999267255e-02
2.999935610999088231e-02
2.999935610999039659e-02
2.999935610999079211e-02
2.999935610999045210e-02
2.999935610999034802e-02
2.999935610999245744e-02
2.999935610999204111e-02
2.999935610998943902e-02
2.999935610999160396e-02
2.999935610999063251e-02
2.999935610999192662e-02
2.999935610999172192e-02
2.999935610999038271e-02
2.999935610999041741e-02
2.999935610999266561e-02
2.999935610999105925e-02
2.999935610999136804e-02
2.999935610999233254e-02
2.999935610999137497e-02
2.999935610999202376e-02
2.999935610999255459e-02
2.999935610999326929e-02
2.999935610999190233e-02
2.999935610999143049e-02
2.999935610999247479e-02
2.999935610999094476e-02
2.999935610999135416e-02
2.999935610999421645e-02
2.999935610999284949e-02
2.999935610999179825e-02
2.999935610999299868e-02
2.999935610999311317e-02
2.999935610999112170e-02
2.999935610999237418e-02
2.999935610999112517e-02
2.999935610999089966e-02
2.999935610999322766e-02
2.999935610999124314e-02
2.999935610999281826e-02
2.999935610999103844e-02
2.999935610999397012e-02
2.999935610999210356e-02
2.999935610999201682e-02
2.999935610999220070e-02
2.999935610999244356e-02
2.999935610999233948e-02
2.999935610999091007e-02
2.999935610999032720e-02
2.999935610999182947e-02
2.999935610999160396e-02
2.999935610999053190e-02
2.999935610999238805e-02
2.999935610999295010e-02
2.999935610999177743e-02
2.999935610999315480e-02
2.999935610999109742e-02
2.999935610999138885e-02
2.999935610999039659e-02
2.999935610999270030e-02
2.999935610999174967e-02
2.999935610999093089e-02
2.999935610999146518e-02
2.999935610999159702e-02
2.999935610999129171e-02
2.999935610999205499e-02
2.999935610999169416e-02
2.999935610999072619e-02
2.999935610998998026e-02
2.999935610999143396e-02
2.999935610999030638e-02
2.999935610999193702e-02
2.999935610998940433e-02
2.999935610999248173e-02
2.999935610999077129e-02
2.999935610999204805e-02
2.999935610999092742e-02
2.999935610999119803e-02
2.999935610999260316e-02
2.999935610999069149e-02
2.999935610999069149e-02
2.999935610999116681e-02
2.999935610999081986e-02
2.999935610999079905e-02
2.999935610998958474e-02
2.999935610999063945e-02
2.999935610999096211e-02
2.999935610998995597e-02
2.999935610998951535e-02
2.999935610998989699e-02
2.999935610999034108e-02
2.999935610999259622e-02
2.999935610999178784e-02
2.999935610999079211e-02
2.999935610999137151e-02
2.999935610999100721e-02
2.999935610999129171e-02
2.999935610999148600e-02
2.999935610999075741e-02
2.999935610999073660e-02
2.999935610999052149e-02
2.999935610999049374e-02
2.999935610999039312e-02
2.999935610999078517e-02
2.999935610999117722e-02
2.999935610999103497e-02
2.999935610999147212e-02
2.999935610999156232e-02
2.999935610999159008e-02
2.999935610999199254e-02
2.999935610999221805e-02
2.999935610999250254e-02
2.999935610999200988e-02
2.999935610999197519e-02
2.999935610999198560e-02
2.999935610999134028e-02
2.999935610999173233e-02
2.999935610999052496e-02
2.999935610999221111e-02
2.999935610999140967e-02
2.999935610999144089e-02
2.999935610999094129e-02
2.999935610999323460e-02
2.999935610999335256e-02
2.999935610999244009e-02
2.999935610999421992e-02
2.999935610999257540e-02
2.999935610999241581e-02
2.999935610999397706e-02
2.999935610999329705e-02
2.999935610999300561e-02
2.999935610999394237e-02
2.999935610999251295e-02
2.999935610999263091e-02
2.999935610999226315e-02
2.999935610999383828e-02
2.999935610999416094e-02
2.999935610999294316e-02
2.999935610999561464e-02
2.999935610999361624e-02
2.999935610999404645e-02
2.999935610999533708e-02
2.999935610999537178e-02
2.999935610999552443e-02
2.999935610999664160e-02
2.999935610999560770e-02
2.999935610999701976e-02
2.999935610999601016e-02
2.999935610999509769e-02
2.999935610999563199e-02
2.999935610999633975e-02
2.999935610999592342e-02
2.999935610999584015e-02
2.999935610999576729e-02
2.999935610999587485e-02
2.999935610999576729e-02
2.999935610999751590e-02
2.999935610999646465e-02
2.999935610999723487e-02
2.999935610999829305e-02
2.999935610999805019e-02
2.999935610999715854e-02
2.999935610999683935e-02
2.999935610999791488e-02
2.999935610999886898e-02
2.999935610999853244e-02
2.999935610999771018e-02
2.999935610999837632e-02
2.999935610999835550e-02
2.999935610999815427e-02
2.999935610999910837e-02
2.999935610999812305e-02
2.999935610999916735e-02
2.999935610999790794e-02
2.999935610999971899e-02
2.999935610999966695e-02
2.999935610999927144e-02
2.999935610999933042e-02
2.999935611000014227e-02
2.999935611000148494e-02
2.999935610999877184e-02
2.999935610999866775e-02
2.999935610999929919e-02
2.999935610999900776e-02
2.999935610999877184e-02
2.999935611000012839e-02
2.999935610999989594e-02
2.999935611000066268e-02
2.999935611000034349e-02
2.999935610999986124e-02
2.999935610999987512e-02
2.999935611000034003e-02
2.999935611000096800e-02
2.999935611000030533e-02
2.999935611000055513e-02
2.999935611000085697e-02
2.999935611000077024e-02
2.999935611000072513e-02
2.999935611000054472e-02
2.999935611000070085e-02
2.999935610999994798e-02
2.999935611000106514e-02
2.999935611000045105e-02
2.999935611000056207e-02
2.999935611000068003e-02
2.999935611000150923e-02
2.999935611000073554e-02
2.999935611000085350e-02
2.999935611000093330e-02
2.999935610999990634e-02
2.999935611000055513e-02
2.999935611000038166e-02
2.999935611000083269e-02
2.999935611000070432e-02
2.999935611000111718e-02
2.999935611000114494e-02
2.999935611000058289e-02
2.999935611000045452e-02
2.999935611000100269e-02
2.999935611000143637e-02
2.999935611000136004e-02
2.999935611000124555e-02
2.999935611000099922e-02
2.999935611000113800e-02
2.999935611000072166e-02
2.999935611000132535e-02
2.999935611000094371e-02
2.999935611000108596e-02
2.999935611000044758e-02
2.999935611000051350e-02
2.999935611000099575e-02
2.999935611000073554e-02
2.999935611000094371e-02
2.999935611000058289e-02
2.999935611000083963e-02
2.999935611000090901e-02
2.999935611000110330e-02
2.999935611000129412e-02
2.999935611000126290e-02
2.999935611000113106e-02
2.999935611000116575e-02
2.999935611000086738e-02
2.999935611000094371e-02
2.999935611000064534e-02
2.999935611000104085e-02
2.999935611000116575e-02
2.999935611000066615e-02
2.999935611000065228e-02
2.999935611000063840e-02
2.999935611000074595e-02
2.999935611000072513e-02
2.999935611000045105e-02
2.999935611000085350e-02
2.999935611000147800e-02
2.999935611000104432e-02
2.999935611000126290e-02
2.999935611000068350e-02
2.999935611000077024e-02
2.999935611000110330e-02
2.999935611000124208e-02
2.999935611000068003e-02
2.999935611000104085e-02
2.999935611000065575e-02
2.999935611000113106e-02
2.999935611000079799e-02
2.999935611000078065e-02
2.999935611000113106e-02
2.999935611000084310e-02
2.999935611000077024e-02
2.999935611000102004e-02
2.999935611000118657e-02
2.999935611000105820e-02
2.999935611000122127e-02
2.999935611000101310e-02
2.999935611000095412e-02
2.999935611000115188e-02
2.999935611000126290e-02
2.999935611000100616e-02
2.999935611000110330e-02
2.999935611000124208e-02
2.999935611000072166e-02
2.999935611000079105e-02
2.999935611000093330e-02
2.999935611000095759e-02
2.999935611000113800e-02
2.999935611000108943e-02
2.999935611000127678e-02
2.999935611000084310e-02
2.999935611000117963e-02
2.999935611000105126e-02
2.999935611000104432e-02
2.999935611000113453e-02
2.999935611000109636e-02
2.999935611000078065e-02
2.999935611000071473e-02
2.999935611000082575e-02
2.999935611000079799e-02
2.999935611000085350e-02
2.999935611000063493e-02
2.999935611000092636e-02
2.999935611000092289e-02
2.999935611000089861e-02
2.999935611000101310e-02
2.999935611000095759e-02
2.999935611000077718e-02
2.999935611000092289e-02
2.999935611000069738e-02
2.999935611000060717e-02
2.999935611000060370e-02
2.999935611000066962e-02
2.999935611000065575e-02
2.999935611000066615e-02
2.999935611000064187e-02
2.999935611000070779e-02
2.999935611000073901e-02
2.999935611000061758e-02
2.999935611000081881e-02
2.999935611000074595e-02
2.999935611000085697e-02
2.999935611000078065e-02
2.999935611000079799e-02
2.999935611000068350e-02
2.999935611000064881e-02
2.999935611000054819e-02
2.999935611000045799e-02
2.999935611000047533e-02
2.999935611000049268e-02
2.999935611000055860e-02
2.999935611000056207e-02
2.999935611000054472e-02
2.999935611000056901e-02
2.999935611000057595e-02
2.999935611000063840e-02
2.999935611000074248e-02
2.999935611000076677e-02
2.999935611000080840e-02
2.999935611000082922e-02
2.999935611000079452e-02
2.999935611000069738e-02
2.999935611000058983e-02
2.999935611000054819e-02
2.999935611000050309e-02
2.999935611000049268e-02
2.999935611000057248e-02
2.999935611000059330e-02
2.999935611000064534e-02
2.999935611000068003e-02
2.999935611000069738e-02
2.999935611000078411e-02
2.999935611000086044e-02
2.999935611000090901e-02
2.999935611000098187e-02
2.999935611000106861e-02
2.999935611000107208e-02
2.999935611000101657e-02
2.999935611000097493e-02
2.999935611000088126e-02
2.999935611000083269e-02
2.999935611000082922e-02
2.999935611000088473e-02
2.999935611000093330e-02
2.999935611000099922e-02
2.999935611000105473e-02
2.999935611000107902e-02
2.999935611000116922e-02
2.999935611000119698e-02
2.999935611000127331e-02
2.999935611000136351e-02
2.999935611000147800e-02
2.999935611000150576e-02
2.999935611000151270e-02
2.999935611000156474e-02
2.999935611000149188e-02
2.999935611000142596e-02
2.999935611000141555e-02
2.999935611000147453e-02
2.999935611000151964e-02
2.999935611000164107e-02
2.999935611000166882e-02
2.999935611000173474e-02
2.999935611000182148e-02
2.999935611000180066e-02
2.999935611000185270e-02
2.999935611000200189e-02
2.999935611000211638e-02
2.999935611000218577e-02
2.999935611000221006e-02
2.999935611000226210e-02
2.999935611000224822e-02
2.999935611000214414e-02
2.999935611000219271e-02
2.999935611000230373e-02
2.999935611000231761e-02
2.999935611000242863e-02
2.999935611000251537e-02
2.999935611000252578e-02
2.999935611000258476e-02
2.999935611000247720e-02
2.999935611000252578e-02
2.999935611000268537e-02
2.999935611000275823e-02
2.999935611000274782e-02
2.999935611000303926e-02
2.999935611000285191e-02
2.999935611000303579e-02
2.999935611000324048e-02
2.999935611000301497e-02
2.999935611000310864e-02
2.999935611000287272e-02
2.999935611000324395e-02
2.999935611000351457e-02
2.999935611000324742e-02
2.999935611000319191e-02
2.999935611000316416e-02
2.999935611000287966e-02
2.999935611000328559e-02
2.999935611000338273e-02
2.999935611000299415e-02
2.999935611000357355e-02
2.999935611000340702e-02
2.999935611000357702e-02
2.999935611000345906e-02
2.999935611000336885e-02
2.999935611000370192e-02
2.999935611000350416e-02
2.999935611000383723e-02
2.999935611000363600e-02
2.999935611000346947e-02
2.999935611000379559e-02
2.999935611000368457e-02
2.999935611000338620e-02
2.999935611000335497e-02
2.999935611000306007e-02
2.999935611000343824e-02
2.999935611000358743e-02
2.999935611000394825e-02
2.999935611000400376e-02
2.999935611000405233e-02
2.999935611000395519e-02
2.999935611000389274e-02
2.999935611000402111e-02
2.999935611000353886e-02
2.999935611000375396e-02
2.999935611000378866e-02
2.999935611000383723e-02
2.999935611000437846e-02
2.999935611000380947e-02
2.999935611000364988e-02
2.999935611000352498e-02
2.999935611000337926e-02
2.999935611000367763e-02
2.999935611000372621e-02
2.999935611000349028e-02
2.999935611000390662e-02
2.999935611000392396e-02
2.999935611000347294e-02
2.999935611000369845e-02
2.999935611000360131e-02
2.999935611000360824e-02
2.999935611000366723e-02
2.999935611000376784e-02
2.999935611000411478e-02
2.999935611000343477e-02
2.999935611000364294e-02
2.999935611000338620e-02
2.999935611000325089e-02
2.999935611000336538e-02
2.999935611000393784e-02
2.999935611000398641e-02
2.999935611000357008e-02
2.999935611000399682e-02
2.999935611000365682e-02
2.999935611000333416e-02
2.999935611000422234e-02
2.999935611000347641e-02
2.999935611000337926e-02
2.999935611000354579e-02
2.999935611000370192e-02
2.999935611000401070e-02
2.999935611000288313e-02
2.999935611000350763e-02
2.999935611000421193e-02
2.999935611000472888e-02
2.999935611000482949e-02
2.999935611000306354e-02
2.999935611000462479e-02
2.999935611000423968e-02
2.999935611000456581e-02
2.999935611000408703e-02
2.999935611000356314e-02
2.999935611000415642e-02
2.999935611000403152e-02
2.999935611000373661e-02
2.999935611000429520e-02
2.999935611000473235e-02
2.999935611000409050e-02
2.999935611000439234e-02
2.999935611000244945e-02
2.999935611000361865e-02
2.999935611000476010e-02
2.999935611000496827e-02
2.999935611000478786e-02
2.999935611000455193e-02
2.999935611000480173e-02
2.999935611000391356e-02
2.999935611000331681e-02
2.999935611000437846e-02
2.999935611000406968e-02
2.999935611000469071e-02
2.999935611000410784e-02
2.999935611000414948e-02
2.999935611000322661e-02
2.999935611000376784e-02
2.999935611000433683e-02
2.999935611000298374e-02
2.999935611000388927e-02
2.999935611000365682e-02
2.999935611000424662e-02
2.999935611000423968e-02
2.999935611000418070e-02
2.999935611000318497e-02
2.999935611000465602e-02
2.999935611000302538e-02
2.999935611000366376e-02
2.999935611000335497e-02
2.999935611000251537e-02
2.999935611000347294e-02
2.999935611000266802e-02
2.999935611000255353e-02
2.999935611000473235e-02
2.999935611000266109e-02
2.999935611000221353e-02
2.999935611000334110e-02
2.999935611000168617e-02
2.999935611000196373e-02
2.999935611000319191e-02
2.999935611000301497e-02
2.999935611000181454e-02
2.999935611000140515e-02
2.999935611000172087e-02
2.999935611000160984e-02
2.999935611000294905e-02
2.999935611000228292e-02
2.999935611000202618e-02
2.999935611000065921e-02
2.999935611000170699e-02
2.999935611000265068e-02
2.999935611000212332e-02
2.999935611000137392e-02
2.999935611000146760e-02
2.999935611000150576e-02
2.999935611000178332e-02
2.999935611000223434e-02
2.999935611000072166e-02
2.999935610999927837e-02
2.999935610999937552e-02
2.999935611000071820e-02
2.999935610999968083e-02
2.999935611000031921e-02
2.999935611000024288e-02
2.999935611000058983e-02
2.999935610999958369e-02
2.999935610999908756e-02
2.999935611000037125e-02
2.999935610999797039e-02
2.999935610999870592e-02
2.999935610999907021e-02
2.999935610999906327e-02
2.999935610999899388e-02
2.999935610999829305e-02
2.999935610999849775e-02
2.999935610999852897e-02
2.999935610999751590e-02
2.999935610999722793e-02
2.999935610999794611e-02
2.999935610999842489e-02
2.999935610999711344e-02
2.999935610999785590e-02
2.999935610999883082e-02
2.999935610999795305e-02
2.999935610999833815e-02
2.999935610999799468e-02
2.999935610999699548e-02
2.999935610999692956e-02
2.999935610999669711e-02
2.999935610999611077e-02
2.999935610999571872e-02
2.999935610999712385e-02
2.999935610999517749e-02
2.999935610999568403e-02
2.999935610999550015e-02
2.999935610999621485e-02
2.999935610999635016e-02
2.999935610999697813e-02
2.999935610999561464e-02
2.999935610999661037e-02
2.999935610999553484e-02
2.999935610999626689e-02
2.999935610999607608e-02
2.999935610999591301e-02
2.999935610999653057e-02
2.999935610999674568e-02
2.999935610999630853e-02
2.999935610999593730e-02
2.999935610999557301e-02
2.999935610999679772e-02
2.999935610999569791e-02
2.999935610999418523e-02
2.999935610999511504e-02
2.999935610999507341e-02
2.999935610999325541e-02
2.999935610999513586e-02
2.999935610999547239e-02
2.999935610999577770e-02
2.999935610999508034e-02
2.999935610999523994e-02
2.999935610999546198e-02
2.999935610999594077e-02
2.999935610999548974e-02
2.999935610999658608e-02
2.999935610999548974e-02
2.999935610999667282e-02
2.999935610999530239e-02
2.999935610999514973e-02
2.999935610999543770e-02
2.999935610999563546e-02
2.999935610999501789e-02
2.999935610999427543e-02
2.999935610999542035e-02
2.999935610999666241e-02
2.999935610999433094e-02
2.999935610999611077e-02
2.999935610999615934e-02
2.999935610999626343e-02
2.999935610999679425e-02
2.999935610999709262e-02
2.999935610999661384e-02
2.999935610999632934e-02
2.999935610999609689e-02
2.999935610999577076e-02
2.999935610999642996e-02
2.999935610999480973e-02
2.999935610999556954e-02
2.999935610999658608e-02
2.999935610999649241e-02
2.999935610999732855e-02
2.999935610999564239e-02
2.999935610999586097e-02
2.999935610999625996e-02
2.999935610999659996e-02
2.999935610999652363e-02
2.999935610999661731e-02
2.999935610999795305e-02
2.999935610999763039e-02
2.999935610999635710e-02
2.999935610999739793e-02
2.999935610999697813e-02
2.999935610999567709e-02
2.999935610999629465e-02
2.999935610999658608e-02
2.999935610999706834e-02
2.999935610999554872e-02
2.999935610999761304e-02
2.999935610999701630e-02
2.999935610999759222e-02
2.999935610999681507e-02
2.999935610999716895e-02
2.999935610999635363e-02
2.999935610999743957e-02
2.999935610999629118e-02
2.999935610999656527e-02
2.999935610999761998e-02
2.999935610999557301e-02
2.999935610999581587e-02
2.999935610999708221e-02
2.999935610999732855e-02
2.999935610999769631e-02
2.999935610999625302e-02
2.999935610999711344e-02
2.999935610999648547e-02
2.999935610999741181e-02
2.999935610999770325e-02
2.999935610999582974e-02
2.999935610999669711e-02
2.999935610999727997e-02
2.999935610999832775e-02
2.999935610999715507e-02
2.999935610999687405e-02
2.999935610999545157e-02
2.999935610999692262e-02
2.999935610999635016e-02
2.999935610999624608e-02
2.999935610999750202e-02
2.999935610999855673e-02
2.999935610999653057e-02
2.999935610999808488e-02
2.999935610999730773e-02
2.999935610999706487e-02
2.999935610999728691e-02
2.999935610999731120e-02
2.999935610999769978e-02
2.999935610999770325e-02
2.999935610999578117e-02
2.999935610999774488e-02
2.999935610999811264e-02
2.999935610999528504e-02
2.999935610999790447e-02
2.999935610999712732e-02
2.999935610999770325e-02
2.999935610999652016e-02
2.999935610999703017e-02
2.999935610999616975e-02
2.999935610999676996e-02
2.999935610999533361e-02
2.999935610999598240e-02
2.999935610999737712e-02
2.999935610999698160e-02
2.999935610999614199e-02
2.999935610999607261e-02
2.999935610999773100e-02
2.999935610999764080e-02
2.999935610999571872e-02
2.999935610999567709e-02
2.999935610999664506e-02
2.999935610999593383e-02
2.999935610999544464e-02
2.999935610999730773e-02
2.999935610999590607e-02
2.999935610999637098e-02
2.999935610999616281e-02
2.999935610999478544e-02
2.999935610999802937e-02
2.999935610999622179e-02
2.999935610999541341e-02
2.999935610999744304e-02
2.999935610999629465e-02
2.999935610999568056e-02
2.999935610999605179e-02
2.999935610999734936e-02
2.999935610999498320e-02
2.999935610999656527e-02
2.999935610999713079e-02
2.999935610999672486e-02
2.999935610999567709e-02
2.999935610999722793e-02
2.999935610999749161e-02
2.999935610999752977e-02
2.999935610999728691e-02
2.999935610999616975e-02
2.999935610999645424e-02
2.999935610999668670e-02
2.999935610999695385e-02
2.999935610999564586e-02
2.999935610999767549e-02
2.999935610999644731e-02
2.999935610999673180e-02
2.999935610999624261e-02
2.999935610999866775e-02
2.999935610999527116e-02
2.999935610999633975e-02
2.999935610999744651e-02
2.999935610999795652e-02
2.999935610999538219e-02
2.999935610999401175e-02
2.999935610999589219e-02
2.999935610999615587e-02
2.999935610999458421e-02
2.999935610999538566e-02
2.999935610999658608e-02
2.999935610999548974e-02
2.999935610999804672e-02
2.999935610999664160e-02
2.999935610999738753e-02
2.999935610999476809e-02
2.999935610999615587e-02
2.999935610999340113e-02
2.999935610999648894e-02
2.999935610999428931e-02
2.999935610999727997e-02
2.999935610999636404e-02
2.999935610999404645e-02
2.999935610999441421e-02
2.999935610999242969e-02
2.999935610999622526e-02
2.999935610999516361e-02
2.999935610999487565e-02
2.999935610999814734e-02
2.999935610999434482e-02
2.999935610999532321e-02
2.999935610999572913e-02
2.999935610999319643e-02
2.999935610999585056e-02
2.999935610999506994e-02
2.999935610999545851e-02
2.999935610999917429e-02
2.999935610999544811e-02
2.999935610999373073e-02
2.999935610999290153e-02
2.999935610999209662e-02
2.999935610999663466e-02
2.999935610999613853e-02
2.999935610999561464e-02
2.999935610999648894e-02
2.999935610999197866e-02
2.999935610999013291e-02
2.999935610999621138e-02
2.999935610999299174e-02
2.999935610999463625e-02
2.999935610999445584e-02
2.999935610999550015e-02
2.999935610999057006e-02
2.999935610999316868e-02
2.999935610999215907e-02
2.999935610999172886e-02
2.999935610999209315e-02
2.999935610999034108e-02
2.999935610998920657e-02
2.999935610999518790e-02
2.999935610999024393e-02
2.999935610999358501e-02
2.999935610998861676e-02
2.999935610999176355e-02
2.999935610998607366e-02
2.999935610998991087e-02
2.999935610999373420e-02
2.999935610999216254e-02
2.999935610999230479e-02
2.999935610998962290e-02
2.999935610999234989e-02
2.999935610999191621e-02
2.999935610998923086e-02
2.999935610999154151e-02
2.999935610999035496e-02
2.999935610999221111e-02
2.999935610998826288e-02
2.999935610998862023e-02
2.999935610999281480e-02
2.999935610999274194e-02
2.999935610999159355e-02
2.999935610999113905e-02
2.999935610998994556e-02
2.999935610998901575e-02
2.999935610998834268e-02
2.999935610998849186e-02
2.999935610998832880e-02
2.999935610999091007e-02
2.999935610998862023e-02
