0.000000000000000000e+00 2.999935798466782030e-02
1.000000000000000021e-02 2.999935798466952380e-02
2.000000000000000042e-02 2.999935798466602660e-02
2.999999999999999889e-02 2.999935798466413922e-02
4.000000000000000083e-02 2.999935798467099832e-02
5.000000000000000278e-02 2.999935798466844480e-02
5.999999999999999778e-02 2.999935798466966258e-02
7.000000000000000666e-02 2.999935798466947176e-02
8.000000000000000167e-02 2.999935798466699458e-02
8.999999999999999667e-02 2.999935798466881950e-02
1.000000000000000056e-01 2.999935798466907971e-02
1.100000000000000006e-01 2.999935798466847603e-02
1.199999999999999956e-01 2.999935798467226120e-02
1.300000000000000044e-01 2.999935798466491291e-02
1.400000000000000133e-01 2.999935798466790357e-02
1.499999999999999944e-01 2.999935798466801459e-02
1.600000000000000033e-01 2.999935798466476719e-02
1.700000000000000122e-01 2.999935798467068260e-02
1.799999999999999933e-01 2.999935798466812562e-02
1.900000000000000022e-01 2.999935798466757050e-02
2.000000000000000111e-01 2.999935798467028014e-02
2.099999999999999922e-01 2.999935798466545414e-02
2.200000000000000011e-01 2.999935798466705703e-02
2.300000000000000100e-01 2.999935798466896522e-02
2.399999999999999911e-01 2.999935798466871889e-02
2.500000000000000000e-01 2.999935798466628334e-02
2.600000000000000089e-01 2.999935798466981177e-02
2.700000000000000178e-01 2.999935798466746642e-02
2.800000000000000266e-01 2.999935798466831990e-02
2.899999999999999800e-01 2.999935798467128628e-02
2.999999999999999889e-01 2.999935798466927747e-02
3.099999999999999978e-01 2.999935798466737968e-02
3.200000000000000067e-01 2.999935798467289610e-02
3.300000000000000155e-01 2.999935798466815337e-02
3.400000000000000244e-01 2.999935798466969034e-02
3.500000000000000333e-01 2.999935798466701539e-02
3.599999999999999867e-01 2.999935798466860787e-02
3.699999999999999956e-01 2.999935798466970074e-02
3.800000000000000044e-01 2.999935798466408371e-02
3.900000000000000133e-01 2.999935798466659906e-02
4.000000000000000222e-01 2.999935798466928441e-02
4.100000000000000311e-01 2.999935798466792786e-02
4.199999999999999845e-01 2.999935798466604742e-02
4.299999999999999933e-01 2.999935798466971462e-02
4.400000000000000022e-01 2.999935798467103648e-02
4.500000000000000111e-01 2.999935798467021075e-02
4.600000000000000200e-01 2.999935798466621395e-02
4.700000000000000289e-01 2.999935798467164016e-02
4.799999999999999822e-01 2.999935798467110587e-02
4.899999999999999911e-01 2.999935798466537781e-02
5.000000000000000000e-01 2.999935798466838582e-02
5.100000000000000089e-01 2.999935798466848991e-02
5.200000000000000178e-01 2.999935798467127240e-02
5.300000000000000266e-01 2.999935798466912829e-02
5.400000000000000355e-01 2.999935798466985340e-02
5.500000000000000444e-01 2.999935798467157078e-02
5.600000000000000533e-01 2.999935798466777867e-02
5.700000000000000622e-01 2.999935798467083525e-02
5.799999999999999600e-01 2.999935798466588088e-02
5.899999999999999689e-01 2.999935798466912829e-02
5.999999999999999778e-01 2.999935798466980136e-02
6.099999999999999867e-01 2.999935798467065831e-02
6.199999999999999956e-01 2.999935798467322917e-02
6.300000000000000044e-01 2.999935798466558598e-02
6.400000000000000133e-01 2.999935798466928788e-02
6.500000000000000222e-01 2.999935798466581843e-02
6.600000000000000311e-01 2.999935798466897563e-02
6.700000000000000400e-01 2.999935798466919074e-02
6.800000000000000488e-01 2.999935798466971115e-02
6.900000000000000577e-01 2.999935798466767806e-02
7.000000000000000666e-01 2.999935798466878828e-02
7.099999999999999645e-01 2.999935798466563802e-02
7.199999999999999734e-01 2.999935798466810480e-02
7.299999999999999822e-01 2.999935798466838929e-02
7.399999999999999911e-01 2.999935798466931910e-02
7.500000000000000000e-01 2.999935798466698764e-02
7.600000000000000089e-01 2.999935798467113363e-02
7.700000000000000178e-01 2.999935798466989850e-02
7.800000000000000266e-01 2.999935798466572823e-02
7.900000000000000355e-01 2.999935798466688702e-02
8.000000000000000444e-01 2.999935798466941625e-02
8.100000000000000533e-01 2.999935798466746642e-02
8.200000000000000622e-01 2.999935798466657824e-02
8.300000000000000711e-01 2.999935798466846909e-02
8.399999999999999689e-01 2.999935798466887155e-02
8.499999999999999778e-01 2.999935798466703274e-02
8.599999999999999867e-01 2.999935798466663028e-02
8.699999999999999956e-01 2.999935798467117526e-02
8.800000000000000044e-01 2.999935798466785153e-02
8.900000000000000133e-01 2.999935798466950992e-02
9.000000000000000222e-01 2.999935798466948564e-02
9.100000000000000311e-01 2.999935798466992626e-02
9.200000000000000400e-01 2.999935798466688702e-02
9.300000000000000488e-01 2.999935798466746989e-02
9.400000000000000577e-01 2.999935798466715764e-02
9.500000000000000666e-01 2.999935798466736928e-02
9.599999999999999645e-01 2.999935798466897216e-02
9.699999999999999734e-01 2.999935798466874665e-02
9.799999999999999822e-01 2.999935798466864603e-02
9.899999999999999911e-01 2.999935798466537434e-02
1.000000000000000000e+00 2.999935798466771622e-02
1.010000000000000009e+00 2.999935798466791398e-02
1.020000000000000018e+00 2.999935798466784459e-02
1.030000000000000027e+00 2.999935798466837888e-02
1.040000000000000036e+00 2.999935798466783418e-02
1.050000000000000044e+00 2.999935798466931564e-02
1.060000000000000053e+00 2.999935798466749765e-02
1.070000000000000062e+00 2.999935798466868420e-02
1.080000000000000071e+00 2.999935798467031484e-02
1.090000000000000080e+00 2.999935798466943360e-02
1.100000000000000089e+00 2.999935798466823664e-02
1.110000000000000098e+00 2.999935798467031137e-02
1.120000000000000107e+00 2.999935798467086995e-02
1.130000000000000115e+00 2.999935798466938502e-02
1.140000000000000124e+00 2.999935798466878828e-02
1.150000000000000133e+00 2.999935798466921155e-02
1.159999999999999920e+00 2.999935798466981524e-02
1.169999999999999929e+00 2.999935798466917686e-02
1.179999999999999938e+00 2.999935798466915604e-02
1.189999999999999947e+00 2.999935798466851766e-02
1.199999999999999956e+00 2.999935798466984646e-02
1.209999999999999964e+00 2.999935798466678988e-02
1.219999999999999973e+00 2.999935798466911788e-02
1.229999999999999982e+00 2.999935798466790704e-02
1.239999999999999991e+00 2.999935798466794867e-02
1.250000000000000000e+00 2.999935798466971809e-02
1.260000000000000009e+00 2.999935798466842052e-02
1.270000000000000018e+00 2.999935798466767806e-02
1.280000000000000027e+00 2.999935798466875359e-02
1.290000000000000036e+00 2.999935798466970074e-02
1.300000000000000044e+00 2.999935798466826092e-02
1.310000000000000053e+00 2.999935798466831643e-02
1.320000000000000062e+00 2.999935798466706743e-02
1.330000000000000071e+00 2.999935798466912829e-02
1.340000000000000080e+00 2.999935798466823317e-02
1.350000000000000089e+00 2.999935798466794173e-02
1.360000000000000098e+00 2.999935798466882297e-02
1.370000000000000107e+00 2.999935798467021075e-02
1.380000000000000115e+00 2.999935798466984993e-02
1.390000000000000124e+00 2.999935798466828174e-02
1.400000000000000133e+00 2.999935798466857317e-02
1.409999999999999920e+00 2.999935798466820541e-02
1.419999999999999929e+00 2.999935798466918727e-02
1.429999999999999938e+00 2.999935798466626946e-02
1.439999999999999947e+00 2.999935798466853154e-02
1.449999999999999956e+00 2.999935798466825398e-02
1.459999999999999964e+00 2.999935798466941278e-02
1.469999999999999973e+00 2.999935798466882991e-02
1.479999999999999982e+00 2.999935798466894787e-02
1.489999999999999991e+00 2.999935798466658518e-02
1.500000000000000000e+00 2.999935798466935727e-02
1.510000000000000009e+00 2.999935798466779602e-02
1.520000000000000018e+00 2.999935798466938502e-02
1.530000000000000027e+00 2.999935798466890624e-02
1.540000000000000036e+00 2.999935798466861481e-02
1.550000000000000044e+00 2.999935798466777520e-02
1.560000000000000053e+00 2.999935798466859746e-02
1.570000000000000062e+00 2.999935798466858705e-02
1.580000000000000071e+00 2.999935798466735193e-02
1.590000000000000080e+00 2.999935798466973891e-02
1.600000000000000089e+00 2.999935798466816031e-02
1.610000000000000098e+00 2.999935798466833031e-02
1.620000000000000107e+00 2.999935798467055076e-02
1.630000000000000115e+00 2.999935798466910747e-02
1.640000000000000124e+00 2.999935798466868073e-02
1.650000000000000133e+00 2.999935798466932257e-02
1.660000000000000142e+00 2.999935798466887502e-02
1.669999999999999929e+00 2.999935798467026973e-02
1.679999999999999938e+00 2.999935798466869807e-02
1.689999999999999947e+00 2.999935798466892706e-02
1.699999999999999956e+00 2.999935798466793480e-02
1.709999999999999964e+00 2.999935798466899992e-02
1.719999999999999973e+00 2.999935798466868767e-02
1.729999999999999982e+00 2.999935798466871195e-02
1.739999999999999991e+00 2.999935798466905196e-02
1.750000000000000000e+00 2.999935798466926706e-02
1.760000000000000009e+00 2.999935798466815684e-02
1.770000000000000018e+00 2.999935798466858705e-02
1.780000000000000027e+00 2.999935798466844827e-02
1.790000000000000036e+00 2.999935798466799725e-02
1.800000000000000044e+00 2.999935798466933645e-02
1.810000000000000053e+00 2.999935798467045361e-02
1.820000000000000062e+00 2.999935798466906584e-02
1.830000000000000071e+00 2.999935798466923237e-02
1.840000000000000080e+00 2.999935798466835113e-02
1.850000000000000089e+00 2.999935798466859399e-02
1.860000000000000098e+00 2.999935798466985687e-02
1.870000000000000107e+00 2.999935798466967646e-02
1.880000000000000115e+00 2.999935798467015524e-02
1.890000000000000124e+00 2.999935798466855236e-02
1.900000000000000133e+00 2.999935798466922196e-02
1.910000000000000142e+00 2.999935798466928094e-02
1.919999999999999929e+00 2.999935798466895134e-02
1.929999999999999938e+00 2.999935798466861481e-02
1.939999999999999947e+00 2.999935798466961054e-02
1.949999999999999956e+00 2.999935798466912135e-02
1.959999999999999964e+00 2.999935798466861481e-02
1.969999999999999973e+00 2.999935798466979442e-02
1.979999999999999982e+00 2.999935798466921849e-02
1.989999999999999991e+00 2.999935798466998871e-02
2.000000000000000000e+00 2.999935798466879869e-02
2.010000000000000231e+00 2.999935798466892359e-02
2.020000000000000018e+00 2.999935798466883338e-02
2.030000000000000249e+00 2.999935798466718193e-02
2.040000000000000036e+00 2.999935798467026626e-02
2.049999999999999822e+00 2.999935798466873971e-02
2.060000000000000053e+00 2.999935798466830256e-02
2.069999999999999840e+00 2.999935798466821235e-02
2.080000000000000071e+00 2.999935798466803888e-02
2.089999999999999858e+00 2.999935798466939196e-02
2.100000000000000089e+00 2.999935798467045361e-02
2.109999999999999876e+00 2.999935798466926012e-02
2.120000000000000107e+00 2.999935798466970421e-02
2.129999999999999893e+00 2.999935798466994707e-02
2.140000000000000124e+00 2.999935798466860787e-02
2.149999999999999911e+00 2.999935798466869113e-02
2.160000000000000142e+00 2.999935798466960013e-02
2.169999999999999929e+00 2.999935798466860093e-02
2.180000000000000160e+00 2.999935798466926012e-02
2.189999999999999947e+00 2.999935798466848297e-02
2.200000000000000178e+00 2.999935798466925665e-02
2.209999999999999964e+00 2.999935798466917339e-02
2.220000000000000195e+00 2.999935798466790704e-02
2.229999999999999982e+00 2.999935798466754622e-02
2.240000000000000213e+00 2.999935798466846909e-02
2.250000000000000000e+00 2.999935798466821582e-02
2.260000000000000231e+00 2.999935798467021769e-02
2.270000000000000018e+00 2.999935798467028708e-02
2.280000000000000249e+00 2.999935798466813602e-02
2.290000000000000036e+00 2.999935798466924625e-02
2.300000000000000266e+00 2.999935798466863562e-02
2.310000000000000053e+00 2.999935798466829562e-02
2.319999999999999840e+00 2.999935798466887155e-02
2.330000000000000071e+00 2.999935798466724785e-02
2.339999999999999858e+00 2.999935798466950992e-02
2.350000000000000089e+00 2.999935798466852460e-02
2.359999999999999876e+00 2.999935798466957931e-02
2.370000000000000107e+00 2.999935798466877440e-02
2.379999999999999893e+00 2.999935798466820194e-02
2.390000000000000124e+00 2.999935798467006851e-02
2.399999999999999911e+00 2.999935798466812908e-02
2.410000000000000142e+00 2.999935798467027320e-02
2.419999999999999929e+00 2.999935798466910053e-02
2.430000000000000160e+00 2.999935798466899645e-02
2.439999999999999947e+00 2.999935798466854542e-02
2.450000000000000178e+00 2.999935798466894787e-02
2.459999999999999964e+00 2.999935798466978054e-02
2.470000000000000195e+00 2.999935798466905196e-02
2.479999999999999982e+00 2.999935798466980136e-02
2.490000000000000213e+00 2.999935798466731376e-02
2.500000000000000000e+00 2.999935798466863215e-02
2.510000000000000231e+00 2.999935798466752540e-02
2.520000000000000018e+00 2.999935798466987422e-02
2.530000000000000249e+00 2.999935798466937115e-02
2.540000000000000036e+00 2.999935798466955850e-02
2.550000000000000266e+00 2.999935798467009973e-02
2.560000000000000053e+00 2.999935798466754969e-02
2.569999999999999840e+00 2.999935798466903808e-02
2.580000000000000071e+00 2.999935798466899992e-02
2.589999999999999858e+00 2.999935798466893053e-02
2.600000000000000089e+00 2.999935798466776132e-02
2.609999999999999876e+00 2.999935798466930523e-02
2.620000000000000107e+00 2.999935798466950299e-02
2.629999999999999893e+00 2.999935798467030443e-02
2.640000000000000124e+00 2.999935798466863909e-02
2.649999999999999911e+00 2.999935798466928441e-02
2.660000000000000142e+00 2.999935798466892706e-02
2.669999999999999929e+00 2.999935798466793133e-02
2.680000000000000160e+00 2.999935798466961401e-02
2.689999999999999947e+00 2.999935798466940584e-02
2.700000000000000178e+00 2.999935798466990197e-02
2.709999999999999964e+00 2.999935798467014136e-02
2.720000000000000195e+00 2.999935798466849685e-02
2.729999999999999982e+00 2.999935798466914216e-02
2.740000000000000213e+00 2.999935798466992279e-02
2.750000000000000000e+00 2.999935798466856277e-02
2.760000000000000231e+00 2.999935798466960707e-02
2.770000000000000018e+00 2.999935798466859399e-02
2.780000000000000249e+00 2.999935798466842746e-02
2.790000000000000036e+00 2.999935798466893400e-02
2.800000000000000266e+00 2.999935798466760867e-02
2.810000000000000053e+00 2.999935798466924972e-02
2.819999999999999840e+00 2.999935798466841358e-02
2.830000000000000071e+00 2.999935798466934686e-02
2.839999999999999858e+00 2.999935798466942666e-02
2.850000000000000089e+00 2.999935798466932257e-02
2.859999999999999876e+00 2.999935798466951686e-02
2.870000000000000107e+00 2.999935798467060280e-02
2.879999999999999893e+00 2.999935798467048831e-02
2.890000000000000124e+00 2.999935798466887849e-02
2.899999999999999911e+00 2.999935798466937115e-02
2.910000000000000142e+00 2.999935798466900685e-02
2.919999999999999929e+00 2.999935798466757397e-02
2.930000000000000160e+00 2.999935798466839970e-02
2.939999999999999947e+00 2.999935798466938155e-02
2.950000000000000178e+00 2.999935798467041892e-02
2.959999999999999964e+00 2.999935798467037382e-02
2.970000000000000195e+00 2.999935798466936421e-02
2.979999999999999982e+00 2.999935798467060280e-02
2.990000000000000213e+00 2.999935798467074158e-02
3.000000000000000000e+00 2.999935798466960707e-02
3.010000000000000231e+00 2.999935798466899992e-02
3.020000000000000018e+00 2.999935798467157771e-02
3.030000000000000249e+00 2.999935798467048484e-02
3.040000000000000036e+00 2.999935798466998871e-02
3.050000000000000266e+00 2.999935798467081444e-02
3.060000000000000053e+00 2.999935798467008932e-02
3.070000000000000284e+00 2.999935798466900685e-02
3.080000000000000071e+00 2.999935798466980136e-02
3.089999999999999858e+00 2.999935798467017606e-02
3.100000000000000089e+00 2.999935798466990197e-02
3.109999999999999876e+00 2.999935798467059933e-02
3.120000000000000107e+00 2.999935798466987422e-02
3.129999999999999893e+00 2.999935798466862522e-02
3.140000000000000124e+00 2.999935798466937809e-02
3.149999999999999911e+00 2.999935798466972503e-02
3.160000000000000142e+00 2.999935798466986381e-02
3.169999999999999929e+00 2.999935798467030096e-02
3.180000000000000160e+00 2.999935798467005463e-02
3.189999999999999947e+00 2.999935798466986728e-02
3.200000000000000178e+00 2.999935798467024892e-02
3.209999999999999964e+00 2.999935798466935380e-02
3.220000000000000195e+00 2.999935798466957237e-02
3.229999999999999982e+00 2.999935798466948217e-02
3.240000000000000213e+00 2.999935798466917686e-02
3.250000000000000000e+00 2.999935798467074505e-02
3.260000000000000231e+00 2.999935798467018647e-02
3.270000000000000018e+00 2.999935798466989850e-02
3.280000000000000249e+00 2.999935798467018994e-02
3.290000000000000036e+00 2.999935798466929135e-02
3.300000000000000266e+00 2.999935798467025239e-02
3.310000000000000053e+00 2.999935798466996442e-02
3.320000000000000284e+00 2.999935798466972850e-02
3.330000000000000071e+00 2.999935798467025239e-02
3.339999999999999858e+00 2.999935798466948911e-02
3.350000000000000089e+00 2.999935798466999912e-02
3.359999999999999876e+00 2.999935798467059239e-02
3.370000000000000107e+00 2.999935798467119608e-02
3.379999999999999893e+00 2.999935798467045014e-02
3.390000000000000124e+00 2.999935798466962442e-02
3.399999999999999911e+00 2.999935798466983952e-02
3.410000000000000142e+00 2.999935798467037035e-02
3.419999999999999929e+00 2.999935798467016912e-02
3.430000000000000160e+00 2.999935798466965564e-02
3.439999999999999947e+00 2.999935798466914563e-02
3.450000000000000178e+00 2.999935798466924972e-02
3.459999999999999964e+00 2.999935798466868767e-02
3.470000000000000195e+00 2.999935798466979442e-02
3.479999999999999982e+00 2.999935798466961054e-02
3.490000000000000213e+00 2.999935798466952380e-02
3.500000000000000000e+00 2.999935798467080403e-02
3.510000000000000231e+00 2.999935798466925319e-02
3.520000000000000018e+00 2.999935798466965564e-02
3.530000000000000249e+00 2.999935798467034606e-02
3.540000000000000036e+00 2.999935798466973891e-02
3.550000000000000266e+00 2.999935798466936421e-02
3.560000000000000053e+00 2.999935798467053688e-02
3.570000000000000284e+00 2.999935798466960707e-02
3.580000000000000071e+00 2.999935798466948217e-02
3.589999999999999858e+00 2.999935798467006504e-02
3.600000000000000089e+00 2.999935798466992626e-02
3.609999999999999876e+00 2.999935798466992279e-02
3.620000000000000107e+00 2.999935798467023157e-02
3.629999999999999893e+00 2.999935798466924625e-02
3.640000000000000124e+00 2.999935798467099485e-02
3.649999999999999911e+00 2.999935798467041892e-02
3.660000000000000142e+00 2.999935798466953074e-02
3.669999999999999929e+00 2.999935798466963482e-02
3.680000000000000160e+00 2.999935798466975972e-02
3.689999999999999947e+00 2.999935798467058198e-02
3.700000000000000178e+00 2.999935798466977360e-02
3.709999999999999964e+00 2.999935798467023504e-02
3.720000000000000195e+00 2.999935798466967299e-02
3.729999999999999982e+00 2.999935798466953768e-02
3.740000000000000213e+00 2.999935798466986381e-02
3.750000000000000000e+00 2.999935798466925319e-02
3.760000000000000231e+00 2.999935798467028014e-02
3.770000000000000018e+00 2.999935798467057158e-02
3.780000000000000249e+00 2.999935798467060280e-02
3.790000000000000036e+00 2.999935798467013096e-02
3.800000000000000266e+00 2.999935798466972503e-02
3.810000000000000053e+00 2.999935798467068260e-02
3.820000000000000284e+00 2.999935798466994707e-02
3.830000000000000071e+00 2.999935798467007891e-02
3.839999999999999858e+00 2.999935798467014830e-02
3.850000000000000089e+00 2.999935798467000952e-02
3.859999999999999876e+00 2.999935798467021075e-02
3.870000000000000107e+00 2.999935798466992626e-02
3.879999999999999893e+00 2.999935798467021075e-02
3.890000000000000124e+00 2.999935798467047443e-02
3.899999999999999911e+00 2.999935798466980830e-02
3.910000000000000142e+00 2.999935798467028708e-02
3.919999999999999929e+00 2.999935798467040504e-02
3.930000000000000160e+00 2.999935798467005810e-02
3.939999999999999947e+00 2.999935798467006504e-02
3.950000000000000178e+00 2.999935798467055770e-02
3.959999999999999964e+00 2.999935798467030096e-02
3.970000000000000195e+00 2.999935798467046055e-02
3.979999999999999982e+00 2.999935798467033565e-02
3.990000000000000213e+00 2.999935798466992626e-02
4.000000000000000000e+00 2.999935798467038769e-02
4.009999999999999787e+00 2.999935798467042239e-02
4.020000000000000462e+00 2.999935798467037035e-02
4.030000000000000249e+00 2.999935798467050219e-02
4.040000000000000036e+00 2.999935798467063403e-02
4.049999999999999822e+00 2.999935798467069648e-02
4.060000000000000497e+00 2.999935798467021075e-02
4.070000000000000284e+00 2.999935798467033218e-02
4.080000000000000071e+00 2.999935798467050566e-02
4.089999999999999858e+00 2.999935798467032871e-02
4.099999999999999645e+00 2.999935798467041198e-02
4.110000000000000320e+00 2.999935798467068260e-02
4.120000000000000107e+00 2.999935798467044668e-02
4.129999999999999893e+00 2.999935798467057504e-02
4.139999999999999680e+00 2.999935798467060280e-02
4.150000000000000355e+00 2.999935798467060627e-02
4.160000000000000142e+00 2.999935798467031484e-02
4.169999999999999929e+00 2.999935798467088383e-02
4.179999999999999716e+00 2.999935798467009279e-02
4.190000000000000391e+00 2.999935798467080403e-02
4.200000000000000178e+00 2.999935798467055423e-02
4.209999999999999964e+00 2.999935798467052300e-02
4.219999999999999751e+00 2.999935798467079362e-02
4.230000000000000426e+00 2.999935798467055423e-02
4.240000000000000213e+00 2.999935798467044668e-02
4.250000000000000000e+00 2.999935798467035647e-02
4.259999999999999787e+00 2.999935798467059933e-02
4.270000000000000462e+00 2.999935798467020381e-02
4.280000000000000249e+00 2.999935798467032871e-02
4.290000000000000036e+00 2.999935798467014830e-02
4.299999999999999822e+00 2.999935798467042239e-02
4.310000000000000497e+00 2.999935798467025933e-02
4.320000000000000284e+00 2.999935798467052994e-02
4.330000000000000071e+00 2.999935798467029402e-02
4.339999999999999858e+00 2.999935798467058545e-02
4.350000000000000533e+00 2.999935798467018300e-02
4.360000000000000320e+00 2.999935798467017953e-02
4.370000000000000107e+00 2.999935798467057851e-02
4.379999999999999893e+00 2.999935798467061668e-02
4.389999999999999680e+00 2.999935798467049525e-02
4.400000000000000355e+00 2.999935798467028014e-02
4.410000000000000142e+00 2.999935798467076586e-02
4.419999999999999929e+00 2.999935798467041545e-02
4.429999999999999716e+00 2.999935798467030096e-02
4.440000000000000391e+00 2.999935798467067913e-02
4.450000000000000178e+00 2.999935798467031137e-02
4.459999999999999964e+00 2.999935798467045014e-02
4.469999999999999751e+00 2.999935798467054035e-02
4.480000000000000426e+00 2.999935798467046055e-02
4.490000000000000213e+00 2.999935798467052994e-02
4.500000000000000000e+00 2.999935798467042586e-02
4.509999999999999787e+00 2.999935798467051606e-02
4.520000000000000462e+00 2.999935798467047096e-02
4.530000000000000249e+00 2.999935798467045014e-02
4.540000000000000036e+00 2.999935798467049178e-02
4.549999999999999822e+00 2.999935798467059586e-02
4.560000000000000497e+00 2.999935798467040157e-02
4.570000000000000284e+00 2.999935798467050566e-02
4.580000000000000071e+00 2.999935798467042586e-02
4.589999999999999858e+00 2.999935798467043280e-02
4.600000000000000533e+00 2.999935798467050566e-02
4.610000000000000320e+00 2.999935798467053688e-02
4.620000000000000107e+00 2.999935798467053341e-02
4.629999999999999893e+00 2.999935798467048831e-02
4.639999999999999680e+00 2.999935798467050566e-02
4.650000000000000355e+00 2.999935798467050219e-02
4.660000000000000142e+00 2.999935798467054382e-02
4.669999999999999929e+00 2.999935798467061321e-02
4.679999999999999716e+00 2.999935798467057504e-02
4.690000000000000391e+00 2.999935798467064790e-02
4.700000000000000178e+00 2.999935798467061321e-02
4.709999999999999964e+00 2.999935798467063749e-02
4.719999999999999751e+00 2.999935798467056464e-02
4.730000000000000426e+00 2.999935798467060974e-02
4.740000000000000213e+00 2.999935798467056811e-02
4.750000000000000000e+00 2.999935798467064096e-02
4.759999999999999787e+00 2.999935798467058545e-02
4.770000000000000462e+00 2.999935798467062015e-02
4.780000000000000249e+00 2.999935798467059933e-02
4.790000000000000036e+00 2.999935798467057851e-02
4.799999999999999822e+00 2.999935798467059239e-02
4.810000000000000497e+00 2.999935798467061668e-02
4.820000000000000284e+00 2.999935798467055423e-02
4.830000000000000071e+00 2.999935798467056117e-02
4.839999999999999858e+00 2.999935798467056464e-02
4.850000000000000533e+00 2.999935798467055423e-02
4.860000000000000320e+00 2.999935798467055076e-02
4.870000000000000107e+00 2.999935798467053341e-02
4.879999999999999893e+00 2.999935798467050219e-02
4.889999999999999680e+00 2.999935798467049525e-02
4.900000000000000355e+00 2.999935798467050566e-02
4.910000000000000142e+00 2.999935798467049178e-02
4.919999999999999929e+00 2.999935798467049178e-02
4.929999999999999716e+00 2.999935798467049872e-02
4.940000000000000391e+00 2.999935798467051606e-02
4.950000000000000178e+00 2.999935798467052300e-02
4.959999999999999964e+00 2.999935798467052994e-02
4.969999999999999751e+00 2.999935798467054382e-02
4.980000000000000426e+00 2.999935798467055423e-02
4.990000000000000213e+00 2.999935798467057158e-02
5.000000000000000000e+00 2.999935798467058198e-02
5.009999999999999787e+00 2.999935798467061321e-02
5.020000000000000462e+00 2.999935798467061668e-02
5.030000000000000249e+00 2.999935798467064096e-02
5.040000000000000036e+00 2.999935798467064443e-02
5.049999999999999822e+00 2.999935798467065484e-02
5.060000000000000497e+00 2.999935798467064443e-02
5.070000000000000284e+00 2.999935798467064790e-02
5.080000000000000071e+00 2.999935798467066178e-02
5.089999999999999858e+00 2.999935798467067219e-02
5.100000000000000533e+00 2.999935798467066178e-02
5.110000000000000320e+00 2.999935798467066525e-02
5.120000000000000107e+00 2.999935798467065484e-02
5.129999999999999893e+00 2.999935798467064096e-02
5.139999999999999680e+00 2.999935798467063749e-02
5.150000000000000355e+00 2.999935798467064443e-02
5.160000000000000142e+00 2.999935798467066872e-02
5.169999999999999929e+00 2.999935798467069994e-02
5.179999999999999716e+00 2.999935798467069994e-02
5.190000000000000391e+00 2.999935798467073117e-02
5.200000000000000178e+00 2.999935798467070688e-02
5.209999999999999964e+00 2.999935798467070341e-02
5.219999999999999751e+00 2.999935798467073811e-02
5.230000000000000426e+00 2.999935798467075893e-02
5.240000000000000213e+00 2.999935798467075893e-02
5.250000000000000000e+00 2.999935798467077280e-02
5.259999999999999787e+00 2.999935798467075546e-02
5.270000000000000462e+00 2.999935798467076586e-02
5.280000000000000249e+00 2.999935798467076239e-02
5.290000000000000036e+00 2.999935798467077974e-02
5.299999999999999822e+00 2.999935798467079362e-02
5.310000000000000497e+00 2.999935798467083525e-02
5.320000000000000284e+00 2.999935798467080056e-02
5.330000000000000071e+00 2.999935798467076239e-02
5.339999999999999858e+00 2.999935798467080403e-02
5.350000000000000533e+00 2.999935798467080750e-02
5.360000000000000320e+00 2.999935798467082484e-02
5.370000000000000107e+00 2.999935798467074505e-02
5.379999999999999893e+00 2.999935798467070688e-02
5.389999999999999680e+00 2.999935798467054729e-02
5.400000000000000355e+00 2.999935798467080403e-02
5.410000000000000142e+00 2.999935798467069994e-02
5.419999999999999929e+00 2.999935798467069994e-02
5.429999999999999716e+00 2.999935798467059239e-02
5.440000000000000391e+00 2.999935798467054035e-02
5.450000000000000178e+00 2.999935798467065484e-02
5.459999999999999964e+00 2.999935798467072423e-02
5.469999999999999751e+00 2.999935798467066872e-02
5.480000000000000426e+00 2.999935798467062362e-02
5.490000000000000213e+00 2.999935798467060627e-02
5.500000000000000000e+00 2.999935798467077280e-02
5.509999999999999787e+00 2.999935798467062709e-02
5.520000000000000462e+00 2.999935798467050566e-02
5.530000000000000249e+00 2.999935798467080403e-02
5.540000000000000036e+00 2.999935798467068260e-02
5.549999999999999822e+00 2.999935798467076933e-02
5.560000000000000497e+00 2.999935798467068954e-02
5.570000000000000284e+00 2.999935798467070341e-02
5.580000000000000071e+00 2.999935798467077974e-02
5.589999999999999858e+00 2.999935798467087689e-02
5.600000000000000533e+00 2.999935798467063749e-02
5.610000000000000320e+00 2.999935798467071382e-02
5.620000000000000107e+00 2.999935798467062015e-02
5.629999999999999893e+00 2.999935798467088383e-02
5.639999999999999680e+00 2.999935798467073464e-02
5.650000000000000355e+00 2.999935798467077280e-02
5.660000000000000142e+00 2.999935798467089770e-02
5.669999999999999929e+00 2.999935798467074505e-02
5.679999999999999716e+00 2.999935798467081097e-02
5.690000000000000391e+00 2.999935798467073811e-02
5.700000000000000178e+00 2.999935798467085260e-02
5.709999999999999964e+00 2.999935798467089076e-02
5.719999999999999751e+00 2.999935798467065831e-02
5.730000000000000426e+00 2.999935798467074505e-02
5.740000000000000213e+00 2.999935798467117526e-02
5.750000000000000000e+00 2.999935798467086301e-02
5.759999999999999787e+00 2.999935798467059933e-02
5.770000000000000462e+00 2.999935798467076586e-02
5.780000000000000249e+00 2.999935798467086995e-02
5.790000000000000036e+00 2.999935798467094281e-02
5.799999999999999822e+00 2.999935798467114403e-02
5.810000000000000497e+00 2.999935798467082831e-02
5.820000000000000284e+00 2.999935798467082484e-02
5.830000000000000071e+00 2.999935798467062362e-02
5.839999999999999858e+00 2.999935798467107118e-02
5.850000000000000533e+00 2.999935798467114750e-02
5.860000000000000320e+00 2.999935798467104342e-02
5.870000000000000107e+00 2.999935798467120301e-02
5.879999999999999893e+00 2.999935798467106424e-02
5.889999999999999680e+00 2.999935798467131057e-02
5.900000000000000355e+00 2.999935798467100179e-02
5.910000000000000142e+00 2.999935798467117526e-02
5.919999999999999929e+00 2.999935798467093240e-02
5.929999999999999716e+00 2.999935798467119261e-02
5.940000000000000391e+00 2.999935798467096015e-02
5.950000000000000178e+00 2.999935798467105730e-02
5.959999999999999964e+00 2.999935798467112669e-02
5.969999999999999751e+00 2.999935798467116832e-02
5.980000000000000426e+00 2.999935798467120995e-02
5.990000000000000213e+00 2.999935798467091852e-02
6.000000000000000000e+00 2.999935798467193507e-02
6.009999999999999787e+00 2.999935798467080750e-02
6.020000000000000462e+00 2.999935798467105383e-02
6.030000000000000249e+00 2.999935798467109199e-02
6.040000000000000036e+00 2.999935798467179282e-02
6.049999999999999822e+00 2.999935798467134873e-02
6.060000000000000497e+00 2.999935798467123424e-02
6.070000000000000284e+00 2.999935798467080056e-02
6.080000000000000071e+00 2.999935798467090464e-02
6.089999999999999858e+00 2.999935798467097403e-02
6.100000000000000533e+00 2.999935798467096709e-02
6.110000000000000320e+00 2.999935798467105036e-02
6.120000000000000107e+00 2.999935798467123424e-02
6.129999999999999893e+00 2.999935798467091852e-02
6.140000000000000568e+00 2.999935798467151873e-02
6.150000000000000355e+00 2.999935798467073811e-02
6.160000000000000142e+00 2.999935798467142506e-02
6.169999999999999929e+00 2.999935798467095321e-02
6.179999999999999716e+00 2.999935798467143200e-02
6.190000000000000391e+00 2.999935798467139383e-02
6.200000000000000178e+00 2.999935798467154302e-02
6.209999999999999964e+00 2.999935798467095668e-02
6.219999999999999751e+00 2.999935798467165404e-02
6.230000000000000426e+00 2.999935798467113363e-02
6.240000000000000213e+00 2.999935798467152914e-02
6.250000000000000000e+00 2.999935798467096709e-02
6.259999999999999787e+00 2.999935798467110587e-02
6.270000000000000462e+00 2.999935798467200446e-02
6.280000000000000249e+00 2.999935798467090464e-02
6.290000000000000036e+00 2.999935798467075546e-02
6.299999999999999822e+00 2.999935798467139036e-02
6.310000000000000497e+00 2.999935798467108505e-02
6.320000000000000284e+00 2.999935798467143894e-02
6.330000000000000071e+00 2.999935798467186221e-02
6.339999999999999858e+00 2.999935798467096015e-02
6.350000000000000533e+00 2.999935798467123077e-02
6.360000000000000320e+00 2.999935798467249712e-02
6.370000000000000107e+00 2.999935798467077974e-02
6.379999999999999893e+00 2.999935798467167139e-02
6.390000000000000568e+00 2.999935798467132791e-02
6.400000000000000355e+00 2.999935798467099485e-02
6.410000000000000142e+00 2.999935798467104342e-02
6.419999999999999929e+00 2.999935798467119608e-02
6.429999999999999716e+00 2.999935798467197670e-02
6.440000000000000391e+00 2.999935798467133832e-02
6.450000000000000178e+00 2.999935798467177547e-02
6.459999999999999964e+00 2.999935798467197670e-02
6.469999999999999751e+00 2.999935798467166445e-02
6.480000000000000426e+00 2.999935798467129669e-02
6.490000000000000213e+00 2.999935798467136261e-02
6.500000000000000000e+00 2.999935798467100179e-02
6.509999999999999787e+00 2.999935798467147016e-02
6.520000000000000462e+00 2.999935798467247630e-02
6.530000000000000249e+00 2.999935798467214670e-02
6.540000000000000036e+00 2.999935798467082831e-02
6.549999999999999822e+00 2.999935798467266365e-02
6.560000000000000497e+00 2.999935798467169915e-02
6.570000000000000284e+00 2.999935798467175119e-02
6.580000000000000071e+00 2.999935798467294121e-02
6.589999999999999858e+00 2.999935798467088383e-02
6.600000000000000533e+00 2.999935798467153955e-02
6.610000000000000320e+00 2.999935798467173037e-02
6.620000000000000107e+00 2.999935798467242426e-02
6.629999999999999893e+00 2.999935798467201833e-02
6.640000000000000568e+00 2.999935798467138690e-02
6.650000000000000355e+00 2.999935798467122730e-02
6.660000000000000142e+00 2.999935798467170955e-02
6.669999999999999929e+00 2.999935798467285794e-02
6.679999999999999716e+00 2.999935798467152567e-02
6.690000000000000391e+00 2.999935798467174772e-02
6.700000000000000178e+00 2.999935798467170261e-02
6.709999999999999964e+00 2.999935798467175119e-02
6.719999999999999751e+00 2.999935798467085607e-02
6.730000000000000426e+00 2.999935798467152567e-02
6.740000000000000213e+00 2.999935798467261508e-02
6.750000000000000000e+00 2.999935798467160894e-02
6.759999999999999787e+00 2.999935798467309039e-02
6.770000000000000462e+00 2.999935798467234446e-02
6.780000000000000249e+00 2.999935798467160547e-02
6.790000000000000036e+00 2.999935798467269141e-02
6.799999999999999822e+00 2.999935798467215017e-02
6.810000000000000497e+00 2.999935798467303488e-02
6.820000000000000284e+00 2.999935798467096362e-02
6.830000000000000071e+00 2.999935798467022463e-02
6.839999999999999858e+00 2.999935798467214323e-02
6.850000000000000533e+00 2.999935798467158118e-02
6.860000000000000320e+00 2.999935798467191078e-02
6.870000000000000107e+00 2.999935798467165404e-02
6.879999999999999893e+00 2.999935798467208425e-02
6.890000000000000568e+00 2.999935798467202874e-02
6.900000000000000355e+00 2.999935798467301060e-02
6.910000000000000142e+00 2.999935798467217446e-02
6.919999999999999929e+00 2.999935798467253528e-02
6.929999999999999716e+00 2.999935798467125853e-02
6.940000000000000391e+00 2.999935798467376347e-02
6.950000000000000178e+00 2.999935798467111975e-02
6.959999999999999964e+00 2.999935798467229589e-02
6.969999999999999751e+00 2.999935798467127240e-02
6.980000000000000426e+00 2.999935798467130710e-02
6.990000000000000213e+00 2.999935798467196282e-02
7.000000000000000000e+00 2.999935798467312856e-02
7.009999999999999787e+00 2.999935798467178588e-02
7.020000000000000462e+00 2.999935798467177894e-02
7.030000000000000249e+00 2.999935798467369755e-02
7.040000000000000036e+00 2.999935798467218834e-02
7.049999999999999822e+00 2.999935798467252834e-02
7.060000000000000497e+00 2.999935798467283365e-02
7.070000000000000284e+00 2.999935798467261161e-02
7.080000000000000071e+00 2.999935798467185527e-02
7.089999999999999858e+00 2.999935798467255263e-02
7.100000000000000533e+00 2.999935798467268794e-02
7.110000000000000320e+00 2.999935798467225426e-02
7.120000000000000107e+00 2.999935798467096015e-02
7.129999999999999893e+00 2.999935798467263243e-02
7.140000000000000568e+00 2.999935798467213977e-02
7.150000000000000355e+00 2.999935798467217446e-02
7.160000000000000142e+00 2.999935798467196629e-02
7.169999999999999929e+00 2.999935798467264630e-02
7.179999999999999716e+00 2.999935798467337836e-02
7.190000000000000391e+00 2.999935798467256304e-02
7.200000000000000178e+00 2.999935798467390224e-02
7.209999999999999964e+00 2.999935798467397857e-02
7.219999999999999751e+00 2.999935798467210507e-02
7.230000000000000426e+00 2.999935798467113363e-02
7.240000000000000213e+00 2.999935798467191078e-02
7.250000000000000000e+00 2.999935798467233405e-02
7.259999999999999787e+00 2.999935798467301754e-02
7.270000000000000462e+00 2.999935798467197323e-02
7.280000000000000249e+00 2.999935798467249018e-02
7.290000000000000036e+00 2.999935798467285447e-02
7.299999999999999822e+00 2.999935798467282325e-02
7.310000000000000497e+00 2.999935798467150486e-02
7.320000000000000284e+00 2.999935798467211895e-02
7.330000000000000071e+00 2.999935798467180323e-02
7.339999999999999858e+00 2.999935798467184833e-02
7.350000000000000533e+00 2.999935798467286141e-02
7.360000000000000320e+00 2.999935798467088036e-02
7.370000000000000107e+00 2.999935798467218834e-02
7.379999999999999893e+00 2.999935798467157425e-02
7.390000000000000568e+00 2.999935798467263937e-02
7.400000000000000355e+00 2.999935798467149445e-02
7.410000000000000142e+00 2.999935798467295162e-02
7.419999999999999929e+00 2.999935798467297937e-02
7.429999999999999716e+00 2.999935798467156384e-02
7.440000000000000391e+00 2.999935798467191078e-02
7.450000000000000178e+00 2.999935798467272610e-02
7.459999999999999964e+00 2.999935798467214323e-02
7.469999999999999751e+00 2.999935798467275386e-02
7.480000000000000426e+00 2.999935798467204956e-02
7.490000000000000213e+00 2.999935798467173037e-02
7.500000000000000000e+00 2.999935798467245895e-02
7.509999999999999787e+00 2.999935798467203568e-02
7.520000000000000462e+00 2.999935798467301060e-02
7.530000000000000249e+00 2.999935798467221609e-02
7.540000000000000036e+00 2.999935798467247283e-02
7.549999999999999822e+00 2.999935798467210507e-02
7.560000000000000497e+00 2.999935798467277814e-02
7.570000000000000284e+00 2.999935798467295855e-02
7.580000000000000071e+00 2.999935798467266712e-02
7.589999999999999858e+00 2.999935798467202874e-02
7.600000000000000533e+00 2.999935798467159159e-02
7.610000000000000320e+00 2.999935798467236528e-02
7.620000000000000107e+00 2.999935798467081444e-02
7.629999999999999893e+00 2.999935798467098444e-02
7.640000000000000568e+00 2.999935798467197323e-02
7.650000000000000355e+00 2.999935798467199405e-02
7.660000000000000142e+00 2.999935798467229936e-02
7.669999999999999929e+00 2.999935798467211895e-02
7.679999999999999716e+00 2.999935798467269488e-02
7.690000000000000391e+00 2.999935798467251447e-02
7.700000000000000178e+00 2.999935798467226813e-02
7.709999999999999964e+00 2.999935798467180670e-02
7.719999999999999751e+00 2.999935798467258732e-02
7.730000000000000426e+00 2.999935798467188303e-02
7.740000000000000213e+00 2.999935798467214670e-02
7.750000000000000000e+00 2.999935798467140424e-02
7.759999999999999787e+00 2.999935798467331244e-02
7.770000000000000462e+00 2.999935798467170261e-02
7.780000000000000249e+00 2.999935798467112669e-02
7.790000000000000036e+00 2.999935798467280590e-02
7.799999999999999822e+00 2.999935798467284059e-02
7.810000000000000497e+00 2.999935798467209119e-02
7.820000000000000284e+00 2.999935798467232712e-02
7.830000000000000071e+00 2.999935798467164363e-02
7.839999999999999858e+00 2.999935798467289610e-02
7.850000000000000533e+00 2.999935798467148751e-02
7.860000000000000320e+00 2.999935798467254222e-02
7.870000000000000107e+00 2.999935798467181017e-02
7.879999999999999893e+00 2.999935798467318754e-02
7.890000000000000568e+00 2.999935798467247283e-02
7.900000000000000355e+00 2.999935798467385367e-02
7.910000000000000142e+00 2.999935798467442266e-02
7.919999999999999929e+00 2.999935798467221609e-02
7.930000000000000604e+00 2.999935798467257692e-02
7.940000000000000391e+00 2.999935798467025933e-02
7.950000000000000178e+00 2.999935798467311121e-02
7.959999999999999964e+00 2.999935798467145281e-02
7.969999999999999751e+00 2.999935798467315978e-02
7.980000000000000426e+00 2.999935798467137649e-02
7.990000000000000213e+00 2.999935798467216058e-02
8.000000000000000000e+00 2.999935798467204956e-02
8.009999999999999787e+00 2.999935798467296202e-02
8.019999999999999574e+00 2.999935798467379469e-02
8.029999999999999361e+00 2.999935798467300366e-02
8.040000000000000924e+00 2.999935798467261855e-02
8.050000000000000711e+00 2.999935798467253528e-02
8.060000000000000497e+00 2.999935798467304876e-02
8.070000000000000284e+00 2.999935798467211895e-02
8.080000000000000071e+00 2.999935798467216752e-02
8.089999999999999858e+00 2.999935798467377734e-02
8.099999999999999645e+00 2.999935798467306958e-02
8.109999999999999432e+00 2.999935798467229936e-02
8.120000000000000995e+00 2.999935798467259079e-02
8.130000000000000782e+00 2.999935798467322223e-02
8.140000000000000568e+00 2.999935798467184139e-02
8.150000000000000355e+00 2.999935798467216058e-02
8.160000000000000142e+00 2.999935798467274692e-02
8.169999999999999929e+00 2.999935798467109546e-02
8.179999999999999716e+00 2.999935798467361081e-02
8.189999999999999503e+00 2.999935798467340264e-02
8.199999999999999289e+00 2.999935798467246589e-02
8.210000000000000853e+00 2.999935798467140424e-02
8.220000000000000639e+00 2.999935798467157771e-02
8.230000000000000426e+00 2.999935798467247977e-02
8.240000000000000213e+00 2.999935798467049525e-02
8.250000000000000000e+00 2.999935798467280590e-02
8.259999999999999787e+00 2.999935798467188303e-02
8.269999999999999574e+00 2.999935798467377041e-02
8.279999999999999361e+00 2.999935798467276774e-02
8.290000000000000924e+00 2.999935798467178588e-02
8.300000000000000711e+00 2.999935798467253528e-02
8.310000000000000497e+00 2.999935798467329856e-02
8.320000000000000284e+00 2.999935798467442266e-02
8.330000000000000071e+00 2.999935798467311468e-02
8.339999999999999858e+00 2.999935798467151526e-02
8.349999999999999645e+00 2.999935798467261855e-02
8.359999999999999432e+00 2.999935798467322917e-02
8.370000000000000995e+00 2.999935798467145281e-02
8.380000000000000782e+00 2.999935798467360387e-02
8.390000000000000568e+00 2.999935798467378428e-02
8.400000000000000355e+00 2.999935798467272263e-02
8.410000000000000142e+00 2.999935798467210507e-02
8.419999999999999929e+00 2.999935798467233405e-02
8.429999999999999716e+00 2.999935798467298978e-02
8.439999999999999503e+00 2.999935798467092893e-02
8.449999999999999289e+00 2.999935798467225773e-02
8.460000000000000853e+00 2.999935798467199752e-02
8.470000000000000639e+00 2.999935798467271569e-02
8.480000000000000426e+00 2.999935798467140771e-02
8.490000000000000213e+00 2.999935798467156037e-02
8.500000000000000000e+00 2.999935798467336795e-02
8.509999999999999787e+00 2.999935798467232712e-02
8.519999999999999574e+00 2.999935798467216058e-02
8.529999999999999361e+00 2.999935798467096015e-02
8.540000000000000924e+00 2.999935798467308345e-02
8.550000000000000711e+00 2.999935798467170261e-02
8.560000000000000497e+00 2.999935798467130710e-02
8.570000000000000284e+00 2.999935798467217446e-02
8.580000000000000071e+00 2.999935798467354142e-02
8.589999999999999858e+00 2.999935798467107465e-02
8.599999999999999645e+00 2.999935798467247283e-02
8.609999999999999432e+00 2.999935798467245202e-02
8.620000000000000995e+00 2.999935798467344428e-02
8.630000000000000782e+00 2.999935798467155690e-02
8.640000000000000568e+00 2.999935798467128628e-02
8.650000000000000355e+00 2.999935798467247283e-02
8.660000000000000142e+00 2.999935798467099138e-02
8.669999999999999929e+00 2.999935798467076239e-02
8.679999999999999716e+00 2.999935798467387102e-02
8.689999999999999503e+00 2.999935798467238610e-02
8.700000000000001066e+00 2.999935798467327427e-02
8.710000000000000853e+00 2.999935798467046749e-02
8.720000000000000639e+00 2.999935798467299325e-02
8.730000000000000426e+00 2.999935798467185180e-02
8.740000000000000213e+00 2.999935798467259079e-02
8.750000000000000000e+00 2.999935798467317019e-02
8.759999999999999787e+00 2.999935798467270875e-02
8.769999999999999574e+00 2.999935798467339571e-02
8.779999999999999361e+00 2.999935798467191078e-02
8.790000000000000924e+00 2.999935798467367673e-02
8.800000000000000711e+00 2.999935798467222303e-02
8.810000000000000497e+00 2.999935798467108505e-02
8.820000000000000284e+00 2.999935798467213283e-02
8.830000000000000071e+00 2.999935798467209119e-02
8.839999999999999858e+00 2.999935798467027320e-02
8.849999999999999645e+00 2.999935798467327774e-02
8.859999999999999432e+00 2.999935798467130363e-02
8.870000000000000995e+00 2.999935798467216752e-02
8.880000000000000782e+00 2.999935798467356571e-02
8.890000000000000568e+00 2.999935798467396469e-02
8.900000000000000355e+00 2.999935798467352407e-02
8.910000000000000142e+00 2.999935798467225426e-02
8.919999999999999929e+00 2.999935798467129322e-02
8.929999999999999716e+00 2.999935798467299325e-02
8.939999999999999503e+00 2.999935798467275733e-02
8.950000000000001066e+00 2.999935798467310427e-02
8.960000000000000853e+00 2.999935798467080056e-02
8.970000000000000639e+00 2.999935798467184486e-02
8.980000000000000426e+00 2.999935798467150139e-02
8.990000000000000213e+00 2.999935798467281978e-02
9.000000000000000000e+00 2.999935798467375653e-02
9.009999999999999787e+00 2.999935798467110587e-02
9.019999999999999574e+00 2.999935798467222650e-02
9.029999999999999361e+00 2.999935798467235834e-02
9.040000000000000924e+00 2.999935798467146669e-02
9.050000000000000711e+00 2.999935798467334019e-02
9.060000000000000497e+00 2.999935798467171649e-02
9.070000000000000284e+00 2.999935798467208772e-02
9.080000000000000071e+00 2.999935798467408612e-02
9.089999999999999858e+00 2.999935798467419021e-02
9.099999999999999645e+00 2.999935798467376347e-02
9.109999999999999432e+00 2.999935798467508880e-02
9.120000000000000995e+00 2.999935798467142506e-02
9.130000000000000782e+00 2.999935798467119608e-02
9.140000000000000568e+00 2.999935798467505063e-02
9.150000000000000355e+00 2.999935798467118220e-02
9.160000000000000142e+00 2.999935798467335754e-02
9.169999999999999929e+00 2.999935798467256998e-02
9.179999999999999716e+00 2.999935798467018647e-02
9.189999999999999503e+00 2.999935798467155690e-02
9.200000000000001066e+00 2.999935798467031831e-02
9.210000000000000853e+00 2.999935798467076586e-02
9.220000000000000639e+00 2.999935798467168180e-02
9.230000000000000426e+00 2.999935798467251793e-02
9.240000000000000213e+00 2.999935798467196282e-02
9.250000000000000000e+00 2.999935798467171302e-02
9.259999999999999787e+00 2.999935798467197323e-02
9.269999999999999574e+00 2.999935798467356224e-02
9.279999999999999361e+00 2.999935798467321182e-02
9.290000000000000924e+00 2.999935798466891318e-02
9.300000000000000711e+00 2.999935798467265671e-02
9.310000000000000497e+00 2.999935798467197323e-02
9.320000000000000284e+00 2.999935798467232712e-02
9.330000000000000071e+00 2.999935798467150833e-02
9.339999999999999858e+00 2.999935798467197323e-02
9.349999999999999645e+00 2.999935798467138690e-02
9.359999999999999432e+00 2.999935798467240344e-02
9.370000000000000995e+00 2.999935798467628922e-02
9.380000000000000782e+00 2.999935798467119608e-02
9.390000000000000568e+00 2.999935798467017606e-02
9.400000000000000355e+00 2.999935798467145628e-02
9.410000000000000142e+00 2.999935798467271569e-02
9.419999999999999929e+00 2.999935798467198017e-02
9.429999999999999716e+00 2.999935798467299325e-02
9.439999999999999503e+00 2.999935798467420062e-02
9.450000000000001066e+00 2.999935798467235487e-02
9.460000000000000853e+00 2.999935798467278508e-02
9.470000000000000639e+00 2.999935798467254222e-02
9.480000000000000426e+00 2.999935798467696230e-02
9.490000000000000213e+00 2.999935798467295509e-02
9.500000000000000000e+00 2.999935798467306264e-02
9.509999999999999787e+00 2.999935798467256304e-02
9.519999999999999574e+00 2.999935798467136955e-02
9.529999999999999361e+00 2.999935798467222303e-02
9.540000000000000924e+00 2.999935798467203221e-02
9.550000000000000711e+00 2.999935798467229242e-02
9.560000000000000497e+00 2.999935798467269488e-02
9.570000000000000284e+00 2.999935798467268794e-02
9.580000000000000071e+00 2.999935798467158465e-02
9.589999999999999858e+00 2.999935798467504022e-02
9.599999999999999645e+00 2.999935798467144935e-02
9.609999999999999432e+00 2.999935798467130710e-02
9.620000000000000995e+00 2.999935798467505410e-02
9.630000000000000782e+00 2.999935798467564391e-02
9.640000000000000568e+00 2.999935798466960707e-02
9.650000000000000355e+00 2.999935798467466552e-02
9.660000000000000142e+00 2.999935798467267406e-02
9.669999999999999929e+00 2.999935798467055770e-02
9.679999999999999716e+00 2.999935798467182058e-02
9.689999999999999503e+00 2.999935798467560574e-02
9.700000000000001066e+00 2.999935798467433246e-02
9.710000000000000853e+00 2.999935798467459960e-02
9.720000000000000639e+00 2.999935798466968340e-02
9.730000000000000426e+00 2.999935798467275039e-02
9.740000000000000213e+00 2.999935798467403061e-02
9.750000000000000000e+00 2.999935798467446083e-02
9.759999999999999787e+00 2.999935798467501247e-02
9.769999999999999574e+00 2.999935798467422837e-02
9.779999999999999361e+00 2.999935798467349632e-02
9.790000000000000924e+00 2.999935798467161241e-02
9.800000000000000711e+00 2.999935798467465511e-02
9.810000000000000497e+00 2.999935798466975972e-02
9.820000000000000284e+00 2.999935798467311121e-02
9.830000000000000071e+00 2.999935798467072076e-02
9.839999999999999858e+00 2.999935798467216752e-02
9.849999999999999645e+00 2.999935798467317019e-02
9.859999999999999432e+00 2.999935798467288917e-02
9.870000000000000995e+00 2.999935798467357265e-02
9.880000000000000782e+00 2.999935798467516859e-02
9.890000000000000568e+00 2.999935798467323958e-02
9.900000000000000355e+00 2.999935798467144241e-02
9.910000000000000142e+00 2.999935798467320142e-02
9.919999999999999929e+00 2.999935798467729189e-02
9.929999999999999716e+00 2.999935798467055076e-02
9.939999999999999503e+00 2.999935798467071382e-02
9.950000000000001066e+00 2.999935798467100526e-02
9.960000000000000853e+00 2.999935798467169915e-02
9.970000000000000639e+00 2.999935798467148057e-02
