0.000000000000000000e+00 2.999935021184722481e-02
1.000000000000000021e-02 2.999935021184701317e-02
2.000000000000000042e-02 2.999935021184661418e-02
2.999999999999999889e-02 2.999935021184942791e-02
4.000000000000000083e-02 2.999935021184793951e-02
5.000000000000000278e-02 2.999935021185093018e-02
5.999999999999999778e-02 2.999935021186029421e-02
7.000000000000000666e-02 2.999935021186553655e-02
8.000000000000000167e-02 2.999935021188062170e-02
8.999999999999999667e-02 2.999935021189467990e-02
1.000000000000000056e-01 2.999935021191547577e-02
1.100000000000000006e-01 2.999935021194084089e-02
1.199999999999999956e-01 2.999935021196251453e-02
1.300000000000000044e-01 2.999935021198866722e-02
1.400000000000000133e-01 2.999935021201814711e-02
1.499999999999999944e-01 2.999935021204924723e-02
1.600000000000000033e-01 2.999935021207626729e-02
1.700000000000000122e-01 2.999935021210780803e-02
1.799999999999999933e-01 2.999935021213450195e-02
1.900000000000000022e-01 2.999935021215704295e-02
2.000000000000000111e-01 2.999935021219199763e-02
2.099999999999999922e-01 2.999935021222274734e-02
2.200000000000000011e-01 2.999935021225135640e-02
2.300000000000000100e-01 2.999935021229301751e-02
2.399999999999999911e-01 2.999935021233895993e-02
2.500000000000000000e-01 2.999935021238766056e-02
2.600000000000000089e-01 2.999935021244974284e-02
2.700000000000000178e-01 2.999935021250857425e-02
2.800000000000000266e-01 2.999935021257444517e-02
2.899999999999999800e-01 2.999935021264124591e-02
2.999999999999999889e-01 2.999935021271040586e-02
3.099999999999999978e-01 2.999935021278495734e-02
3.200000000000000067e-01 2.999935021285407219e-02
3.300000000000000155e-01 2.999935021292503626e-02
3.400000000000000244e-01 2.999935021299582338e-02
3.500000000000000333e-01 2.999935021305587951e-02
3.599999999999999867e-01 2.999935021311789241e-02
3.699999999999999956e-01 2.999935021318454395e-02
3.800000000000000044e-01 2.999935021324897158e-02
3.900000000000000133e-01 2.999935021331753132e-02
4.000000000000000222e-01 2.999935021339502142e-02
4.100000000000000311e-01 2.999935021347804875e-02
4.199999999999999845e-01 2.999935021357050605e-02
4.299999999999999933e-01 2.999935021366733484e-02
4.400000000000000022e-01 2.999935021378390479e-02
4.500000000000000111e-01 2.999935021389389667e-02
4.600000000000000200e-01 2.999935021401285706e-02
4.700000000000000289e-01 2.999935021412848679e-02
4.799999999999999822e-01 2.999935021425201298e-02
4.899999999999999911e-01 2.999935021437476895e-02
5.000000000000000000e-01 2.999935021448840722e-02
5.100000000000000089e-01 2.999935021459950932e-02
5.200000000000000178e-01 2.999935021471037550e-02
5.300000000000000266e-01 2.999935021480947331e-02
5.400000000000000355e-01 2.999935021490970216e-02
5.500000000000000444e-01 2.999935021501628010e-02
5.600000000000000533e-01 2.999935021511940594e-02
5.700000000000000622e-01 2.999935021523516057e-02
5.799999999999999600e-01 2.999935021535482527e-02
5.899999999999999689e-01 2.999935021548719855e-02
5.999999999999999778e-01 2.999935021563090998e-02
6.099999999999999867e-01 2.999935021577822269e-02
6.199999999999999956e-01 2.999935021594293816e-02
6.300000000000000044e-01 2.999935021610705688e-02
6.400000000000000133e-01 2.999935021627463810e-02
6.500000000000000222e-01 2.999935021644582062e-02
6.600000000000000311e-01 2.999935021661264203e-02
6.700000000000000400e-01 2.999935021677523767e-02
6.800000000000000488e-01 2.999935021693615408e-02
6.900000000000000577e-01 2.999935021708786953e-02
7.000000000000000666e-01 2.999935021723461326e-02
7.099999999999999645e-01 2.999935021737459157e-02
7.199999999999999734e-01 2.999935021751569050e-02
7.299999999999999822e-01 2.999935021765354204e-02
7.399999999999999911e-01 2.999935021780129885e-02
7.500000000000000000e-01 2.999935021795414880e-02
7.600000000000000089e-01 2.999935021811810792e-02
7.700000000000000178e-01 2.999935021829138251e-02
7.800000000000000266e-01 2.999935021848166780e-02
7.900000000000000355e-01 2.999935021868029364e-02
8.000000000000000444e-01 2.999935021888682635e-02
8.100000000000000533e-01 2.999935021910027713e-02
8.200000000000000622e-01 2.999935021931655205e-02
8.300000000000000711e-01 2.999935021952340394e-02
8.399999999999999689e-01 2.999935021973379815e-02
8.499999999999999778e-01 2.999935021993165030e-02
8.599999999999999867e-01 2.999935022012948857e-02
8.699999999999999956e-01 2.999935022031517684e-02
8.800000000000000044e-01 2.999935022049431133e-02
8.900000000000000133e-01 2.999935022066709672e-02
9.000000000000000222e-01 2.999935022084077030e-02
9.100000000000000311e-01 2.999935022101652207e-02
9.200000000000000400e-01 2.999935022119424102e-02
9.300000000000000488e-01 2.999935022138329813e-02
9.400000000000000577e-01 2.999935022158330133e-02
9.500000000000000666e-01 2.999935022180131791e-02
9.599999999999999645e-01 2.999935022203031182e-02
9.699999999999999734e-01 2.999935022226777465e-02
9.799999999999999822e-01 2.999935022251122921e-02
9.899999999999999911e-01 2.999935022276212226e-02
1.000000000000000000e+00 2.999935022301563475e-02
1.010000000000000009e+00 2.999935022325947442e-02
1.020000000000000018e+00 2.999935022350126018e-02
1.030000000000000027e+00 2.999935022373305046e-02
1.040000000000000036e+00 2.999935022395419648e-02
1.050000000000000044e+00 2.999935022416765074e-02
1.060000000000000053e+00 2.999935022437196647e-02
1.070000000000000062e+00 2.999935022457170600e-02
1.080000000000000071e+00 2.999935022476939508e-02
1.090000000000000080e+00 2.999935022497194834e-02
1.100000000000000089e+00 2.999935022518205111e-02
1.110000000000000098e+00 2.999935022540180241e-02
1.120000000000000107e+00 2.999935022563646192e-02
1.130000000000000115e+00 2.999935022588184202e-02
1.140000000000000124e+00 2.999935022614292832e-02
1.150000000000000133e+00 2.999935022641191801e-02
1.159999999999999920e+00 2.999935022668907825e-02
1.169999999999999929e+00 2.999935022696573195e-02
1.179999999999999938e+00 2.999935022724542488e-02
1.189999999999999947e+00 2.999935022751676339e-02
1.199999999999999956e+00 2.999935022778093402e-02
1.209999999999999964e+00 2.999935022803451243e-02
1.219999999999999973e+00 2.999935022827836945e-02
1.229999999999999982e+00 2.999935022851025687e-02
1.239999999999999991e+00 2.999935022873448723e-02
1.250000000000000000e+00 2.999935022895302769e-02
1.260000000000000009e+00 2.999935022917259164e-02
1.270000000000000018e+00 2.999935022939756793e-02
1.280000000000000027e+00 2.999935022963113457e-02
1.290000000000000036e+00 2.999935022987417974e-02
1.300000000000000044e+00 2.999935023013448540e-02
1.310000000000000053e+00 2.999935023040390530e-02
1.320000000000000062e+00 2.999935023068906262e-02
1.330000000000000071e+00 2.999935023098228640e-02
1.340000000000000080e+00 2.999935023128111333e-02
1.350000000000000089e+00 2.999935023157736247e-02
1.360000000000000098e+00 2.999935023187481203e-02
1.370000000000000107e+00 2.999935023216454902e-02
1.380000000000000115e+00 2.999935023244284377e-02
1.390000000000000124e+00 2.999935023271142406e-02
1.400000000000000133e+00 2.999935023296862804e-02
1.409999999999999920e+00 2.999935023321455632e-02
1.419999999999999929e+00 2.999935023345352836e-02
1.429999999999999938e+00 2.999935023368789297e-02
1.439999999999999947e+00 2.999935023392397149e-02
1.449999999999999956e+00 2.999935023416454988e-02
1.459999999999999964e+00 2.999935023441674398e-02
1.469999999999999973e+00 2.999935023467705311e-02
1.479999999999999982e+00 2.999935023495433131e-02
1.489999999999999991e+00 2.999935023524604588e-02
1.500000000000000000e+00 2.999935023554639937e-02
1.510000000000000009e+00 2.999935023585397625e-02
1.520000000000000018e+00 2.999935023616692037e-02
1.530000000000000027e+00 2.999935023647933713e-02
1.540000000000000036e+00 2.999935023678380885e-02
1.550000000000000044e+00 2.999935023708264620e-02
1.560000000000000053e+00 2.999935023737013498e-02
1.570000000000000062e+00 2.999935023764582070e-02
1.580000000000000071e+00 2.999935023791018562e-02
1.590000000000000080e+00 2.999935023816677551e-02
1.600000000000000089e+00 2.999935023841401177e-02
1.610000000000000098e+00 2.999935023865954800e-02
1.620000000000000107e+00 2.999935023890632629e-02
1.630000000000000115e+00 2.999935023916163596e-02
1.640000000000000124e+00 2.999935023942422105e-02
1.650000000000000133e+00 2.999935023970018433e-02
1.660000000000000142e+00 2.999935023998931763e-02
1.669999999999999929e+00 2.999935024029144054e-02
1.679999999999999938e+00 2.999935024059955518e-02
1.689999999999999947e+00 2.999935024091714142e-02
1.699999999999999956e+00 2.999935024123382560e-02
1.709999999999999964e+00 2.999935024154864321e-02
1.719999999999999973e+00 2.999935024185738930e-02
1.729999999999999982e+00 2.999935024215957119e-02
1.739999999999999991e+00 2.999935024244686915e-02
1.750000000000000000e+00 2.999935024272538248e-02
1.760000000000000009e+00 2.999935024299259234e-02
1.770000000000000018e+00 2.999935024325209310e-02
1.780000000000000027e+00 2.999935024350489088e-02
1.790000000000000036e+00 2.999935024375544046e-02
1.800000000000000044e+00 2.999935024401090625e-02
1.810000000000000053e+00 2.999935024427031680e-02
1.820000000000000062e+00 2.999935024454028487e-02
1.830000000000000071e+00 2.999935024482494605e-02
1.840000000000000080e+00 2.999935024511835024e-02
1.850000000000000089e+00 2.999935024542127460e-02
1.860000000000000098e+00 2.999935024573405218e-02
1.870000000000000107e+00 2.999935024604869285e-02
1.880000000000000115e+00 2.999935024636308720e-02
1.890000000000000124e+00 2.999935024667556988e-02
1.900000000000000133e+00 2.999935024697927485e-02
1.910000000000000142e+00 2.999935024727441724e-02
1.919999999999999929e+00 2.999935024755771146e-02
1.929999999999999938e+00 2.999935024783354290e-02
1.939999999999999947e+00 2.999935024809571860e-02
1.949999999999999956e+00 2.999935024835236747e-02
1.959999999999999964e+00 2.999935024860191785e-02
1.969999999999999973e+00 2.999935024885475726e-02
1.979999999999999982e+00 2.999935024910910936e-02
1.989999999999999991e+00 2.999935024937059463e-02
2.000000000000000000e+00 2.999935024963949412e-02
2.010000000000000231e+00 2.999935024991942645e-02
2.020000000000000018e+00 2.999935025021151919e-02
2.030000000000000249e+00 2.999935025051092552e-02
2.040000000000000036e+00 2.999935025081215678e-02
2.049999999999999822e+00 2.999935025111938325e-02
2.060000000000000053e+00 2.999935025142118697e-02
2.069999999999999840e+00 2.999935025171808142e-02
2.080000000000000071e+00 2.999935025200889394e-02
2.089999999999999858e+00 2.999935025229159141e-02
2.100000000000000089e+00 2.999935025256166704e-02
2.109999999999999876e+00 2.999935025282218434e-02
2.120000000000000107e+00 2.999935025307472886e-02
2.129999999999999893e+00 2.999935025331975508e-02
2.140000000000000124e+00 2.999935025356292168e-02
2.149999999999999911e+00 2.999935025380654624e-02
2.160000000000000142e+00 2.999935025405153777e-02
2.169999999999999929e+00 2.999935025430417249e-02
2.180000000000000160e+00 2.999935025456305915e-02
2.189999999999999947e+00 2.999935025483229517e-02
2.200000000000000178e+00 2.999935025510933051e-02
2.209999999999999964e+00 2.999935025538885344e-02
2.220000000000000195e+00 2.999935025567368463e-02
2.229999999999999982e+00 2.999935025595619476e-02
2.240000000000000213e+00 2.999935025623538809e-02
2.250000000000000000e+00 2.999935025650797560e-02
2.260000000000000231e+00 2.999935025677388095e-02
2.270000000000000018e+00 2.999935025703166086e-02
2.280000000000000249e+00 2.999935025727867854e-02
2.290000000000000036e+00 2.999935025751777201e-02
2.300000000000000266e+00 2.999935025774869493e-02
2.310000000000000053e+00 2.999935025797452470e-02
2.319999999999999840e+00 2.999935025819674972e-02
2.330000000000000071e+00 2.999935025842197234e-02
2.339999999999999858e+00 2.999935025864849253e-02
2.350000000000000089e+00 2.999935025887989770e-02
2.359999999999999876e+00 2.999935025911838749e-02
2.370000000000000107e+00 2.999935025936223756e-02
2.379999999999999893e+00 2.999935025961207591e-02
2.390000000000000124e+00 2.999935025986198017e-02
2.399999999999999911e+00 2.999935026011389672e-02
2.410000000000000142e+00 2.999935026036177135e-02
2.419999999999999929e+00 2.999935026060541327e-02
2.430000000000000160e+00 2.999935026084207812e-02
2.439999999999999947e+00 2.999935026107128366e-02
2.450000000000000178e+00 2.999935026129262050e-02
2.459999999999999964e+00 2.999935026150466963e-02
2.470000000000000195e+00 2.999935026170982150e-02
2.479999999999999982e+00 2.999935026190939102e-02
2.490000000000000213e+00 2.999935026210409639e-02
2.500000000000000000e+00 2.999935026229768806e-02
2.510000000000000231e+00 2.999935026248994399e-02
2.520000000000000018e+00 2.999935026268415322e-02
2.530000000000000249e+00 2.999935026288455195e-02
2.540000000000000036e+00 2.999935026308826747e-02
2.550000000000000266e+00 2.999935026329516446e-02
2.560000000000000053e+00 2.999935026350248474e-02
2.569999999999999840e+00 2.999935026370883356e-02
2.580000000000000071e+00 2.999935026391445728e-02
2.589999999999999858e+00 2.999935026411366251e-02
2.600000000000000089e+00 2.999935026430848931e-02
2.609999999999999876e+00 2.999935026449634251e-02
2.620000000000000107e+00 2.999935026467727417e-02
2.629999999999999893e+00 2.999935026485112816e-02
2.640000000000000124e+00 2.999935026501729385e-02
2.649999999999999911e+00 2.999935026517619452e-02
2.660000000000000142e+00 2.999935026533313842e-02
2.669999999999999929e+00 2.999935026548631450e-02
2.680000000000000160e+00 2.999935026563583379e-02
2.689999999999999947e+00 2.999935026578633840e-02
2.700000000000000178e+00 2.999935026593783180e-02
2.709999999999999964e+00 2.999935026609223954e-02
2.720000000000000195e+00 2.999935026624637319e-02
2.729999999999999982e+00 2.999935026640339689e-02
2.740000000000000213e+00 2.999935026655536213e-02
2.750000000000000000e+00 2.999935026670799698e-02
2.760000000000000231e+00 2.999935026685423070e-02
2.770000000000000018e+00 2.999935026699527413e-02
2.780000000000000249e+00 2.999935026712946540e-02
2.790000000000000036e+00 2.999935026725794596e-02
2.800000000000000266e+00 2.999935026738008437e-02
2.810000000000000053e+00 2.999935026749555450e-02
2.819999999999999840e+00 2.999935026760573373e-02
2.830000000000000071e+00 2.999935026771209309e-02
2.839999999999999858e+00 2.999935026781440014e-02
2.850000000000000089e+00 2.999935026791362286e-02
2.859999999999999876e+00 2.999935026801186719e-02
2.870000000000000107e+00 2.999935026811122521e-02
2.879999999999999893e+00 2.999935026820841136e-02
2.890000000000000124e+00 2.999935026830813020e-02
2.899999999999999911e+00 2.999935026840471614e-02
2.910000000000000142e+00 2.999935026849757935e-02
2.919999999999999929e+00 2.999935026859015114e-02
2.930000000000000160e+00 2.999935026867491319e-02
2.939999999999999947e+00 2.999935026875447802e-02
2.950000000000000178e+00 2.999935026882689232e-02
2.959999999999999964e+00 2.999935026889432796e-02
2.970000000000000195e+00 2.999935026895763149e-02
2.979999999999999982e+00 2.999935026901301774e-02
2.990000000000000213e+00 2.999935026906491720e-02
3.000000000000000000e+00 2.999935026911588337e-02
3.010000000000000231e+00 2.999935026916086822e-02
3.020000000000000018e+00 2.999935026920391712e-02
3.030000000000000249e+00 2.999935026924555395e-02
3.040000000000000036e+00 2.999935026928741630e-02
3.050000000000000266e+00 2.999935026932658289e-02
3.060000000000000053e+00 2.999935026936628377e-02
3.070000000000000284e+00 2.999935026940167906e-02
3.080000000000000071e+00 2.999935026943685232e-02
3.089999999999999858e+00 2.999935026946484729e-02
3.100000000000000089e+00 2.999935026948761380e-02
3.109999999999999876e+00 2.999935026950555084e-02
3.120000000000000107e+00 2.999935026951452977e-02
3.129999999999999893e+00 2.999935026951810677e-02
3.140000000000000124e+00 2.999935026951620898e-02
3.149999999999999911e+00 2.999935026951181319e-02
3.160000000000000142e+00 2.999935026950184547e-02
3.169999999999999929e+00 2.999935026949094793e-02
3.180000000000000160e+00 2.999935026947726791e-02
3.189999999999999947e+00 2.999935026946455932e-02
3.200000000000000178e+00 2.999935026944952274e-02
3.209999999999999964e+00 2.999935026943486432e-02
3.220000000000000195e+00 2.999935026941912691e-02
3.229999999999999982e+00 2.999935026940142579e-02
3.240000000000000213e+00 2.999935026938265956e-02
3.250000000000000000e+00 2.999935026935923038e-02
3.260000000000000231e+00 2.999935026933094745e-02
3.270000000000000018e+00 2.999935026929560766e-02
3.280000000000000249e+00 2.999935026925459186e-02
3.290000000000000036e+00 2.999935026920671349e-02
3.300000000000000266e+00 2.999935026915073397e-02
3.310000000000000053e+00 2.999935026908917904e-02
3.320000000000000284e+00 2.999935026902512264e-02
3.330000000000000071e+00 2.999935026895807558e-02
3.339999999999999858e+00 2.999935026889198955e-02
3.350000000000000089e+00 2.999935026882379410e-02
3.359999999999999876e+00 2.999935026875831870e-02
3.370000000000000107e+00 2.999935026869237145e-02
3.379999999999999893e+00 2.999935026862833934e-02
3.390000000000000124e+00 2.999935026856469580e-02
3.399999999999999911e+00 2.999935026849921346e-02
3.410000000000000142e+00 2.999935026843358193e-02
3.419999999999999929e+00 2.999935026836392932e-02
3.430000000000000160e+00 2.999935026828957213e-02
3.439999999999999947e+00 2.999935026820994832e-02
3.450000000000000178e+00 2.999935026812205682e-02
3.459999999999999964e+00 2.999935026802642152e-02
3.470000000000000195e+00 2.999935026792355935e-02
3.479999999999999982e+00 2.999935026781653385e-02
3.490000000000000213e+00 2.999935026770383581e-02
3.500000000000000000e+00 2.999935026758971529e-02
3.510000000000000231e+00 2.999935026747737113e-02
3.520000000000000018e+00 2.999935026736681720e-02
3.530000000000000249e+00 2.999935026725840045e-02
3.540000000000000036e+00 2.999935026715438990e-02
3.550000000000000266e+00 2.999935026705335614e-02
3.560000000000000053e+00 2.999935026695508752e-02
3.570000000000000284e+00 2.999935026685660380e-02
3.580000000000000071e+00 2.999935026675888336e-02
3.589999999999999858e+00 2.999935026665867879e-02
3.600000000000000089e+00 2.999935026655639603e-02
3.609999999999999876e+00 2.999935026644829500e-02
3.620000000000000107e+00 2.999935026633315099e-02
3.629999999999999893e+00 2.999935026620878867e-02
3.640000000000000124e+00 2.999935026607896196e-02
3.649999999999999911e+00 2.999935026594241147e-02
3.660000000000000142e+00 2.999935026580268643e-02
3.669999999999999929e+00 2.999935026565991869e-02
3.680000000000000160e+00 2.999935026551963854e-02
3.689999999999999947e+00 2.999935026538253641e-02
3.700000000000000178e+00 2.999935026524989945e-02
3.709999999999999964e+00 2.999935026512344505e-02
3.720000000000000195e+00 2.999935026500277074e-02
3.729999999999999982e+00 2.999935026488826512e-02
3.740000000000000213e+00 2.999935026477620198e-02
3.750000000000000000e+00 2.999935026466672011e-02
3.760000000000000231e+00 2.999935026455780723e-02
3.770000000000000018e+00 2.999935026444703820e-02
3.780000000000000249e+00 2.999935026433404872e-02
3.790000000000000036e+00 2.999935026421286441e-02
3.800000000000000266e+00 2.999935026408652797e-02
3.810000000000000053e+00 2.999935026395135831e-02
3.820000000000000284e+00 2.999935026381106082e-02
3.830000000000000071e+00 2.999935026366489649e-02
3.839999999999999858e+00 2.999935026351764622e-02
3.850000000000000089e+00 2.999935026337212374e-02
3.859999999999999876e+00 2.999935026323059806e-02
3.870000000000000107e+00 2.999935026309537983e-02
3.879999999999999893e+00 2.999935026296834256e-02
3.890000000000000124e+00 2.999935026284998585e-02
3.899999999999999911e+00 2.999935026273930355e-02
3.910000000000000142e+00 2.999935026263599036e-02
3.919999999999999929e+00 2.999935026253770093e-02
3.930000000000000160e+00 2.999935026244337014e-02
3.939999999999999947e+00 2.999935026234851546e-02
3.950000000000000178e+00 2.999935026225292525e-02
3.959999999999999964e+00 2.999935026215330008e-02
3.970000000000000195e+00 2.999935026204791910e-02
3.979999999999999982e+00 2.999935026193537718e-02
3.990000000000000213e+00 2.999935026181668046e-02
4.000000000000000000e+00 2.999935026169296692e-02
4.009999999999999787e+00 2.999935026156650211e-02
4.020000000000000462e+00 2.999935026144055772e-02
4.030000000000000249e+00 2.999935026131942545e-02
4.040000000000000036e+00 2.999935026120574555e-02
4.049999999999999822e+00 2.999935026110077396e-02
4.060000000000000497e+00 2.999935026100745972e-02
4.070000000000000284e+00 2.999935026092484525e-02
4.080000000000000071e+00 2.999935026085171624e-02
4.089999999999999858e+00 2.999935026078757311e-02
4.099999999999999645e+00 2.999935026072956396e-02
4.110000000000000320e+00 2.999935026067513180e-02
4.120000000000000107e+00 2.999935026062117843e-02
4.129999999999999893e+00 2.999935026056633688e-02
4.139999999999999680e+00 2.999935026050652015e-02
4.150000000000000355e+00 2.999935026044133618e-02
4.160000000000000142e+00 2.999935026036997660e-02
4.169999999999999929e+00 2.999935026029307977e-02
4.179999999999999716e+00 2.999935026021313678e-02
4.190000000000000391e+00 2.999935026013252418e-02
4.200000000000000178e+00 2.999935026005551980e-02
4.209999999999999964e+00 2.999935025998621760e-02
4.219999999999999751e+00 2.999935025992576942e-02
4.230000000000000426e+00 2.999935025987836984e-02
4.240000000000000213e+00 2.999935025984384190e-02
4.250000000000000000e+00 2.999935025982191500e-02
4.259999999999999787e+00 2.999935025981111808e-02
4.270000000000000462e+00 2.999935025981004949e-02
4.280000000000000249e+00 2.999935025981468467e-02
4.290000000000000036e+00 2.999935025982332013e-02
4.299999999999999822e+00 2.999935025983234069e-02
4.310000000000000497e+00 2.999935025983959530e-02
4.320000000000000284e+00 2.999935025984210024e-02
4.330000000000000071e+00 2.999935025983893611e-02
4.339999999999999858e+00 2.999935025983039780e-02
4.350000000000000533e+00 2.999935025981714798e-02
4.360000000000000320e+00 2.999935025980289202e-02
4.370000000000000107e+00 2.999935025979024589e-02
4.379999999999999893e+00 2.999935025978354639e-02
4.389999999999999680e+00 2.999935025978616582e-02
4.400000000000000355e+00 2.999935025980159792e-02
4.410000000000000142e+00 2.999935025983131373e-02
4.419999999999999929e+00 2.999935025987483100e-02
4.429999999999999716e+00 2.999935025993267362e-02
4.440000000000000391e+00 2.999935026000144500e-02
4.450000000000000178e+00 2.999935026007968103e-02
4.459999999999999964e+00 2.999935026016363124e-02
4.469999999999999751e+00 2.999935026025067966e-02
4.480000000000000426e+00 2.999935026033741584e-02
4.490000000000000213e+00 2.999935026042137992e-02
4.500000000000000000e+00 2.999935026050018494e-02
4.509999999999999787e+00 2.999935026057352905e-02
4.520000000000000462e+00 2.999935026064138449e-02
4.530000000000000249e+00 2.999935026070622152e-02
4.540000000000000036e+00 2.999935026077101691e-02
4.549999999999999822e+00 2.999935026083954542e-02
4.560000000000000497e+00 2.999935026091597734e-02
4.570000000000000284e+00 2.999935026100420538e-02
4.580000000000000071e+00 2.999935026110604058e-02
4.589999999999999858e+00 2.999935026122347442e-02
4.600000000000000533e+00 2.999935026135532035e-02
4.610000000000000320e+00 2.999935026150099202e-02
4.620000000000000107e+00 2.999935026165752652e-02
4.629999999999999893e+00 2.999935026182234260e-02
4.639999999999999680e+00 2.999935026199151283e-02
4.650000000000000355e+00 2.999935026216269882e-02
4.660000000000000142e+00 2.999935026233162966e-02
4.669999999999999929e+00 2.999935026249695921e-02
4.679999999999999716e+00 2.999935026265595009e-02
4.690000000000000391e+00 2.999935026280952863e-02
4.700000000000000178e+00 2.999935026295761850e-02
4.709999999999999964e+00 2.999935026310389385e-02
4.719999999999999751e+00 2.999935026325070350e-02
4.730000000000000426e+00 2.999935026340347019e-02
4.740000000000000213e+00 2.999935026356503193e-02
4.750000000000000000e+00 2.999935026373988164e-02
4.759999999999999787e+00 2.999935026392857099e-02
4.770000000000000462e+00 2.999935026413331346e-02
4.780000000000000249e+00 2.999935026435158678e-02
4.790000000000000036e+00 2.999935026458299542e-02
4.799999999999999822e+00 2.999935026482316094e-02
4.810000000000000497e+00 2.999935026507027924e-02
4.820000000000000284e+00 2.999935026531929533e-02
4.830000000000000071e+00 2.999935026556850223e-02
4.839999999999999858e+00 2.999935026581327518e-02
4.850000000000000533e+00 2.999935026605318744e-02
4.860000000000000320e+00 2.999935026628534548e-02
4.870000000000000107e+00 2.999935026651179282e-02
4.879999999999999893e+00 2.999935026673246005e-02
4.889999999999999680e+00 2.999935026695214890e-02
4.900000000000000355e+00 2.999935026717307288e-02
4.910000000000000142e+00 2.999935026740113350e-02
4.919999999999999929e+00 2.999935026763849225e-02
4.929999999999999716e+00 2.999935026788955184e-02
4.940000000000000391e+00 2.999935026815421513e-02
4.950000000000000178e+00 2.999935026843391153e-02
4.959999999999999964e+00 2.999935026872564692e-02
4.969999999999999751e+00 2.999935026902845678e-02
4.980000000000000426e+00 2.999935026933754634e-02
4.990000000000000213e+00 2.999935026965099352e-02
5.000000000000000000e+00 2.999935026996365314e-02
5.009999999999999787e+00 2.999935027027394660e-02
5.020000000000000462e+00 2.999935027057756831e-02
5.030000000000000249e+00 2.999935027087438297e-02
5.040000000000000036e+00 2.999935027116228115e-02
5.049999999999999822e+00 2.999935027144368799e-02
5.060000000000000497e+00 2.999935027171934596e-02
5.070000000000000284e+00 2.999935027199419901e-02
5.080000000000000071e+00 2.999935027227093945e-02
5.089999999999999858e+00 2.999935027255507328e-02
5.100000000000000533e+00 2.999935027284876890e-02
5.110000000000000320e+00 2.999935027315554781e-02
5.120000000000000107e+00 2.999935027347496591e-02
5.129999999999999893e+00 2.999935027380744648e-02
5.139999999999999680e+00 2.999935027414976640e-02
5.150000000000000355e+00 2.999935027450016320e-02
5.160000000000000142e+00 2.999935027485394964e-02
5.169999999999999929e+00 2.999935027520876651e-02
5.179999999999999716e+00 2.999935027555997169e-02
5.190000000000000391e+00 2.999935027590574371e-02
5.200000000000000178e+00 2.999935027624269293e-02
5.209999999999999964e+00 2.999935027657079159e-02
5.219999999999999751e+00 2.999935027688893641e-02
5.230000000000000426e+00 2.999935027719978844e-02
5.240000000000000213e+00 2.999935027750493324e-02
5.250000000000000000e+00 2.999935027780928007e-02
5.259999999999999787e+00 2.999935027811602081e-02
5.270000000000000462e+00 2.999935027842989474e-02
5.280000000000000249e+00 2.999935027875306678e-02
5.290000000000000036e+00 2.999935027908805923e-02
5.299999999999999822e+00 2.999935027943400473e-02
5.310000000000000497e+00 2.999935027979048000e-02
5.320000000000000284e+00 2.999935028015390109e-02
5.330000000000000071e+00 2.999935028052210656e-02
5.339999999999999858e+00 2.999935028089040570e-02
5.350000000000000533e+00 2.999935028125624153e-02
5.360000000000000320e+00 2.999935028161552358e-02
5.370000000000000107e+00 2.999935028196660733e-02
5.379999999999999893e+00 2.999935028230691844e-02
5.389999999999999680e+00 2.999935028263655754e-02
5.400000000000000355e+00 2.999935028295550379e-02
5.410000000000000142e+00 2.999935028326669584e-02
5.419999999999999929e+00 2.999935028357217023e-02
5.429999999999999716e+00 2.999935028387713115e-02
5.440000000000000391e+00 2.999935028418452068e-02
5.450000000000000178e+00 2.999935028449875196e-02
5.459999999999999964e+00 2.999935028482159094e-02
5.469999999999999751e+00 2.999935028515458846e-02
5.480000000000000426e+00 2.999935028549632898e-02
5.490000000000000213e+00 2.999935028584581678e-02
5.500000000000000000e+00 2.999935028619913485e-02
5.509999999999999787e+00 2.999935028655369845e-02
5.520000000000000462e+00 2.999935028690512567e-02
5.530000000000000249e+00 2.999935028725129321e-02
5.540000000000000036e+00 2.999935028758804467e-02
5.549999999999999822e+00 2.999935028791422820e-02
5.560000000000000497e+00 2.999935028822816110e-02
5.570000000000000284e+00 2.999935028853034646e-02
5.580000000000000071e+00 2.999935028882156490e-02
5.589999999999999858e+00 2.999935028910493198e-02
5.600000000000000533e+00 2.999935028938291448e-02
5.610000000000000320e+00 2.999935028966101841e-02
5.620000000000000107e+00 2.999935028994143646e-02
5.629999999999999893e+00 2.999935029022857830e-02
5.639999999999999680e+00 2.999935029052312394e-02
5.650000000000000355e+00 2.999935029082632931e-02
5.660000000000000142e+00 2.999935029113565479e-02
5.669999999999999929e+00 2.999935029145027465e-02
5.679999999999999716e+00 2.999935029176512696e-02
5.690000000000000391e+00 2.999935029207870599e-02
5.700000000000000178e+00 2.999935029238608858e-02
5.709999999999999964e+00 2.999935029268591472e-02
5.719999999999999751e+00 2.999935029297388922e-02
5.730000000000000426e+00 2.999935029325096619e-02
5.740000000000000213e+00 2.999935029351372823e-02
5.750000000000000000e+00 2.999935029376551293e-02
5.759999999999999787e+00 2.999935029400601846e-02
5.770000000000000462e+00 2.999935029423976551e-02
5.780000000000000249e+00 2.999935029446891555e-02
5.790000000000000036e+00 2.999935029469878375e-02
5.799999999999999822e+00 2.999935029493111180e-02
5.810000000000000497e+00 2.999935029517009424e-02
5.820000000000000284e+00 2.999935029541511700e-02
5.830000000000000071e+00 2.999935029566757477e-02
5.839999999999999858e+00 2.999935029592362690e-02
5.850000000000000533e+00 2.999935029618257948e-02
5.860000000000000320e+00 2.999935029643967591e-02
5.870000000000000107e+00 2.999935029669231756e-02
5.879999999999999893e+00 2.999935029693731603e-02
5.889999999999999680e+00 2.999935029717269025e-02
5.900000000000000355e+00 2.999935029739617121e-02
5.910000000000000142e+00 2.999935029760752644e-02
5.919999999999999929e+00 2.999935029780539941e-02
5.929999999999999716e+00 2.999935029799274608e-02
5.940000000000000391e+00 2.999935029817054830e-02
5.950000000000000178e+00 2.999935029834286532e-02
5.959999999999999964e+00 2.999935029851094614e-02
5.969999999999999751e+00 2.999935029868199682e-02
5.980000000000000426e+00 2.999935029885564264e-02
5.990000000000000213e+00 2.999935029903572081e-02
6.000000000000000000e+00 2.999935029922125643e-02
6.009999999999999787e+00 2.999935029941224948e-02
6.020000000000000462e+00 2.999935029960542482e-02
6.030000000000000249e+00 2.999935029979985610e-02
6.040000000000000036e+00 2.999935029998980485e-02
6.049999999999999822e+00 2.999935030017480964e-02
6.060000000000000497e+00 2.999935030035094305e-02
6.070000000000000284e+00 2.999935030051728221e-02
6.080000000000000071e+00 2.999935030067093708e-02
6.089999999999999858e+00 2.999935030081399973e-02
6.100000000000000533e+00 2.999935030094562360e-02
6.110000000000000320e+00 2.999935030106848366e-02
6.120000000000000107e+00 2.999935030118273255e-02
6.129999999999999893e+00 2.999935030129384506e-02
6.140000000000000568e+00 2.999935030140385428e-02
6.150000000000000355e+00 2.999935030151696519e-02
6.160000000000000142e+00 2.999935030163363922e-02
6.169999999999999929e+00 2.999935030175677336e-02
6.179999999999999716e+00 2.999935030188443513e-02
6.190000000000000391e+00 2.999935030201740863e-02
6.200000000000000178e+00 2.999935030215102397e-02
6.209999999999999964e+00 2.999935030228371297e-02
6.219999999999999751e+00 2.999935030241245373e-02
6.230000000000000426e+00 2.999935030253502929e-02
6.240000000000000213e+00 2.999935030264870572e-02
6.250000000000000000e+00 2.999935030275480141e-02
6.259999999999999787e+00 2.999935030284901424e-02
6.270000000000000462e+00 2.999935030293611124e-02
6.280000000000000249e+00 2.999935030301154743e-02
6.290000000000000036e+00 2.999935030308149841e-02
6.299999999999999822e+00 2.999935030314743178e-02
6.310000000000000497e+00 2.999935030321155063e-02
6.320000000000000284e+00 2.999935030327655766e-02
6.330000000000000071e+00 2.999935030334607844e-02
6.339999999999999858e+00 2.999935030342090053e-02
6.350000000000000533e+00 2.999935030350196069e-02
6.360000000000000320e+00 2.999935030358789195e-02
6.370000000000000107e+00 2.999935030367746613e-02
6.379999999999999893e+00 2.999935030376742195e-02
6.390000000000000568e+00 2.999935030385622592e-02
6.400000000000000355e+00 2.999935030394110941e-02
6.410000000000000142e+00 2.999935030402044178e-02
6.419999999999999929e+00 2.999935030409317180e-02
6.429999999999999716e+00 2.999935030415725595e-02
6.440000000000000391e+00 2.999935030421523388e-02
6.450000000000000178e+00 2.999935030426705354e-02
6.459999999999999964e+00 2.999935030431288147e-02
6.469999999999999751e+00 2.999935030435669364e-02
6.480000000000000426e+00 2.999935030439809802e-02
6.490000000000000213e+00 2.999935030444134815e-02
6.500000000000000000e+00 2.999935030448633994e-02
6.509999999999999787e+00 2.999935030453957513e-02
6.520000000000000462e+00 2.999935030459667182e-02
6.530000000000000249e+00 2.999935030466046454e-02
6.540000000000000036e+00 2.999935030472962449e-02
6.549999999999999822e+00 2.999935030480235104e-02
6.560000000000000497e+00 2.999935030487581311e-02
6.570000000000000284e+00 2.999935030494649268e-02
6.580000000000000071e+00 2.999935030501523631e-02
6.589999999999999858e+00 2.999935030508020517e-02
6.600000000000000533e+00 2.999935030514190581e-02
6.610000000000000320e+00 2.999935030519883944e-02
6.620000000000000107e+00 2.999935030525146054e-02
6.629999999999999893e+00 2.999935030530296101e-02
6.640000000000000568e+00 2.999935030535137021e-02
6.650000000000000355e+00 2.999935030540008124e-02
6.660000000000000142e+00 2.999935030545154008e-02
6.669999999999999929e+00 2.999935030550661408e-02
6.679999999999999716e+00 2.999935030556647592e-02
6.690000000000000391e+00 2.999935030563257582e-02
6.700000000000000178e+00 2.999935030570692607e-02
6.709999999999999964e+00 2.999935030578504414e-02
6.719999999999999751e+00 2.999935030587159990e-02
6.730000000000000426e+00 2.999935030595669155e-02
6.740000000000000213e+00 2.999935030604590838e-02
6.750000000000000000e+00 2.999935030613469500e-02
6.759999999999999787e+00 2.999935030622233323e-02
6.770000000000000462e+00 2.999935030630779265e-02
6.780000000000000249e+00 2.999935030639305084e-02
6.790000000000000036e+00 2.999935030647820494e-02
6.799999999999999822e+00 2.999935030656291496e-02
6.810000000000000497e+00 2.999935030664922092e-02
6.820000000000000284e+00 2.999935030673685221e-02
6.830000000000000071e+00 2.999935030682894174e-02
6.839999999999999858e+00 2.999935030692577054e-02
6.850000000000000533e+00 2.999935030702834821e-02
6.860000000000000320e+00 2.999935030713720557e-02
6.870000000000000107e+00 2.999935030725382756e-02
6.879999999999999893e+00 2.999935030737646557e-02
6.890000000000000568e+00 2.999935030750749965e-02
6.900000000000000355e+00 2.999935030763966129e-02
6.910000000000000142e+00 2.999935030777574341e-02
6.919999999999999929e+00 2.999935030791355678e-02
6.929999999999999716e+00 2.999935030805333386e-02
6.940000000000000391e+00 2.999935030819331563e-02
6.950000000000000178e+00 2.999935030833571215e-02
6.959999999999999964e+00 2.999935030848110279e-02
6.969999999999999751e+00 2.999935030862848837e-02
6.980000000000000426e+00 2.999935030878198017e-02
6.990000000000000213e+00 2.999935030893832039e-02
7.000000000000000000e+00 2.999935030910118317e-02
7.009999999999999787e+00 2.999935030927035340e-02
7.020000000000000462e+00 2.999935030944553618e-02
7.030000000000000249e+00 2.999935030962812277e-02
7.040000000000000036e+00 2.999935030981778356e-02
7.049999999999999822e+00 2.999935031001605551e-02
7.060000000000000497e+00 2.999935031022020124e-02
7.070000000000000284e+00 2.999935031042774355e-02
7.080000000000000071e+00 2.999935031063770408e-02
7.089999999999999858e+00 2.999935031085294856e-02
7.100000000000000533e+00 2.999935031106963287e-02
7.110000000000000320e+00 2.999935031128942234e-02
7.120000000000000107e+00 2.999935031151075224e-02
7.129999999999999893e+00 2.999935031174081126e-02
7.140000000000000568e+00 2.999935031197403443e-02
7.150000000000000355e+00 2.999935031221513324e-02
7.160000000000000142e+00 2.999935031246389605e-02
7.169999999999999929e+00 2.999935031272044778e-02
7.179999999999999716e+00 2.999935031298302593e-02
7.190000000000000391e+00 2.999935031325579038e-02
7.200000000000000178e+00 2.999935031353415799e-02
7.209999999999999964e+00 2.999935031382208392e-02
7.219999999999999751e+00 2.999935031411723324e-02
7.230000000000000426e+00 2.999935031441551547e-02
7.240000000000000213e+00 2.999935031471959168e-02
7.250000000000000000e+00 2.999935031502601324e-02
7.259999999999999787e+00 2.999935031533606383e-02
7.270000000000000462e+00 2.999935031564776589e-02
7.280000000000000249e+00 2.999935031596286800e-02
7.290000000000000036e+00 2.999935031628434348e-02
7.299999999999999822e+00 2.999935031660834472e-02
7.310000000000000497e+00 2.999935031694002732e-02
7.320000000000000284e+00 2.999935031728111212e-02
7.330000000000000071e+00 2.999935031763363916e-02
7.339999999999999858e+00 2.999935031799486757e-02
7.350000000000000533e+00 2.999935031836555716e-02
7.360000000000000320e+00 2.999935031874808103e-02
7.370000000000000107e+00 2.999935031913540315e-02
7.379999999999999893e+00 2.999935031953217257e-02
7.390000000000000568e+00 2.999935031993320247e-02
7.400000000000000355e+00 2.999935032034071331e-02
7.410000000000000142e+00 2.999935032075136745e-02
7.419999999999999929e+00 2.999935032116232345e-02
7.429999999999999716e+00 2.999935032157674888e-02
7.440000000000000391e+00 2.999935032199047696e-02
7.450000000000000178e+00 2.999935032240763980e-02
7.459999999999999964e+00 2.999935032282671776e-02
7.469999999999999751e+00 2.999935032325289075e-02
7.480000000000000426e+00 2.999935032368422627e-02
7.490000000000000213e+00 2.999935032412551564e-02
7.500000000000000000e+00 2.999935032457854561e-02
7.509999999999999787e+00 2.999935032504392335e-02
7.520000000000000462e+00 2.999935032551952901e-02
7.530000000000000249e+00 2.999935032600858920e-02
7.540000000000000036e+00 2.999935032650456745e-02
7.549999999999999822e+00 2.999935032700826176e-02
7.560000000000000497e+00 2.999935032751645941e-02
7.570000000000000284e+00 2.999935032802961143e-02
7.580000000000000071e+00 2.999935032854346081e-02
7.589999999999999858e+00 2.999935032905796939e-02
7.600000000000000533e+00 2.999935032957136427e-02
7.610000000000000320e+00 2.999935033008462038e-02
7.620000000000000107e+00 2.999935033059539929e-02
7.629999999999999893e+00 2.999935033110782273e-02
7.640000000000000568e+00 2.999935033162263662e-02
7.650000000000000355e+00 2.999935033214522900e-02
7.660000000000000142e+00 2.999935033267521825e-02
7.669999999999999929e+00 2.999935033321720831e-02
7.679999999999999716e+00 2.999935033377109858e-02
7.690000000000000391e+00 2.999935033433670517e-02
7.700000000000000178e+00 2.999935033491499953e-02
7.709999999999999964e+00 2.999935033550516633e-02
7.719999999999999751e+00 2.999935033610020771e-02
7.730000000000000426e+00 2.999935033670132062e-02
7.740000000000000213e+00 2.999935033730600706e-02
7.750000000000000000e+00 2.999935033790828570e-02
7.759999999999999787e+00 2.999935033850958596e-02
7.770000000000000462e+00 2.999935033910582083e-02
7.780000000000000249e+00 2.999935033970061588e-02
7.790000000000000036e+00 2.999935034028998471e-02
7.799999999999999822e+00 2.999935034087707064e-02
7.810000000000000497e+00 2.999935034146206797e-02
7.820000000000000284e+00 2.999935034205079842e-02
7.830000000000000071e+00 2.999935034264510081e-02
7.839999999999999858e+00 2.999935034325067543e-02
7.850000000000000533e+00 2.999935034386875740e-02
7.860000000000000320e+00 2.999935034449690424e-02
7.870000000000000107e+00 2.999935034513890111e-02
7.879999999999999893e+00 2.999935034579165327e-02
7.890000000000000568e+00 2.999935034645308599e-02
7.900000000000000355e+00 2.999935034711856754e-02
7.910000000000000142e+00 2.999935034778734508e-02
7.919999999999999929e+00 2.999935034845312848e-02
7.930000000000000604e+00 2.999935034911483528e-02
7.940000000000000391e+00 2.999935034976972462e-02
7.950000000000000178e+00 2.999935035041748771e-02
7.959999999999999964e+00 2.999935035105850620e-02
7.969999999999999751e+00 2.999935035168952574e-02
7.980000000000000426e+00 2.999935035231787728e-02
7.990000000000000213e+00 2.999935035294373775e-02
8.000000000000000000e+00 2.999935035357408075e-02
8.009999999999999787e+00 2.999935035420975282e-02
8.019999999999999574e+00 2.999935035485650631e-02
8.029999999999999361e+00 2.999935035551238444e-02
8.040000000000000924e+00 2.999935035618245260e-02
8.050000000000000711e+00 2.999935035686235318e-02
8.060000000000000497e+00 2.999935035755279394e-02
8.070000000000000284e+00 2.999935035824863316e-02
8.080000000000000071e+00 2.999935035894632507e-02
8.089999999999999858e+00 2.999935035963915975e-02
8.099999999999999645e+00 2.999935036032766456e-02
8.109999999999999432e+00 2.999935036100825902e-02
8.120000000000000995e+00 2.999935036167721697e-02
8.130000000000000782e+00 2.999935036233362939e-02
8.140000000000000568e+00 2.999935036298020941e-02
8.150000000000000355e+00 2.999935036361815743e-02
8.160000000000000142e+00 2.999935036424616897e-02
8.169999999999999929e+00 2.999935036487624829e-02
8.179999999999999716e+00 2.999935036550614026e-02
8.189999999999999503e+00 2.999935036614285663e-02
8.199999999999999289e+00 2.999935036678911052e-02
8.210000000000000853e+00 2.999935036744810768e-02
8.220000000000000639e+00 2.999935036811585132e-02
8.230000000000000426e+00 2.999935036879454453e-02
8.240000000000000213e+00 2.999935036947812966e-02
8.250000000000000000e+00 2.999935037016483730e-02
8.259999999999999787e+00 2.999935037084982409e-02
8.269999999999999574e+00 2.999935037152503398e-02
8.279999999999999361e+00 2.999935037219294415e-02
8.290000000000000924e+00 2.999935037284857595e-02
8.300000000000000711e+00 2.999935037348959443e-02
8.310000000000000497e+00 2.999935037411326222e-02
8.320000000000000284e+00 2.999935037472431162e-02
8.330000000000000071e+00 2.999935037532506718e-02
8.339999999999999858e+00 2.999935037591641707e-02
8.349999999999999645e+00 2.999935037650615713e-02
8.359999999999999432e+00 2.999935037709873173e-02
8.370000000000000995e+00 2.999935037769863727e-02
8.380000000000000782e+00 2.999935037830599172e-02
8.390000000000000568e+00 2.999935037892405981e-02
8.400000000000000355e+00 2.999935037954910844e-02
8.410000000000000142e+00 2.999935038018691075e-02
8.419999999999999929e+00 2.999935038082168770e-02
8.429999999999999716e+00 2.999935038145886551e-02
8.439999999999999503e+00 2.999935038208770624e-02
8.449999999999999289e+00 2.999935038270831744e-02
8.460000000000000853e+00 2.999935038331213305e-02
8.470000000000000639e+00 2.999935038390524888e-02
8.480000000000000426e+00 2.999935038447608393e-02
8.490000000000000213e+00 2.999935038503236812e-02
8.500000000000000000e+00 2.999935038557172140e-02
8.509999999999999787e+00 2.999935038609825161e-02
8.519999999999999574e+00 2.999935038661951867e-02
8.529999999999999361e+00 2.999935038713653912e-02
8.540000000000000924e+00 2.999935038765676187e-02
8.550000000000000711e+00 2.999935038818135613e-02
8.560000000000000497e+00 2.999935038871542198e-02
8.570000000000000284e+00 2.999935038926305683e-02
8.580000000000000071e+00 2.999935038981128843e-02
8.589999999999999858e+00 2.999935039036697240e-02
8.599999999999999645e+00 2.999935039092289230e-02
8.609999999999999432e+00 2.999935039147337903e-02
8.620000000000000995e+00 2.999935039201563625e-02
8.630000000000000782e+00 2.999935039254603836e-02
8.640000000000000568e+00 2.999935039305710177e-02
8.650000000000000355e+00 2.999935039355202879e-02
8.660000000000000142e+00 2.999935039402516421e-02
8.669999999999999929e+00 2.999935039448248242e-02
8.679999999999999716e+00 2.999935039492524283e-02
8.689999999999999503e+00 2.999935039535555140e-02
8.700000000000001066e+00 2.999935039577678736e-02
8.710000000000000853e+00 2.999935039619719065e-02
8.720000000000000639e+00 2.999935039661991154e-02
8.730000000000000426e+00 2.999935039705126094e-02
8.740000000000000213e+00 2.999935039748585774e-02
8.750000000000000000e+00 2.999935039793251434e-02
8.759999999999999787e+00 2.999935039838218589e-02
8.769999999999999574e+00 2.999935039883297114e-02
8.779999999999999361e+00 2.999935039928534192e-02
8.790000000000000924e+00 2.999935039972977807e-02
8.800000000000000711e+00 2.999935040016103727e-02
8.810000000000000497e+00 2.999935040057842908e-02
8.820000000000000284e+00 2.999935040097576749e-02
8.830000000000000071e+00 2.999935040135712563e-02
8.839999999999999858e+00 2.999935040171727157e-02
8.849999999999999645e+00 2.999935040206244338e-02
8.859999999999999432e+00 2.999935040238921324e-02
8.870000000000000995e+00 2.999935040270644560e-02
8.880000000000000782e+00 2.999935040302036809e-02
8.890000000000000568e+00 2.999935040333113687e-02
8.900000000000000355e+00 2.999935040364667960e-02
8.910000000000000142e+00 2.999935040396797120e-02
8.919999999999999929e+00 2.999935040429529270e-02
8.929999999999999716e+00 2.999935040463157232e-02
8.939999999999999503e+00 2.999935040496813990e-02
8.950000000000001066e+00 2.999935040530751773e-02
8.960000000000000853e+00 2.999935040564338795e-02
8.970000000000000639e+00 2.999935040596854452e-02
8.980000000000000426e+00 2.999935040628248784e-02
8.990000000000000213e+00 2.999935040657925045e-02
9.000000000000000000e+00 2.999935040686150037e-02
9.009999999999999787e+00 2.999935040712344014e-02
9.019999999999999574e+00 2.999935040736782452e-02
9.029999999999999361e+00 2.999935040759621821e-02
9.040000000000000924e+00 2.999935040781067166e-02
9.050000000000000711e+00 2.999935040801829378e-02
9.060000000000000497e+00 2.999935040822227644e-02
9.070000000000000284e+00 2.999935040842555481e-02
9.080000000000000071e+00 2.999935040863066504e-02
9.089999999999999858e+00 2.999935040884627035e-02
9.099999999999999645e+00 2.999935040906646574e-02
9.109999999999999432e+00 2.999935040929266675e-02
9.120000000000000995e+00 2.999935040952456458e-02
9.130000000000000782e+00 2.999935040975005782e-02
9.140000000000000568e+00 2.999935040997081179e-02
9.150000000000000355e+00 2.999935041018513687e-02
9.160000000000000142e+00 2.999935041038729114e-02
9.169999999999999929e+00 2.999935041057304880e-02
9.179999999999999716e+00 2.999935041074494255e-02
9.189999999999999503e+00 2.999935041089526674e-02
9.200000000000001066e+00 2.999935041103355890e-02
9.210000000000000853e+00 2.999935041115981901e-02
9.220000000000000639e+00 2.999935041127599344e-02
9.230000000000000426e+00 2.999935041138201627e-02
9.240000000000000213e+00 2.999935041149218856e-02
9.250000000000000000e+00 2.999935041160148655e-02
9.259999999999999787e+00 2.999935041171798364e-02
9.269999999999999574e+00 2.999935041184044471e-02
9.279999999999999361e+00 2.999935041196430743e-02
9.290000000000000924e+00 2.999935041209534151e-02
9.300000000000000711e+00 2.999935041223030993e-02
9.310000000000000497e+00 2.999935041235838457e-02
9.320000000000000284e+00 2.999935041248273995e-02
9.330000000000000071e+00 2.999935041260119034e-02
9.339999999999999858e+00 2.999935041270851074e-02
9.349999999999999645e+00 2.999935041279842840e-02
9.359999999999999432e+00 2.999935041288007143e-02
9.370000000000000995e+00 2.999935041294684440e-02
9.380000000000000782e+00 2.999935041299760935e-02
9.390000000000000568e+00 2.999935041304260808e-02
9.400000000000000355e+00 2.999935041308086220e-02
9.410000000000000142e+00 2.999935041311954306e-02
9.419999999999999929e+00 2.999935041315061543e-02
9.429999999999999716e+00 2.999935041319152368e-02
9.439999999999999503e+00 2.999935041323645302e-02
9.450000000000001066e+00 2.999935041328252727e-02
9.460000000000000853e+00 2.999935041334273605e-02
9.470000000000000639e+00 2.999935041339938172e-02
9.480000000000000426e+00 2.999935041345529185e-02
9.490000000000000213e+00 2.999935041351353693e-02
9.500000000000000000e+00 2.999935041356401391e-02
9.509999999999999787e+00 2.999935041361075430e-02
9.519999999999999574e+00 2.999935041364834229e-02
9.529999999999999361e+00 2.999935041366901672e-02
9.540000000000000924e+00 2.999935041368798766e-02
9.550000000000000711e+00 2.999935041369282754e-02
9.560000000000000497e+00 2.999935041369630739e-02
9.570000000000000284e+00 2.999935041368612110e-02
9.580000000000000071e+00 2.999935041367839464e-02
9.589999999999999858e+00 2.999935041366567912e-02
9.599999999999999645e+00 2.999935041365658223e-02
9.609999999999999432e+00 2.999935041365404606e-02
9.620000000000000995e+00 2.999935041365432709e-02
9.630000000000000782e+00 2.999935041365734550e-02
9.640000000000000568e+00 2.999935041366925265e-02
9.650000000000000355e+00 2.999935041367917526e-02
9.660000000000000142e+00 2.999935041369387878e-02
9.669999999999999929e+00 2.999935041370455080e-02
9.679999999999999716e+00 2.999935041370965436e-02
9.689999999999999503e+00 2.999935041371259645e-02
9.700000000000001066e+00 2.999935041370675737e-02
9.710000000000000853e+00 2.999935041370029726e-02
9.720000000000000639e+00 2.999935041368017447e-02
9.730000000000000426e+00 2.999935041366042290e-02
9.740000000000000213e+00 2.999935041363322244e-02
9.750000000000000000e+00 2.999935041360719465e-02
9.759999999999999787e+00 2.999935041357729842e-02
9.769999999999999574e+00 2.999935041354839793e-02
9.779999999999999361e+00 2.999935041352302934e-02
9.790000000000000924e+00 2.999935041350819398e-02
9.800000000000000711e+00 2.999935041349288678e-02
9.810000000000000497e+00 2.999935041348254783e-02
9.820000000000000284e+00 2.999935041347353420e-02
9.830000000000000071e+00 2.999935041346643572e-02
9.839999999999999858e+00 2.999935041345834497e-02
9.849999999999999645e+00 2.999935041345591635e-02
9.859999999999999432e+00 2.999935041344339859e-02
9.870000000000000995e+00 2.999935041342947223e-02
9.880000000000000782e+00 2.999935041340962005e-02
9.890000000000000568e+00 2.999935041339253303e-02
9.900000000000000355e+00 2.999935041337519273e-02
9.910000000000000142e+00 2.999935041335220418e-02
9.919999999999999929e+00 2.999935041333534960e-02
9.929999999999999716e+00 2.999935041331220145e-02
9.939999999999999503e+00 2.999935041329175253e-02
9.950000000000001066e+00 2.999935041327688942e-02
9.960000000000000853e+00 2.999935041326576290e-02
9.970000000000000639e+00 2.999935041325358862e-02
