0.000000000000000000e+00 2.999935897431654785e-02
1.000000000000000021e-02 2.999935897431479231e-02
2.000000000000000042e-02 2.999935897430439091e-02
2.999999999999999889e-02 2.999935897427164280e-02
4.000000000000000083e-02 2.999935897420821437e-02
5.000000000000000278e-02 2.999935897410211869e-02
5.999999999999999778e-02 2.999935897397240647e-02
7.000000000000000666e-02 2.999935897380346522e-02
8.000000000000000167e-02 2.999935897357478704e-02
8.999999999999999667e-02 2.999935897324474549e-02
1.000000000000000056e-01 2.999935897283700220e-02
1.100000000000000006e-01 2.999935897237709578e-02
1.199999999999999956e-01 2.999935897181981934e-02
1.300000000000000044e-01 2.999935897113718136e-02
1.400000000000000133e-01 2.999935897031141829e-02
1.499999999999999944e-01 2.999935896936688218e-02
1.600000000000000033e-01 2.999935896829813986e-02
1.700000000000000122e-01 2.999935896713008462e-02
1.799999999999999933e-01 2.999935896585320325e-02
1.900000000000000022e-01 2.999935896447512157e-02
2.000000000000000111e-01 2.999935896289165210e-02
2.099999999999999922e-01 2.999935896123760021e-02
2.200000000000000011e-01 2.999935895950975318e-02
2.300000000000000100e-01 2.999935895774363814e-02
2.399999999999999911e-01 2.999935895575377848e-02
2.500000000000000000e-01 2.999935895370209327e-02
2.600000000000000089e-01 2.999935895147110010e-02
2.700000000000000178e-01 2.999935894920292834e-02
2.800000000000000266e-01 2.999935894676973927e-02
2.899999999999999800e-01 2.999935894432911518e-02
2.999999999999999889e-01 2.999935894169448308e-02
3.099999999999999978e-01 2.999935893888349206e-02
3.200000000000000067e-01 2.999935893596799782e-02
3.300000000000000155e-01 2.999935893308731949e-02
3.400000000000000244e-01 2.999935893012355137e-02
3.500000000000000333e-01 2.999935892702230988e-02
3.599999999999999867e-01 2.999935892386933894e-02
3.699999999999999956e-01 2.999935892071288468e-02
3.800000000000000044e-01 2.999935891757517237e-02
3.900000000000000133e-01 2.999935891443751557e-02
4.000000000000000222e-01 2.999935891136518498e-02
4.100000000000000311e-01 2.999935890823600751e-02
4.199999999999999845e-01 2.999935890504586838e-02
4.299999999999999933e-01 2.999935890183240070e-02
4.400000000000000022e-01 2.999935889878339174e-02
4.500000000000000111e-01 2.999935889567728955e-02
4.600000000000000200e-01 2.999935889254396609e-02
4.700000000000000289e-01 2.999935888935894787e-02
4.799999999999999822e-01 2.999935888628652708e-02
4.899999999999999911e-01 2.999935888319580843e-02
5.000000000000000000e-01 2.999935888022467467e-02
5.100000000000000089e-01 2.999935887734028750e-02
5.200000000000000178e-01 2.999935887451727831e-02
5.300000000000000266e-01 2.999935887169398463e-02
5.400000000000000355e-01 2.999935886902865834e-02
5.500000000000000444e-01 2.999935886656779696e-02
5.600000000000000533e-01 2.999935886424375669e-02
5.700000000000000622e-01 2.999935886191140363e-02
5.799999999999999600e-01 2.999935885967709714e-02
5.899999999999999689e-01 2.999935885760673243e-02
5.999999999999999778e-01 2.999935885563881355e-02
6.099999999999999867e-01 2.999935885375264524e-02
6.199999999999999956e-01 2.999935885196825663e-02
6.300000000000000044e-01 2.999935885029400215e-02
6.400000000000000133e-01 2.999935884867472105e-02
6.500000000000000222e-01 2.999935884711549955e-02
6.600000000000000311e-01 2.999935884575223588e-02
6.700000000000000400e-01 2.999935884448838921e-02
6.800000000000000488e-01 2.999935884322732157e-02
6.900000000000000577e-01 2.999935884207790421e-02
7.000000000000000666e-01 2.999935884113290666e-02
7.099999999999999645e-01 2.999935884021320484e-02
7.199999999999999734e-01 2.999935883935753167e-02
7.299999999999999822e-01 2.999935883867446001e-02
7.399999999999999911e-01 2.999935883801155279e-02
7.500000000000000000e-01 2.999935883736204456e-02
7.600000000000000089e-01 2.999935883664262698e-02
7.700000000000000178e-01 2.999935883612230014e-02
7.800000000000000266e-01 2.999935883553839916e-02
7.900000000000000355e-01 2.999935883495992439e-02
8.000000000000000444e-01 2.999935883434023259e-02
8.100000000000000533e-01 2.999935883384713398e-02
8.200000000000000622e-01 2.999935883324965705e-02
8.300000000000000711e-01 2.999935883260838529e-02
8.399999999999999689e-01 2.999935883193787997e-02
8.499999999999999778e-01 2.999935883131357034e-02
8.599999999999999867e-01 2.999935883052775448e-02
8.699999999999999956e-01 2.999935882960557201e-02
8.800000000000000044e-01 2.999935882865412476e-02
8.900000000000000133e-01 2.999935882764663206e-02
9.000000000000000222e-01 2.999935882648730942e-02
9.100000000000000311e-01 2.999935882514535163e-02
9.200000000000000400e-01 2.999935882378948829e-02
9.300000000000000488e-01 2.999935882216437852e-02
9.400000000000000577e-01 2.999935882040476176e-02
9.500000000000000666e-01 2.999935881849739860e-02
9.599999999999999645e-01 2.999935881664971341e-02
9.699999999999999734e-01 2.999935881450586928e-02
9.799999999999999822e-01 2.999935881217617728e-02
9.899999999999999911e-01 2.999935880973647606e-02
1.000000000000000000e+00 2.999935880717944162e-02
1.010000000000000009e+00 2.999935880436656321e-02
1.020000000000000018e+00 2.999935880136377769e-02
1.030000000000000027e+00 2.999935879819146459e-02
1.040000000000000036e+00 2.999935879476364059e-02
1.050000000000000044e+00 2.999935879107830730e-02
1.060000000000000053e+00 2.999935878721386034e-02
1.070000000000000062e+00 2.999935878327503885e-02
1.080000000000000071e+00 2.999935877894717440e-02
1.090000000000000080e+00 2.999935877431861297e-02
1.100000000000000089e+00 2.999935876976389526e-02
1.110000000000000098e+00 2.999935876502166435e-02
1.120000000000000107e+00 2.999935876009407129e-02
1.130000000000000115e+00 2.999935875504988053e-02
1.140000000000000124e+00 2.999935875003779256e-02
1.150000000000000133e+00 2.999935874464093252e-02
1.159999999999999920e+00 2.999935873918058160e-02
1.169999999999999929e+00 2.999935873373816425e-02
1.179999999999999938e+00 2.999935872825928995e-02
1.189999999999999947e+00 2.999935872238984613e-02
1.199999999999999956e+00 2.999935871643117508e-02
1.209999999999999964e+00 2.999935871054144887e-02
1.219999999999999973e+00 2.999935870454508574e-02
1.229999999999999982e+00 2.999935869830472335e-02
1.239999999999999991e+00 2.999935869197295144e-02
1.250000000000000000e+00 2.999935868582943865e-02
1.260000000000000009e+00 2.999935867934454964e-02
1.270000000000000018e+00 2.999935867296688735e-02
1.280000000000000027e+00 2.999935866672062690e-02
1.290000000000000036e+00 2.999935866075724433e-02
1.300000000000000044e+00 2.999935865432940690e-02
1.310000000000000053e+00 2.999935864813440406e-02
1.320000000000000062e+00 2.999935864211884101e-02
1.330000000000000071e+00 2.999935863622105181e-02
1.340000000000000080e+00 2.999935863011290310e-02
1.350000000000000089e+00 2.999935862425938404e-02
1.360000000000000098e+00 2.999935861858081879e-02
1.370000000000000107e+00 2.999935861271060128e-02
1.380000000000000115e+00 2.999935860687263922e-02
1.390000000000000124e+00 2.999935860145478556e-02
1.400000000000000133e+00 2.999935859617321524e-02
1.409999999999999920e+00 2.999935859059708540e-02
1.419999999999999929e+00 2.999935858530873925e-02
1.429999999999999938e+00 2.999935858041378328e-02
1.439999999999999947e+00 2.999935857556045027e-02
1.449999999999999956e+00 2.999935857056227478e-02
1.459999999999999964e+00 2.999935856596781455e-02
1.469999999999999973e+00 2.999935856171150744e-02
1.479999999999999982e+00 2.999935855717208652e-02
1.489999999999999991e+00 2.999935855289410230e-02
1.500000000000000000e+00 2.999935854906719823e-02
1.510000000000000009e+00 2.999935854537932531e-02
1.520000000000000018e+00 2.999935854136627500e-02
1.530000000000000027e+00 2.999935853772775843e-02
1.540000000000000036e+00 2.999935853444273340e-02
1.550000000000000044e+00 2.999935853103362707e-02
1.560000000000000053e+00 2.999935852752456944e-02
1.570000000000000062e+00 2.999935852442905254e-02
1.580000000000000071e+00 2.999935852157349994e-02
1.590000000000000080e+00 2.999935851847066945e-02
1.600000000000000089e+00 2.999935851562656255e-02
1.610000000000000098e+00 2.999935851306304718e-02
1.620000000000000107e+00 2.999935851049105595e-02
1.630000000000000115e+00 2.999935850764851725e-02
1.640000000000000124e+00 2.999935850519750910e-02
1.650000000000000133e+00 2.999935850288856440e-02
1.660000000000000142e+00 2.999935850038124019e-02
1.669999999999999929e+00 2.999935849770164753e-02
1.679999999999999938e+00 2.999935849549813238e-02
1.689999999999999947e+00 2.999935849334223539e-02
1.699999999999999956e+00 2.999935849081768191e-02
1.709999999999999964e+00 2.999935848845897146e-02
1.719999999999999973e+00 2.999935848631623408e-02
1.729999999999999982e+00 2.999935848413461462e-02
1.739999999999999991e+00 2.999935848155481713e-02
1.750000000000000000e+00 2.999935847944604911e-02
1.760000000000000009e+00 2.999935847726146673e-02
1.770000000000000018e+00 2.999935847482410045e-02
1.780000000000000027e+00 2.999935847212108903e-02
1.790000000000000036e+00 2.999935846983136506e-02
1.800000000000000044e+00 2.999935846740466039e-02
1.810000000000000053e+00 2.999935846466313463e-02
1.820000000000000062e+00 2.999935846194388273e-02
1.830000000000000071e+00 2.999935845935806922e-02
1.840000000000000080e+00 2.999935845658731684e-02
1.850000000000000089e+00 2.999935845354075731e-02
1.860000000000000098e+00 2.999935845084677338e-02
1.870000000000000107e+00 2.999935844811178753e-02
1.880000000000000115e+00 2.999935844514605571e-02
1.890000000000000124e+00 2.999935844205925406e-02
1.900000000000000133e+00 2.999935843937201127e-02
1.910000000000000142e+00 2.999935843648140338e-02
1.919999999999999929e+00 2.999935843337098174e-02
1.929999999999999938e+00 2.999935843029584437e-02
1.939999999999999947e+00 2.999935842754766768e-02
1.949999999999999956e+00 2.999935842446695838e-02
1.959999999999999964e+00 2.999935842128491348e-02
1.969999999999999973e+00 2.999935841838230824e-02
1.979999999999999982e+00 2.999935841523231062e-02
1.989999999999999991e+00 2.999935841205961587e-02
2.000000000000000000e+00 2.999935840890215893e-02
2.010000000000000231e+00 2.999935840608720233e-02
2.020000000000000018e+00 2.999935840322597719e-02
2.030000000000000249e+00 2.999935840030001910e-02
2.040000000000000036e+00 2.999935839749426347e-02
2.049999999999999822e+00 2.999935839496258028e-02
2.060000000000000053e+00 2.999935839236506779e-02
2.069999999999999840e+00 2.999935838995524545e-02
2.080000000000000071e+00 2.999935838762877310e-02
2.089999999999999858e+00 2.999935838550555484e-02
2.100000000000000089e+00 2.999935838328009891e-02
2.109999999999999876e+00 2.999935838124625359e-02
2.120000000000000107e+00 2.999935837938914190e-02
2.129999999999999893e+00 2.999935837761920354e-02
2.140000000000000124e+00 2.999935837586440585e-02
2.149999999999999911e+00 2.999935837429369007e-02
2.160000000000000142e+00 2.999935837286096807e-02
2.169999999999999929e+00 2.999935837160817159e-02
2.180000000000000160e+00 2.999935837051685705e-02
2.189999999999999947e+00 2.999935836958866897e-02
2.200000000000000178e+00 2.999935836882045362e-02
2.209999999999999964e+00 2.999935836818857712e-02
2.220000000000000195e+00 2.999935836774708653e-02
2.229999999999999982e+00 2.999935836741390860e-02
2.240000000000000213e+00 2.999935836729526739e-02
2.250000000000000000e+00 2.999935836729841071e-02
2.260000000000000231e+00 2.999935836737790268e-02
2.270000000000000018e+00 2.999935836754481777e-02
2.280000000000000249e+00 2.999935836792950658e-02
2.290000000000000036e+00 2.999935836844365433e-02
2.300000000000000266e+00 2.999935836899209063e-02
2.310000000000000053e+00 2.999935836960809787e-02
2.319999999999999840e+00 2.999935837050005105e-02
2.330000000000000071e+00 2.999935837140912942e-02
2.339999999999999858e+00 2.999935837243736247e-02
2.350000000000000089e+00 2.999935837350606316e-02
2.359999999999999876e+00 2.999935837475232320e-02
2.370000000000000107e+00 2.999935837600161553e-02
2.379999999999999893e+00 2.999935837720081599e-02
2.390000000000000124e+00 2.999935837856155044e-02
2.399999999999999911e+00 2.999935837995360011e-02
2.410000000000000142e+00 2.999935838117934878e-02
2.419999999999999929e+00 2.999935838248422512e-02
2.430000000000000160e+00 2.999935838402430568e-02
2.439999999999999947e+00 2.999935838544355582e-02
2.450000000000000178e+00 2.999935838660211171e-02
2.459999999999999964e+00 2.999935838789885567e-02
2.470000000000000195e+00 2.999935838942240779e-02
2.479999999999999982e+00 2.999935839072274263e-02
2.490000000000000213e+00 2.999935839189265749e-02
2.500000000000000000e+00 2.999935839324727876e-02
2.510000000000000231e+00 2.999935839451731145e-02
2.520000000000000018e+00 2.999935839554130138e-02
2.530000000000000249e+00 2.999935839661829057e-02
2.540000000000000036e+00 2.999935839779395083e-02
2.550000000000000266e+00 2.999935839869739135e-02
2.560000000000000053e+00 2.999935839922961492e-02
2.569999999999999840e+00 2.999935839996546380e-02
2.580000000000000071e+00 2.999935840069896040e-02
2.589999999999999858e+00 2.999935840123500730e-02
2.600000000000000089e+00 2.999935840156711664e-02
2.609999999999999876e+00 2.999935840204812770e-02
2.620000000000000107e+00 2.999935840240846446e-02
2.629999999999999893e+00 2.999935840257816205e-02
2.640000000000000124e+00 2.999935840281058724e-02
2.649999999999999911e+00 2.999935840315611640e-02
2.660000000000000142e+00 2.999935840322028729e-02
2.669999999999999929e+00 2.999935840306340584e-02
2.680000000000000160e+00 2.999935840308642215e-02
2.689999999999999947e+00 2.999935840310909499e-02
2.700000000000000178e+00 2.999935840283733321e-02
2.709999999999999964e+00 2.999935840240147353e-02
2.720000000000000195e+00 2.999935840205733908e-02
2.729999999999999982e+00 2.999935840159950740e-02
2.740000000000000213e+00 2.999935840095842993e-02
2.750000000000000000e+00 2.999935840044774815e-02
2.760000000000000231e+00 2.999935839992278960e-02
2.770000000000000018e+00 2.999935839918892178e-02
2.780000000000000249e+00 2.999935839840186039e-02
2.790000000000000036e+00 2.999935839784970831e-02
2.800000000000000266e+00 2.999935839731570492e-02
2.810000000000000053e+00 2.999935839668138593e-02
2.819999999999999840e+00 2.999935839598887738e-02
2.830000000000000071e+00 2.999935839536144525e-02
2.839999999999999858e+00 2.999935839471626342e-02
2.850000000000000089e+00 2.999935839403587018e-02
2.859999999999999876e+00 2.999935839345151123e-02
2.870000000000000107e+00 2.999935839283312741e-02
2.879999999999999893e+00 2.999935839211834154e-02
2.890000000000000124e+00 2.999935839137587296e-02
2.899999999999999911e+00 2.999935839075633034e-02
2.910000000000000142e+00 2.999935839017619371e-02
2.919999999999999929e+00 2.999935838964083029e-02
2.930000000000000160e+00 2.999935838910150476e-02
2.939999999999999947e+00 2.999935838863740725e-02
2.950000000000000178e+00 2.999935838822996234e-02
2.959999999999999964e+00 2.999935838798915844e-02
2.970000000000000195e+00 2.999935838779024463e-02
2.979999999999999982e+00 2.999935838757087497e-02
2.990000000000000213e+00 2.999935838742774988e-02
3.000000000000000000e+00 2.999935838744977740e-02
3.010000000000000231e+00 2.999935838742221958e-02
3.020000000000000018e+00 2.999935838745788202e-02
3.030000000000000249e+00 2.999935838760078508e-02
3.040000000000000036e+00 2.999935838784537415e-02
3.050000000000000266e+00 2.999935838799775573e-02
3.060000000000000053e+00 2.999935838832657603e-02
3.070000000000000284e+00 2.999935838881027939e-02
3.080000000000000071e+00 2.999935838931206203e-02
3.089999999999999858e+00 2.999935838972621338e-02
3.100000000000000089e+00 2.999935839041557861e-02
3.109999999999999876e+00 2.999935839124303824e-02
3.120000000000000107e+00 2.999935839192840320e-02
3.129999999999999893e+00 2.999935839266616722e-02
3.140000000000000124e+00 2.999935839362904977e-02
3.149999999999999911e+00 2.999935839467648274e-02
3.160000000000000142e+00 2.999935839549052602e-02
3.169999999999999929e+00 2.999935839653149888e-02
3.180000000000000160e+00 2.999935839769296217e-02
3.189999999999999947e+00 2.999935839881731278e-02
3.200000000000000178e+00 2.999935839976157481e-02
3.209999999999999964e+00 2.999935840110375118e-02
3.220000000000000195e+00 2.999935840246743812e-02
3.229999999999999982e+00 2.999935840362129291e-02
3.240000000000000213e+00 2.999935840473804544e-02
3.250000000000000000e+00 2.999935840621930153e-02
3.260000000000000231e+00 2.999935840762217934e-02
3.270000000000000018e+00 2.999935840874206477e-02
3.280000000000000249e+00 2.999935840999052444e-02
3.290000000000000036e+00 2.999935841134448306e-02
3.300000000000000266e+00 2.999935841245314830e-02
3.310000000000000053e+00 2.999935841337707243e-02
3.320000000000000284e+00 2.999935841461535968e-02
3.330000000000000071e+00 2.999935841576337539e-02
3.339999999999999858e+00 2.999935841652753149e-02
3.350000000000000089e+00 2.999935841726041399e-02
3.359999999999999876e+00 2.999935841832530869e-02
3.370000000000000107e+00 2.999935841924131208e-02
3.379999999999999893e+00 2.999935841981900969e-02
3.390000000000000124e+00 2.999935842051594873e-02
3.399999999999999911e+00 2.999935842128114566e-02
3.410000000000000142e+00 2.999935842175286554e-02
3.419999999999999929e+00 2.999935842205087369e-02
3.430000000000000160e+00 2.999935842258279195e-02
3.439999999999999947e+00 2.999935842291746868e-02
3.450000000000000178e+00 2.999935842277894407e-02
3.459999999999999964e+00 2.999935842260038898e-02
3.470000000000000195e+00 2.999935842261177224e-02
3.479999999999999982e+00 2.999935842239753042e-02
3.490000000000000213e+00 2.999935842177865741e-02
3.500000000000000000e+00 2.999935842125022248e-02
3.510000000000000231e+00 2.999935842070958203e-02
3.520000000000000018e+00 2.999935841994048197e-02
3.530000000000000249e+00 2.999935841904651651e-02
3.540000000000000036e+00 2.999935841836038480e-02
3.550000000000000266e+00 2.999935841746738385e-02
3.560000000000000053e+00 2.999935841628793495e-02
3.570000000000000284e+00 2.999935841510878790e-02
3.580000000000000071e+00 2.999935841409354445e-02
3.589999999999999858e+00 2.999935841284835647e-02
3.600000000000000089e+00 2.999935841133319694e-02
3.609999999999999876e+00 2.999935840983876736e-02
3.620000000000000107e+00 2.999935840828335185e-02
3.629999999999999893e+00 2.999935840656743971e-02
3.640000000000000124e+00 2.999935840474288878e-02
3.649999999999999911e+00 2.999935840299784717e-02
3.660000000000000142e+00 2.999935840109363427e-02
3.669999999999999929e+00 2.999935839904952634e-02
3.680000000000000160e+00 2.999935839705970830e-02
3.689999999999999947e+00 2.999935839514498992e-02
3.700000000000000178e+00 2.999935839314000693e-02
3.709999999999999964e+00 2.999935839104032539e-02
3.720000000000000195e+00 2.999935838900088386e-02
3.729999999999999982e+00 2.999935838692874973e-02
3.740000000000000213e+00 2.999935838481154055e-02
3.750000000000000000e+00 2.999935838273350142e-02
3.760000000000000231e+00 2.999935838057547766e-02
3.770000000000000018e+00 2.999935837831378335e-02
3.780000000000000249e+00 2.999935837607749928e-02
3.790000000000000036e+00 2.999935837382895071e-02
3.800000000000000266e+00 2.999935837146591386e-02
3.810000000000000053e+00 2.999935836915067905e-02
3.820000000000000284e+00 2.999935836679051490e-02
3.830000000000000071e+00 2.999935836439972942e-02
3.839999999999999858e+00 2.999935836190099209e-02
3.850000000000000089e+00 2.999935835952410867e-02
3.859999999999999876e+00 2.999935835714299601e-02
3.870000000000000107e+00 2.999935835458205496e-02
3.879999999999999893e+00 2.999935835202137413e-02
3.890000000000000124e+00 2.999935834958957284e-02
3.899999999999999911e+00 2.999935834706315280e-02
3.910000000000000142e+00 2.999935834428773401e-02
3.919999999999999929e+00 2.999935834164012272e-02
3.930000000000000160e+00 2.999935833903479357e-02
3.939999999999999947e+00 2.999935833624459841e-02
3.950000000000000178e+00 2.999935833328230828e-02
3.959999999999999964e+00 2.999935833050724338e-02
3.970000000000000195e+00 2.999935832767062702e-02
3.979999999999999982e+00 2.999935832450092987e-02
3.990000000000000213e+00 2.999935832142553230e-02
4.000000000000000000e+00 2.999935831855227164e-02
4.009999999999999787e+00 2.999935831541231460e-02
4.020000000000000462e+00 2.999935831190092550e-02
4.030000000000000249e+00 2.999935830861844011e-02
4.040000000000000036e+00 2.999935830546547610e-02
4.049999999999999822e+00 2.999935830193384972e-02
4.060000000000000497e+00 2.999935829821024150e-02
4.070000000000000284e+00 2.999935829471943316e-02
4.080000000000000071e+00 2.999935829117270428e-02
4.089999999999999858e+00 2.999935828721205650e-02
4.099999999999999645e+00 2.999935828346506073e-02
4.110000000000000320e+00 2.999935827987605316e-02
4.120000000000000107e+00 2.999935827607101702e-02
4.129999999999999893e+00 2.999935827176429537e-02
4.139999999999999680e+00 2.999935826798274044e-02
4.150000000000000355e+00 2.999935826421881030e-02
4.160000000000000142e+00 2.999935826023216595e-02
4.169999999999999929e+00 2.999935825604744047e-02
4.179999999999999716e+00 2.999935825219460922e-02
4.190000000000000391e+00 2.999935824825330360e-02
4.200000000000000178e+00 2.999935824389960565e-02
4.209999999999999964e+00 2.999935823980268493e-02
4.219999999999999751e+00 2.999935823596670131e-02
4.230000000000000426e+00 2.999935823186955855e-02
4.240000000000000213e+00 2.999935822743299979e-02
4.250000000000000000e+00 2.999935822349390421e-02
4.259999999999999787e+00 2.999935821969224731e-02
4.270000000000000462e+00 2.999935821573307057e-02
4.280000000000000249e+00 2.999935821169287531e-02
4.290000000000000036e+00 2.999935820806956532e-02
4.299999999999999822e+00 2.999935820438246956e-02
4.310000000000000497e+00 2.999935820061527814e-02
4.320000000000000284e+00 2.999935819708999390e-02
4.330000000000000071e+00 2.999935819384920432e-02
4.339999999999999858e+00 2.999935819034149631e-02
4.350000000000000533e+00 2.999935818676082930e-02
4.360000000000000320e+00 2.999935818362147594e-02
4.370000000000000107e+00 2.999935818061388523e-02
4.379999999999999893e+00 2.999935817746256922e-02
4.389999999999999680e+00 2.999935817439753488e-02
4.400000000000000355e+00 2.999935817163098400e-02
4.410000000000000142e+00 2.999935816892931179e-02
4.419999999999999929e+00 2.999935816617899098e-02
4.429999999999999716e+00 2.999935816378277581e-02
4.440000000000000391e+00 2.999935816162653535e-02
4.450000000000000178e+00 2.999935815944615447e-02
4.459999999999999964e+00 2.999935815727025612e-02
4.469999999999999751e+00 2.999935815560031416e-02
4.480000000000000426e+00 2.999935815402773875e-02
4.490000000000000213e+00 2.999935815240999809e-02
4.500000000000000000e+00 2.999935815090019539e-02
4.509999999999999787e+00 2.999935814959791419e-02
4.520000000000000462e+00 2.999935814844825049e-02
4.530000000000000249e+00 2.999935814731029271e-02
4.540000000000000036e+00 2.999935814649332122e-02
4.549999999999999822e+00 2.999935814577971843e-02
4.560000000000000497e+00 2.999935814506288212e-02
4.570000000000000284e+00 2.999935814456844083e-02
4.580000000000000071e+00 2.999935814427428030e-02
4.589999999999999858e+00 2.999935814416472210e-02
4.600000000000000533e+00 2.999935814421964692e-02
4.610000000000000320e+00 2.999935814429334838e-02
4.620000000000000107e+00 2.999935814465054876e-02
4.629999999999999893e+00 2.999935814515959295e-02
4.639999999999999680e+00 2.999935814578643181e-02
4.650000000000000355e+00 2.999935814654987321e-02
4.660000000000000142e+00 2.999935814729129749e-02
4.669999999999999929e+00 2.999935814826806824e-02
4.679999999999999716e+00 2.999935814949193300e-02
4.690000000000000391e+00 2.999935815063251715e-02
4.700000000000000178e+00 2.999935815191300328e-02
4.709999999999999964e+00 2.999935815354636340e-02
4.719999999999999751e+00 2.999935815539279613e-02
4.730000000000000426e+00 2.999935815703884401e-02
4.740000000000000213e+00 2.999935815901931882e-02
4.750000000000000000e+00 2.999935816119993909e-02
4.759999999999999787e+00 2.999935816338780356e-02
4.770000000000000462e+00 2.999935816554874166e-02
4.780000000000000249e+00 2.999935816816654693e-02
4.790000000000000036e+00 2.999935817080686892e-02
4.799999999999999822e+00 2.999935817332304716e-02
4.810000000000000497e+00 2.999935817582839032e-02
4.820000000000000284e+00 2.999935817884857164e-02
4.830000000000000071e+00 2.999935818190321846e-02
4.839999999999999858e+00 2.999935818477553889e-02
4.850000000000000533e+00 2.999935818801230392e-02
4.860000000000000320e+00 2.999935819146835186e-02
4.870000000000000107e+00 2.999935819482548588e-02
4.879999999999999893e+00 2.999935819817139276e-02
4.889999999999999680e+00 2.999935820208319767e-02
4.900000000000000355e+00 2.999935820598659958e-02
4.910000000000000142e+00 2.999935820964912125e-02
4.919999999999999929e+00 2.999935821337528646e-02
4.929999999999999716e+00 2.999935821761750762e-02
4.940000000000000391e+00 2.999935822173769098e-02
4.950000000000000178e+00 2.999935822554429185e-02
4.959999999999999964e+00 2.999935822958951781e-02
4.969999999999999751e+00 2.999935823387810119e-02
4.980000000000000426e+00 2.999935823791365433e-02
4.990000000000000213e+00 2.999935824188998054e-02
5.000000000000000000e+00 2.999935824628066627e-02
5.009999999999999787e+00 2.999935825073356613e-02
5.020000000000000462e+00 2.999935825475607068e-02
5.030000000000000249e+00 2.999935825886326443e-02
5.040000000000000036e+00 2.999935826345342949e-02
5.049999999999999822e+00 2.999935826794074625e-02
5.060000000000000497e+00 2.999935827205678709e-02
5.070000000000000284e+00 2.999935827648218811e-02
5.080000000000000071e+00 2.999935828102341315e-02
5.089999999999999858e+00 2.999935828523443704e-02
5.100000000000000533e+00 2.999935828920452172e-02
5.110000000000000320e+00 2.999935829368394202e-02
5.120000000000000107e+00 2.999935829789097258e-02
5.129999999999999893e+00 2.999935830158641931e-02
5.139999999999999680e+00 2.999935830538277837e-02
5.150000000000000355e+00 2.999935830949250135e-02
5.160000000000000142e+00 2.999935831334270275e-02
5.169999999999999929e+00 2.999935831679133302e-02
5.179999999999999716e+00 2.999935832041162459e-02
5.190000000000000391e+00 2.999935832408040862e-02
5.200000000000000178e+00 2.999935832748753736e-02
5.209999999999999964e+00 2.999935833069855215e-02
5.219999999999999751e+00 2.999935833428242146e-02
5.230000000000000426e+00 2.999935833747590166e-02
5.240000000000000213e+00 2.999935834039249571e-02
5.250000000000000000e+00 2.999935834324145290e-02
5.259999999999999787e+00 2.999935834634405094e-02
5.270000000000000462e+00 2.999935834903804527e-02
5.280000000000000249e+00 2.999935835150321570e-02
5.290000000000000036e+00 2.999935835393500311e-02
5.299999999999999822e+00 2.999935835635675341e-02
5.310000000000000497e+00 2.999935835837389680e-02
5.320000000000000284e+00 2.999935836023757268e-02
5.330000000000000071e+00 2.999935836216761215e-02
5.339999999999999858e+00 2.999935836390755020e-02
5.350000000000000533e+00 2.999935836539813216e-02
5.360000000000000320e+00 2.999935836677517648e-02
5.370000000000000107e+00 2.999935836820322860e-02
5.379999999999999893e+00 2.999935836938884270e-02
5.389999999999999680e+00 2.999935837042177686e-02
5.400000000000000355e+00 2.999935837129590749e-02
5.410000000000000142e+00 2.999935837209183331e-02
5.419999999999999929e+00 2.999935837264607053e-02
5.429999999999999716e+00 2.999935837318994797e-02
5.440000000000000391e+00 2.999935837358884069e-02
5.450000000000000178e+00 2.999935837387000120e-02
5.459999999999999964e+00 2.999935837397131599e-02
5.469999999999999751e+00 2.999935837392164739e-02
5.480000000000000426e+00 2.999935837369364228e-02
5.490000000000000213e+00 2.999935837342989492e-02
5.500000000000000000e+00 2.999935837299413585e-02
5.509999999999999787e+00 2.999935837233978081e-02
5.520000000000000462e+00 2.999935837154359825e-02
5.530000000000000249e+00 2.999935837068041025e-02
5.540000000000000036e+00 2.999935836966930586e-02
5.549999999999999822e+00 2.999935836842801407e-02
5.560000000000000497e+00 2.999935836720925286e-02
5.570000000000000284e+00 2.999935836588361188e-02
5.580000000000000071e+00 2.999935836439582629e-02
5.589999999999999858e+00 2.999935836252802523e-02
5.600000000000000533e+00 2.999935836093704095e-02
5.610000000000000320e+00 2.999935835923166899e-02
5.620000000000000107e+00 2.999935835720564728e-02
5.629999999999999893e+00 2.999935835504927845e-02
5.639999999999999680e+00 2.999935835299248274e-02
5.650000000000000355e+00 2.999935835072641346e-02
5.660000000000000142e+00 2.999935834811913102e-02
5.669999999999999929e+00 2.999935834561830508e-02
5.679999999999999716e+00 2.999935834310973881e-02
5.690000000000000391e+00 2.999935834031055085e-02
5.700000000000000178e+00 2.999935833711536021e-02
5.709999999999999964e+00 2.999935833422916892e-02
5.719999999999999751e+00 2.999935833133313828e-02
5.730000000000000426e+00 2.999935832804628486e-02
5.740000000000000213e+00 2.999935832462525057e-02
5.750000000000000000e+00 2.999935832150355669e-02
5.759999999999999787e+00 2.999935831814211362e-02
5.770000000000000462e+00 2.999935831453545004e-02
5.780000000000000249e+00 2.999935831116638807e-02
5.790000000000000036e+00 2.999935830794469432e-02
5.799999999999999822e+00 2.999935830431866082e-02
5.810000000000000497e+00 2.999935830042983059e-02
5.820000000000000284e+00 2.999935829694945488e-02
5.830000000000000071e+00 2.999935829353186922e-02
5.839999999999999858e+00 2.999935828980261621e-02
5.850000000000000533e+00 2.999935828590417908e-02
5.860000000000000320e+00 2.999935828240372568e-02
5.870000000000000107e+00 2.999935827863170479e-02
5.879999999999999893e+00 2.999935827457706622e-02
5.889999999999999680e+00 2.999935827092485921e-02
5.900000000000000355e+00 2.999935826746725348e-02
5.910000000000000142e+00 2.999935826356971841e-02
5.919999999999999929e+00 2.999935825955615809e-02
5.929999999999999716e+00 2.999935825610228202e-02
5.940000000000000391e+00 2.999935825272290885e-02
5.950000000000000178e+00 2.999935824905075946e-02
5.959999999999999964e+00 2.999935824549245650e-02
5.969999999999999751e+00 2.999935824226358794e-02
5.980000000000000426e+00 2.999935823891049236e-02
5.990000000000000213e+00 2.999935823538268237e-02
6.000000000000000000e+00 2.999935823222465298e-02
6.009999999999999787e+00 2.999935822915693676e-02
6.020000000000000462e+00 2.999935822587651915e-02
6.030000000000000249e+00 2.999935822246293377e-02
6.040000000000000036e+00 2.999935821955798665e-02
6.049999999999999822e+00 2.999935821665104807e-02
6.060000000000000497e+00 2.999935821357492885e-02
6.070000000000000284e+00 2.999935821055525753e-02
6.080000000000000071e+00 2.999935820788773855e-02
6.089999999999999858e+00 2.999935820510382309e-02
6.100000000000000533e+00 2.999935820224683414e-02
6.110000000000000320e+00 2.999935819963969047e-02
6.120000000000000107e+00 2.999935819720084967e-02
6.129999999999999893e+00 2.999935819455269020e-02
6.140000000000000568e+00 2.999935819188376956e-02
6.150000000000000355e+00 2.999935818953654992e-02
6.160000000000000142e+00 2.999935818717881439e-02
6.169999999999999929e+00 2.999935818470064741e-02
6.179999999999999716e+00 2.999935818224449754e-02
6.190000000000000391e+00 2.999935818002946036e-02
6.200000000000000178e+00 2.999935817769491114e-02
6.209999999999999964e+00 2.999935817534454124e-02
6.219999999999999751e+00 2.999935817306960406e-02
6.230000000000000426e+00 2.999935817090167156e-02
6.240000000000000213e+00 2.999935816864173627e-02
6.250000000000000000e+00 2.999935816635441316e-02
6.259999999999999787e+00 2.999935816417880624e-02
6.270000000000000462e+00 2.999935816197293881e-02
6.280000000000000249e+00 2.999935815970813935e-02
6.290000000000000036e+00 2.999935815746476719e-02
6.299999999999999822e+00 2.999935815528526756e-02
6.310000000000000497e+00 2.999935815304898001e-02
6.320000000000000284e+00 2.999935815079366949e-02
6.330000000000000071e+00 2.999935814856171529e-02
6.339999999999999858e+00 2.999935814641154636e-02
6.350000000000000533e+00 2.999935814430203240e-02
6.360000000000000320e+00 2.999935814223870720e-02
6.370000000000000107e+00 2.999935814008514862e-02
6.379999999999999893e+00 2.999935813802639267e-02
6.390000000000000568e+00 2.999935813609969082e-02
6.400000000000000355e+00 2.999935813415552377e-02
6.410000000000000142e+00 2.999935813215072467e-02
6.419999999999999929e+00 2.999935813023941675e-02
6.429999999999999716e+00 2.999935812833810084e-02
6.440000000000000391e+00 2.999935812636480778e-02
6.450000000000000178e+00 2.999935812446000855e-02
6.459999999999999964e+00 2.999935812277998784e-02
6.469999999999999751e+00 2.999935812109042615e-02
6.480000000000000426e+00 2.999935811921958240e-02
6.490000000000000213e+00 2.999935811757673335e-02
6.500000000000000000e+00 2.999935811623016466e-02
6.509999999999999787e+00 2.999935811492398380e-02
6.520000000000000462e+00 2.999935811350605205e-02
6.530000000000000249e+00 2.999935811242383094e-02
6.540000000000000036e+00 2.999935811147805970e-02
6.549999999999999822e+00 2.999935811046906126e-02
6.560000000000000497e+00 2.999935810958252042e-02
6.570000000000000284e+00 2.999935810908859954e-02
6.580000000000000071e+00 2.999935810853396334e-02
6.589999999999999858e+00 2.999935810774219391e-02
6.600000000000000533e+00 2.999935810723439178e-02
6.610000000000000320e+00 2.999935810706223088e-02
6.620000000000000107e+00 2.999935810684379103e-02
6.629999999999999893e+00 2.999935810644930451e-02
6.640000000000000568e+00 2.999935810646619030e-02
6.650000000000000355e+00 2.999935810658427640e-02
6.660000000000000142e+00 2.999935810666284550e-02
6.669999999999999929e+00 2.999935810683215798e-02
6.679999999999999716e+00 2.999935810751978849e-02
6.690000000000000391e+00 2.999935810809071374e-02
6.700000000000000178e+00 2.999935810850720003e-02
6.709999999999999964e+00 2.999935810919381399e-02
6.719999999999999751e+00 2.999935811028153765e-02
6.730000000000000426e+00 2.999935811118954049e-02
6.740000000000000213e+00 2.999935811194079371e-02
6.750000000000000000e+00 2.999935811301374100e-02
6.759999999999999787e+00 2.999935811413838999e-02
6.770000000000000462e+00 2.999935811507387431e-02
6.780000000000000249e+00 2.999935811602848570e-02
6.790000000000000036e+00 2.999935811736412911e-02
6.799999999999999822e+00 2.999935811848253309e-02
6.810000000000000497e+00 2.999935811939905689e-02
6.820000000000000284e+00 2.999935812049506906e-02
6.830000000000000071e+00 2.999935812189435946e-02
6.839999999999999858e+00 2.999935812302498978e-02
6.850000000000000533e+00 2.999935812403636479e-02
6.860000000000000320e+00 2.999935812525542089e-02
6.870000000000000107e+00 2.999935812650511568e-02
6.879999999999999893e+00 2.999935812749441461e-02
6.890000000000000568e+00 2.999935812848390088e-02
6.900000000000000355e+00 2.999935812967409118e-02
6.910000000000000142e+00 2.999935813066269968e-02
6.919999999999999929e+00 2.999935813141856034e-02
6.929999999999999716e+00 2.999935813225181047e-02
6.940000000000000391e+00 2.999935813318786726e-02
6.950000000000000178e+00 2.999935813386903419e-02
6.959999999999999964e+00 2.999935813441475391e-02
6.969999999999999751e+00 2.999935813504784818e-02
6.980000000000000426e+00 2.999935813563360185e-02
6.990000000000000213e+00 2.999935813597365275e-02
7.000000000000000000e+00 2.999935813627742712e-02
7.009999999999999787e+00 2.999935813664694750e-02
7.020000000000000462e+00 2.999935813689565828e-02
7.030000000000000249e+00 2.999935813693018621e-02
7.040000000000000036e+00 2.999935813697088630e-02
7.049999999999999822e+00 2.999935813699095011e-02
7.060000000000000497e+00 2.999935813690297187e-02
7.070000000000000284e+00 2.999935813670108822e-02
7.080000000000000071e+00 2.999935813655968397e-02
7.089999999999999858e+00 2.999935813632128440e-02
7.100000000000000533e+00 2.999935813599888604e-02
7.110000000000000320e+00 2.999935813562575049e-02
7.120000000000000107e+00 2.999935813529678447e-02
7.129999999999999893e+00 2.999935813487228375e-02
7.140000000000000568e+00 2.999935813444629812e-02
7.150000000000000355e+00 2.999935813392654374e-02
7.160000000000000142e+00 2.999935813333500650e-02
7.169999999999999929e+00 2.999935813275212554e-02
7.179999999999999716e+00 2.999935813216459551e-02
7.190000000000000391e+00 2.999935813149533226e-02
7.200000000000000178e+00 2.999935813080526967e-02
7.209999999999999964e+00 2.999935813008051608e-02
7.219999999999999751e+00 2.999935812931815021e-02
7.230000000000000426e+00 2.999935812854939710e-02
7.240000000000000213e+00 2.999935812790284137e-02
7.250000000000000000e+00 2.999935812732890811e-02
7.259999999999999787e+00 2.999935812660477902e-02
7.270000000000000462e+00 2.999935812588712392e-02
7.280000000000000249e+00 2.999935812542905283e-02
7.290000000000000036e+00 2.999935812507010385e-02
7.299999999999999822e+00 2.999935812457121126e-02
7.310000000000000497e+00 2.999935812413959124e-02
7.320000000000000284e+00 2.999935812379724703e-02
7.330000000000000071e+00 2.999935812342172103e-02
7.339999999999999858e+00 2.999935812297250398e-02
7.350000000000000533e+00 2.999935812274379804e-02
7.360000000000000320e+00 2.999935812257713968e-02
7.370000000000000107e+00 2.999935812224756651e-02
7.379999999999999893e+00 2.999935812190460127e-02
7.390000000000000568e+00 2.999935812188628259e-02
7.400000000000000355e+00 2.999935812196075080e-02
7.410000000000000142e+00 2.999935812191910009e-02
7.419999999999999929e+00 2.999935812200984001e-02
7.429999999999999716e+00 2.999935812238860994e-02
7.440000000000000391e+00 2.999935812274368008e-02
7.450000000000000178e+00 2.999935812305198207e-02
7.459999999999999964e+00 2.999935812369192156e-02
7.469999999999999751e+00 2.999935812444324418e-02
7.480000000000000426e+00 2.999935812502124710e-02
7.490000000000000213e+00 2.999935812561052920e-02
7.500000000000000000e+00 2.999935812654849071e-02
7.509999999999999787e+00 2.999935812751745867e-02
7.520000000000000462e+00 2.999935812822084047e-02
7.530000000000000249e+00 2.999935812910392574e-02
7.540000000000000036e+00 2.999935813014234509e-02
7.549999999999999822e+00 2.999935813117636518e-02
7.560000000000000497e+00 2.999935813207036880e-02
7.570000000000000284e+00 2.999935813331604945e-02
7.580000000000000071e+00 2.999935813456397829e-02
7.589999999999999858e+00 2.999935813566852877e-02
7.600000000000000533e+00 2.999935813678803950e-02
7.610000000000000320e+00 2.999935813824329556e-02
7.620000000000000107e+00 2.999935813964467457e-02
7.629999999999999893e+00 2.999935814086852892e-02
7.640000000000000568e+00 2.999935814215326860e-02
7.650000000000000355e+00 2.999935814368143161e-02
7.660000000000000142e+00 2.999935814506527951e-02
7.669999999999999929e+00 2.999935814625476205e-02
7.679999999999999716e+00 2.999935814759135955e-02
7.690000000000000391e+00 2.999935814885948057e-02
7.700000000000000178e+00 2.999935814990709396e-02
7.709999999999999964e+00 2.999935815088871499e-02
7.719999999999999751e+00 2.999935815204314918e-02
7.730000000000000426e+00 2.999935815302246650e-02
7.740000000000000213e+00 2.999935815384362214e-02
7.750000000000000000e+00 2.999935815456379953e-02
7.759999999999999787e+00 2.999935815536752814e-02
7.770000000000000462e+00 2.999935815589400978e-02
7.780000000000000249e+00 2.999935815634650199e-02
7.790000000000000036e+00 2.999935815673565945e-02
7.799999999999999822e+00 2.999935815705895292e-02
7.810000000000000497e+00 2.999935815717633125e-02
7.820000000000000284e+00 2.999935815722535454e-02
7.830000000000000071e+00 2.999935815715346066e-02
7.839999999999999858e+00 2.999935815698606678e-02
7.850000000000000533e+00 2.999935815664699426e-02
7.860000000000000320e+00 2.999935815620469182e-02
7.870000000000000107e+00 2.999935815555986734e-02
7.879999999999999893e+00 2.999935815479553083e-02
7.890000000000000568e+00 2.999935815386009508e-02
7.900000000000000355e+00 2.999935815281102452e-02
7.910000000000000142e+00 2.999935815161890867e-02
7.919999999999999929e+00 2.999935815024598607e-02
7.930000000000000604e+00 2.999935814868881154e-02
7.940000000000000391e+00 2.999935814692699515e-02
7.950000000000000178e+00 2.999935814504161788e-02
7.959999999999999964e+00 2.999935814311243190e-02
7.969999999999999751e+00 2.999935814118764865e-02
7.980000000000000426e+00 2.999935813900644899e-02
7.990000000000000213e+00 2.999935813676940510e-02
8.000000000000000000e+00 2.999935813433962650e-02
8.009999999999999787e+00 2.999935813190073020e-02
8.019999999999999574e+00 2.999935812940008467e-02
8.029999999999999361e+00 2.999935812698340670e-02
8.040000000000000924e+00 2.999935812430351567e-02
8.050000000000000711e+00 2.999935812148848274e-02
8.060000000000000497e+00 2.999935811871774771e-02
8.070000000000000284e+00 2.999935811610543804e-02
8.080000000000000071e+00 2.999935811319559553e-02
8.089999999999999858e+00 2.999935811003796166e-02
8.099999999999999645e+00 2.999935810703540165e-02
8.109999999999999432e+00 2.999935810402339087e-02
8.120000000000000995e+00 2.999935810083301929e-02
8.130000000000000782e+00 2.999935809765018335e-02
8.140000000000000568e+00 2.999935809474670381e-02
8.150000000000000355e+00 2.999935809175655749e-02
8.160000000000000142e+00 2.999935808850504732e-02
8.169999999999999929e+00 2.999935808548870320e-02
8.179999999999999716e+00 2.999935808270007623e-02
8.189999999999999503e+00 2.999935807980573521e-02
8.199999999999999289e+00 2.999935807674766752e-02
8.210000000000000853e+00 2.999935807398462773e-02
8.220000000000000639e+00 2.999935807123097972e-02
8.230000000000000426e+00 2.999935806835175509e-02
8.240000000000000213e+00 2.999935806545474953e-02
8.250000000000000000e+00 2.999935806298270960e-02
8.259999999999999787e+00 2.999935806027223539e-02
8.269999999999999574e+00 2.999935805731149263e-02
8.279999999999999361e+00 2.999935805457142404e-02
8.290000000000000924e+00 2.999935805216731935e-02
8.300000000000000711e+00 2.999935804957640229e-02
8.310000000000000497e+00 2.999935804682237611e-02
8.320000000000000284e+00 2.999935804441646037e-02
8.330000000000000071e+00 2.999935804205369413e-02
8.339999999999999858e+00 2.999935803954812547e-02
8.349999999999999645e+00 2.999935803699863013e-02
8.359999999999999432e+00 2.999935803493053443e-02
8.370000000000000995e+00 2.999935803253452743e-02
8.380000000000000782e+00 2.999935802997408252e-02
8.390000000000000568e+00 2.999935802752457664e-02
8.400000000000000355e+00 2.999935802537311361e-02
8.410000000000000142e+00 2.999935802291163814e-02
8.419999999999999929e+00 2.999935802025572099e-02
8.429999999999999716e+00 2.999935801774809840e-02
8.439999999999999503e+00 2.999935801528243184e-02
8.449999999999999289e+00 2.999935801239807937e-02
8.460000000000000853e+00 2.999935800948018427e-02
8.470000000000000639e+00 2.999935800698537436e-02
8.480000000000000426e+00 2.999935800414081644e-02
8.490000000000000213e+00 2.999935800107506739e-02
8.500000000000000000e+00 2.999935799796648456e-02
8.509999999999999787e+00 2.999935799510227916e-02
8.519999999999999574e+00 2.999935799179050469e-02
8.529999999999999361e+00 2.999935798826745131e-02
8.540000000000000924e+00 2.999935798484536231e-02
8.550000000000000711e+00 2.999935798143241183e-02
8.560000000000000497e+00 2.999935797749425648e-02
8.570000000000000284e+00 2.999935797343530192e-02
8.580000000000000071e+00 2.999935796975115171e-02
8.589999999999999858e+00 2.999935796574174779e-02
8.599999999999999645e+00 2.999935796132782023e-02
8.609999999999999432e+00 2.999935795695655993e-02
8.620000000000000995e+00 2.999935795265847027e-02
8.630000000000000782e+00 2.999935794799768116e-02
8.640000000000000568e+00 2.999935794302890923e-02
8.650000000000000355e+00 2.999935793825254937e-02
8.660000000000000142e+00 2.999935793330982953e-02
8.669999999999999929e+00 2.999935792796896983e-02
8.679999999999999716e+00 2.999935792243046961e-02
8.689999999999999503e+00 2.999935791722653858e-02
8.700000000000001066e+00 2.999935791169079310e-02
8.710000000000000853e+00 2.999935790591862911e-02
8.720000000000000639e+00 2.999935790001293998e-02
8.730000000000000426e+00 2.999935789440829476e-02
8.740000000000000213e+00 2.999935788846224555e-02
8.750000000000000000e+00 2.999935788246580956e-02
8.759999999999999787e+00 2.999935787662260517e-02
8.769999999999999574e+00 2.999935787079031912e-02
8.779999999999999361e+00 2.999935786468566762e-02
8.790000000000000924e+00 2.999935785854803208e-02
8.800000000000000711e+00 2.999935785271821281e-02
8.810000000000000497e+00 2.999935784674767278e-02
8.820000000000000284e+00 2.999935784058126165e-02
8.830000000000000071e+00 2.999935783433561876e-02
8.839999999999999858e+00 2.999935782846200119e-02
8.849999999999999645e+00 2.999935782239057658e-02
8.859999999999999432e+00 2.999935781644012117e-02
8.870000000000000995e+00 2.999935781056636136e-02
8.880000000000000782e+00 2.999935780488337603e-02
8.890000000000000568e+00 2.999935779906122424e-02
8.900000000000000355e+00 2.999935779343475273e-02
8.910000000000000142e+00 2.999935778818503540e-02
8.919999999999999929e+00 2.999935778300361067e-02
8.929999999999999716e+00 2.999935777780141088e-02
8.939999999999999503e+00 2.999935777274451501e-02
8.950000000000001066e+00 2.999935776807278673e-02
8.960000000000000853e+00 2.999935776334874613e-02
8.970000000000000639e+00 2.999935775881825209e-02
8.980000000000000426e+00 2.999935775442377078e-02
8.990000000000000213e+00 2.999935775027373630e-02
9.000000000000000000e+00 2.999935774597315558e-02
9.009999999999999787e+00 2.999935774198938393e-02
9.019999999999999574e+00 2.999935773828995428e-02
9.029999999999999361e+00 2.999935773485642304e-02
9.040000000000000924e+00 2.999935773124775759e-02
9.050000000000000711e+00 2.999935772786098409e-02
9.060000000000000497e+00 2.999935772486368030e-02
9.070000000000000284e+00 2.999935772205550299e-02
9.080000000000000071e+00 2.999935771936887777e-02
9.089999999999999858e+00 2.999935771694526090e-02
9.099999999999999645e+00 2.999935771473381807e-02
9.109999999999999432e+00 2.999935771250995115e-02
9.120000000000000995e+00 2.999935771052516381e-02
9.130000000000000782e+00 2.999935770878383451e-02
9.140000000000000568e+00 2.999935770717045841e-02
9.150000000000000355e+00 2.999935770554024508e-02
9.160000000000000142e+00 2.999935770401267188e-02
9.169999999999999929e+00 2.999935770269502450e-02
9.179999999999999716e+00 2.999935770143529259e-02
9.189999999999999503e+00 2.999935770024032486e-02
9.200000000000001066e+00 2.999935769915535247e-02
9.210000000000000853e+00 2.999935769819269196e-02
9.220000000000000639e+00 2.999935769719871276e-02
9.230000000000000426e+00 2.999935769632494989e-02
9.240000000000000213e+00 2.999935769556342016e-02
9.250000000000000000e+00 2.999935769482196118e-02
9.259999999999999787e+00 2.999935769399776977e-02
9.269999999999999574e+00 2.999935769320562218e-02
9.279999999999999361e+00 2.999935769257818657e-02
9.290000000000000924e+00 2.999935769185425871e-02
9.300000000000000711e+00 2.999935769102658051e-02
9.310000000000000497e+00 2.999935769022378518e-02
9.320000000000000284e+00 2.999935768944458556e-02
9.330000000000000071e+00 2.999935768860612431e-02
9.339999999999999858e+00 2.999935768769798616e-02
9.349999999999999645e+00 2.999935768680738954e-02
9.359999999999999432e+00 2.999935768579105322e-02
9.370000000000000995e+00 2.999935768470479019e-02
9.380000000000000782e+00 2.999935768357496826e-02
9.390000000000000568e+00 2.999935768242856932e-02
9.400000000000000355e+00 2.999935768101896424e-02
9.410000000000000142e+00 2.999935767956526944e-02
9.419999999999999929e+00 2.999935767805810699e-02
9.429999999999999716e+00 2.999935767657349248e-02
9.439999999999999503e+00 2.999935767478888182e-02
9.450000000000001066e+00 2.999935767301385725e-02
9.460000000000000853e+00 2.999935767105572915e-02
9.470000000000000639e+00 2.999935766906480783e-02
9.480000000000000426e+00 2.999935766700570841e-02
9.490000000000000213e+00 2.999935766498036671e-02
9.500000000000000000e+00 2.999935766280960314e-02
9.509999999999999787e+00 2.999935766045672136e-02
9.519999999999999574e+00 2.999935765805908719e-02
9.529999999999999361e+00 2.999935765563539053e-02
9.540000000000000924e+00 2.999935765315396921e-02
9.550000000000000711e+00 2.999935765047566719e-02
9.560000000000000497e+00 2.999935764774046970e-02
9.570000000000000284e+00 2.999935764486225120e-02
9.580000000000000071e+00 2.999935764195142684e-02
9.589999999999999858e+00 2.999935763896543345e-02
9.599999999999999645e+00 2.999935763605051514e-02
9.609999999999999432e+00 2.999935763297258834e-02
9.620000000000000995e+00 2.999935762982152559e-02
9.630000000000000782e+00 2.999935762669220587e-02
9.640000000000000568e+00 2.999935762370302059e-02
9.650000000000000355e+00 2.999935762066548162e-02
9.660000000000000142e+00 2.999935761763273395e-02
9.669999999999999929e+00 2.999935761459661052e-02
9.679999999999999716e+00 2.999935761160798381e-02
9.689999999999999503e+00 2.999935760862269471e-02
9.700000000000001066e+00 2.999935760573222907e-02
9.710000000000000853e+00 2.999935760286178213e-02
9.720000000000000639e+00 2.999935759997058096e-02
9.730000000000000426e+00 2.999935759701732180e-02
9.740000000000000213e+00 2.999935759421501827e-02
9.750000000000000000e+00 2.999935759151395667e-02
9.759999999999999787e+00 2.999935758884763465e-02
9.769999999999999574e+00 2.999935758624004689e-02
9.779999999999999361e+00 2.999935758369448244e-02
9.790000000000000924e+00 2.999935758131596492e-02
9.800000000000000711e+00 2.999935757902964101e-02
9.810000000000000497e+00 2.999935757693992372e-02
9.820000000000000284e+00 2.999935757496650229e-02
9.830000000000000071e+00 2.999935757309911757e-02
9.839999999999999858e+00 2.999935757125454794e-02
9.849999999999999645e+00 2.999935756965688149e-02
9.859999999999999432e+00 2.999935756817176044e-02
9.870000000000000995e+00 2.999935756677910362e-02
9.880000000000000782e+00 2.999935756542418050e-02
9.890000000000000568e+00 2.999935756423351141e-02
9.900000000000000355e+00 2.999935756309104681e-02
9.910000000000000142e+00 2.999935756208951809e-02
9.919999999999999929e+00 2.999935756120937491e-02
9.929999999999999716e+00 2.999935756043719398e-02
9.939999999999999503e+00 2.999935755972533633e-02
9.950000000000001066e+00 2.999935755909746704e-02
9.960000000000000853e+00 2.999935755862424835e-02
9.970000000000000639e+00 2.999935755825080749e-02
