0.000000000000000000e+00 2.999935795555592338e-02
1.000000000000000021e-02 2.999935795555530929e-02
2.000000000000000042e-02 2.999935795555300905e-02
2.999999999999999889e-02 2.999935795555484785e-02
4.000000000000000083e-02 2.999935795555319987e-02
5.000000000000000278e-02 2.999935795555520521e-02
5.999999999999999778e-02 2.999935795555308538e-02
7.000000000000000666e-02 2.999935795555348783e-02
8.000000000000000167e-02 2.999935795555715851e-02
8.999999999999999667e-02 2.999935795555671789e-02
1.000000000000000056e-01 2.999935795555042431e-02
1.100000000000000006e-01 2.999935795554942858e-02
1.199999999999999956e-01 2.999935795555870935e-02
1.300000000000000044e-01 2.999935795555682544e-02
1.400000000000000133e-01 2.999935795555478193e-02
1.499999999999999944e-01 2.999935795555374457e-02
1.600000000000000033e-01 2.999935795555522255e-02
1.700000000000000122e-01 2.999935795555191964e-02
1.799999999999999933e-01 2.999935795555053533e-02
1.900000000000000022e-01 2.999935795555395621e-02
2.000000000000000111e-01 2.999935795555067064e-02
2.099999999999999922e-01 2.999935795554980675e-02
2.200000000000000011e-01 2.999935795555128820e-02
2.300000000000000100e-01 2.999935795554994206e-02
2.399999999999999911e-01 2.999935795554956736e-02
2.500000000000000000e-01 2.999935795554867918e-02
2.600000000000000089e-01 2.999935795554622628e-02
2.700000000000000178e-01 2.999935795554779447e-02
2.800000000000000266e-01 2.999935795554840509e-02
2.899999999999999800e-01 2.999935795554240295e-02
2.999999999999999889e-01 2.999935795554756895e-02
3.099999999999999978e-01 2.999935795554485238e-02
3.200000000000000067e-01 2.999935795554637546e-02
3.300000000000000155e-01 2.999935795554516463e-02
3.400000000000000244e-01 2.999935795554387746e-02
3.500000000000000333e-01 2.999935795554509524e-02
3.599999999999999867e-01 2.999935795554477258e-02
3.699999999999999956e-01 2.999935795554038720e-02
3.800000000000000044e-01 2.999935795554456441e-02
3.900000000000000133e-01 2.999935795553871146e-02
4.000000000000000222e-01 2.999935795553691081e-02
4.100000000000000311e-01 2.999935795553814247e-02
4.199999999999999845e-01 2.999935795554013393e-02
4.299999999999999933e-01 2.999935795553944004e-02
4.400000000000000022e-01 2.999935795554066129e-02
4.500000000000000111e-01 2.999935795553829512e-02
4.600000000000000200e-01 2.999935795553882595e-02
4.700000000000000289e-01 2.999935795554088680e-02
4.799999999999999822e-01 2.999935795553622386e-02
4.899999999999999911e-01 2.999935795553840961e-02
5.000000000000000000e-01 2.999935795553963086e-02
5.100000000000000089e-01 2.999935795553904105e-02
5.200000000000000178e-01 2.999935795554202478e-02
5.300000000000000266e-01 2.999935795553995005e-02
5.400000000000000355e-01 2.999935795554162232e-02
5.500000000000000444e-01 2.999935795553945045e-02
5.600000000000000533e-01 2.999935795554199008e-02
5.700000000000000622e-01 2.999935795554001250e-02
5.799999999999999600e-01 2.999935795554704854e-02
5.899999999999999689e-01 2.999935795554420012e-02
5.999999999999999778e-01 2.999935795554236478e-02
6.099999999999999867e-01 2.999935795554843632e-02
6.199999999999999956e-01 2.999935795554496687e-02
6.300000000000000044e-01 2.999935795554935919e-02
6.400000000000000133e-01 2.999935795554872775e-02
6.500000000000000222e-01 2.999935795555516704e-02
6.600000000000000311e-01 2.999935795555722443e-02
6.700000000000000400e-01 2.999935795555904935e-02
6.800000000000000488e-01 2.999935795556236962e-02
6.900000000000000577e-01 2.999935795556655030e-02
7.000000000000000666e-01 2.999935795556268187e-02
7.099999999999999645e-01 2.999935795556516946e-02
7.199999999999999734e-01 2.999935795557154977e-02
7.299999999999999822e-01 2.999935795557145957e-02
7.399999999999999911e-01 2.999935795557614332e-02
7.500000000000000000e-01 2.999935795557881826e-02
7.600000000000000089e-01 2.999935795557915480e-02
7.700000000000000178e-01 2.999935795558214893e-02
7.800000000000000266e-01 2.999935795558723167e-02
7.900000000000000355e-01 2.999935795558949028e-02
8.000000000000000444e-01 2.999935795558941048e-02
8.100000000000000533e-01 2.999935795559659918e-02
8.200000000000000622e-01 2.999935795559613080e-02
8.300000000000000711e-01 2.999935795559586366e-02
8.399999999999999689e-01 2.999935795559862881e-02
8.499999999999999778e-01 2.999935795560217805e-02
8.599999999999999867e-01 2.999935795560236540e-02
8.699999999999999956e-01 2.999935795560636567e-02
8.800000000000000044e-01 2.999935795560740304e-02
8.900000000000000133e-01 2.999935795561314150e-02
9.000000000000000222e-01 2.999935795560974838e-02
9.100000000000000311e-01 2.999935795561421009e-02
9.200000000000000400e-01 2.999935795561299232e-02
9.300000000000000488e-01 2.999935795561596910e-02
9.400000000000000577e-01 2.999935795561930671e-02
9.500000000000000666e-01 2.999935795561769342e-02
9.599999999999999645e-01 2.999935795561614604e-02
9.699999999999999734e-01 2.999935795561820689e-02
9.799999999999999822e-01 2.999935795561570889e-02
9.899999999999999911e-01 2.999935795561808893e-02
1.000000000000000000e+00 2.999935795561740545e-02
1.010000000000000009e+00 2.999935795561380070e-02
1.020000000000000018e+00 2.999935795561344334e-02
1.030000000000000027e+00 2.999935795561305477e-02
1.040000000000000036e+00 2.999935795561058452e-02
1.050000000000000044e+00 2.999935795560899898e-02
1.060000000000000053e+00 2.999935795560592158e-02
1.070000000000000062e+00 2.999935795560458238e-02
1.080000000000000071e+00 2.999935795560314256e-02
1.090000000000000080e+00 2.999935795560000618e-02
1.100000000000000089e+00 2.999935795559901391e-02
1.110000000000000098e+00 2.999935795559403873e-02
1.120000000000000107e+00 2.999935795559237339e-02
1.130000000000000115e+00 2.999935795558923007e-02
1.140000000000000124e+00 2.999935795558524715e-02
1.150000000000000133e+00 2.999935795558097279e-02
1.159999999999999920e+00 2.999935795557805152e-02
1.169999999999999929e+00 2.999935795557436002e-02
1.179999999999999938e+00 2.999935795557023485e-02
1.189999999999999947e+00 2.999935795556771950e-02
1.199999999999999956e+00 2.999935795556267146e-02
1.209999999999999964e+00 2.999935795556033305e-02
1.219999999999999973e+00 2.999935795555763729e-02
1.229999999999999982e+00 2.999935795555075391e-02
1.239999999999999991e+00 2.999935795554800610e-02
1.250000000000000000e+00 2.999935795554691323e-02
1.260000000000000009e+00 2.999935795554287826e-02
1.270000000000000018e+00 2.999935795554072721e-02
1.280000000000000027e+00 2.999935795553625856e-02
1.290000000000000036e+00 2.999935795553384382e-02
1.300000000000000044e+00 2.999935795552808107e-02
1.310000000000000053e+00 2.999935795552944803e-02
1.320000000000000062e+00 2.999935795552712003e-02
1.330000000000000071e+00 2.999935795552400794e-02
1.340000000000000080e+00 2.999935795552056625e-02
1.350000000000000089e+00 2.999935795552008747e-02
1.360000000000000098e+00 2.999935795551838050e-02
1.370000000000000107e+00 2.999935795551646189e-02
1.380000000000000115e+00 2.999935795551813070e-02
1.390000000000000124e+00 2.999935795551611495e-02
1.400000000000000133e+00 2.999935795551696149e-02
1.409999999999999920e+00 2.999935795551624679e-02
1.419999999999999929e+00 2.999935795551665965e-02
1.429999999999999938e+00 2.999935795551829029e-02
1.439999999999999947e+00 2.999935795551812029e-02
1.449999999999999956e+00 2.999935795551991052e-02
1.459999999999999964e+00 2.999935795552164525e-02
1.469999999999999973e+00 2.999935795552487183e-02
1.479999999999999982e+00 2.999935795552626308e-02
1.489999999999999991e+00 2.999935795552882353e-02
1.500000000000000000e+00 2.999935795553176909e-02
1.510000000000000009e+00 2.999935795553414219e-02
1.520000000000000018e+00 2.999935795553805573e-02
1.530000000000000027e+00 2.999935795554210111e-02
1.540000000000000036e+00 2.999935795554726364e-02
1.550000000000000044e+00 2.999935795555211393e-02
1.560000000000000053e+00 2.999935795555437601e-02
1.570000000000000062e+00 2.999935795555883772e-02
1.580000000000000071e+00 2.999935795556669949e-02
1.590000000000000080e+00 2.999935795557131385e-02
1.600000000000000089e+00 2.999935795557466534e-02
1.610000000000000098e+00 2.999935795558088258e-02
1.620000000000000107e+00 2.999935795558673207e-02
1.630000000000000115e+00 2.999935795559095092e-02
1.640000000000000124e+00 2.999935795559770940e-02
1.650000000000000133e+00 2.999935795560421115e-02
1.660000000000000142e+00 2.999935795560809693e-02
1.669999999999999929e+00 2.999935795561355090e-02
1.679999999999999938e+00 2.999935795562022264e-02
1.689999999999999947e+00 2.999935795562488211e-02
1.699999999999999956e+00 2.999935795562790053e-02
1.709999999999999964e+00 2.999935795563601904e-02
1.719999999999999973e+00 2.999935795564227098e-02
1.729999999999999982e+00 2.999935795564534144e-02
1.739999999999999991e+00 2.999935795564837027e-02
1.750000000000000000e+00 2.999935795565430302e-02
1.760000000000000009e+00 2.999935795565925739e-02
1.770000000000000018e+00 2.999935795566333052e-02
1.780000000000000027e+00 2.999935795566540525e-02
1.790000000000000036e+00 2.999935795566961716e-02
1.800000000000000044e+00 2.999935795567335375e-02
1.810000000000000053e+00 2.999935795567637564e-02
1.820000000000000062e+00 2.999935795567901936e-02
1.830000000000000071e+00 2.999935795568055980e-02
1.840000000000000080e+00 2.999935795568268310e-02
1.850000000000000089e+00 2.999935795568578825e-02
1.860000000000000098e+00 2.999935795568644398e-02
1.870000000000000107e+00 2.999935795568681868e-02
1.880000000000000115e+00 2.999935795568691582e-02
1.890000000000000124e+00 2.999935795568819258e-02
1.900000000000000133e+00 2.999935795568833136e-02
1.910000000000000142e+00 2.999935795568798441e-02
1.919999999999999929e+00 2.999935795568556968e-02
1.929999999999999938e+00 2.999935795568663827e-02
1.939999999999999947e+00 2.999935795568445945e-02
1.949999999999999956e+00 2.999935795568438313e-02
1.959999999999999964e+00 2.999935795568171859e-02
1.969999999999999973e+00 2.999935795567851282e-02
1.979999999999999982e+00 2.999935795567630625e-02
1.989999999999999991e+00 2.999935795567237190e-02
2.000000000000000000e+00 2.999935795567215679e-02
2.010000000000000231e+00 2.999935795566567240e-02
2.020000000000000018e+00 2.999935795566504443e-02
2.030000000000000249e+00 2.999935795566034680e-02
2.040000000000000036e+00 2.999935795565756430e-02
2.049999999999999822e+00 2.999935795565338362e-02
2.060000000000000053e+00 2.999935795564878660e-02
2.069999999999999840e+00 2.999935795564500490e-02
2.080000000000000071e+00 2.999935795563998808e-02
2.089999999999999858e+00 2.999935795563720212e-02
2.100000000000000089e+00 2.999935795563369451e-02
2.109999999999999876e+00 2.999935795562858054e-02
2.120000000000000107e+00 2.999935795562454210e-02
2.129999999999999893e+00 2.999935795562113164e-02
2.140000000000000124e+00 2.999935795561795016e-02
2.149999999999999911e+00 2.999935795561271129e-02
2.160000000000000142e+00 2.999935795560742732e-02
2.169999999999999929e+00 2.999935795560449911e-02
2.180000000000000160e+00 2.999935795560209131e-02
2.189999999999999947e+00 2.999935795559963495e-02
2.200000000000000178e+00 2.999935795559686980e-02
2.209999999999999964e+00 2.999935795559306381e-02
2.220000000000000195e+00 2.999935795559060744e-02
2.229999999999999982e+00 2.999935795558740861e-02
2.240000000000000213e+00 2.999935795558525409e-02
2.250000000000000000e+00 2.999935795558294691e-02
2.260000000000000231e+00 2.999935795558054258e-02
2.270000000000000018e+00 2.999935795557833601e-02
2.280000000000000249e+00 2.999935795557937684e-02
2.290000000000000036e+00 2.999935795557710783e-02
2.300000000000000266e+00 2.999935795557450574e-02
2.310000000000000053e+00 2.999935795557599413e-02
2.319999999999999840e+00 2.999935795557491514e-02
2.330000000000000071e+00 2.999935795557469656e-02
2.339999999999999858e+00 2.999935795557584495e-02
2.350000000000000089e+00 2.999935795557579638e-02
2.359999999999999876e+00 2.999935795557662210e-02
2.370000000000000107e+00 2.999935795557889112e-02
2.379999999999999893e+00 2.999935795557844356e-02
2.390000000000000124e+00 2.999935795558029278e-02
2.399999999999999911e+00 2.999935795558344304e-02
2.410000000000000142e+00 2.999935795558467122e-02
2.419999999999999929e+00 2.999935795558710677e-02
2.430000000000000160e+00 2.999935795558903578e-02
2.439999999999999947e+00 2.999935795559275503e-02
2.450000000000000178e+00 2.999935795559546814e-02
2.459999999999999964e+00 2.999935795560058904e-02
2.470000000000000195e+00 2.999935795560219540e-02
2.479999999999999982e+00 2.999935795560573076e-02
2.490000000000000213e+00 2.999935795561046656e-02
2.500000000000000000e+00 2.999935795561436969e-02
2.510000000000000231e+00 2.999935795561778015e-02
2.520000000000000018e+00 2.999935795562421598e-02
2.530000000000000249e+00 2.999935795562640173e-02
2.540000000000000036e+00 2.999935795563132834e-02
2.550000000000000266e+00 2.999935795563648047e-02
2.560000000000000053e+00 2.999935795564086238e-02
2.569999999999999840e+00 2.999935795564610125e-02
2.580000000000000071e+00 2.999935795564952212e-02
2.589999999999999858e+00 2.999935795565429608e-02
2.600000000000000089e+00 2.999935795565937882e-02
2.609999999999999876e+00 2.999935795566301827e-02
2.620000000000000107e+00 2.999935795566832653e-02
2.629999999999999893e+00 2.999935795567366947e-02
2.640000000000000124e+00 2.999935795567676769e-02
2.649999999999999911e+00 2.999935795568074021e-02
2.660000000000000142e+00 2.999935795568538233e-02
2.669999999999999929e+00 2.999935795568871300e-02
2.680000000000000160e+00 2.999935795569368471e-02
2.689999999999999947e+00 2.999935795569773356e-02
2.700000000000000178e+00 2.999935795570062708e-02
2.709999999999999964e+00 2.999935795570286140e-02
2.720000000000000195e+00 2.999935795570757985e-02
2.729999999999999982e+00 2.999935795570883232e-02
2.740000000000000213e+00 2.999935795571137542e-02
2.750000000000000000e+00 2.999935795571545202e-02
2.760000000000000231e+00 2.999935795571730818e-02
2.770000000000000018e+00 2.999935795571913658e-02
2.780000000000000249e+00 2.999935795572140906e-02
2.790000000000000036e+00 2.999935795572117314e-02
2.800000000000000266e+00 2.999935795572427830e-02
2.810000000000000053e+00 2.999935795572442054e-02
2.819999999999999840e+00 2.999935795572452116e-02
2.830000000000000071e+00 2.999935795572501035e-02
2.839999999999999858e+00 2.999935795572471198e-02
2.850000000000000089e+00 2.999935795572582567e-02
2.859999999999999876e+00 2.999935795572310562e-02
2.870000000000000107e+00 2.999935795572372318e-02
2.879999999999999893e+00 2.999935795572291827e-02
2.890000000000000124e+00 2.999935795572108294e-02
2.899999999999999911e+00 2.999935795572057987e-02
2.910000000000000142e+00 2.999935795571738104e-02
2.919999999999999929e+00 2.999935795571483793e-02
2.930000000000000160e+00 2.999935795571262442e-02
2.939999999999999947e+00 2.999935795571086194e-02
2.950000000000000178e+00 2.999935795570709759e-02
2.959999999999999964e+00 2.999935795570465510e-02
2.970000000000000195e+00 2.999935795570161587e-02
2.979999999999999982e+00 2.999935795569868072e-02
2.990000000000000213e+00 2.999935795569557556e-02
3.000000000000000000e+00 2.999935795569278613e-02
3.010000000000000231e+00 2.999935795568925423e-02
3.020000000000000018e+00 2.999935795568629132e-02
3.030000000000000249e+00 2.999935795568245758e-02
3.040000000000000036e+00 2.999935795567790220e-02
3.050000000000000266e+00 2.999935795567507113e-02
3.060000000000000053e+00 2.999935795567108821e-02
3.070000000000000284e+00 2.999935795566631078e-02
3.080000000000000071e+00 2.999935795566441299e-02
3.089999999999999858e+00 2.999935795566041966e-02
3.100000000000000089e+00 2.999935795565701613e-02
3.109999999999999876e+00 2.999935795565323443e-02
3.120000000000000107e+00 2.999935795564970947e-02
3.129999999999999893e+00 2.999935795564624696e-02
3.140000000000000124e+00 2.999935795564466490e-02
3.149999999999999911e+00 2.999935795564102198e-02
3.160000000000000142e+00 2.999935795563835397e-02
3.169999999999999929e+00 2.999935795563415941e-02
3.180000000000000160e+00 2.999935795563140120e-02
3.189999999999999947e+00 2.999935795562935770e-02
3.200000000000000178e+00 2.999935795562687357e-02
3.209999999999999964e+00 2.999935795562361923e-02
3.220000000000000195e+00 2.999935795562259228e-02
3.229999999999999982e+00 2.999935795562093388e-02
3.240000000000000213e+00 2.999935795561890078e-02
3.250000000000000000e+00 2.999935795561747137e-02
3.260000000000000231e+00 2.999935795561524052e-02
3.270000000000000018e+00 2.999935795561551113e-02
3.280000000000000249e+00 2.999935795561379376e-02
3.290000000000000036e+00 2.999935795561171903e-02
3.300000000000000266e+00 2.999935795561171209e-02
3.310000000000000053e+00 2.999935795561079269e-02
3.320000000000000284e+00 2.999935795560962695e-02
3.330000000000000071e+00 2.999935795561005369e-02
3.339999999999999858e+00 2.999935795561039370e-02
3.350000000000000089e+00 2.999935795561001900e-02
3.359999999999999876e+00 2.999935795561062268e-02
3.370000000000000107e+00 2.999935795560963736e-02
3.379999999999999893e+00 2.999935795561064003e-02
3.390000000000000124e+00 2.999935795560957838e-02
3.399999999999999911e+00 2.999935795561077534e-02
3.410000000000000142e+00 2.999935795561210761e-02
3.419999999999999929e+00 2.999935795561362722e-02
3.430000000000000160e+00 2.999935795561404009e-02
3.439999999999999947e+00 2.999935795561426560e-02
3.450000000000000178e+00 2.999935795561688157e-02
3.459999999999999964e+00 2.999935795561665258e-02
3.470000000000000195e+00 2.999935795561907773e-02
3.479999999999999982e+00 2.999935795561938304e-02
3.490000000000000213e+00 2.999935795562101021e-02
3.500000000000000000e+00 2.999935795562184981e-02
3.510000000000000231e+00 2.999935795562469476e-02
3.520000000000000018e+00 2.999935795562524640e-02
3.530000000000000249e+00 2.999935795562684582e-02
3.540000000000000036e+00 2.999935795562799420e-02
3.550000000000000266e+00 2.999935795562962831e-02
3.560000000000000053e+00 2.999935795563192509e-02
3.570000000000000284e+00 2.999935795563229285e-02
3.580000000000000071e+00 2.999935795563387145e-02
3.589999999999999858e+00 2.999935795563611618e-02
3.600000000000000089e+00 2.999935795563672333e-02
3.609999999999999876e+00 2.999935795563812152e-02
3.620000000000000107e+00 2.999935795563859683e-02
3.629999999999999893e+00 2.999935795564045993e-02
3.640000000000000124e+00 2.999935795564227792e-02
3.649999999999999911e+00 2.999935795564303773e-02
3.660000000000000142e+00 2.999935795564402999e-02
3.669999999999999929e+00 2.999935795564492858e-02
3.680000000000000160e+00 2.999935795564598329e-02
3.689999999999999947e+00 2.999935795564698596e-02
3.700000000000000178e+00 2.999935795564860966e-02
3.709999999999999964e+00 2.999935795564741270e-02
3.720000000000000195e+00 2.999935795564860272e-02
3.729999999999999982e+00 2.999935795564964355e-02
3.740000000000000213e+00 2.999935795564983437e-02
3.750000000000000000e+00 2.999935795565106950e-02
3.760000000000000231e+00 2.999935795565105562e-02
3.770000000000000018e+00 2.999935795565086480e-02
3.780000000000000249e+00 2.999935795565100358e-02
3.790000000000000036e+00 2.999935795565159685e-02
3.800000000000000266e+00 2.999935795565088215e-02
3.810000000000000053e+00 2.999935795565129501e-02
3.820000000000000284e+00 2.999935795565111113e-02
3.830000000000000071e+00 2.999935795565139909e-02
3.839999999999999858e+00 2.999935795565048663e-02
3.850000000000000089e+00 2.999935795565036867e-02
3.859999999999999876e+00 2.999935795565053867e-02
3.870000000000000107e+00 2.999935795565015009e-02
3.879999999999999893e+00 2.999935795565003560e-02
3.890000000000000124e+00 2.999935795565049357e-02
3.899999999999999911e+00 2.999935795564976498e-02
3.910000000000000142e+00 2.999935795564958457e-02
3.919999999999999929e+00 2.999935795564958457e-02
3.930000000000000160e+00 2.999935795564885599e-02
3.939999999999999947e+00 2.999935795564855068e-02
3.950000000000000178e+00 2.999935795564844659e-02
3.959999999999999964e+00 2.999935795564862354e-02
3.970000000000000195e+00 2.999935795564795740e-02
3.979999999999999982e+00 2.999935795564837721e-02
3.990000000000000213e+00 2.999935795564801985e-02
4.000000000000000000e+00 2.999935795564789495e-02
4.009999999999999787e+00 2.999935795564826618e-02
4.020000000000000462e+00 2.999935795564802332e-02
4.030000000000000249e+00 2.999935795564793659e-02
4.040000000000000036e+00 2.999935795564805802e-02
4.049999999999999822e+00 2.999935795564802332e-02
4.060000000000000497e+00 2.999935795564848476e-02
4.070000000000000284e+00 2.999935795564883517e-02
4.080000000000000071e+00 2.999935795564914048e-02
4.089999999999999858e+00 2.999935795564920293e-02
4.099999999999999645e+00 2.999935795564957763e-02
4.110000000000000320e+00 2.999935795564966784e-02
4.120000000000000107e+00 2.999935795564982050e-02
4.129999999999999893e+00 2.999935795565040336e-02
4.139999999999999680e+00 2.999935795565093766e-02
4.150000000000000355e+00 2.999935795565045887e-02
4.160000000000000142e+00 2.999935795565122909e-02
4.169999999999999929e+00 2.999935795565112501e-02
4.179999999999999716e+00 2.999935795565185359e-02
4.190000000000000391e+00 2.999935795565169053e-02
4.200000000000000178e+00 2.999935795565207564e-02
4.209999999999999964e+00 2.999935795565189522e-02
4.219999999999999751e+00 2.999935795565234972e-02
4.230000000000000426e+00 2.999935795565233237e-02
4.240000000000000213e+00 2.999935795565279728e-02
4.250000000000000000e+00 2.999935795565219360e-02
4.259999999999999787e+00 2.999935795565224911e-02
4.270000000000000462e+00 2.999935795565223523e-02
4.280000000000000249e+00 2.999935795565201666e-02
4.290000000000000036e+00 2.999935795565208951e-02
4.299999999999999822e+00 2.999935795565167318e-02
4.310000000000000497e+00 2.999935795565134011e-02
4.320000000000000284e+00 2.999935795565059765e-02
4.330000000000000071e+00 2.999935795565021601e-02
4.339999999999999858e+00 2.999935795564975111e-02
4.350000000000000533e+00 2.999935795564908844e-02
4.360000000000000320e+00 2.999935795564849170e-02
4.370000000000000107e+00 2.999935795564780128e-02
4.379999999999999893e+00 2.999935795564711086e-02
4.389999999999999680e+00 2.999935795564613941e-02
4.400000000000000355e+00 2.999935795564517491e-02
4.410000000000000142e+00 2.999935795564434918e-02
4.419999999999999929e+00 2.999935795564335345e-02
4.429999999999999716e+00 2.999935795564202118e-02
4.440000000000000391e+00 2.999935795564121280e-02
4.450000000000000178e+00 2.999935795563986318e-02
4.459999999999999964e+00 2.999935795563863847e-02
4.469999999999999751e+00 2.999935795563753518e-02
4.480000000000000426e+00 2.999935795563601904e-02
4.490000000000000213e+00 2.999935795563447860e-02
4.500000000000000000e+00 2.999935795563322960e-02
4.509999999999999787e+00 2.999935795563194590e-02
4.520000000000000462e+00 2.999935795563023894e-02
4.530000000000000249e+00 2.999935795562895871e-02
4.540000000000000036e+00 2.999935795562744950e-02
4.549999999999999822e+00 2.999935795562600274e-02
4.560000000000000497e+00 2.999935795562455945e-02
4.570000000000000284e+00 2.999935795562316473e-02
4.580000000000000071e+00 2.999935795562175267e-02
4.589999999999999858e+00 2.999935795562033714e-02
4.600000000000000533e+00 2.999935795561885915e-02
4.610000000000000320e+00 2.999935795561755117e-02
4.620000000000000107e+00 2.999935795561628135e-02
4.629999999999999893e+00 2.999935795561502541e-02
4.639999999999999680e+00 2.999935795561376253e-02
4.650000000000000355e+00 2.999935795561274945e-02
4.660000000000000142e+00 2.999935795561164617e-02
4.669999999999999929e+00 2.999935795561049084e-02
4.679999999999999716e+00 2.999935795560964777e-02
4.690000000000000391e+00 2.999935795560884633e-02
4.700000000000000178e+00 2.999935795560820448e-02
4.709999999999999964e+00 2.999935795560753488e-02
4.719999999999999751e+00 2.999935795560695201e-02
4.730000000000000426e+00 2.999935795560650792e-02
4.740000000000000213e+00 2.999935795560615751e-02
4.750000000000000000e+00 2.999935795560599444e-02
4.759999999999999787e+00 2.999935795560587995e-02
4.770000000000000462e+00 2.999935795560593199e-02
4.780000000000000249e+00 2.999935795560613669e-02
4.790000000000000036e+00 2.999935795560640384e-02
4.799999999999999822e+00 2.999935795560681670e-02
4.810000000000000497e+00 2.999935795560738222e-02
4.820000000000000284e+00 2.999935795560806570e-02
4.830000000000000071e+00 2.999935795560886367e-02
4.839999999999999858e+00 2.999935795560984553e-02
4.850000000000000533e+00 2.999935795561092106e-02
4.860000000000000320e+00 2.999935795561209720e-02
4.870000000000000107e+00 2.999935795561343641e-02
4.879999999999999893e+00 2.999935795561482071e-02
4.889999999999999680e+00 2.999935795561634380e-02
4.900000000000000355e+00 2.999935795561803689e-02
4.910000000000000142e+00 2.999935795561979590e-02
4.919999999999999929e+00 2.999935795562164512e-02
4.929999999999999716e+00 2.999935795562356719e-02
4.940000000000000391e+00 2.999935795562555171e-02
4.950000000000000178e+00 2.999935795562765073e-02
4.959999999999999964e+00 2.999935795562981566e-02
4.969999999999999751e+00 2.999935795563207774e-02
4.980000000000000426e+00 2.999935795563436758e-02
4.990000000000000213e+00 2.999935795563668864e-02
5.000000000000000000e+00 2.999935795563902011e-02
5.009999999999999787e+00 2.999935795564139321e-02
5.020000000000000462e+00 2.999935795564375590e-02
5.030000000000000249e+00 2.999935795564613247e-02
5.040000000000000036e+00 2.999935795564857843e-02
5.049999999999999822e+00 2.999935795565095500e-02
5.060000000000000497e+00 2.999935795565332811e-02
5.070000000000000284e+00 2.999935795565566651e-02
5.080000000000000071e+00 2.999935795565800492e-02
5.089999999999999858e+00 2.999935795566030863e-02
5.100000000000000533e+00 2.999935795566256724e-02
5.110000000000000320e+00 2.999935795566477381e-02
5.120000000000000107e+00 2.999935795566689017e-02
5.129999999999999893e+00 2.999935795566897184e-02
5.139999999999999680e+00 2.999935795567092514e-02
5.150000000000000355e+00 2.999935795567283334e-02
5.160000000000000142e+00 2.999935795567462357e-02
5.169999999999999929e+00 2.999935795567629931e-02
5.179999999999999716e+00 2.999935795567792302e-02
5.190000000000000391e+00 2.999935795567938018e-02
5.200000000000000178e+00 2.999935795568074021e-02
5.209999999999999964e+00 2.999935795568197533e-02
5.219999999999999751e+00 2.999935795568315147e-02
5.230000000000000426e+00 2.999935795568417496e-02
5.240000000000000213e+00 2.999935795568511865e-02
5.250000000000000000e+00 2.999935795568590621e-02
5.259999999999999787e+00 2.999935795568650643e-02
5.270000000000000462e+00 2.999935795568700603e-02
5.280000000000000249e+00 2.999935795568741195e-02
5.290000000000000036e+00 2.999935795568764441e-02
5.299999999999999822e+00 2.999935795568779706e-02
5.310000000000000497e+00 2.999935795568772767e-02
5.320000000000000284e+00 2.999935795568759236e-02
5.330000000000000071e+00 2.999935795568730440e-02
5.339999999999999858e+00 2.999935795568693317e-02
5.350000000000000533e+00 2.999935795568633642e-02
5.360000000000000320e+00 2.999935795568575009e-02
5.370000000000000107e+00 2.999935795568501457e-02
5.379999999999999893e+00 2.999935795568416802e-02
5.389999999999999680e+00 2.999935795568319657e-02
5.400000000000000355e+00 2.999935795568219737e-02
5.410000000000000142e+00 2.999935795568103511e-02
5.419999999999999929e+00 2.999935795567983121e-02
5.429999999999999716e+00 2.999935795567850588e-02
5.440000000000000391e+00 2.999935795567726035e-02
5.450000000000000178e+00 2.999935795567577196e-02
5.459999999999999964e+00 2.999935795567428704e-02
5.469999999999999751e+00 2.999935795567301028e-02
5.480000000000000426e+00 2.999935795567142474e-02
5.490000000000000213e+00 2.999935795566989125e-02
5.500000000000000000e+00 2.999935795566838204e-02
5.509999999999999787e+00 2.999935795566699773e-02
5.520000000000000462e+00 2.999935795566541913e-02
5.530000000000000249e+00 2.999935795566388563e-02
5.540000000000000036e+00 2.999935795566226193e-02
5.549999999999999822e+00 2.999935795566074925e-02
5.560000000000000497e+00 2.999935795565948637e-02
5.570000000000000284e+00 2.999935795565776206e-02
5.580000000000000071e+00 2.999935795565651306e-02
5.589999999999999858e+00 2.999935795565531957e-02
5.600000000000000533e+00 2.999935795565408098e-02
5.610000000000000320e+00 2.999935795565253360e-02
5.620000000000000107e+00 2.999935795565129154e-02
5.629999999999999893e+00 2.999935795565014662e-02
5.639999999999999680e+00 2.999935795564931743e-02
5.650000000000000355e+00 2.999935795564821761e-02
5.660000000000000142e+00 2.999935795564735025e-02
5.669999999999999929e+00 2.999935795564620880e-02
5.679999999999999716e+00 2.999935795564557736e-02
5.690000000000000391e+00 2.999935795564476898e-02
5.700000000000000178e+00 2.999935795564389815e-02
5.709999999999999964e+00 2.999935795564326671e-02
5.719999999999999751e+00 2.999935795564247221e-02
5.730000000000000426e+00 2.999935795564231261e-02
5.740000000000000213e+00 2.999935795564165342e-02
5.750000000000000000e+00 2.999935795564110524e-02
5.759999999999999787e+00 2.999935795564106361e-02
5.770000000000000462e+00 2.999935795564103586e-02
5.780000000000000249e+00 2.999935795564048768e-02
5.790000000000000036e+00 2.999935795564034197e-02
5.799999999999999822e+00 2.999935795564043911e-02
5.810000000000000497e+00 2.999935795564048074e-02
5.820000000000000284e+00 2.999935795564062646e-02
5.830000000000000071e+00 2.999935795564056401e-02
5.839999999999999858e+00 2.999935795564065769e-02
5.850000000000000533e+00 2.999935795564108443e-02
5.860000000000000320e+00 2.999935795564110524e-02
5.870000000000000107e+00 2.999935795564089014e-02
5.879999999999999893e+00 2.999935795564147994e-02
5.889999999999999680e+00 2.999935795564179913e-02
5.900000000000000355e+00 2.999935795564243057e-02
5.910000000000000142e+00 2.999935795564250690e-02
5.919999999999999929e+00 2.999935795564276711e-02
5.929999999999999716e+00 2.999935795564322161e-02
5.940000000000000391e+00 2.999935795564379754e-02
5.950000000000000178e+00 2.999935795564395019e-02
5.959999999999999964e+00 2.999935795564423469e-02
5.969999999999999751e+00 2.999935795564432489e-02
5.980000000000000426e+00 2.999935795564455387e-02
5.990000000000000213e+00 2.999935795564497715e-02
6.000000000000000000e+00 2.999935795564525817e-02
6.009999999999999787e+00 2.999935795564578206e-02
6.020000000000000462e+00 2.999935795564551144e-02
6.030000000000000249e+00 2.999935795564571267e-02
6.040000000000000036e+00 2.999935795564657656e-02
6.049999999999999822e+00 2.999935795564645513e-02
6.060000000000000497e+00 2.999935795564630941e-02
6.070000000000000284e+00 2.999935795564641003e-02
6.080000000000000071e+00 2.999935795564669799e-02
6.089999999999999858e+00 2.999935795564655228e-02
6.100000000000000533e+00 2.999935795564653840e-02
6.110000000000000320e+00 2.999935795564662167e-02
6.120000000000000107e+00 2.999935795564617411e-02
6.129999999999999893e+00 2.999935795564610819e-02
6.140000000000000568e+00 2.999935795564625390e-02
6.150000000000000355e+00 2.999935795564603880e-02
6.160000000000000142e+00 2.999935795564559124e-02
6.169999999999999929e+00 2.999935795564575430e-02
6.179999999999999716e+00 2.999935795564476204e-02
6.190000000000000391e+00 2.999935795564506735e-02
6.200000000000000178e+00 2.999935795564492858e-02
6.209999999999999964e+00 2.999935795564468571e-02
6.219999999999999751e+00 2.999935795564488000e-02
6.230000000000000426e+00 2.999935795564361019e-02
6.240000000000000213e+00 2.999935795564425550e-02
6.250000000000000000e+00 2.999935795564361712e-02
6.259999999999999787e+00 2.999935795564302732e-02
6.270000000000000462e+00 2.999935795564317997e-02
6.280000000000000249e+00 2.999935795564310712e-02
6.290000000000000036e+00 2.999935795564356161e-02
6.299999999999999822e+00 2.999935795564330487e-02
6.310000000000000497e+00 2.999935795564344712e-02
6.320000000000000284e+00 2.999935795564388774e-02
6.330000000000000071e+00 2.999935795564430407e-02
6.339999999999999858e+00 2.999935795564390162e-02
6.350000000000000533e+00 2.999935795564470653e-02
6.360000000000000320e+00 2.999935795564537960e-02
6.370000000000000107e+00 2.999935795564531368e-02
6.379999999999999893e+00 2.999935795564604921e-02
6.390000000000000568e+00 2.999935795564687147e-02
6.400000000000000355e+00 2.999935795564655922e-02
6.410000000000000142e+00 2.999935795564828353e-02
6.419999999999999929e+00 2.999935795564848129e-02
6.429999999999999716e+00 2.999935795565013275e-02
6.440000000000000391e+00 2.999935795565094460e-02
6.450000000000000178e+00 2.999935795565267238e-02
6.459999999999999964e+00 2.999935795565227686e-02
6.469999999999999751e+00 2.999935795565321014e-02
6.480000000000000426e+00 2.999935795565478874e-02
6.490000000000000213e+00 2.999935795565479568e-02
6.500000000000000000e+00 2.999935795565622856e-02
6.509999999999999787e+00 2.999935795565825125e-02
6.520000000000000462e+00 2.999935795565937882e-02
6.530000000000000249e+00 2.999935795565949678e-02
6.540000000000000036e+00 2.999935795566146049e-02
6.549999999999999822e+00 2.999935795566241112e-02
6.560000000000000497e+00 2.999935795566357338e-02
6.570000000000000284e+00 2.999935795566495075e-02
6.580000000000000071e+00 2.999935795566567934e-02
6.589999999999999858e+00 2.999935795566775060e-02
6.600000000000000533e+00 2.999935795566785121e-02
6.610000000000000320e+00 2.999935795566884347e-02
6.620000000000000107e+00 2.999935795566937083e-02
6.629999999999999893e+00 2.999935795567031799e-02
6.640000000000000568e+00 2.999935795567085922e-02
6.650000000000000355e+00 2.999935795567083840e-02
6.660000000000000142e+00 2.999935795567336069e-02
6.669999999999999929e+00 2.999935795567292007e-02
6.679999999999999716e+00 2.999935795567310742e-02
6.690000000000000391e+00 2.999935795567336416e-02
6.700000000000000178e+00 2.999935795567406846e-02
6.709999999999999964e+00 2.999935795567213598e-02
6.719999999999999751e+00 2.999935795567268762e-02
6.730000000000000426e+00 2.999935795567217414e-02
6.740000000000000213e+00 2.999935795567233721e-02
6.750000000000000000e+00 2.999935795567185148e-02
6.759999999999999787e+00 2.999935795567230251e-02
6.770000000000000462e+00 2.999935795566983573e-02
6.780000000000000249e+00 2.999935795566840285e-02
6.790000000000000036e+00 2.999935795566660568e-02
6.799999999999999822e+00 2.999935795566652241e-02
6.810000000000000497e+00 2.999935795566478075e-02
6.820000000000000284e+00 2.999935795566431584e-02
6.830000000000000071e+00 2.999935795566208152e-02
6.839999999999999858e+00 2.999935795565925739e-02
6.850000000000000533e+00 2.999935795565918453e-02
6.860000000000000320e+00 2.999935795565656163e-02
6.870000000000000107e+00 2.999935795565370628e-02
6.879999999999999893e+00 2.999935795565023683e-02
6.890000000000000568e+00 2.999935795564788107e-02
6.900000000000000355e+00 2.999935795564423469e-02
6.910000000000000142e+00 2.999935795564260752e-02
6.919999999999999929e+00 2.999935795563923521e-02
6.929999999999999716e+00 2.999935795563677191e-02
6.940000000000000391e+00 2.999935795563338226e-02
6.950000000000000178e+00 2.999935795563049568e-02
6.959999999999999964e+00 2.999935795562653010e-02
6.969999999999999751e+00 2.999935795562280391e-02
6.980000000000000426e+00 2.999935795561935181e-02
6.990000000000000213e+00 2.999935795561575747e-02
7.000000000000000000e+00 2.999935795561330804e-02
7.009999999999999787e+00 2.999935795560838836e-02
7.020000000000000462e+00 2.999935795560493973e-02
7.030000000000000249e+00 2.999935795560262908e-02
7.040000000000000036e+00 2.999935795559936780e-02
7.049999999999999822e+00 2.999935795559522528e-02
7.060000000000000497e+00 2.999935795559286258e-02
7.070000000000000284e+00 2.999935795558990662e-02
7.080000000000000071e+00 2.999935795558549001e-02
7.089999999999999858e+00 2.999935795558295037e-02
7.100000000000000533e+00 2.999935795557923807e-02
7.110000000000000320e+00 2.999935795557717721e-02
7.120000000000000107e+00 2.999935795557397838e-02
7.129999999999999893e+00 2.999935795557202856e-02
7.140000000000000568e+00 2.999935795556939178e-02
7.150000000000000355e+00 2.999935795556683479e-02
7.160000000000000142e+00 2.999935795556502721e-02
7.169999999999999929e+00 2.999935795556513823e-02
7.179999999999999716e+00 2.999935795556228635e-02
7.190000000000000391e+00 2.999935795556195675e-02
7.200000000000000178e+00 2.999935795556061061e-02
7.209999999999999964e+00 2.999935795556064530e-02
7.219999999999999751e+00 2.999935795555870588e-02
7.230000000000000426e+00 2.999935795555901813e-02
7.240000000000000213e+00 2.999935795555919160e-02
7.250000000000000000e+00 2.999935795556087775e-02
7.259999999999999787e+00 2.999935795556161675e-02
7.270000000000000462e+00 2.999935795556234186e-02
7.280000000000000249e+00 2.999935795556402454e-02
7.290000000000000036e+00 2.999935795556577661e-02
7.299999999999999822e+00 2.999935795556794502e-02
7.310000000000000497e+00 2.999935795556886789e-02
7.320000000000000284e+00 2.999935795557031118e-02
7.330000000000000071e+00 2.999935795557390553e-02
7.339999999999999858e+00 2.999935795557737844e-02
7.350000000000000533e+00 2.999935795557976195e-02
7.360000000000000320e+00 2.999935795558335283e-02
7.370000000000000107e+00 2.999935795558579879e-02
7.379999999999999893e+00 2.999935795558916068e-02
7.390000000000000568e+00 2.999935795559444118e-02
7.400000000000000355e+00 2.999935795559743185e-02
7.410000000000000142e+00 2.999935795560258051e-02
7.419999999999999929e+00 2.999935795560725038e-02
7.429999999999999716e+00 2.999935795560950552e-02
7.440000000000000391e+00 2.999935795561475133e-02
7.450000000000000178e+00 2.999935795561841853e-02
7.459999999999999964e+00 2.999935795562395924e-02
7.469999999999999751e+00 2.999935795562781032e-02
7.480000000000000426e+00 2.999935795563356267e-02
7.490000000000000213e+00 2.999935795563647700e-02
7.500000000000000000e+00 2.999935795564306201e-02
7.509999999999999787e+00 2.999935795564713514e-02
7.520000000000000462e+00 2.999935795565142338e-02
7.530000000000000249e+00 2.999935795565636734e-02
7.540000000000000036e+00 2.999935795565825819e-02
7.549999999999999822e+00 2.999935795566487789e-02
7.560000000000000497e+00 2.999935795566752855e-02
7.570000000000000284e+00 2.999935795567115066e-02
7.580000000000000071e+00 2.999935795567644503e-02
7.589999999999999858e+00 2.999935795568011571e-02
7.600000000000000533e+00 2.999935795568315147e-02
7.610000000000000320e+00 2.999935795568827585e-02
7.620000000000000107e+00 2.999935795569021874e-02
7.629999999999999893e+00 2.999935795569206448e-02
7.640000000000000568e+00 2.999935795569634925e-02
7.650000000000000355e+00 2.999935795569802499e-02
7.660000000000000142e+00 2.999935795570009625e-02
7.669999999999999929e+00 2.999935795570121688e-02
7.679999999999999716e+00 2.999935795570394734e-02
7.690000000000000391e+00 2.999935795570556757e-02
7.700000000000000178e+00 2.999935795570667085e-02
7.709999999999999964e+00 2.999935795570745495e-02
7.719999999999999751e+00 2.999935795570759373e-02
7.730000000000000426e+00 2.999935795570773250e-02
7.740000000000000213e+00 2.999935795570744454e-02
7.750000000000000000e+00 2.999935795570860680e-02
7.759999999999999787e+00 2.999935795570844027e-02
7.770000000000000462e+00 2.999935795570707331e-02
7.780000000000000249e+00 2.999935795570433938e-02
7.790000000000000036e+00 2.999935795570536287e-02
7.799999999999999822e+00 2.999935795570324998e-02
7.810000000000000497e+00 2.999935795570073116e-02
7.820000000000000284e+00 2.999935795569858010e-02
7.830000000000000071e+00 2.999935795569763641e-02
7.839999999999999858e+00 2.999935795569542984e-02
7.850000000000000533e+00 2.999935795569130120e-02
7.860000000000000320e+00 2.999935795568856728e-02
7.870000000000000107e+00 2.999935795568565641e-02
7.879999999999999893e+00 2.999935795568186431e-02
7.890000000000000568e+00 2.999935795567822139e-02
7.900000000000000355e+00 2.999935795567594543e-02
7.910000000000000142e+00 2.999935795567156005e-02
7.919999999999999929e+00 2.999935795566863878e-02
7.930000000000000604e+00 2.999935795566446156e-02
7.940000000000000391e+00 2.999935795566117253e-02
7.950000000000000178e+00 2.999935795565534385e-02
7.959999999999999964e+00 2.999935795565356750e-02
7.969999999999999751e+00 2.999935795564826965e-02
7.980000000000000426e+00 2.999935795564576124e-02
7.990000000000000213e+00 2.999935795564035584e-02
8.000000000000000000e+00 2.999935795563783356e-02
8.009999999999999787e+00 2.999935795563245591e-02
8.019999999999999574e+00 2.999935795562830645e-02
8.029999999999999361e+00 2.999935795562488905e-02
8.040000000000000924e+00 2.999935795562224186e-02
8.050000000000000711e+00 2.999935795562002835e-02
8.060000000000000497e+00 2.999935795561515725e-02
8.070000000000000284e+00 2.999935795561483459e-02
8.080000000000000071e+00 2.999935795561053942e-02
8.089999999999999858e+00 2.999935795560642118e-02
8.099999999999999645e+00 2.999935795560473850e-02
8.109999999999999432e+00 2.999935795560298990e-02
8.120000000000000995e+00 2.999935795560022475e-02
8.130000000000000782e+00 2.999935795559953433e-02
8.140000000000000568e+00 2.999935795559986046e-02
8.150000000000000355e+00 2.999935795559650203e-02
8.160000000000000142e+00 2.999935795559768512e-02
8.169999999999999929e+00 2.999935795559481588e-02
8.179999999999999716e+00 2.999935795559647428e-02
8.189999999999999503e+00 2.999935795559929147e-02
8.199999999999999289e+00 2.999935795559777879e-02
8.210000000000000853e+00 2.999935795559776491e-02
8.220000000000000639e+00 2.999935795560148416e-02
8.230000000000000426e+00 2.999935795560237234e-02
8.240000000000000213e+00 2.999935795560596322e-02
8.250000000000000000e+00 2.999935795560837101e-02
8.259999999999999787e+00 2.999935795561169474e-02
8.269999999999999574e+00 2.999935795561465418e-02
8.279999999999999361e+00 2.999935795561759974e-02
8.290000000000000924e+00 2.999935795561944896e-02
8.300000000000000711e+00 2.999935795562378577e-02
8.310000000000000497e+00 2.999935795562783808e-02
8.320000000000000284e+00 2.999935795563363899e-02
8.330000000000000071e+00 2.999935795563799662e-02
8.339999999999999858e+00 2.999935795564338120e-02
8.349999999999999645e+00 2.999935795564632329e-02
8.359999999999999432e+00 2.999935795565289096e-02
8.370000000000000995e+00 2.999935795565875085e-02
8.380000000000000782e+00 2.999935795566357338e-02
8.390000000000000568e+00 2.999935795566769509e-02
8.400000000000000355e+00 2.999935795567311436e-02
8.410000000000000142e+00 2.999935795567783281e-02
8.419999999999999929e+00 2.999935795568428598e-02
8.429999999999999716e+00 2.999935795568862626e-02
8.439999999999999503e+00 2.999935795569705008e-02
8.449999999999999289e+00 2.999935795569967992e-02
8.460000000000000853e+00 2.999935795570642799e-02
8.470000000000000639e+00 2.999935795571111868e-02
8.480000000000000426e+00 2.999935795571635408e-02
8.490000000000000213e+00 2.999935795572282460e-02
8.500000000000000000e+00 2.999935795572641895e-02
8.509999999999999787e+00 2.999935795572816755e-02
8.519999999999999574e+00 2.999935795573416969e-02
8.529999999999999361e+00 2.999935795573701464e-02
8.540000000000000924e+00 2.999935795574161165e-02
8.550000000000000711e+00 2.999935795574587560e-02
8.560000000000000497e+00 2.999935795574716277e-02
8.570000000000000284e+00 2.999935795575314063e-02
8.580000000000000071e+00 2.999935795575559005e-02
8.589999999999999858e+00 2.999935795575829969e-02
8.599999999999999645e+00 2.999935795575951747e-02
8.609999999999999432e+00 2.999935795576069014e-02
8.620000000000000995e+00 2.999935795576242140e-02
8.630000000000000782e+00 2.999935795576424979e-02
8.640000000000000568e+00 2.999935795576526981e-02
8.650000000000000355e+00 2.999935795576615799e-02
8.660000000000000142e+00 2.999935795576381958e-02
8.669999999999999929e+00 2.999935795576646330e-02
8.679999999999999716e+00 2.999935795576441633e-02
8.689999999999999503e+00 2.999935795576320549e-02
8.700000000000001066e+00 2.999935795576241099e-02
8.710000000000000853e+00 2.999935795576031544e-02
8.720000000000000639e+00 2.999935795575923991e-02
8.730000000000000426e+00 2.999935795575698477e-02
8.740000000000000213e+00 2.999935795575474351e-02
8.750000000000000000e+00 2.999935795575260633e-02
8.759999999999999787e+00 2.999935795574970587e-02
8.769999999999999574e+00 2.999935795574877953e-02
8.779999999999999361e+00 2.999935795574734665e-02
8.790000000000000924e+00 2.999935795574098368e-02
8.800000000000000711e+00 2.999935795573806588e-02
8.810000000000000497e+00 2.999935795573503011e-02
8.820000000000000284e+00 2.999935795573229619e-02
8.830000000000000071e+00 2.999935795572683528e-02
8.839999999999999858e+00 2.999935795572396605e-02
8.849999999999999645e+00 2.999935795571877922e-02
8.859999999999999432e+00 2.999935795571634367e-02
8.870000000000000995e+00 2.999935795571363056e-02
8.880000000000000782e+00 2.999935795571016806e-02
8.890000000000000568e+00 2.999935795570482511e-02
8.900000000000000355e+00 2.999935795570270874e-02
8.910000000000000142e+00 2.999935795569785152e-02
8.919999999999999929e+00 2.999935795569495800e-02
8.929999999999999716e+00 2.999935795569332736e-02
8.939999999999999503e+00 2.999935795568755767e-02
8.950000000000001066e+00 2.999935795568368230e-02
8.960000000000000853e+00 2.999935795568405700e-02
8.970000000000000639e+00 2.999935795567792995e-02
8.980000000000000426e+00 2.999935795567807914e-02
8.990000000000000213e+00 2.999935795567285068e-02
9.000000000000000000e+00 2.999935795567302416e-02
9.009999999999999787e+00 2.999935795566801774e-02
9.019999999999999574e+00 2.999935795566832306e-02
9.029999999999999361e+00 2.999935795566551974e-02
9.040000000000000924e+00 2.999935795566667160e-02
9.050000000000000711e+00 2.999935795566343807e-02
9.060000000000000497e+00 2.999935795566390298e-02
9.070000000000000284e+00 2.999935795566150559e-02
9.080000000000000071e+00 2.999935795566164784e-02
9.089999999999999858e+00 2.999935795565740124e-02
9.099999999999999645e+00 2.999935795565893820e-02
9.109999999999999432e+00 2.999935795566390992e-02
9.120000000000000995e+00 2.999935795566328542e-02
9.130000000000000782e+00 2.999935795566112048e-02
9.140000000000000568e+00 2.999935795566058619e-02
9.150000000000000355e+00 2.999935795566445809e-02
9.160000000000000142e+00 2.999935795566249785e-02
9.169999999999999929e+00 2.999935795566753549e-02
9.179999999999999716e+00 2.999935795566898572e-02
9.189999999999999503e+00 2.999935795566927021e-02
9.200000000000001066e+00 2.999935795567089739e-02
9.210000000000000853e+00 2.999935795567395397e-02
9.220000000000000639e+00 2.999935795567706953e-02
9.230000000000000426e+00 2.999935795567966468e-02
9.240000000000000213e+00 2.999935795568205860e-02
9.250000000000000000e+00 2.999935795568394251e-02
9.259999999999999787e+00 2.999935795568648561e-02
9.269999999999999574e+00 2.999935795569141569e-02
9.279999999999999361e+00 2.999935795568850483e-02
9.290000000000000924e+00 2.999935795569681762e-02
9.300000000000000711e+00 2.999935795569564495e-02
9.310000000000000497e+00 2.999935795569888194e-02
9.320000000000000284e+00 2.999935795570510613e-02
9.330000000000000071e+00 2.999935795570207384e-02
9.339999999999999858e+00 2.999935795570786087e-02
9.349999999999999645e+00 2.999935795571178482e-02
9.359999999999999432e+00 2.999935795570972050e-02
9.370000000000000995e+00 2.999935795571300606e-02
9.380000000000000782e+00 2.999935795572155478e-02
9.390000000000000568e+00 2.999935795572065272e-02
9.400000000000000355e+00 2.999935795572235969e-02
9.410000000000000142e+00 2.999935795572548219e-02
9.419999999999999929e+00 2.999935795572425401e-02
9.429999999999999716e+00 2.999935795572757080e-02
9.439999999999999503e+00 2.999935795573032901e-02
9.450000000000001066e+00 2.999935795572479177e-02
9.460000000000000853e+00 2.999935795573154679e-02
9.470000000000000639e+00 2.999935795573162312e-02
9.480000000000000426e+00 2.999935795573591135e-02
9.490000000000000213e+00 2.999935795573386091e-02
9.500000000000000000e+00 2.999935795573679953e-02
9.509999999999999787e+00 2.999935795573738240e-02
9.519999999999999574e+00 2.999935795573459990e-02
9.529999999999999361e+00 2.999935795573578298e-02
9.540000000000000924e+00 2.999935795573874936e-02
9.550000000000000711e+00 2.999935795573766689e-02
9.560000000000000497e+00 2.999935795573858283e-02
9.570000000000000284e+00 2.999935795573786118e-02
9.580000000000000071e+00 2.999935795573996367e-02
9.589999999999999858e+00 2.999935795573771893e-02
9.599999999999999645e+00 2.999935795573907549e-02
9.609999999999999432e+00 2.999935795573858630e-02
9.620000000000000995e+00 2.999935795573751424e-02
9.630000000000000782e+00 2.999935795573850303e-02
9.640000000000000568e+00 2.999935795573785077e-02
9.650000000000000355e+00 2.999935795573667463e-02
9.660000000000000142e+00 2.999935795573832956e-02
9.669999999999999929e+00 2.999935795573709443e-02
9.679999999999999716e+00 2.999935795573817343e-02
9.689999999999999503e+00 2.999935795573488093e-02
9.700000000000001066e+00 2.999935795573338559e-02
9.710000000000000853e+00 2.999935795573642830e-02
9.720000000000000639e+00 2.999935795573232741e-02
9.730000000000000426e+00 2.999935795573264660e-02
9.740000000000000213e+00 2.999935795572863245e-02
9.750000000000000000e+00 2.999935795572813285e-02
9.759999999999999787e+00 2.999935795572775468e-02
9.769999999999999574e+00 2.999935795573074535e-02
9.779999999999999361e+00 2.999935795572840347e-02
9.790000000000000924e+00 2.999935795572682140e-02
9.800000000000000711e+00 2.999935795572459749e-02
9.810000000000000497e+00 2.999935795572300501e-02
9.820000000000000284e+00 2.999935795572874347e-02
9.830000000000000071e+00 2.999935795572789693e-02
9.839999999999999858e+00 2.999935795572734529e-02
9.849999999999999645e+00 2.999935795572333461e-02
9.859999999999999432e+00 2.999935795572657854e-02
9.870000000000000995e+00 2.999935795572391747e-02
9.880000000000000782e+00 2.999935795571986516e-02
9.890000000000000568e+00 2.999935795571789104e-02
9.900000000000000355e+00 2.999935795572207173e-02
9.910000000000000142e+00 2.999935795572066660e-02
9.919999999999999929e+00 2.999935795572402850e-02
9.929999999999999716e+00 2.999935795572277950e-02
9.939999999999999503e+00 2.999935795571962924e-02
9.950000000000001066e+00 2.999935795572046190e-02
9.960000000000000853e+00 2.999935795572284888e-02
9.970000000000000639e+00 2.999935795571983393e-02
