0.000000000000000000e+00 2.999936014161540612e-02
1.000000000000000021e-02 2.999936014161662390e-02
2.000000000000000042e-02 2.999936014161645043e-02
2.999999999999999889e-02 2.999936014161605144e-02
4.000000000000000083e-02 2.999936014161802902e-02
5.000000000000000278e-02 2.999936014161409814e-02
5.999999999999999778e-02 2.999936014160102873e-02
7.000000000000000666e-02 2.999936014159023875e-02
8.000000000000000167e-02 2.999936014157596892e-02
8.999999999999999667e-02 2.999936014155553735e-02
1.000000000000000056e-01 2.999936014152406946e-02
1.100000000000000006e-01 2.999936014149101257e-02
1.199999999999999956e-01 2.999936014145369867e-02
1.300000000000000044e-01 2.999936014141145815e-02
1.400000000000000133e-01 2.999936014136501614e-02
1.499999999999999944e-01 2.999936014129788928e-02
1.600000000000000033e-01 2.999936014123139386e-02
1.700000000000000122e-01 2.999936014115707830e-02
1.799999999999999933e-01 2.999936014107297544e-02
1.900000000000000022e-01 2.999936014096954429e-02
2.000000000000000111e-01 2.999936014086867359e-02
2.099999999999999922e-01 2.999936014076211299e-02
2.200000000000000011e-01 2.999936014064192441e-02
2.300000000000000100e-01 2.999936014052358504e-02
2.399999999999999911e-01 2.999936014038778742e-02
2.500000000000000000e-01 2.999936014025561884e-02
2.600000000000000089e-01 2.999936014011407234e-02
2.700000000000000178e-01 2.999936013996094483e-02
2.800000000000000266e-01 2.999936013979426219e-02
2.899999999999999800e-01 2.999936013962341622e-02
2.999999999999999889e-01 2.999936013945244881e-02
3.099999999999999978e-01 2.999936013927749154e-02
3.200000000000000067e-01 2.999936013908600235e-02
3.300000000000000155e-01 2.999936013888759509e-02
3.400000000000000244e-01 2.999936013868624227e-02
3.500000000000000333e-01 2.999936013849260896e-02
3.599999999999999867e-01 2.999936013828108372e-02
3.699999999999999956e-01 2.999936013805561477e-02
3.800000000000000044e-01 2.999936013782764782e-02
3.900000000000000133e-01 2.999936013762225656e-02
4.000000000000000222e-01 2.999936013741404117e-02
4.100000000000000311e-01 2.999936013719731523e-02
4.199999999999999845e-01 2.999936013699277051e-02
4.299999999999999933e-01 2.999936013680698510e-02
4.400000000000000022e-01 2.999936013660048709e-02
4.500000000000000111e-01 2.999936013640011612e-02
4.600000000000000200e-01 2.999936013619718470e-02
4.700000000000000289e-01 2.999936013600354792e-02
4.799999999999999822e-01 2.999936013582898964e-02
4.899999999999999911e-01 2.999936013564523732e-02
5.000000000000000000e-01 2.999936013545545857e-02
5.100000000000000089e-01 2.999936013525969503e-02
5.200000000000000178e-01 2.999936013508617411e-02
5.300000000000000266e-01 2.999936013493393477e-02
5.400000000000000355e-01 2.999936013477719904e-02
5.500000000000000444e-01 2.999936013461908593e-02
5.600000000000000533e-01 2.999936013447968355e-02
5.700000000000000622e-01 2.999936013432530357e-02
5.799999999999999600e-01 2.999936013417435834e-02
5.899999999999999689e-01 2.999936013402883933e-02
5.999999999999999778e-01 2.999936013389357947e-02
6.099999999999999867e-01 2.999936013377573624e-02
6.199999999999999956e-01 2.999936013365585991e-02
6.300000000000000044e-01 2.999936013355779252e-02
6.400000000000000133e-01 2.999936013344749880e-02
6.500000000000000222e-01 2.999936013335637031e-02
6.600000000000000311e-01 2.999936013325897599e-02
6.700000000000000400e-01 2.999936013314870309e-02
6.800000000000000488e-01 2.999936013305588151e-02
6.900000000000000577e-01 2.999936013297696547e-02
7.000000000000000666e-01 2.999936013290487730e-02
7.099999999999999645e-01 2.999936013284610486e-02
7.199999999999999734e-01 2.999936013280413150e-02
7.299999999999999822e-01 2.999936013274405455e-02
7.399999999999999911e-01 2.999936013268507395e-02
7.500000000000000000e-01 2.999936013264935600e-02
7.600000000000000089e-01 2.999936013259688408e-02
7.700000000000000178e-01 2.999936013256147144e-02
7.800000000000000266e-01 2.999936013250736541e-02
7.900000000000000355e-01 2.999936013244882196e-02
8.000000000000000444e-01 2.999936013241998392e-02
8.100000000000000533e-01 2.999936013238110877e-02
8.200000000000000622e-01 2.999936013238866522e-02
8.300000000000000711e-01 2.999936013239567698e-02
8.399999999999999689e-01 2.999936013241060601e-02
8.499999999999999778e-01 2.999936013240935007e-02
8.599999999999999867e-01 2.999936013242234314e-02
8.699999999999999956e-01 2.999936013244620600e-02
8.800000000000000044e-01 2.999936013247013825e-02
8.900000000000000133e-01 2.999936013249763708e-02
9.000000000000000222e-01 2.999936013255266598e-02
9.100000000000000311e-01 2.999936013258961906e-02
9.200000000000000400e-01 2.999936013266090232e-02
9.300000000000000488e-01 2.999936013270478388e-02
9.400000000000000577e-01 2.999936013276922192e-02
9.500000000000000666e-01 2.999936013285095515e-02
9.599999999999999645e-01 2.999936013291721118e-02
9.699999999999999734e-01 2.999936013296962412e-02
9.799999999999999822e-01 2.999936013304512622e-02
9.899999999999999911e-01 2.999936013312110711e-02
1.000000000000000000e+00 2.999936013322503092e-02
1.010000000000000009e+00 2.999936013332529447e-02
1.020000000000000018e+00 2.999936013341099675e-02
1.030000000000000027e+00 2.999936013350379405e-02
1.040000000000000036e+00 2.999936013359032552e-02
1.050000000000000044e+00 2.999936013367715537e-02
1.060000000000000053e+00 2.999936013377269353e-02
1.070000000000000062e+00 2.999936013388628669e-02
1.080000000000000071e+00 2.999936013399830820e-02
1.090000000000000080e+00 2.999936013410054586e-02
1.100000000000000089e+00 2.999936013418719877e-02
1.110000000000000098e+00 2.999936013429811005e-02
1.120000000000000107e+00 2.999936013440681129e-02
1.130000000000000115e+00 2.999936013452747519e-02
1.140000000000000124e+00 2.999936013461414891e-02
1.150000000000000133e+00 2.999936013474735139e-02
1.159999999999999920e+00 2.999936013487745912e-02
1.169999999999999929e+00 2.999936013499469173e-02
1.179999999999999938e+00 2.999936013510672017e-02
1.189999999999999947e+00 2.999936013521302750e-02
1.199999999999999956e+00 2.999936013535177068e-02
1.209999999999999964e+00 2.999936013550622352e-02
1.219999999999999973e+00 2.999936013563750392e-02
1.229999999999999982e+00 2.999936013577288521e-02
1.239999999999999991e+00 2.999936013589252909e-02
1.250000000000000000e+00 2.999936013604081325e-02
1.260000000000000009e+00 2.999936013620674302e-02
1.270000000000000018e+00 2.999936013637067439e-02
1.280000000000000027e+00 2.999936013654875416e-02
1.290000000000000036e+00 2.999936013668731694e-02
1.300000000000000044e+00 2.999936013683252023e-02
1.310000000000000053e+00 2.999936013698731307e-02
1.320000000000000062e+00 2.999936013715526206e-02
1.330000000000000071e+00 2.999936013729896656e-02
1.340000000000000080e+00 2.999936013745522351e-02
1.350000000000000089e+00 2.999936013764102627e-02
1.360000000000000098e+00 2.999936013780271291e-02
1.370000000000000107e+00 2.999936013797133150e-02
1.380000000000000115e+00 2.999936013812645741e-02
1.390000000000000124e+00 2.999936013828394948e-02
1.400000000000000133e+00 2.999936013843972071e-02
1.409999999999999920e+00 2.999936013858045536e-02
1.419999999999999929e+00 2.999936013869171358e-02
1.429999999999999938e+00 2.999936013887011949e-02
1.439999999999999947e+00 2.999936013899814555e-02
1.449999999999999956e+00 2.999936013914634297e-02
1.459999999999999964e+00 2.999936013924539568e-02
1.469999999999999973e+00 2.999936013932531786e-02
1.479999999999999982e+00 2.999936013940426860e-02
1.489999999999999991e+00 2.999936013945113389e-02
1.500000000000000000e+00 2.999936013948853453e-02
1.510000000000000009e+00 2.999936013953871661e-02
1.520000000000000018e+00 2.999936013957479886e-02
1.530000000000000027e+00 2.999936013959714209e-02
1.540000000000000036e+00 2.999936013959458164e-02
1.550000000000000044e+00 2.999936013959197956e-02
1.560000000000000053e+00 2.999936013958027017e-02
1.570000000000000062e+00 2.999936013952631680e-02
1.580000000000000071e+00 2.999936013946438718e-02
1.590000000000000080e+00 2.999936013938792057e-02
1.600000000000000089e+00 2.999936013931193968e-02
1.610000000000000098e+00 2.999936013921585681e-02
1.620000000000000107e+00 2.999936013910441124e-02
1.630000000000000115e+00 2.999936013898172465e-02
1.640000000000000124e+00 2.999936013887232605e-02
1.650000000000000133e+00 2.999936013869243523e-02
1.660000000000000142e+00 2.999936013854476169e-02
1.669999999999999929e+00 2.999936013834463358e-02
1.679999999999999938e+00 2.999936013812731089e-02
1.689999999999999947e+00 2.999936013792826178e-02
1.699999999999999956e+00 2.999936013774810381e-02
1.709999999999999964e+00 2.999936013751390573e-02
1.719999999999999973e+00 2.999936013729440770e-02
1.729999999999999982e+00 2.999936013711297644e-02
1.739999999999999991e+00 2.999936013684392083e-02
1.750000000000000000e+00 2.999936013659493250e-02
1.760000000000000009e+00 2.999936013636091137e-02
1.770000000000000018e+00 2.999936013612170688e-02
1.780000000000000027e+00 2.999936013583247296e-02
1.790000000000000036e+00 2.999936013560454418e-02
1.800000000000000044e+00 2.999936013530754564e-02
1.810000000000000053e+00 2.999936013504355542e-02
1.820000000000000062e+00 2.999936013477192895e-02
1.830000000000000071e+00 2.999936013444951671e-02
1.840000000000000080e+00 2.999936013409783275e-02
1.850000000000000089e+00 2.999936013380945232e-02
1.860000000000000098e+00 2.999936013346580360e-02
1.870000000000000107e+00 2.999936013313332650e-02
1.880000000000000115e+00 2.999936013280618541e-02
1.890000000000000124e+00 2.999936013245502534e-02
1.900000000000000133e+00 2.999936013207829544e-02
1.910000000000000142e+00 2.999936013173939292e-02
1.919999999999999929e+00 2.999936013141247387e-02
1.929999999999999938e+00 2.999936013108555483e-02
1.939999999999999947e+00 2.999936013073062346e-02
1.949999999999999956e+00 2.999936013039755309e-02
1.959999999999999964e+00 2.999936013003389954e-02
1.969999999999999973e+00 2.999936012970264021e-02
1.979999999999999982e+00 2.999936012936326585e-02
1.989999999999999991e+00 2.999936012900706814e-02
2.000000000000000000e+00 2.999936012865479090e-02
2.010000000000000231e+00 2.999936012829030468e-02
2.020000000000000018e+00 2.999936012797657300e-02
2.030000000000000249e+00 2.999936012763500248e-02
2.040000000000000036e+00 2.999936012734490121e-02
2.049999999999999822e+00 2.999936012703768168e-02
2.060000000000000053e+00 2.999936012674130764e-02
2.069999999999999840e+00 2.999936012640968402e-02
2.080000000000000071e+00 2.999936012611880212e-02
2.089999999999999858e+00 2.999936012581472244e-02
2.100000000000000089e+00 2.999936012552623793e-02
2.109999999999999876e+00 2.999936012529821200e-02
2.120000000000000107e+00 2.999936012506353167e-02
2.129999999999999893e+00 2.999936012485629466e-02
2.140000000000000124e+00 2.999936012467620261e-02
2.149999999999999911e+00 2.999936012452174283e-02
2.160000000000000142e+00 2.999936012435760330e-02
2.169999999999999929e+00 2.999936012420040266e-02
2.180000000000000160e+00 2.999936012405329117e-02
2.189999999999999947e+00 2.999936012391170997e-02
2.200000000000000178e+00 2.999936012378280614e-02
2.209999999999999964e+00 2.999936012368120686e-02
2.220000000000000195e+00 2.999936012361276161e-02
2.229999999999999982e+00 2.999936012353058082e-02
2.240000000000000213e+00 2.999936012346214598e-02
2.250000000000000000e+00 2.999936012340642319e-02
2.260000000000000231e+00 2.999936012336592434e-02
2.270000000000000018e+00 2.999936012334113861e-02
2.280000000000000249e+00 2.999936012329956075e-02
2.290000000000000036e+00 2.999936012327290846e-02
2.300000000000000266e+00 2.999936012325456203e-02
2.310000000000000053e+00 2.999936012325839924e-02
2.319999999999999840e+00 2.999936012325649104e-02
2.330000000000000071e+00 2.999936012327415746e-02
2.339999999999999858e+00 2.999936012329042917e-02
2.350000000000000089e+00 2.999936012329347187e-02
2.359999999999999876e+00 2.999936012336516453e-02
2.370000000000000107e+00 2.999936012337606900e-02
2.379999999999999893e+00 2.999936012335946423e-02
2.390000000000000124e+00 2.999936012339949817e-02
2.399999999999999911e+00 2.999936012339903674e-02
2.410000000000000142e+00 2.999936012342948460e-02
2.419999999999999929e+00 2.999936012343985825e-02
2.430000000000000160e+00 2.999936012345134212e-02
2.439999999999999947e+00 2.999936012347064612e-02
2.450000000000000178e+00 2.999936012347988179e-02
2.459999999999999964e+00 2.999936012349491837e-02
2.470000000000000195e+00 2.999936012351157172e-02
2.479999999999999982e+00 2.999936012351680364e-02
2.490000000000000213e+00 2.999936012352562298e-02
2.500000000000000000e+00 2.999936012350455650e-02
2.510000000000000231e+00 2.999936012348507902e-02
2.520000000000000018e+00 2.999936012347680786e-02
2.530000000000000249e+00 2.999936012346605257e-02
2.540000000000000036e+00 2.999936012341736929e-02
2.550000000000000266e+00 2.999936012338676877e-02
2.560000000000000053e+00 2.999936012336769375e-02
2.569999999999999840e+00 2.999936012332673693e-02
2.580000000000000071e+00 2.999936012329742357e-02
2.589999999999999858e+00 2.999936012323413392e-02
2.600000000000000089e+00 2.999936012323748541e-02
2.609999999999999876e+00 2.999936012318865641e-02
2.620000000000000107e+00 2.999936012311422984e-02
2.629999999999999893e+00 2.999936012308184602e-02
2.640000000000000124e+00 2.999936012302047844e-02
2.649999999999999911e+00 2.999936012295373322e-02
2.660000000000000142e+00 2.999936012289675449e-02
2.669999999999999929e+00 2.999936012283421424e-02
2.680000000000000160e+00 2.999936012277110153e-02
2.689999999999999947e+00 2.999936012271103500e-02
2.700000000000000178e+00 2.999936012266505442e-02
2.709999999999999964e+00 2.999936012259717469e-02
2.720000000000000195e+00 2.999936012252781697e-02
2.729999999999999982e+00 2.999936012248047637e-02
2.740000000000000213e+00 2.999936012242830630e-02
2.750000000000000000e+00 2.999936012240234789e-02
2.760000000000000231e+00 2.999936012236191496e-02
2.770000000000000018e+00 2.999936012231295412e-02
2.780000000000000249e+00 2.999936012225369597e-02
2.790000000000000036e+00 2.999936012222493772e-02
2.800000000000000266e+00 2.999936012219734174e-02
2.810000000000000053e+00 2.999936012215909803e-02
2.819999999999999840e+00 2.999936012211714548e-02
2.830000000000000071e+00 2.999936012206938507e-02
2.839999999999999858e+00 2.999936012205173252e-02
2.850000000000000089e+00 2.999936012202617658e-02
2.859999999999999876e+00 2.999936012198953228e-02
2.870000000000000107e+00 2.999936012196169691e-02
2.879999999999999893e+00 2.999936012194122370e-02
2.890000000000000124e+00 2.999936012192752979e-02
2.899999999999999911e+00 2.999936012191035950e-02
2.910000000000000142e+00 2.999936012189395942e-02
2.919999999999999929e+00 2.999936012188035919e-02
2.930000000000000160e+00 2.999936012188177126e-02
2.939999999999999947e+00 2.999936012188102880e-02
2.950000000000000178e+00 2.999936012187792364e-02
2.959999999999999964e+00 2.999936012185875495e-02
2.970000000000000195e+00 2.999936012185184034e-02
2.979999999999999982e+00 2.999936012185566020e-02
2.990000000000000213e+00 2.999936012185567408e-02
3.000000000000000000e+00 2.999936012185980966e-02
3.010000000000000231e+00 2.999936012186011497e-02
3.020000000000000018e+00 2.999936012185342588e-02
3.030000000000000249e+00 2.999936012185326975e-02
3.040000000000000036e+00 2.999936012183864603e-02
3.050000000000000266e+00 2.999936012184252487e-02
3.060000000000000053e+00 2.999936012184167486e-02
3.070000000000000284e+00 2.999936012183342104e-02
3.080000000000000071e+00 2.999936012181838099e-02
3.089999999999999858e+00 2.999936012180162703e-02
3.100000000000000089e+00 2.999936012177704947e-02
3.109999999999999876e+00 2.999936012175365499e-02
3.120000000000000107e+00 2.999936012170887137e-02
3.129999999999999893e+00 2.999936012166219690e-02
3.140000000000000124e+00 2.999936012161321872e-02
3.149999999999999911e+00 2.999936012153657169e-02
3.160000000000000142e+00 2.999936012146136449e-02
3.169999999999999929e+00 2.999936012137132887e-02
3.180000000000000160e+00 2.999936012127453477e-02
3.189999999999999947e+00 2.999936012116988931e-02
3.200000000000000178e+00 2.999936012104716804e-02
3.209999999999999964e+00 2.999936012092353776e-02
3.220000000000000195e+00 2.999936012080147915e-02
3.229999999999999982e+00 2.999936012066120941e-02
3.240000000000000213e+00 2.999936012051859086e-02
3.250000000000000000e+00 2.999936012036228880e-02
3.260000000000000231e+00 2.999936012021163848e-02
3.270000000000000018e+00 2.999936012004748506e-02
3.280000000000000249e+00 2.999936011986987366e-02
3.290000000000000036e+00 2.999936011968003594e-02
3.300000000000000266e+00 2.999936011948397402e-02
3.310000000000000053e+00 2.999936011927913787e-02
3.320000000000000284e+00 2.999936011907201536e-02
3.330000000000000071e+00 2.999936011884719866e-02
3.339999999999999858e+00 2.999936011862330831e-02
3.350000000000000089e+00 2.999936011840441050e-02
3.359999999999999876e+00 2.999936011818354550e-02
3.370000000000000107e+00 2.999936011795932209e-02
3.379999999999999893e+00 2.999936011773084513e-02
3.390000000000000124e+00 2.999936011750561210e-02
3.399999999999999911e+00 2.999936011728976046e-02
3.410000000000000142e+00 2.999936011707783276e-02
3.419999999999999929e+00 2.999936011685741880e-02
3.430000000000000160e+00 2.999936011664825278e-02
3.439999999999999947e+00 2.999936011644750711e-02
3.450000000000000178e+00 2.999936011625457810e-02
3.459999999999999964e+00 2.999936011606708225e-02
3.470000000000000195e+00 2.999936011586539636e-02
3.479999999999999982e+00 2.999936011567684233e-02
3.490000000000000213e+00 2.999936011549216019e-02
3.500000000000000000e+00 2.999936011530866115e-02
3.510000000000000231e+00 2.999936011512510659e-02
3.520000000000000018e+00 2.999936011494255469e-02
3.530000000000000249e+00 2.999936011477457448e-02
3.540000000000000036e+00 2.999936011462410110e-02
3.550000000000000266e+00 2.999936011447290954e-02
3.560000000000000053e+00 2.999936011433610231e-02
3.570000000000000284e+00 2.999936011420743787e-02
3.580000000000000071e+00 2.999936011409647801e-02
3.589999999999999858e+00 2.999936011399110397e-02
3.600000000000000089e+00 2.999936011388901896e-02
3.609999999999999876e+00 2.999936011380161666e-02
3.620000000000000107e+00 2.999936011372730110e-02
3.629999999999999893e+00 2.999936011366525698e-02
3.640000000000000124e+00 2.999936011362097643e-02
3.649999999999999911e+00 2.999936011355569532e-02
3.660000000000000142e+00 2.999936011353659948e-02
3.669999999999999929e+00 2.999936011350816042e-02
3.680000000000000160e+00 2.999936011349229464e-02
3.689999999999999947e+00 2.999936011347158205e-02
3.700000000000000178e+00 2.999936011346595460e-02
3.709999999999999964e+00 2.999936011345345072e-02
3.720000000000000195e+00 2.999936011345791936e-02
3.729999999999999982e+00 2.999936011346410886e-02
3.740000000000000213e+00 2.999936011346920894e-02
3.750000000000000000e+00 2.999936011349223219e-02
3.760000000000000231e+00 2.999936011351872142e-02
3.770000000000000018e+00 2.999936011354516902e-02
3.780000000000000249e+00 2.999936011355903639e-02
3.790000000000000036e+00 2.999936011357585974e-02
3.800000000000000266e+00 2.999936011360865296e-02
3.810000000000000053e+00 2.999936011364796873e-02
3.820000000000000284e+00 2.999936011365503252e-02
3.830000000000000071e+00 2.999936011366544086e-02
3.839999999999999858e+00 2.999936011366980543e-02
3.850000000000000089e+00 2.999936011367351080e-02
3.859999999999999876e+00 2.999936011367657779e-02
3.870000000000000107e+00 2.999936011366819213e-02
3.879999999999999893e+00 2.999936011364585237e-02
3.890000000000000124e+00 2.999936011363914246e-02
3.899999999999999911e+00 2.999936011361205995e-02
3.910000000000000142e+00 2.999936011358480745e-02
3.919999999999999929e+00 2.999936011353706439e-02
3.930000000000000160e+00 2.999936011344843390e-02
3.939999999999999947e+00 2.999936011336719333e-02
3.950000000000000178e+00 2.999936011325014112e-02
3.959999999999999964e+00 2.999936011311749029e-02
3.970000000000000195e+00 2.999936011297058003e-02
3.979999999999999982e+00 2.999936011281226222e-02
3.990000000000000213e+00 2.999936011264093400e-02
4.000000000000000000e+00 2.999936011246230605e-02
4.009999999999999787e+00 2.999936011225243920e-02
4.020000000000000462e+00 2.999936011202818803e-02
4.030000000000000249e+00 2.999936011176767420e-02
4.040000000000000036e+00 2.999936011151716625e-02
4.049999999999999822e+00 2.999936011125409890e-02
4.060000000000000497e+00 2.999936011097292105e-02
4.070000000000000284e+00 2.999936011068424224e-02
4.080000000000000071e+00 2.999936011041580419e-02
4.089999999999999858e+00 2.999936011013899090e-02
4.099999999999999645e+00 2.999936010983880047e-02
4.110000000000000320e+00 2.999936010951344961e-02
4.120000000000000107e+00 2.999936010919775770e-02
4.129999999999999893e+00 2.999936010883735155e-02
4.139999999999999680e+00 2.999936010848798865e-02
4.150000000000000355e+00 2.999936010810723766e-02
4.160000000000000142e+00 2.999936010771291767e-02
4.169999999999999929e+00 2.999936010729386399e-02
4.179999999999999716e+00 2.999936010690106014e-02
4.190000000000000391e+00 2.999936010650040841e-02
4.200000000000000178e+00 2.999936010610298673e-02
4.209999999999999964e+00 2.999936010567901684e-02
4.219999999999999751e+00 2.999936010528352764e-02
4.230000000000000426e+00 2.999936010486146595e-02
4.240000000000000213e+00 2.999936010446634105e-02
4.250000000000000000e+00 2.999936010404141706e-02
4.259999999999999787e+00 2.999936010363795508e-02
4.270000000000000462e+00 2.999936010321259394e-02
4.280000000000000249e+00 2.999936010281661902e-02
4.290000000000000036e+00 2.999936010241559953e-02
4.299999999999999822e+00 2.999936010201487493e-02
4.310000000000000497e+00 2.999936010159934621e-02
4.320000000000000284e+00 2.999936010124388402e-02
4.330000000000000071e+00 2.999936010083239027e-02
4.339999999999999858e+00 2.999936010046495849e-02
4.350000000000000533e+00 2.999936010005612233e-02
4.360000000000000320e+00 2.999936009968937750e-02
4.370000000000000107e+00 2.999936009929174072e-02
4.379999999999999893e+00 2.999936009892251870e-02
4.389999999999999680e+00 2.999936009857171945e-02
4.400000000000000355e+00 2.999936009820510299e-02
4.410000000000000142e+00 2.999936009790401051e-02
4.419999999999999929e+00 2.999936009760327538e-02
4.429999999999999716e+00 2.999936009728942227e-02
4.440000000000000391e+00 2.999936009701207121e-02
4.450000000000000178e+00 2.999936009673783224e-02
4.459999999999999964e+00 2.999936009646995277e-02
4.469999999999999751e+00 2.999936009623148381e-02
4.480000000000000426e+00 2.999936009601680484e-02
4.490000000000000213e+00 2.999936009582666874e-02
4.500000000000000000e+00 2.999936009563162684e-02
4.509999999999999787e+00 2.999936009548060875e-02
4.520000000000000462e+00 2.999936009534879058e-02
4.530000000000000249e+00 2.999936009520368790e-02
4.540000000000000036e+00 2.999936009508594875e-02
4.549999999999999822e+00 2.999936009495923761e-02
4.560000000000000497e+00 2.999936009486869545e-02
4.570000000000000284e+00 2.999936009479788404e-02
4.580000000000000071e+00 2.999936009475761764e-02
4.589999999999999858e+00 2.999936009472109477e-02
4.600000000000000533e+00 2.999936009469124018e-02
4.610000000000000320e+00 2.999936009466695405e-02
4.620000000000000107e+00 2.999936009465888412e-02
4.629999999999999893e+00 2.999936009463835540e-02
4.639999999999999680e+00 2.999936009465424547e-02
4.650000000000000355e+00 2.999936009467529460e-02
4.660000000000000142e+00 2.999936009471250789e-02
4.669999999999999929e+00 2.999936009477307056e-02
4.679999999999999716e+00 2.999936009482000523e-02
4.690000000000000391e+00 2.999936009488251773e-02
4.700000000000000178e+00 2.999936009496698142e-02
4.709999999999999964e+00 2.999936009503434073e-02
4.719999999999999751e+00 2.999936009510069043e-02
4.730000000000000426e+00 2.999936009514668142e-02
4.740000000000000213e+00 2.999936009523623132e-02
4.750000000000000000e+00 2.999936009532369954e-02
4.759999999999999787e+00 2.999936009541245840e-02
4.770000000000000462e+00 2.999936009549563493e-02
4.780000000000000249e+00 2.999936009556962782e-02
4.790000000000000036e+00 2.999936009565164208e-02
4.799999999999999822e+00 2.999936009571652074e-02
4.810000000000000497e+00 2.999936009579594678e-02
4.820000000000000284e+00 2.999936009582510055e-02
4.830000000000000071e+00 2.999936009588246785e-02
4.839999999999999858e+00 2.999936009592319222e-02
4.850000000000000533e+00 2.999936009596030489e-02
4.860000000000000320e+00 2.999936009600756223e-02
4.870000000000000107e+00 2.999936009601394254e-02
4.879999999999999893e+00 2.999936009607099413e-02
4.889999999999999680e+00 2.999936009612190133e-02
4.900000000000000355e+00 2.999936009617008847e-02
4.910000000000000142e+00 2.999936009620824892e-02
4.919999999999999929e+00 2.999936009619069699e-02
4.929999999999999716e+00 2.999936009621165592e-02
4.940000000000000391e+00 2.999936009619330948e-02
4.950000000000000178e+00 2.999936009626778810e-02
4.959999999999999964e+00 2.999936009629033604e-02
4.969999999999999751e+00 2.999936009633446393e-02
4.980000000000000426e+00 2.999936009632017328e-02
4.990000000000000213e+00 2.999936009628434083e-02
5.000000000000000000e+00 2.999936009637750936e-02
5.009999999999999787e+00 2.999936009636973780e-02
5.020000000000000462e+00 2.999936009635340711e-02
5.030000000000000249e+00 2.999936009634945194e-02
5.040000000000000036e+00 2.999936009633076550e-02
5.049999999999999822e+00 2.999936009629690023e-02
5.060000000000000497e+00 2.999936009630065417e-02
5.070000000000000284e+00 2.999936009633957096e-02
5.080000000000000071e+00 2.999936009639701459e-02
5.089999999999999858e+00 2.999936009643924470e-02
5.100000000000000533e+00 2.999936009645590845e-02
5.110000000000000320e+00 2.999936009652888480e-02
5.120000000000000107e+00 2.999936009661441361e-02
5.129999999999999893e+00 2.999936009665951989e-02
5.139999999999999680e+00 2.999936009672111992e-02
5.150000000000000355e+00 2.999936009678457263e-02
5.160000000000000142e+00 2.999936009684771657e-02
5.169999999999999929e+00 2.999936009690813352e-02
5.179999999999999716e+00 2.999936009696428652e-02
5.190000000000000391e+00 2.999936009700257186e-02
5.200000000000000178e+00 2.999936009704977022e-02
5.209999999999999964e+00 2.999936009709941800e-02
5.219999999999999751e+00 2.999936009715495691e-02
5.230000000000000426e+00 2.999936009720122546e-02
5.240000000000000213e+00 2.999936009726801925e-02
5.250000000000000000e+00 2.999936009736953527e-02
5.259999999999999787e+00 2.999936009742127860e-02
5.270000000000000462e+00 2.999936009749176735e-02
5.280000000000000249e+00 2.999936009757073543e-02
5.290000000000000036e+00 2.999936009761414515e-02
5.299999999999999822e+00 2.999936009768935236e-02
5.310000000000000497e+00 2.999936009776028867e-02
5.320000000000000284e+00 2.999936009779619744e-02
5.330000000000000071e+00 2.999936009780310511e-02
5.339999999999999858e+00 2.999936009784293089e-02
5.350000000000000533e+00 2.999936009788386690e-02
5.360000000000000320e+00 2.999936009793516614e-02
5.370000000000000107e+00 2.999936009795248562e-02
5.379999999999999893e+00 2.999936009796972183e-02
5.389999999999999680e+00 2.999936009798924441e-02
5.400000000000000355e+00 2.999936009799947928e-02
5.410000000000000142e+00 2.999936009803310516e-02
5.419999999999999929e+00 2.999936009802744996e-02
5.429999999999999716e+00 2.999936009804853032e-02
5.440000000000000391e+00 2.999936009801744755e-02
5.450000000000000178e+00 2.999936009799135730e-02
5.459999999999999964e+00 2.999936009796142986e-02
5.469999999999999751e+00 2.999936009792437616e-02
5.480000000000000426e+00 2.999936009789156560e-02
5.490000000000000213e+00 2.999936009784162638e-02
5.500000000000000000e+00 2.999936009775322140e-02
5.509999999999999787e+00 2.999936009766439315e-02
5.520000000000000462e+00 2.999936009756978134e-02
5.530000000000000249e+00 2.999936009745366589e-02
5.540000000000000036e+00 2.999936009732698250e-02
5.549999999999999822e+00 2.999936009717551338e-02
5.560000000000000497e+00 2.999936009701028791e-02
5.570000000000000284e+00 2.999936009683142751e-02
5.580000000000000071e+00 2.999936009663994874e-02
5.589999999999999858e+00 2.999936009645796237e-02
5.600000000000000533e+00 2.999936009621619049e-02
5.610000000000000320e+00 2.999936009598492409e-02
5.620000000000000107e+00 2.999936009576380930e-02
5.629999999999999893e+00 2.999936009546186333e-02
5.639999999999999680e+00 2.999936009519178770e-02
5.650000000000000355e+00 2.999936009491173394e-02
5.660000000000000142e+00 2.999936009460799427e-02
5.669999999999999929e+00 2.999936009422624061e-02
5.679999999999999716e+00 2.999936009383644478e-02
5.690000000000000391e+00 2.999936009347432819e-02
5.700000000000000178e+00 2.999936009308995510e-02
5.709999999999999964e+00 2.999936009267837114e-02
5.719999999999999751e+00 2.999936009227970740e-02
5.730000000000000426e+00 2.999936009184495100e-02
5.740000000000000213e+00 2.999936009143138599e-02
5.750000000000000000e+00 2.999936009098908701e-02
5.759999999999999787e+00 2.999936009054062977e-02
5.770000000000000462e+00 2.999936009010208821e-02
5.780000000000000249e+00 2.999936008964422182e-02
5.790000000000000036e+00 2.999936008922890474e-02
5.799999999999999822e+00 2.999936008877060467e-02
5.810000000000000497e+00 2.999936008831838308e-02
5.820000000000000284e+00 2.999936008787223995e-02
5.830000000000000071e+00 2.999936008743306348e-02
5.839999999999999858e+00 2.999936008700238022e-02
5.850000000000000533e+00 2.999936008655345460e-02
5.860000000000000320e+00 2.999936008610023380e-02
5.870000000000000107e+00 2.999936008565828871e-02
5.879999999999999893e+00 2.999936008520713571e-02
5.889999999999999680e+00 2.999936008478654853e-02
5.900000000000000355e+00 2.999936008436363682e-02
5.910000000000000142e+00 2.999936008396567044e-02
5.919999999999999929e+00 2.999936008358719541e-02
5.929999999999999716e+00 2.999936008323119893e-02
5.940000000000000391e+00 2.999936008288505568e-02
5.950000000000000178e+00 2.999936008254768666e-02
5.959999999999999964e+00 2.999936008219587086e-02
5.969999999999999751e+00 2.999936008186429928e-02
5.980000000000000426e+00 2.999936008155250355e-02
5.990000000000000213e+00 2.999936008126060510e-02
6.000000000000000000e+00 2.999936008095860362e-02
6.009999999999999787e+00 2.999936008067697474e-02
6.020000000000000462e+00 2.999936008045614444e-02
6.030000000000000249e+00 2.999936008023091488e-02
6.040000000000000036e+00 2.999936008000747556e-02
6.049999999999999822e+00 2.999936007980414168e-02
6.060000000000000497e+00 2.999936007957472797e-02
6.070000000000000284e+00 2.999936007939608268e-02
6.080000000000000071e+00 2.999936007921533837e-02
6.089999999999999858e+00 2.999936007905288499e-02
6.100000000000000533e+00 2.999936007890427470e-02
6.110000000000000320e+00 2.999936007877791744e-02
6.120000000000000107e+00 2.999936007868142518e-02
6.129999999999999893e+00 2.999936007857870179e-02
6.140000000000000568e+00 2.999936007849527547e-02
6.150000000000000355e+00 2.999936007841087771e-02
6.160000000000000142e+00 2.999936007834337615e-02
6.169999999999999929e+00 2.999936007827471579e-02
6.179999999999999716e+00 2.999936007823095219e-02
6.190000000000000391e+00 2.999936007820119127e-02
6.200000000000000178e+00 2.999936007817815067e-02
6.209999999999999964e+00 2.999936007815316372e-02
6.219999999999999751e+00 2.999936007814070146e-02
6.230000000000000426e+00 2.999936007814075004e-02
6.240000000000000213e+00 2.999936007813310337e-02
6.250000000000000000e+00 2.999936007814561767e-02
6.259999999999999787e+00 2.999936007813926511e-02
6.270000000000000462e+00 2.999936007816284347e-02
6.280000000000000249e+00 2.999936007818584938e-02
6.290000000000000036e+00 2.999936007819738876e-02
6.299999999999999822e+00 2.999936007821328576e-02
6.310000000000000497e+00 2.999936007820261027e-02
6.320000000000000284e+00 2.999936007823466796e-02
6.330000000000000071e+00 2.999936007825983533e-02
6.339999999999999858e+00 2.999936007827902484e-02
6.350000000000000533e+00 2.999936007828450310e-02
6.360000000000000320e+00 2.999936007829868273e-02
6.370000000000000107e+00 2.999936007830864698e-02
6.379999999999999893e+00 2.999936007831986023e-02
6.390000000000000568e+00 2.999936007831704998e-02
6.400000000000000355e+00 2.999936007831661283e-02
6.410000000000000142e+00 2.999936007830740145e-02
6.419999999999999929e+00 2.999936007829617779e-02
6.429999999999999716e+00 2.999936007827398027e-02
6.440000000000000391e+00 2.999936007824127379e-02
6.450000000000000178e+00 2.999936007820461908e-02
6.459999999999999964e+00 2.999936007816048078e-02
6.469999999999999751e+00 2.999936007810801580e-02
6.480000000000000426e+00 2.999936007803940749e-02
6.490000000000000213e+00 2.999936007795590137e-02
6.500000000000000000e+00 2.999936007787061196e-02
6.509999999999999787e+00 2.999936007776983840e-02
6.520000000000000462e+00 2.999936007764627405e-02
6.530000000000000249e+00 2.999936007751945535e-02
6.540000000000000036e+00 2.999936007738841087e-02
6.549999999999999822e+00 2.999936007725543044e-02
6.560000000000000497e+00 2.999936007711365149e-02
6.570000000000000284e+00 2.999936007696260565e-02
6.580000000000000071e+00 2.999936007681307248e-02
6.589999999999999858e+00 2.999936007666827859e-02
6.600000000000000533e+00 2.999936007651053671e-02
6.610000000000000320e+00 2.999936007634484980e-02
6.620000000000000107e+00 2.999936007616841108e-02
6.629999999999999893e+00 2.999936007600075005e-02
6.640000000000000568e+00 2.999936007582859609e-02
6.650000000000000355e+00 2.999936007564413254e-02
6.660000000000000142e+00 2.999936007545660893e-02
6.669999999999999929e+00 2.999936007526606691e-02
6.679999999999999716e+00 2.999936007507635755e-02
6.690000000000000391e+00 2.999936007489102316e-02
6.700000000000000178e+00 2.999936007468716886e-02
6.709999999999999964e+00 2.999936007448662442e-02
6.719999999999999751e+00 2.999936007428721449e-02
6.730000000000000426e+00 2.999936007409833433e-02
6.740000000000000213e+00 2.999936007391402343e-02
6.750000000000000000e+00 2.999936007372894231e-02
6.759999999999999787e+00 2.999936007355711448e-02
6.770000000000000462e+00 2.999936007339936567e-02
6.780000000000000249e+00 2.999936007324418424e-02
6.790000000000000036e+00 2.999936007310021954e-02
6.799999999999999822e+00 2.999936007295591830e-02
6.810000000000000497e+00 2.999936007281861494e-02
6.820000000000000284e+00 2.999936007269100521e-02
6.830000000000000071e+00 2.999936007256222628e-02
6.839999999999999858e+00 2.999936007244386610e-02
6.850000000000000533e+00 2.999936007233369034e-02
6.860000000000000320e+00 2.999936007223250739e-02
6.870000000000000107e+00 2.999936007213789557e-02
6.879999999999999893e+00 2.999936007204812363e-02
6.890000000000000568e+00 2.999936007195991988e-02
6.900000000000000355e+00 2.999936007188842152e-02
6.910000000000000142e+00 2.999936007182041689e-02
6.919999999999999929e+00 2.999936007175207919e-02
6.929999999999999716e+00 2.999936007170356592e-02
6.940000000000000391e+00 2.999936007165380364e-02
6.950000000000000178e+00 2.999936007161522339e-02
6.959999999999999964e+00 2.999936007158789456e-02
6.969999999999999751e+00 2.999936007157848888e-02
6.980000000000000426e+00 2.999936007156147819e-02
6.990000000000000213e+00 2.999936007154981737e-02
7.000000000000000000e+00 2.999936007154687528e-02
7.009999999999999787e+00 2.999936007154992146e-02
7.020000000000000462e+00 2.999936007155673545e-02
7.030000000000000249e+00 2.999936007157288226e-02
7.040000000000000036e+00 2.999936007158227405e-02
7.049999999999999822e+00 2.999936007160692447e-02
7.060000000000000497e+00 2.999936007162582255e-02
7.070000000000000284e+00 2.999936007164773905e-02
7.080000000000000071e+00 2.999936007166699101e-02
7.089999999999999858e+00 2.999936007167215701e-02
7.100000000000000533e+00 2.999936007169544394e-02
7.110000000000000320e+00 2.999936007172071192e-02
7.120000000000000107e+00 2.999936007173664015e-02
7.129999999999999893e+00 2.999936007174998712e-02
7.140000000000000568e+00 2.999936007175858788e-02
7.150000000000000355e+00 2.999936007175790786e-02
7.160000000000000142e+00 2.999936007175808828e-02
7.169999999999999929e+00 2.999936007175751582e-02
7.179999999999999716e+00 2.999936007174252087e-02
7.190000000000000391e+00 2.999936007172238767e-02
7.200000000000000178e+00 2.999936007169511087e-02
7.209999999999999964e+00 2.999936007167603932e-02
7.219999999999999751e+00 2.999936007165236382e-02
7.230000000000000426e+00 2.999936007162630480e-02
7.240000000000000213e+00 2.999936007160818041e-02
7.250000000000000000e+00 2.999936007157394044e-02
7.259999999999999787e+00 2.999936007151800949e-02
7.270000000000000462e+00 2.999936007145472677e-02
7.280000000000000249e+00 2.999936007136786223e-02
7.290000000000000036e+00 2.999936007130506177e-02
7.299999999999999822e+00 2.999936007120813930e-02
7.310000000000000497e+00 2.999936007113010450e-02
7.320000000000000284e+00 2.999936007105211133e-02
7.330000000000000071e+00 2.999936007098332608e-02
7.339999999999999858e+00 2.999936007093813306e-02
7.350000000000000533e+00 2.999936007087122478e-02
7.360000000000000320e+00 2.999936007075233724e-02
7.370000000000000107e+00 2.999936007065936300e-02
7.379999999999999893e+00 2.999936007060148915e-02
7.390000000000000568e+00 2.999936007049964354e-02
7.400000000000000355e+00 2.999936007041601946e-02
7.410000000000000142e+00 2.999936007034701910e-02
7.419999999999999929e+00 2.999936007028367047e-02
7.429999999999999716e+00 2.999936007022888096e-02
7.440000000000000391e+00 2.999936007017123263e-02
7.450000000000000178e+00 2.999936007011629394e-02
7.459999999999999964e+00 2.999936007007023703e-02
7.469999999999999751e+00 2.999936007004048305e-02
7.480000000000000426e+00 2.999936007000813046e-02
7.490000000000000213e+00 2.999936006996824917e-02
7.500000000000000000e+00 2.999936006992529047e-02
7.509999999999999787e+00 2.999936006990976470e-02
7.520000000000000462e+00 2.999936006990351969e-02
7.530000000000000249e+00 2.999936006988461468e-02
7.540000000000000036e+00 2.999936006986456821e-02
7.549999999999999822e+00 2.999936006985365333e-02
7.560000000000000497e+00 2.999936006984894182e-02
7.570000000000000284e+00 2.999936006984689832e-02
7.580000000000000071e+00 2.999936006983248624e-02
7.589999999999999858e+00 2.999936006986204245e-02
7.600000000000000533e+00 2.999936006984128128e-02
7.610000000000000320e+00 2.999936006984987164e-02
7.620000000000000107e+00 2.999936006987530268e-02
7.629999999999999893e+00 2.999936006989912737e-02
7.640000000000000568e+00 2.999936006991665155e-02
7.650000000000000355e+00 2.999936006996617444e-02
7.660000000000000142e+00 2.999936006998179389e-02
7.669999999999999929e+00 2.999936006998996096e-02
7.679999999999999716e+00 2.999936006999769783e-02
7.690000000000000391e+00 2.999936007000710003e-02
7.700000000000000178e+00 2.999936007004175981e-02
7.709999999999999964e+00 2.999936007004129490e-02
7.719999999999999751e+00 2.999936007001218624e-02
7.730000000000000426e+00 2.999936007001663754e-02
7.740000000000000213e+00 2.999936006998708132e-02
7.750000000000000000e+00 2.999936006997899751e-02
7.759999999999999787e+00 2.999936006994994436e-02
7.770000000000000462e+00 2.999936006991377885e-02
7.780000000000000249e+00 2.999936006987213161e-02
7.790000000000000036e+00 2.999936006980632314e-02
7.799999999999999822e+00 2.999936006976897801e-02
7.810000000000000497e+00 2.999936006971959043e-02
7.820000000000000284e+00 2.999936006964578836e-02
7.830000000000000071e+00 2.999936006955162410e-02
7.839999999999999858e+00 2.999936006947137579e-02
7.850000000000000533e+00 2.999936006935148905e-02
7.860000000000000320e+00 2.999936006926454471e-02
7.870000000000000107e+00 2.999936006914417225e-02
7.879999999999999893e+00 2.999936006902633248e-02
7.890000000000000568e+00 2.999936006890418713e-02
7.900000000000000355e+00 2.999936006876203348e-02
7.910000000000000142e+00 2.999936006862113230e-02
7.919999999999999929e+00 2.999936006844183128e-02
7.930000000000000604e+00 2.999936006828258020e-02
7.940000000000000391e+00 2.999936006812438036e-02
7.950000000000000178e+00 2.999936006797283838e-02
7.959999999999999964e+00 2.999936006774357039e-02
7.969999999999999751e+00 2.999936006754609988e-02
7.980000000000000426e+00 2.999936006734739077e-02
7.990000000000000213e+00 2.999936006710632319e-02
8.000000000000000000e+00 2.999936006684289502e-02
8.009999999999999787e+00 2.999936006655622850e-02
8.019999999999999574e+00 2.999936006628882434e-02
8.029999999999999361e+00 2.999936006600258803e-02
8.040000000000000924e+00 2.999936006568874186e-02
8.050000000000000711e+00 2.999936006539465072e-02
8.060000000000000497e+00 2.999936006507460118e-02
8.070000000000000284e+00 2.999936006477343930e-02
8.080000000000000071e+00 2.999936006446819042e-02
8.089999999999999858e+00 2.999936006415918066e-02
8.099999999999999645e+00 2.999936006386251519e-02
8.109999999999999432e+00 2.999936006353506185e-02
8.120000000000000995e+00 2.999936006321278839e-02
8.130000000000000782e+00 2.999936006289611462e-02
8.140000000000000568e+00 2.999936006254946830e-02
8.150000000000000355e+00 2.999936006221907633e-02
8.160000000000000142e+00 2.999936006189260485e-02
8.169999999999999929e+00 2.999936006155615176e-02
8.179999999999999716e+00 2.999936006120647661e-02
8.189999999999999503e+00 2.999936006089331392e-02
8.199999999999999289e+00 2.999936006056788326e-02
8.210000000000000853e+00 2.999936006017865989e-02
8.220000000000000639e+00 2.999936005985250412e-02
8.230000000000000426e+00 2.999936005951833740e-02
8.240000000000000213e+00 2.999936005910856102e-02
8.250000000000000000e+00 2.999936005886447848e-02
8.259999999999999787e+00 2.999936005863335087e-02
8.269999999999999574e+00 2.999936005831031760e-02
8.279999999999999361e+00 2.999936005803115202e-02
8.290000000000000924e+00 2.999936005782184723e-02
8.300000000000000711e+00 2.999936005758319091e-02
8.310000000000000497e+00 2.999936005732167787e-02
8.320000000000000284e+00 2.999936005708533221e-02
8.330000000000000071e+00 2.999936005686824544e-02
8.339999999999999858e+00 2.999936005670778005e-02
8.349999999999999645e+00 2.999936005650599702e-02
8.359999999999999432e+00 2.999936005631818892e-02
8.370000000000000995e+00 2.999936005612414275e-02
8.380000000000000782e+00 2.999936005601813033e-02
8.390000000000000568e+00 2.999936005589264390e-02
8.400000000000000355e+00 2.999936005574079315e-02
8.410000000000000142e+00 2.999936005562166275e-02
8.419999999999999929e+00 2.999936005551413765e-02
8.429999999999999716e+00 2.999936005539942732e-02
8.439999999999999503e+00 2.999936005531531058e-02
8.449999999999999289e+00 2.999936005524730595e-02
8.460000000000000853e+00 2.999936005518955701e-02
8.470000000000000639e+00 2.999936005515072696e-02
8.480000000000000426e+00 2.999936005512077869e-02
8.490000000000000213e+00 2.999936005513285237e-02
8.500000000000000000e+00 2.999936005510687662e-02
8.509999999999999787e+00 2.999936005511263590e-02
8.519999999999999574e+00 2.999936005512565673e-02
8.529999999999999361e+00 2.999936005511950540e-02
8.540000000000000924e+00 2.999936005512851556e-02
8.550000000000000711e+00 2.999936005516688417e-02
8.560000000000000497e+00 2.999936005520194293e-02
8.570000000000000284e+00 2.999936005526026433e-02
8.580000000000000071e+00 2.999936005532697486e-02
8.589999999999999858e+00 2.999936005540001019e-02
8.599999999999999645e+00 2.999936005547806928e-02
8.609999999999999432e+00 2.999936005553684171e-02
8.620000000000000995e+00 2.999936005563091923e-02
8.630000000000000782e+00 2.999936005574897063e-02
8.640000000000000568e+00 2.999936005582566623e-02
8.650000000000000355e+00 2.999936005596531147e-02
8.660000000000000142e+00 2.999936005600391253e-02
8.669999999999999929e+00 2.999936005616410384e-02
8.679999999999999716e+00 2.999936005631813341e-02
8.689999999999999503e+00 2.999936005646508530e-02
8.700000000000001066e+00 2.999936005661986427e-02
8.710000000000000853e+00 2.999936005677274892e-02
8.720000000000000639e+00 2.999936005695460692e-02
8.730000000000000426e+00 2.999936005711498904e-02
8.740000000000000213e+00 2.999936005727146110e-02
8.750000000000000000e+00 2.999936005744496120e-02
8.759999999999999787e+00 2.999936005762578878e-02
8.769999999999999574e+00 2.999936005780918374e-02
8.779999999999999361e+00 2.999936005796845565e-02
8.790000000000000924e+00 2.999936005813867712e-02
8.800000000000000711e+00 2.999936005830470404e-02
8.810000000000000497e+00 2.999936005849296664e-02
8.820000000000000284e+00 2.999936005868775873e-02
8.830000000000000071e+00 2.999936005886136292e-02
8.839999999999999858e+00 2.999936005902468714e-02
8.849999999999999645e+00 2.999936005920893212e-02
8.859999999999999432e+00 2.999936005939485284e-02
8.870000000000000995e+00 2.999936005953352317e-02
8.880000000000000782e+00 2.999936005969129973e-02
8.890000000000000568e+00 2.999936005982944964e-02
8.900000000000000355e+00 2.999936006001271971e-02
8.910000000000000142e+00 2.999936006019823798e-02
8.919999999999999929e+00 2.999936006034789604e-02
8.929999999999999716e+00 2.999936006049250259e-02
8.939999999999999503e+00 2.999936006064269495e-02
8.950000000000001066e+00 2.999936006079694656e-02
8.960000000000000853e+00 2.999936006093720242e-02
8.970000000000000639e+00 2.999936006106247027e-02
8.980000000000000426e+00 2.999936006118163537e-02
8.990000000000000213e+00 2.999936006131483091e-02
9.000000000000000000e+00 2.999936006144921993e-02
9.009999999999999787e+00 2.999936006153545998e-02
9.019999999999999574e+00 2.999936006162503763e-02
9.029999999999999361e+00 2.999936006169966543e-02
9.040000000000000924e+00 2.999936006178469117e-02
9.050000000000000711e+00 2.999936006187355064e-02
9.060000000000000497e+00 2.999936006197677016e-02
9.070000000000000284e+00 2.999936006203714547e-02
9.080000000000000071e+00 2.999936006210746076e-02
9.089999999999999858e+00 2.999936006219623696e-02
9.099999999999999645e+00 2.999936006226095950e-02
9.109999999999999432e+00 2.999936006230099345e-02
9.120000000000000995e+00 2.999936006235235861e-02
9.130000000000000782e+00 2.999936006243551431e-02
9.140000000000000568e+00 2.999936006248153653e-02
9.150000000000000355e+00 2.999936006253718646e-02
9.160000000000000142e+00 2.999936006256022358e-02
9.169999999999999929e+00 2.999936006260336616e-02
9.179999999999999716e+00 2.999936006262497040e-02
9.189999999999999503e+00 2.999936006263749511e-02
9.200000000000001066e+00 2.999936006268446448e-02
9.210000000000000853e+00 2.999936006271960304e-02
9.220000000000000639e+00 2.999936006275799594e-02
9.230000000000000426e+00 2.999936006279582332e-02
9.240000000000000213e+00 2.999936006279295408e-02
9.250000000000000000e+00 2.999936006278885667e-02
9.259999999999999787e+00 2.999936006279653455e-02
9.269999999999999574e+00 2.999936006280357059e-02
9.279999999999999361e+00 2.999936006279679823e-02
9.290000000000000924e+00 2.999936006278483558e-02
9.300000000000000711e+00 2.999936006276417849e-02
9.310000000000000497e+00 2.999936006270344929e-02
9.320000000000000284e+00 2.999936006267050342e-02
9.330000000000000071e+00 2.999936006262535551e-02
9.339999999999999858e+00 2.999936006258029086e-02
9.349999999999999645e+00 2.999936006252616055e-02
9.359999999999999432e+00 2.999936006249284692e-02
9.370000000000000995e+00 2.999936006242539741e-02
9.380000000000000782e+00 2.999936006234280375e-02
9.390000000000000568e+00 2.999936006225834700e-02
9.400000000000000355e+00 2.999936006215635914e-02
9.410000000000000142e+00 2.999936006205426026e-02
9.419999999999999929e+00 2.999936006195139809e-02
9.429999999999999716e+00 2.999936006182171364e-02
9.439999999999999503e+00 2.999936006170835293e-02
9.450000000000001066e+00 2.999936006156866952e-02
9.460000000000000853e+00 2.999936006144355433e-02
9.470000000000000639e+00 2.999936006129036437e-02
9.480000000000000426e+00 2.999936006113413517e-02
9.490000000000000213e+00 2.999936006097677493e-02
9.500000000000000000e+00 2.999936006082334211e-02
9.509999999999999787e+00 2.999936006064481825e-02
9.519999999999999574e+00 2.999936006047237980e-02
9.529999999999999361e+00 2.999936006027771260e-02
9.540000000000000924e+00 2.999936006012354772e-02
9.550000000000000711e+00 2.999936005993664168e-02
9.560000000000000497e+00 2.999936005974311592e-02
9.570000000000000284e+00 2.999936005957675594e-02
9.580000000000000071e+00 2.999936005936434946e-02
9.589999999999999858e+00 2.999936005918877463e-02
9.599999999999999645e+00 2.999936005898120456e-02
9.609999999999999432e+00 2.999936005879103723e-02
9.620000000000000995e+00 2.999936005858116345e-02
9.630000000000000782e+00 2.999936005836794511e-02
9.640000000000000568e+00 2.999936005816334836e-02
9.650000000000000355e+00 2.999936005796385863e-02
9.660000000000000142e+00 2.999936005773933684e-02
9.669999999999999929e+00 2.999936005753717910e-02
9.679999999999999716e+00 2.999936005733022659e-02
9.689999999999999503e+00 2.999936005713065013e-02
9.700000000000001066e+00 2.999936005692031143e-02
9.710000000000000853e+00 2.999936005670099382e-02
9.720000000000000639e+00 2.999936005649391640e-02
9.730000000000000426e+00 2.999936005629714325e-02
9.740000000000000213e+00 2.999936005610537304e-02
9.750000000000000000e+00 2.999936005592567650e-02
9.759999999999999787e+00 2.999936005574247236e-02
9.769999999999999574e+00 2.999936005557346519e-02
9.779999999999999361e+00 2.999936005541261816e-02
9.790000000000000924e+00 2.999936005525478955e-02
9.800000000000000711e+00 2.999936005510977360e-02
9.810000000000000497e+00 2.999936005495046354e-02
9.820000000000000284e+00 2.999936005481757331e-02
9.830000000000000071e+00 2.999936005468432226e-02
9.839999999999999858e+00 2.999936005456106669e-02
9.849999999999999645e+00 2.999936005443519516e-02
9.859999999999999432e+00 2.999936005433516406e-02
9.870000000000000995e+00 2.999936005423564991e-02
9.880000000000000782e+00 2.999936005414430285e-02
9.890000000000000568e+00 2.999936005405695258e-02
9.900000000000000355e+00 2.999936005397875471e-02
9.910000000000000142e+00 2.999936005391529159e-02
9.919999999999999929e+00 2.999936005385559629e-02
9.929999999999999716e+00 2.999936005379719162e-02
9.939999999999999503e+00 2.999936005375150594e-02
9.950000000000001066e+00 2.999936005371289793e-02
9.960000000000000853e+00 2.999936005368456296e-02
9.970000000000000639e+00 2.999936005365552022e-02
