0.000000000000000000e+00 2.999935661877321455e-02
1.000000000000000021e-02 2.999935661877274271e-02
2.000000000000000042e-02 2.999935661877265944e-02
2.999999999999999889e-02 2.999935661877041818e-02
4.000000000000000083e-02 2.999935661877710033e-02
5.000000000000000278e-02 2.999935661877106696e-02
5.999999999999999778e-02 2.999935661877674992e-02
7.000000000000000666e-02 2.999935661877435947e-02
8.000000000000000167e-02 2.999935661877359966e-02
8.999999999999999667e-02 2.999935661877421375e-02
1.000000000000000056e-01 2.999935661877146248e-02
1.100000000000000006e-01 2.999935661877067838e-02
1.199999999999999956e-01 2.999935661877417906e-02
1.300000000000000044e-01 2.999935661876911366e-02
1.400000000000000133e-01 2.999935661877361007e-02
1.499999999999999944e-01 2.999935661877418253e-02
1.600000000000000033e-01 2.999935661876982143e-02
1.700000000000000122e-01 2.999935661877221535e-02
1.799999999999999933e-01 2.999935661877294740e-02
1.900000000000000022e-01 2.999935661877458498e-02
2.000000000000000111e-01 2.999935661877337761e-02
2.099999999999999922e-01 2.999935661877423110e-02
2.200000000000000011e-01 2.999935661877068185e-02
2.300000000000000100e-01 2.999935661877031756e-02
2.399999999999999911e-01 2.999935661877421028e-02
2.500000000000000000e-01 2.999935661877093512e-02
2.600000000000000089e-01 2.999935661877521642e-02
2.700000000000000178e-01 2.999935661876856549e-02
2.800000000000000266e-01 2.999935661877495621e-02
2.899999999999999800e-01 2.999935661877452947e-02
2.999999999999999889e-01 2.999935661877155962e-02
3.099999999999999978e-01 2.999935661877540724e-02
3.200000000000000067e-01 2.999935661877406110e-02
3.300000000000000155e-01 2.999935661877626419e-02
3.400000000000000244e-01 2.999935661877432130e-02
3.500000000000000333e-01 2.999935661877476192e-02
3.599999999999999867e-01 2.999935661877328394e-02
3.699999999999999956e-01 2.999935661877206269e-02
3.800000000000000044e-01 2.999935661877189963e-02
3.900000000000000133e-01 2.999935661877558071e-02
4.000000000000000222e-01 2.999935661877257617e-02
4.100000000000000311e-01 2.999935661877462661e-02
4.199999999999999845e-01 2.999935661877283638e-02
4.299999999999999933e-01 2.999935661877059165e-02
4.400000000000000022e-01 2.999935661877347129e-02
4.500000000000000111e-01 2.999935661877400211e-02
4.600000000000000200e-01 2.999935661877163595e-02
4.700000000000000289e-01 2.999935661877424498e-02
4.799999999999999822e-01 2.999935661877116758e-02
4.899999999999999911e-01 2.999935661877206616e-02
5.000000000000000000e-01 2.999935661877422416e-02
5.100000000000000089e-01 2.999935661877242699e-02
5.200000000000000178e-01 2.999935661877527887e-02
5.300000000000000266e-01 2.999935661877329435e-02
5.400000000000000355e-01 2.999935661877355456e-02
5.500000000000000444e-01 2.999935661877212514e-02
5.600000000000000533e-01 2.999935661876948836e-02
5.700000000000000622e-01 2.999935661877120574e-02
5.799999999999999600e-01 2.999935661877276352e-02
5.899999999999999689e-01 2.999935661876944673e-02
5.999999999999999778e-01 2.999935661877007470e-02
6.099999999999999867e-01 2.999935661877512968e-02
6.199999999999999956e-01 2.999935661877062287e-02
6.300000000000000044e-01 2.999935661877433865e-02
6.400000000000000133e-01 2.999935661877457457e-02
6.500000000000000222e-01 2.999935661877434212e-02
6.600000000000000311e-01 2.999935661877118145e-02
6.700000000000000400e-01 2.999935661877321108e-02
6.800000000000000488e-01 2.999935661877229862e-02
6.900000000000000577e-01 2.999935661877235066e-02
7.000000000000000666e-01 2.999935661877255882e-02
7.099999999999999645e-01 2.999935661877296128e-02
7.199999999999999734e-01 2.999935661877177126e-02
7.299999999999999822e-01 2.999935661877382517e-02
7.399999999999999911e-01 2.999935661877368639e-02
7.500000000000000000e-01 2.999935661877146595e-02
7.600000000000000089e-01 2.999935661877308618e-02
7.700000000000000178e-01 2.999935661876994980e-02
7.800000000000000266e-01 2.999935661877234719e-02
7.900000000000000355e-01 2.999935661877083451e-02
8.000000000000000444e-01 2.999935661877251719e-02
8.100000000000000533e-01 2.999935661877363435e-02
8.200000000000000622e-01 2.999935661876892284e-02
8.300000000000000711e-01 2.999935661877121268e-02
8.399999999999999689e-01 2.999935661877361701e-02
8.499999999999999778e-01 2.999935661877188575e-02
8.599999999999999867e-01 2.999935661877119533e-02
8.699999999999999956e-01 2.999935661877070961e-02
8.800000000000000044e-01 2.999935661877116411e-02
8.900000000000000133e-01 2.999935661877255189e-02
9.000000000000000222e-01 2.999935661877392926e-02
9.100000000000000311e-01 2.999935661877345741e-02
9.200000000000000400e-01 2.999935661877300291e-02
9.300000000000000488e-01 2.999935661877284332e-02
9.400000000000000577e-01 2.999935661877207310e-02
9.500000000000000666e-01 2.999935661877126819e-02
9.599999999999999645e-01 2.999935661877297863e-02
9.699999999999999734e-01 2.999935661877288495e-02
9.799999999999999822e-01 2.999935661877143472e-02
9.899999999999999911e-01 2.999935661877274617e-02
1.000000000000000000e+00 2.999935661877147983e-02
1.010000000000000009e+00 2.999935661877341925e-02
1.020000000000000018e+00 2.999935661877076859e-02
1.030000000000000027e+00 2.999935661877189269e-02
1.040000000000000036e+00 2.999935661877289883e-02
1.050000000000000044e+00 2.999935661877178514e-02
1.060000000000000053e+00 2.999935661877117798e-02
1.070000000000000062e+00 2.999935661877190657e-02
1.080000000000000071e+00 2.999935661877268026e-02
1.090000000000000080e+00 2.999935661877249291e-02
1.100000000000000089e+00 2.999935661877188575e-02
1.110000000000000098e+00 2.999935661877148330e-02
1.120000000000000107e+00 2.999935661877152146e-02
1.130000000000000115e+00 2.999935661876957163e-02
1.140000000000000124e+00 2.999935661877229515e-02
1.150000000000000133e+00 2.999935661877262474e-02
1.159999999999999920e+00 2.999935661877390497e-02
1.169999999999999929e+00 2.999935661877300985e-02
1.179999999999999938e+00 2.999935661877344353e-02
1.189999999999999947e+00 2.999935661877237147e-02
1.199999999999999956e+00 2.999935661877066451e-02
1.209999999999999964e+00 2.999935661877171228e-02
1.219999999999999973e+00 2.999935661877018225e-02
1.229999999999999982e+00 2.999935661877206616e-02
1.239999999999999991e+00 2.999935661877207310e-02
1.250000000000000000e+00 2.999935661877235066e-02
1.260000000000000009e+00 2.999935661877184412e-02
1.270000000000000018e+00 2.999935661877095941e-02
1.280000000000000027e+00 2.999935661877133064e-02
1.290000000000000036e+00 2.999935661877058124e-02
1.300000000000000044e+00 2.999935661877184759e-02
1.310000000000000053e+00 2.999935661877090043e-02
1.320000000000000062e+00 2.999935661877174697e-02
1.330000000000000071e+00 2.999935661877082410e-02
1.340000000000000080e+00 2.999935661877196208e-02
1.350000000000000089e+00 2.999935661877112594e-02
1.360000000000000098e+00 2.999935661877134452e-02
1.370000000000000107e+00 2.999935661877317639e-02
1.380000000000000115e+00 2.999935661877196208e-02
1.390000000000000124e+00 2.999935661877318333e-02
1.400000000000000133e+00 2.999935661877006082e-02
1.409999999999999920e+00 2.999935661877219800e-02
1.419999999999999929e+00 2.999935661877285720e-02
1.429999999999999938e+00 2.999935661877279128e-02
1.439999999999999947e+00 2.999935661877168452e-02
1.449999999999999956e+00 2.999935661877246862e-02
1.459999999999999964e+00 2.999935661877326659e-02
1.469999999999999973e+00 2.999935661877200024e-02
1.479999999999999982e+00 2.999935661877065063e-02
1.489999999999999991e+00 2.999935661877273924e-02
1.500000000000000000e+00 2.999935661877296822e-02
1.510000000000000009e+00 2.999935661877250331e-02
1.520000000000000018e+00 2.999935661877390497e-02
1.530000000000000027e+00 2.999935661877386334e-02
1.540000000000000036e+00 2.999935661877254495e-02
1.550000000000000044e+00 2.999935661877138615e-02
1.560000000000000053e+00 2.999935661877278781e-02
1.570000000000000062e+00 2.999935661877359272e-02
1.580000000000000071e+00 2.999935661877376619e-02
1.590000000000000080e+00 2.999935661877314863e-02
1.600000000000000089e+00 2.999935661877281556e-02
1.610000000000000098e+00 2.999935661877098370e-02
1.620000000000000107e+00 2.999935661877130288e-02
1.630000000000000115e+00 2.999935661877087267e-02
1.640000000000000124e+00 2.999935661877102533e-02
1.650000000000000133e+00 2.999935661877137921e-02
1.660000000000000142e+00 2.999935661877189269e-02
1.669999999999999929e+00 2.999935661877280169e-02
1.679999999999999938e+00 2.999935661877129595e-02
1.689999999999999947e+00 2.999935661877373150e-02
1.699999999999999956e+00 2.999935661877083798e-02
1.709999999999999964e+00 2.999935661877148677e-02
1.719999999999999973e+00 2.999935661877366211e-02
1.729999999999999982e+00 2.999935661877341231e-02
1.739999999999999991e+00 2.999935661877270454e-02
1.750000000000000000e+00 2.999935661877119186e-02
1.760000000000000009e+00 2.999935661877032450e-02
1.770000000000000018e+00 2.999935661877371068e-02
1.780000000000000027e+00 2.999935661877133758e-02
1.790000000000000036e+00 2.999935661877151799e-02
1.800000000000000044e+00 2.999935661877231943e-02
1.810000000000000053e+00 2.999935661877203841e-02
1.820000000000000062e+00 2.999935661877296128e-02
1.830000000000000071e+00 2.999935661877205922e-02
1.840000000000000080e+00 2.999935661877138962e-02
1.850000000000000089e+00 2.999935661877186494e-02
1.860000000000000098e+00 2.999935661877212861e-02
1.870000000000000107e+00 2.999935661877211474e-02
1.880000000000000115e+00 2.999935661877264209e-02
1.890000000000000124e+00 2.999935661877262821e-02
1.900000000000000133e+00 2.999935661877273924e-02
1.910000000000000142e+00 2.999935661877196902e-02
1.919999999999999929e+00 2.999935661877309312e-02
1.929999999999999938e+00 2.999935661877102186e-02
1.939999999999999947e+00 2.999935661877048756e-02
1.949999999999999956e+00 2.999935661877196902e-02
1.959999999999999964e+00 2.999935661877107737e-02
1.969999999999999973e+00 2.999935661877209392e-02
1.979999999999999982e+00 2.999935661877385293e-02
1.989999999999999991e+00 2.999935661877164289e-02
2.000000000000000000e+00 2.999935661877086920e-02
2.010000000000000231e+00 2.999935661877109472e-02
2.020000000000000018e+00 2.999935661877205229e-02
2.030000000000000249e+00 2.999935661877219800e-02
2.040000000000000036e+00 2.999935661877136533e-02
2.049999999999999822e+00 2.999935661877087267e-02
2.060000000000000053e+00 2.999935661877273924e-02
2.069999999999999840e+00 2.999935661877228127e-02
2.080000000000000071e+00 2.999935661877130982e-02
2.089999999999999858e+00 2.999935661877042165e-02
2.100000000000000089e+00 2.999935661877087267e-02
2.109999999999999876e+00 2.999935661877317292e-02
2.120000000000000107e+00 2.999935661877136880e-02
2.129999999999999893e+00 2.999935661877183371e-02
2.140000000000000124e+00 2.999935661877200371e-02
2.149999999999999911e+00 2.999935661877134105e-02
2.160000000000000142e+00 2.999935661877112941e-02
2.169999999999999929e+00 2.999935661877222229e-02
2.180000000000000160e+00 2.999935661877308271e-02
2.189999999999999947e+00 2.999935661877126819e-02
2.200000000000000178e+00 2.999935661877022042e-02
2.209999999999999964e+00 2.999935661877219800e-02
2.220000000000000195e+00 2.999935661877107390e-02
2.229999999999999982e+00 2.999935661877136880e-02
2.240000000000000213e+00 2.999935661877185106e-02
2.250000000000000000e+00 2.999935661877129248e-02
2.260000000000000231e+00 2.999935661877299597e-02
2.270000000000000018e+00 2.999935661877250331e-02
2.280000000000000249e+00 2.999935661877145901e-02
2.290000000000000036e+00 2.999935661877148677e-02
2.300000000000000266e+00 2.999935661877168452e-02
2.310000000000000053e+00 2.999935661877192045e-02
2.319999999999999840e+00 2.999935661877221882e-02
2.330000000000000071e+00 2.999935661877114329e-02
2.339999999999999858e+00 2.999935661877144513e-02
2.350000000000000089e+00 2.999935661877255882e-02
2.359999999999999876e+00 2.999935661877012327e-02
2.370000000000000107e+00 2.999935661877127166e-02
2.379999999999999893e+00 2.999935661877151105e-02
2.390000000000000124e+00 2.999935661877260740e-02
2.399999999999999911e+00 2.999935661877286067e-02
2.410000000000000142e+00 2.999935661877203841e-02
2.419999999999999929e+00 2.999935661877186494e-02
2.430000000000000160e+00 2.999935661877214943e-02
2.439999999999999947e+00 2.999935661877110513e-02
2.450000000000000178e+00 2.999935661877157003e-02
2.459999999999999964e+00 2.999935661877106696e-02
2.470000000000000195e+00 2.999935661877094206e-02
2.479999999999999982e+00 2.999935661877196208e-02
2.490000000000000213e+00 2.999935661877159432e-02
2.500000000000000000e+00 2.999935661877152493e-02
2.510000000000000231e+00 2.999935661877200371e-02
2.520000000000000018e+00 2.999935661877226392e-02
2.530000000000000249e+00 2.999935661877194473e-02
2.540000000000000036e+00 2.999935661877255189e-02
2.550000000000000266e+00 2.999935661877155268e-02
2.560000000000000053e+00 2.999935661877296822e-02
2.569999999999999840e+00 2.999935661877122309e-02
2.580000000000000071e+00 2.999935661877213902e-02
2.589999999999999858e+00 2.999935661877152840e-02
2.600000000000000089e+00 2.999935661877223617e-02
2.609999999999999876e+00 2.999935661877179902e-02
2.620000000000000107e+00 2.999935661877084492e-02
2.629999999999999893e+00 2.999935661877118839e-02
2.640000000000000124e+00 2.999935661877270454e-02
2.649999999999999911e+00 2.999935661877182330e-02
2.660000000000000142e+00 2.999935661877092818e-02
2.669999999999999929e+00 2.999935661877239576e-02
2.680000000000000160e+00 2.999935661877220494e-02
2.689999999999999947e+00 2.999935661877090043e-02
2.700000000000000178e+00 2.999935661877060206e-02
2.709999999999999964e+00 2.999935661877119186e-02
2.720000000000000195e+00 2.999935661877198637e-02
2.729999999999999982e+00 2.999935661877274271e-02
2.740000000000000213e+00 2.999935661877243392e-02
2.750000000000000000e+00 2.999935661877222229e-02
2.760000000000000231e+00 2.999935661877179208e-02
2.770000000000000018e+00 2.999935661877300985e-02
2.780000000000000249e+00 2.999935661877172963e-02
2.790000000000000036e+00 2.999935661877226739e-02
2.800000000000000266e+00 2.999935661877209392e-02
2.810000000000000053e+00 2.999935661877157697e-02
2.819999999999999840e+00 2.999935661877066451e-02
2.830000000000000071e+00 2.999935661877281903e-02
2.839999999999999858e+00 2.999935661877214249e-02
2.850000000000000089e+00 2.999935661876958204e-02
2.859999999999999876e+00 2.999935661877160820e-02
2.870000000000000107e+00 2.999935661877102533e-02
2.879999999999999893e+00 2.999935661877235760e-02
2.890000000000000124e+00 2.999935661877193085e-02
2.899999999999999911e+00 2.999935661877305149e-02
2.910000000000000142e+00 2.999935661877249291e-02
2.919999999999999929e+00 2.999935661877205575e-02
2.930000000000000160e+00 2.999935661877150758e-02
2.939999999999999947e+00 2.999935661877118839e-02
2.950000000000000178e+00 2.999935661877142778e-02
2.959999999999999964e+00 2.999935661877153881e-02
2.970000000000000195e+00 2.999935661876971735e-02
2.979999999999999982e+00 2.999935661877091431e-02
2.990000000000000213e+00 2.999935661877134799e-02
3.000000000000000000e+00 2.999935661877251372e-02
3.010000000000000231e+00 2.999935661877121268e-02
3.020000000000000018e+00 2.999935661877187187e-02
3.030000000000000249e+00 2.999935661877218412e-02
3.040000000000000036e+00 2.999935661877073043e-02
3.050000000000000266e+00 2.999935661877173657e-02
3.060000000000000053e+00 2.999935661877111207e-02
3.070000000000000284e+00 2.999935661877186147e-02
3.080000000000000071e+00 2.999935661877183371e-02
3.089999999999999858e+00 2.999935661877168452e-02
3.100000000000000089e+00 2.999935661877144166e-02
3.109999999999999876e+00 2.999935661877107043e-02
3.120000000000000107e+00 2.999935661877134105e-02
3.129999999999999893e+00 2.999935661877072696e-02
3.140000000000000124e+00 2.999935661877072349e-02
3.149999999999999911e+00 2.999935661877114676e-02
3.160000000000000142e+00 2.999935661877070961e-02
3.169999999999999929e+00 2.999935661877149370e-02
3.180000000000000160e+00 2.999935661877293352e-02
3.189999999999999947e+00 2.999935661877116064e-02
3.200000000000000178e+00 2.999935661877140003e-02
3.209999999999999964e+00 2.999935661877024470e-02
3.220000000000000195e+00 2.999935661877081022e-02
3.229999999999999982e+00 2.999935661877093165e-02
3.240000000000000213e+00 2.999935661877055348e-02
3.250000000000000000e+00 2.999935661877280169e-02
3.260000000000000231e+00 2.999935661877010940e-02
3.270000000000000018e+00 2.999935661877116411e-02
3.280000000000000249e+00 2.999935661877157350e-02
3.290000000000000036e+00 2.999935661877207657e-02
3.300000000000000266e+00 2.999935661877260740e-02
3.310000000000000053e+00 2.999935661877178514e-02
3.320000000000000284e+00 2.999935661877068879e-02
3.330000000000000071e+00 2.999935661877082063e-02
3.339999999999999858e+00 2.999935661877137227e-02
3.350000000000000089e+00 2.999935661877073736e-02
3.359999999999999876e+00 2.999935661877197596e-02
3.370000000000000107e+00 2.999935661877138268e-02
3.379999999999999893e+00 2.999935661877104268e-02
3.390000000000000124e+00 2.999935661877115717e-02
3.399999999999999911e+00 2.999935661877234025e-02
3.410000000000000142e+00 2.999935661877110166e-02
3.419999999999999929e+00 2.999935661877173310e-02
3.430000000000000160e+00 2.999935661877219453e-02
3.439999999999999947e+00 2.999935661877184412e-02
3.450000000000000178e+00 2.999935661877160820e-02
3.459999999999999964e+00 2.999935661877142432e-02
3.470000000000000195e+00 2.999935661877114676e-02
3.479999999999999982e+00 2.999935661877135146e-02
3.490000000000000213e+00 2.999935661877210780e-02
3.500000000000000000e+00 2.999935661877120574e-02
3.510000000000000231e+00 2.999935661877144860e-02
3.520000000000000018e+00 2.999935661877258311e-02
3.530000000000000249e+00 2.999935661877181289e-02
3.540000000000000036e+00 2.999935661877155962e-02
3.550000000000000266e+00 2.999935661877185800e-02
3.560000000000000053e+00 2.999935661877179902e-02
3.570000000000000284e+00 2.999935661877228821e-02
3.580000000000000071e+00 2.999935661877242005e-02
3.589999999999999858e+00 2.999935661877022042e-02
3.600000000000000089e+00 2.999935661877082063e-02
3.609999999999999876e+00 2.999935661877093859e-02
3.620000000000000107e+00 2.999935661877158738e-02
3.629999999999999893e+00 2.999935661877127166e-02
3.640000000000000124e+00 2.999935661877095941e-02
3.649999999999999911e+00 2.999935661877152146e-02
3.660000000000000142e+00 2.999935661877164983e-02
3.669999999999999929e+00 2.999935661877106002e-02
3.680000000000000160e+00 2.999935661877139309e-02
3.689999999999999947e+00 2.999935661877081022e-02
3.700000000000000178e+00 2.999935661877168799e-02
3.709999999999999964e+00 2.999935661877133411e-02
3.720000000000000195e+00 2.999935661877206963e-02
3.729999999999999982e+00 2.999935661877076165e-02
3.740000000000000213e+00 2.999935661877188228e-02
3.750000000000000000e+00 2.999935661877124043e-02
3.760000000000000231e+00 2.999935661877184412e-02
3.770000000000000018e+00 2.999935661877130288e-02
3.780000000000000249e+00 2.999935661877050838e-02
3.790000000000000036e+00 2.999935661877164636e-02
3.800000000000000266e+00 2.999935661877136533e-02
3.810000000000000053e+00 2.999935661877130982e-02
3.820000000000000284e+00 2.999935661877171922e-02
3.830000000000000071e+00 2.999935661877140003e-02
3.839999999999999858e+00 2.999935661877120227e-02
3.850000000000000089e+00 2.999935661877178861e-02
3.859999999999999876e+00 2.999935661877144860e-02
3.870000000000000107e+00 2.999935661877104615e-02
3.879999999999999893e+00 2.999935661877201065e-02
3.890000000000000124e+00 2.999935661877155962e-02
3.899999999999999911e+00 2.999935661877106002e-02
3.910000000000000142e+00 2.999935661877110860e-02
3.919999999999999929e+00 2.999935661877149717e-02
3.930000000000000160e+00 2.999935661877128901e-02
3.939999999999999947e+00 2.999935661877153187e-02
3.950000000000000178e+00 2.999935661877100451e-02
3.959999999999999964e+00 2.999935661877115370e-02
3.970000000000000195e+00 2.999935661877132370e-02
3.979999999999999982e+00 2.999935661877137921e-02
3.990000000000000213e+00 2.999935661877141044e-02
4.000000000000000000e+00 2.999935661877142778e-02
4.009999999999999787e+00 2.999935661877154922e-02
4.020000000000000462e+00 2.999935661877108778e-02
4.030000000000000249e+00 2.999935661877138962e-02
4.040000000000000036e+00 2.999935661877129942e-02
4.049999999999999822e+00 2.999935661877137921e-02
4.060000000000000497e+00 2.999935661877105308e-02
4.070000000000000284e+00 2.999935661877137921e-02
4.080000000000000071e+00 2.999935661877125431e-02
4.089999999999999858e+00 2.999935661877119880e-02
4.099999999999999645e+00 2.999935661877163942e-02
4.110000000000000320e+00 2.999935661877108084e-02
4.120000000000000107e+00 2.999935661877151799e-02
4.129999999999999893e+00 2.999935661877158044e-02
4.139999999999999680e+00 2.999935661877147636e-02
4.150000000000000355e+00 2.999935661877136187e-02
4.160000000000000142e+00 2.999935661877124390e-02
4.169999999999999929e+00 2.999935661877122309e-02
4.179999999999999716e+00 2.999935661877132370e-02
4.190000000000000391e+00 2.999935661877127513e-02
4.200000000000000178e+00 2.999935661877145207e-02
4.209999999999999964e+00 2.999935661877152493e-02
4.219999999999999751e+00 2.999935661877159085e-02
4.230000000000000426e+00 2.999935661877135493e-02
4.240000000000000213e+00 2.999935661877155615e-02
4.250000000000000000e+00 2.999935661877114329e-02
4.259999999999999787e+00 2.999935661877140003e-02
4.270000000000000462e+00 2.999935661877162901e-02
4.280000000000000249e+00 2.999935661877144166e-02
4.290000000000000036e+00 2.999935661877149023e-02
4.299999999999999822e+00 2.999935661877162901e-02
4.310000000000000497e+00 2.999935661877142085e-02
4.320000000000000284e+00 2.999935661877141044e-02
4.330000000000000071e+00 2.999935661877126819e-02
4.339999999999999858e+00 2.999935661877137574e-02
4.350000000000000533e+00 2.999935661877162554e-02
4.360000000000000320e+00 2.999935661877115717e-02
4.370000000000000107e+00 2.999935661877147636e-02
4.379999999999999893e+00 2.999935661877140697e-02
4.389999999999999680e+00 2.999935661877151799e-02
4.400000000000000355e+00 2.999935661877139309e-02
4.410000000000000142e+00 2.999935661877173310e-02
4.419999999999999929e+00 2.999935661877135840e-02
4.429999999999999716e+00 2.999935661877160820e-02
4.440000000000000391e+00 2.999935661877153534e-02
4.450000000000000178e+00 2.999935661877137574e-02
4.459999999999999964e+00 2.999935661877151105e-02
4.469999999999999751e+00 2.999935661877151105e-02
4.480000000000000426e+00 2.999935661877130982e-02
4.490000000000000213e+00 2.999935661877150758e-02
4.500000000000000000e+00 2.999935661877166371e-02
4.509999999999999787e+00 2.999935661877148330e-02
4.520000000000000462e+00 2.999935661877163942e-02
4.530000000000000249e+00 2.999935661877151105e-02
4.540000000000000036e+00 2.999935661877150758e-02
4.549999999999999822e+00 2.999935661877150411e-02
4.560000000000000497e+00 2.999935661877153187e-02
4.570000000000000284e+00 2.999935661877152493e-02
4.580000000000000071e+00 2.999935661877163595e-02
4.589999999999999858e+00 2.999935661877156309e-02
4.600000000000000533e+00 2.999935661877145901e-02
4.610000000000000320e+00 2.999935661877159432e-02
4.620000000000000107e+00 2.999935661877158738e-02
4.629999999999999893e+00 2.999935661877161513e-02
4.639999999999999680e+00 2.999935661877164289e-02
4.650000000000000355e+00 2.999935661877163248e-02
4.660000000000000142e+00 2.999935661877157003e-02
4.669999999999999929e+00 2.999935661877157350e-02
4.679999999999999716e+00 2.999935661877160126e-02
4.690000000000000391e+00 2.999935661877163595e-02
4.700000000000000178e+00 2.999935661877164636e-02
4.709999999999999964e+00 2.999935661877160126e-02
4.719999999999999751e+00 2.999935661877161860e-02
4.730000000000000426e+00 2.999935661877169493e-02
4.740000000000000213e+00 2.999935661877161513e-02
4.750000000000000000e+00 2.999935661877162554e-02
4.759999999999999787e+00 2.999935661877170881e-02
4.770000000000000462e+00 2.999935661877171228e-02
4.780000000000000249e+00 2.999935661877165677e-02
4.790000000000000036e+00 2.999935661877169840e-02
4.799999999999999822e+00 2.999935661877172616e-02
4.810000000000000497e+00 2.999935661877173310e-02
4.820000000000000284e+00 2.999935661877172616e-02
4.830000000000000071e+00 2.999935661877174004e-02
4.839999999999999858e+00 2.999935661877172616e-02
4.850000000000000533e+00 2.999935661877175044e-02
4.860000000000000320e+00 2.999935661877174350e-02
4.870000000000000107e+00 2.999935661877176085e-02
4.879999999999999893e+00 2.999935661877175738e-02
4.889999999999999680e+00 2.999935661877175391e-02
4.900000000000000355e+00 2.999935661877175391e-02
4.910000000000000142e+00 2.999935661877176085e-02
4.919999999999999929e+00 2.999935661877177473e-02
4.929999999999999716e+00 2.999935661877177473e-02
4.940000000000000391e+00 2.999935661877179208e-02
4.950000000000000178e+00 2.999935661877179902e-02
4.959999999999999964e+00 2.999935661877180595e-02
4.969999999999999751e+00 2.999935661877180942e-02
4.980000000000000426e+00 2.999935661877181983e-02
4.990000000000000213e+00 2.999935661877183024e-02
5.000000000000000000e+00 2.999935661877184065e-02
5.009999999999999787e+00 2.999935661877184065e-02
5.020000000000000462e+00 2.999935661877184412e-02
5.030000000000000249e+00 2.999935661877185106e-02
5.040000000000000036e+00 2.999935661877185106e-02
5.049999999999999822e+00 2.999935661877185800e-02
5.060000000000000497e+00 2.999935661877186494e-02
5.070000000000000284e+00 2.999935661877187187e-02
5.080000000000000071e+00 2.999935661877187187e-02
5.089999999999999858e+00 2.999935661877188228e-02
5.100000000000000533e+00 2.999935661877187881e-02
5.110000000000000320e+00 2.999935661877189616e-02
5.120000000000000107e+00 2.999935661877191004e-02
5.129999999999999893e+00 2.999935661877191698e-02
5.139999999999999680e+00 2.999935661877192392e-02
5.150000000000000355e+00 2.999935661877193779e-02
5.160000000000000142e+00 2.999935661877192392e-02
5.169999999999999929e+00 2.999935661877194126e-02
5.179999999999999716e+00 2.999935661877193432e-02
5.190000000000000391e+00 2.999935661877195514e-02
5.200000000000000178e+00 2.999935661877194126e-02
5.209999999999999964e+00 2.999935661877196555e-02
5.219999999999999751e+00 2.999935661877200024e-02
5.230000000000000426e+00 2.999935661877196555e-02
5.240000000000000213e+00 2.999935661877196555e-02
5.250000000000000000e+00 2.999935661877195861e-02
5.259999999999999787e+00 2.999935661877199330e-02
5.270000000000000462e+00 2.999935661877200718e-02
5.280000000000000249e+00 2.999935661877197596e-02
5.290000000000000036e+00 2.999935661877194820e-02
5.299999999999999822e+00 2.999935661877201412e-02
5.310000000000000497e+00 2.999935661877205922e-02
5.320000000000000284e+00 2.999935661877200718e-02
5.330000000000000071e+00 2.999935661877198984e-02
5.339999999999999858e+00 2.999935661877204188e-02
5.350000000000000533e+00 2.999935661877200718e-02
5.360000000000000320e+00 2.999935661877204188e-02
5.370000000000000107e+00 2.999935661877208004e-02
5.379999999999999893e+00 2.999935661877206616e-02
5.389999999999999680e+00 2.999935661877200371e-02
5.400000000000000355e+00 2.999935661877203147e-02
5.410000000000000142e+00 2.999935661877205229e-02
5.419999999999999929e+00 2.999935661877206616e-02
5.429999999999999716e+00 2.999935661877211820e-02
5.440000000000000391e+00 2.999935661877217025e-02
5.450000000000000178e+00 2.999935661877212514e-02
5.459999999999999964e+00 2.999935661877203494e-02
5.469999999999999751e+00 2.999935661877221188e-02
5.480000000000000426e+00 2.999935661877204882e-02
5.490000000000000213e+00 2.999935661877210086e-02
5.500000000000000000e+00 2.999935661877205922e-02
5.509999999999999787e+00 2.999935661877221535e-02
5.520000000000000462e+00 2.999935661877221188e-02
5.530000000000000249e+00 2.999935661877221188e-02
5.540000000000000036e+00 2.999935661877214596e-02
5.549999999999999822e+00 2.999935661877216678e-02
5.560000000000000497e+00 2.999935661877230555e-02
5.570000000000000284e+00 2.999935661877208698e-02
5.580000000000000071e+00 2.999935661877224310e-02
5.589999999999999858e+00 2.999935661877222576e-02
5.600000000000000533e+00 2.999935661877234372e-02
5.610000000000000320e+00 2.999935661877191004e-02
5.620000000000000107e+00 2.999935661877211474e-02
5.629999999999999893e+00 2.999935661877240964e-02
5.639999999999999680e+00 2.999935661877209392e-02
5.650000000000000355e+00 2.999935661877209739e-02
5.660000000000000142e+00 2.999935661877229862e-02
5.669999999999999929e+00 2.999935661877243739e-02
5.679999999999999716e+00 2.999935661877209739e-02
5.690000000000000391e+00 2.999935661877230555e-02
5.700000000000000178e+00 2.999935661877231943e-02
5.709999999999999964e+00 2.999935661877253801e-02
5.719999999999999751e+00 2.999935661877204535e-02
5.730000000000000426e+00 2.999935661877231943e-02
5.740000000000000213e+00 2.999935661877231596e-02
5.750000000000000000e+00 2.999935661877254495e-02
5.759999999999999787e+00 2.999935661877226739e-02
5.770000000000000462e+00 2.999935661877237147e-02
5.780000000000000249e+00 2.999935661877256923e-02
5.790000000000000036e+00 2.999935661877227433e-02
5.799999999999999822e+00 2.999935661877226045e-02
5.810000000000000497e+00 2.999935661877245821e-02
5.820000000000000284e+00 2.999935661877265250e-02
5.830000000000000071e+00 2.999935661877228127e-02
5.839999999999999858e+00 2.999935661877220841e-02
5.850000000000000533e+00 2.999935661877232984e-02
5.860000000000000320e+00 2.999935661877271495e-02
5.870000000000000107e+00 2.999935661877263862e-02
5.879999999999999893e+00 2.999935661877235760e-02
5.889999999999999680e+00 2.999935661877225698e-02
5.900000000000000355e+00 2.999935661877225698e-02
5.910000000000000142e+00 2.999935661877234025e-02
5.919999999999999929e+00 2.999935661877264209e-02
5.929999999999999716e+00 2.999935661877248944e-02
5.940000000000000391e+00 2.999935661877234719e-02
5.950000000000000178e+00 2.999935661877260740e-02
5.959999999999999964e+00 2.999935661877264209e-02
5.969999999999999751e+00 2.999935661877259352e-02
5.980000000000000426e+00 2.999935661877218759e-02
5.990000000000000213e+00 2.999935661877263515e-02
6.000000000000000000e+00 2.999935661877254495e-02
6.009999999999999787e+00 2.999935661877258311e-02
6.020000000000000462e+00 2.999935661877271842e-02
6.030000000000000249e+00 2.999935661877254148e-02
6.040000000000000036e+00 2.999935661877262127e-02
6.049999999999999822e+00 2.999935661877287801e-02
6.060000000000000497e+00 2.999935661877250331e-02
6.070000000000000284e+00 2.999935661877230209e-02
6.080000000000000071e+00 2.999935661877257964e-02
6.089999999999999858e+00 2.999935661877221535e-02
6.100000000000000533e+00 2.999935661877307230e-02
6.110000000000000320e+00 2.999935661877225351e-02
6.120000000000000107e+00 2.999935661877239576e-02
6.129999999999999893e+00 2.999935661877255882e-02
6.140000000000000568e+00 2.999935661877272536e-02
6.150000000000000355e+00 2.999935661877279475e-02
6.160000000000000142e+00 2.999935661877267332e-02
6.169999999999999929e+00 2.999935661877271495e-02
6.179999999999999716e+00 2.999935661877227433e-02
6.190000000000000391e+00 2.999935661877230209e-02
6.200000000000000178e+00 2.999935661877219800e-02
6.209999999999999964e+00 2.999935661877293699e-02
6.219999999999999751e+00 2.999935661877285720e-02
6.230000000000000426e+00 2.999935661877230902e-02
6.240000000000000213e+00 2.999935661877195167e-02
6.250000000000000000e+00 2.999935661877222576e-02
6.259999999999999787e+00 2.999935661877294393e-02
6.270000000000000462e+00 2.999935661877240270e-02
6.280000000000000249e+00 2.999935661877287107e-02
6.290000000000000036e+00 2.999935661877249637e-02
6.299999999999999822e+00 2.999935661877260393e-02
6.310000000000000497e+00 2.999935661877307924e-02
6.320000000000000284e+00 2.999935661877298557e-02
6.330000000000000071e+00 2.999935661877241311e-02
6.339999999999999858e+00 2.999935661877254495e-02
6.350000000000000533e+00 2.999935661877334292e-02
6.360000000000000320e+00 2.999935661877206616e-02
6.370000000000000107e+00 2.999935661877260393e-02
6.379999999999999893e+00 2.999935661877248250e-02
6.390000000000000568e+00 2.999935661877297516e-02
6.400000000000000355e+00 2.999935661877285373e-02
6.410000000000000142e+00 2.999935661877270454e-02
6.419999999999999929e+00 2.999935661877271148e-02
6.429999999999999716e+00 2.999935661877289189e-02
6.440000000000000391e+00 2.999935661877328394e-02
6.450000000000000178e+00 2.999935661877205922e-02
6.459999999999999964e+00 2.999935661877319720e-02
6.469999999999999751e+00 2.999935661877272536e-02
6.480000000000000426e+00 2.999935661877298904e-02
6.490000000000000213e+00 2.999935661877389456e-02
6.500000000000000000e+00 2.999935661877336374e-02
6.509999999999999787e+00 2.999935661877274617e-02
6.520000000000000462e+00 2.999935661877260740e-02
6.530000000000000249e+00 2.999935661877329088e-02
6.540000000000000036e+00 2.999935661877317292e-02
6.549999999999999822e+00 2.999935661877350945e-02
6.560000000000000497e+00 2.999935661877274271e-02
6.570000000000000284e+00 2.999935661877333945e-02
6.580000000000000071e+00 2.999935661877206616e-02
6.589999999999999858e+00 2.999935661877257964e-02
6.600000000000000533e+00 2.999935661877253454e-02
6.610000000000000320e+00 2.999935661877251025e-02
6.620000000000000107e+00 2.999935661877233331e-02
6.629999999999999893e+00 2.999935661877307230e-02
6.640000000000000568e+00 2.999935661877128901e-02
6.650000000000000355e+00 2.999935661877366211e-02
6.660000000000000142e+00 2.999935661877270801e-02
6.669999999999999929e+00 2.999935661877254842e-02
6.679999999999999716e+00 2.999935661877291271e-02
6.690000000000000391e+00 2.999935661877275311e-02
6.700000000000000178e+00 2.999935661877282597e-02
6.709999999999999964e+00 2.999935661877224657e-02
6.719999999999999751e+00 2.999935661877334986e-02
6.730000000000000426e+00 2.999935661877196208e-02
6.740000000000000213e+00 2.999935661877375925e-02
6.750000000000000000e+00 2.999935661877231943e-02
6.759999999999999787e+00 2.999935661877357537e-02
6.770000000000000462e+00 2.999935661877325271e-02
6.780000000000000249e+00 2.999935661877299251e-02
6.790000000000000036e+00 2.999935661877215637e-02
6.799999999999999822e+00 2.999935661877361354e-02
6.810000000000000497e+00 2.999935661877255882e-02
6.820000000000000284e+00 2.999935661877266985e-02
6.830000000000000071e+00 2.999935661877219800e-02
6.839999999999999858e+00 2.999935661877312087e-02
6.850000000000000533e+00 2.999935661877209739e-02
6.860000000000000320e+00 2.999935661877316598e-02
6.870000000000000107e+00 2.999935661877246862e-02
6.879999999999999893e+00 2.999935661877375231e-02
6.890000000000000568e+00 2.999935661877364823e-02
6.900000000000000355e+00 2.999935661877289883e-02
6.910000000000000142e+00 2.999935661877341925e-02
6.919999999999999929e+00 2.999935661877381476e-02
6.929999999999999716e+00 2.999935661877395354e-02
6.940000000000000391e+00 2.999935661877264903e-02
6.950000000000000178e+00 2.999935661877225004e-02
6.959999999999999964e+00 2.999935661877378701e-02
6.969999999999999751e+00 2.999935661877375925e-02
6.980000000000000426e+00 2.999935661877383211e-02
6.990000000000000213e+00 2.999935661877203494e-02
7.000000000000000000e+00 2.999935661877275311e-02
7.009999999999999787e+00 2.999935661877310700e-02
7.020000000000000462e+00 2.999935661877366558e-02
7.030000000000000249e+00 2.999935661877374538e-02
7.040000000000000036e+00 2.999935661877309312e-02
7.049999999999999822e+00 2.999935661877372456e-02
7.060000000000000497e+00 2.999935661877214249e-02
7.070000000000000284e+00 2.999935661877169146e-02
7.080000000000000071e+00 2.999935661877444620e-02
7.089999999999999858e+00 2.999935661877281556e-02
7.100000000000000533e+00 2.999935661877444273e-02
7.110000000000000320e+00 2.999935661877477927e-02
7.120000000000000107e+00 2.999935661877376966e-02
7.129999999999999893e+00 2.999935661877396395e-02
7.140000000000000568e+00 2.999935661877353027e-02
7.150000000000000355e+00 2.999935661877379395e-02
7.160000000000000142e+00 2.999935661877340537e-02
7.169999999999999929e+00 2.999935661877416518e-02
7.179999999999999716e+00 2.999935661877342966e-02
7.190000000000000391e+00 2.999935661877364823e-02
7.200000000000000178e+00 2.999935661877320067e-02
7.209999999999999964e+00 2.999935661877440110e-02
7.219999999999999751e+00 2.999935661877257270e-02
7.230000000000000426e+00 2.999935661877375925e-02
7.240000000000000213e+00 2.999935661877281903e-02
7.250000000000000000e+00 2.999935661877318333e-02
7.259999999999999787e+00 2.999935661877510540e-02
7.270000000000000462e+00 2.999935661877361007e-02
7.280000000000000249e+00 2.999935661877423457e-02
7.290000000000000036e+00 2.999935661877424151e-02
7.299999999999999822e+00 2.999935661877377313e-02
7.310000000000000497e+00 2.999935661877397436e-02
7.320000000000000284e+00 2.999935661877393620e-02
7.330000000000000071e+00 2.999935661877287801e-02
7.339999999999999858e+00 2.999935661877364823e-02
7.350000000000000533e+00 2.999935661877509846e-02
7.360000000000000320e+00 2.999935661877299944e-02
7.370000000000000107e+00 2.999935661877357537e-02
7.379999999999999893e+00 2.999935661877204188e-02
7.390000000000000568e+00 2.999935661877382517e-02
7.400000000000000355e+00 2.999935661877413742e-02
7.410000000000000142e+00 2.999935661877375578e-02
7.419999999999999929e+00 2.999935661877296128e-02
7.429999999999999716e+00 2.999935661877306536e-02
7.440000000000000391e+00 2.999935661877372456e-02
7.450000000000000178e+00 2.999935661877444273e-02
7.459999999999999964e+00 2.999935661877376619e-02
7.469999999999999751e+00 2.999935661877409232e-02
7.480000000000000426e+00 2.999935661877514703e-02
7.490000000000000213e+00 2.999935661877311741e-02
7.500000000000000000e+00 2.999935661877151105e-02
7.509999999999999787e+00 2.999935661877268372e-02
7.520000000000000462e+00 2.999935661877495968e-02
7.530000000000000249e+00 2.999935661877286761e-02
7.540000000000000036e+00 2.999935661877303761e-02
7.549999999999999822e+00 2.999935661877345741e-02
7.560000000000000497e+00 2.999935661877479315e-02
7.570000000000000284e+00 2.999935661877382864e-02
7.580000000000000071e+00 2.999935661877411661e-02
7.589999999999999858e+00 2.999935661877458498e-02
7.600000000000000533e+00 2.999935661877438375e-02
7.610000000000000320e+00 2.999935661877355803e-02
7.620000000000000107e+00 2.999935661877323884e-02
7.629999999999999893e+00 2.999935661877355803e-02
7.640000000000000568e+00 2.999935661877439763e-02
7.650000000000000355e+00 2.999935661877432824e-02
7.660000000000000142e+00 2.999935661877398824e-02
7.669999999999999929e+00 2.999935661877319026e-02
7.679999999999999716e+00 2.999935661877318333e-02
7.690000000000000391e+00 2.999935661877364823e-02
7.700000000000000178e+00 2.999935661877426926e-02
7.709999999999999964e+00 2.999935661877459192e-02
7.719999999999999751e+00 2.999935661877380783e-02
7.730000000000000426e+00 2.999935661877387721e-02
7.740000000000000213e+00 2.999935661877353721e-02
7.750000000000000000e+00 2.999935661877438722e-02
7.759999999999999787e+00 2.999935661877329435e-02
7.770000000000000462e+00 2.999935661877412008e-02
7.780000000000000249e+00 2.999935661877409926e-02
7.790000000000000036e+00 2.999935661877412008e-02
7.799999999999999822e+00 2.999935661877280516e-02
7.810000000000000497e+00 2.999935661877412701e-02
7.820000000000000284e+00 2.999935661877446702e-02
7.830000000000000071e+00 2.999935661877319026e-02
7.839999999999999858e+00 2.999935661877443233e-02
7.850000000000000533e+00 2.999935661877452947e-02
7.860000000000000320e+00 2.999935661877456416e-02
7.870000000000000107e+00 2.999935661877372109e-02
7.879999999999999893e+00 2.999935661877436294e-02
7.890000000000000568e+00 2.999935661877388415e-02
7.900000000000000355e+00 2.999935661877470294e-02
7.910000000000000142e+00 2.999935661877403334e-02
7.919999999999999929e+00 2.999935661877480703e-02
7.930000000000000604e+00 2.999935661877482784e-02
7.940000000000000391e+00 2.999935661877193779e-02
7.950000000000000178e+00 2.999935661877489723e-02
7.959999999999999964e+00 2.999935661877294046e-02
7.969999999999999751e+00 2.999935661877361354e-02
7.980000000000000426e+00 2.999935661877392579e-02
7.990000000000000213e+00 2.999935661877414783e-02
8.000000000000000000e+00 2.999935661877369680e-02
8.009999999999999787e+00 2.999935661877413395e-02
8.019999999999999574e+00 2.999935661877366905e-02
8.029999999999999361e+00 2.999935661877476886e-02
8.040000000000000924e+00 2.999935661877356496e-02
8.050000000000000711e+00 2.999935661877536561e-02
8.060000000000000497e+00 2.999935661877506030e-02
8.070000000000000284e+00 2.999935661877593807e-02
8.080000000000000071e+00 2.999935661877373844e-02
8.089999999999999858e+00 2.999935661877526499e-02
8.099999999999999645e+00 2.999935661877299597e-02
8.109999999999999432e+00 2.999935661877418946e-02
8.120000000000000995e+00 2.999935661877523724e-02
8.130000000000000782e+00 2.999935661877376619e-02
8.140000000000000568e+00 2.999935661877291965e-02
8.150000000000000355e+00 2.999935661877395007e-02
8.160000000000000142e+00 2.999935661877424151e-02
8.169999999999999929e+00 2.999935661877366211e-02
8.179999999999999716e+00 2.999935661877425885e-02
8.189999999999999503e+00 2.999935661877501866e-02
8.199999999999999289e+00 2.999935661877595541e-02
8.210000000000000853e+00 2.999935661877442539e-02
8.220000000000000639e+00 2.999935661877458498e-02
8.230000000000000426e+00 2.999935661877273924e-02
8.240000000000000213e+00 2.999935661877342619e-02
8.250000000000000000e+00 2.999935661877408191e-02
8.259999999999999787e+00 2.999935661877584786e-02
8.269999999999999574e+00 2.999935661877362741e-02
8.279999999999999361e+00 2.999935661877436988e-02
8.290000000000000924e+00 2.999935661877440804e-02
8.300000000000000711e+00 2.999935661877527193e-02
8.310000000000000497e+00 2.999935661877476192e-02
8.320000000000000284e+00 2.999935661877491111e-02
8.330000000000000071e+00 2.999935661877308965e-02
8.339999999999999858e+00 2.999935661877586868e-02
8.349999999999999645e+00 2.999935661877383905e-02
8.359999999999999432e+00 2.999935661877321802e-02
8.370000000000000995e+00 2.999935661877650012e-02
8.380000000000000782e+00 2.999935661877575419e-02
8.390000000000000568e+00 2.999935661877407844e-02
8.400000000000000355e+00 2.999935661877414089e-02
8.410000000000000142e+00 2.999935661877557724e-02
8.419999999999999929e+00 2.999935661877485560e-02
8.429999999999999716e+00 2.999935661877519560e-02
8.439999999999999503e+00 2.999935661877562582e-02
8.449999999999999289e+00 2.999935661877423804e-02
8.460000000000000853e+00 2.999935661877508458e-02
8.470000000000000639e+00 2.999935661877455723e-02
8.480000000000000426e+00 2.999935661877425885e-02
8.490000000000000213e+00 2.999935661877458498e-02
8.500000000000000000e+00 2.999935661877421722e-02
8.509999999999999787e+00 2.999935661877635440e-02
8.519999999999999574e+00 2.999935661877558418e-02
8.529999999999999361e+00 2.999935661877477927e-02
8.540000000000000924e+00 2.999935661877578888e-02
8.550000000000000711e+00 2.999935661877579235e-02
8.560000000000000497e+00 2.999935661877464049e-02
8.570000000000000284e+00 2.999935661877599011e-02
8.580000000000000071e+00 2.999935661877482090e-02
8.589999999999999858e+00 2.999935661877554255e-02
8.599999999999999645e+00 2.999935661877436988e-02
8.609999999999999432e+00 2.999935661877532397e-02
8.620000000000000995e+00 2.999935661877563969e-02
8.630000000000000782e+00 2.999935661877484866e-02
8.640000000000000568e+00 2.999935661877731544e-02
8.650000000000000355e+00 2.999935661877618787e-02
8.660000000000000142e+00 2.999935661877723564e-02
8.669999999999999929e+00 2.999935661877579235e-02
8.679999999999999716e+00 2.999935661877526846e-02
8.689999999999999503e+00 2.999935661877552867e-02
8.700000000000001066e+00 2.999935661877527887e-02
8.710000000000000853e+00 2.999935661877555296e-02
8.720000000000000639e+00 2.999935661877616705e-02
8.730000000000000426e+00 2.999935661877532050e-02
8.740000000000000213e+00 2.999935661877574031e-02
8.750000000000000000e+00 2.999935661877430743e-02
8.759999999999999787e+00 2.999935661877513315e-02
8.769999999999999574e+00 2.999935661877498050e-02
8.779999999999999361e+00 2.999935661877391191e-02
8.790000000000000924e+00 2.999935661877433518e-02
8.800000000000000711e+00 2.999935661877655563e-02
8.810000000000000497e+00 2.999935661877661808e-02
8.820000000000000284e+00 2.999935661877542459e-02
8.830000000000000071e+00 2.999935661877633011e-02
8.839999999999999858e+00 2.999935661877604909e-02
8.849999999999999645e+00 2.999935661877626419e-02
8.859999999999999432e+00 2.999935661877617746e-02
8.870000000000000995e+00 2.999935661877737789e-02
8.880000000000000782e+00 2.999935661877526846e-02
8.890000000000000568e+00 2.999935661877529969e-02
8.900000000000000355e+00 2.999935661877591031e-02
8.910000000000000142e+00 2.999935661877438722e-02
8.919999999999999929e+00 2.999935661877564663e-02
8.929999999999999716e+00 2.999935661877351639e-02
8.939999999999999503e+00 2.999935661877450865e-02
8.950000000000001066e+00 2.999935661877652093e-02
8.960000000000000853e+00 2.999935661877370374e-02
8.970000000000000639e+00 2.999935661877458498e-02
8.980000000000000426e+00 2.999935661877365517e-02
8.990000000000000213e+00 2.999935661877521989e-02
9.000000000000000000e+00 2.999935661877523724e-02
9.009999999999999787e+00 2.999935661877672910e-02
9.019999999999999574e+00 2.999935661877476539e-02
9.029999999999999361e+00 2.999935661877457804e-02
9.040000000000000924e+00 2.999935661877849852e-02
9.050000000000000711e+00 2.999935661877621562e-02
9.060000000000000497e+00 2.999935661877751319e-02
9.070000000000000284e+00 2.999935661877469600e-02
9.080000000000000071e+00 2.999935661877464049e-02
9.089999999999999858e+00 2.999935661877545928e-02
9.099999999999999645e+00 2.999935661877677073e-02
9.109999999999999432e+00 2.999935661877719748e-02
9.120000000000000995e+00 2.999935661877646195e-02
9.130000000000000782e+00 2.999935661877299597e-02
9.140000000000000568e+00 2.999935661877558765e-02
9.150000000000000355e+00 2.999935661877722870e-02
9.160000000000000142e+00 2.999935661877587562e-02
9.169999999999999929e+00 2.999935661877477233e-02
9.179999999999999716e+00 2.999935661877467172e-02
9.189999999999999503e+00 2.999935661877626766e-02
9.200000000000001066e+00 2.999935661877826953e-02
9.210000000000000853e+00 2.999935661877460580e-02
9.220000000000000639e+00 2.999935661877501172e-02
9.230000000000000426e+00 2.999935661877609419e-02
9.240000000000000213e+00 2.999935661877795728e-02
9.250000000000000000e+00 2.999935661877698584e-02
9.259999999999999787e+00 2.999935661877756177e-02
9.269999999999999574e+00 2.999935661877865117e-02
9.279999999999999361e+00 2.999935661877703788e-02
9.290000000000000924e+00 2.999935661877890791e-02
9.300000000000000711e+00 2.999935661877324231e-02
9.310000000000000497e+00 2.999935661877614276e-02
9.320000000000000284e+00 2.999935661877574725e-02
9.330000000000000071e+00 2.999935661877655563e-02
9.339999999999999858e+00 2.999935661877628501e-02
9.349999999999999645e+00 2.999935661877720094e-02
9.359999999999999432e+00 2.999935661877384946e-02
9.370000000000000995e+00 2.999935661877464049e-02
9.380000000000000782e+00 2.999935661877436294e-02
9.390000000000000568e+00 2.999935661877914037e-02
9.400000000000000355e+00 2.999935661877642379e-02
9.410000000000000142e+00 2.999935661877572990e-02
9.419999999999999929e+00 2.999935661877953935e-02
9.429999999999999716e+00 2.999935661877301679e-02
9.439999999999999503e+00 2.999935661877421028e-02
9.450000000000001066e+00 2.999935661877466131e-02
9.460000000000000853e+00 2.999935661877926180e-02
9.470000000000000639e+00 2.999935661877402987e-02
9.480000000000000426e+00 2.999935661877601439e-02
9.490000000000000213e+00 2.999935661877555296e-02
9.500000000000000000e+00 2.999935661877652440e-02
9.509999999999999787e+00 2.999935661877712462e-02
9.519999999999999574e+00 2.999935661877207310e-02
9.529999999999999361e+00 2.999935661877463702e-02
9.540000000000000924e+00 2.999935661877923404e-02
9.550000000000000711e+00 2.999935661877417906e-02
9.560000000000000497e+00 2.999935661877549051e-02
9.570000000000000284e+00 2.999935661877425885e-02
9.580000000000000071e+00 2.999935661877646889e-02
9.589999999999999858e+00 2.999935661877517479e-02
9.599999999999999645e+00 2.999935661877348864e-02
9.609999999999999432e+00 2.999935661877751319e-02
9.620000000000000995e+00 2.999935661878105203e-02
9.630000000000000782e+00 2.999935661877324578e-02
9.640000000000000568e+00 2.999935661877462661e-02
9.650000000000000355e+00 2.999935661877654869e-02
9.660000000000000142e+00 2.999935661877071655e-02
9.669999999999999929e+00 2.999935661877619134e-02
9.679999999999999716e+00 2.999935661877471682e-02
9.689999999999999503e+00 2.999935661877635093e-02
9.700000000000001066e+00 2.999935661877537948e-02
9.710000000000000853e+00 2.999935661877372109e-02
9.720000000000000639e+00 2.999935661877637522e-02
9.730000000000000426e+00 2.999935661877448090e-02
9.740000000000000213e+00 2.999935661877344353e-02
9.750000000000000000e+00 2.999935661877770054e-02
9.759999999999999787e+00 2.999935661877293352e-02
9.769999999999999574e+00 2.999935661877657297e-02
9.779999999999999361e+00 2.999935661877729462e-02
9.790000000000000924e+00 2.999935661877293006e-02
9.800000000000000711e+00 2.999935661877335333e-02
9.810000000000000497e+00 2.999935661877266985e-02
9.820000000000000284e+00 2.999935661877744034e-02
9.830000000000000071e+00 2.999935661877706911e-02
9.839999999999999858e+00 2.999935661877581664e-02
9.849999999999999645e+00 2.999935661877867546e-02
9.859999999999999432e+00 2.999935661877511928e-02
9.870000000000000995e+00 2.999935661876832610e-02
9.880000000000000782e+00 2.999935661877579235e-02
9.890000000000000568e+00 2.999935661877708298e-02
9.900000000000000355e+00 2.999935661877489723e-02
9.910000000000000142e+00 2.999935661877729462e-02
9.919999999999999929e+00 2.999935661877463355e-02
9.929999999999999716e+00 2.999935661877367946e-02
9.939999999999999503e+00 2.999935661877865117e-02
9.950000000000001066e+00 2.999935661877603521e-02
9.960000000000000853e+00 2.999935661877647583e-02
9.970000000000000639e+00 2.999935661877691645e-02
