0.000000000000000000e+00 2.999883265954388090e-02
1.000000000000000021e-02 2.999883265954109493e-02
2.000000000000000042e-02 2.999883265954242026e-02
2.999999999999999889e-02 2.999883265954381151e-02
4.000000000000000083e-02 2.999883265954426254e-02
5.000000000000000278e-02 2.999883265954346803e-02
5.999999999999999778e-02 2.999883265954011655e-02
7.000000000000000666e-02 2.999883265954579256e-02
8.000000000000000167e-02 2.999883265954239597e-02
8.999999999999999667e-02 2.999883265954433539e-02
1.000000000000000056e-01 2.999883265954384620e-02
1.100000000000000006e-01 2.999883265953995695e-02
1.199999999999999956e-01 2.999883265954000205e-02
1.300000000000000044e-01 2.999883265954369008e-02
1.400000000000000133e-01 2.999883265954553235e-02
1.499999999999999944e-01 2.999883265954314537e-02
1.600000000000000033e-01 2.999883265954110534e-02
1.700000000000000122e-01 2.999883265954381151e-02
1.799999999999999933e-01 2.999883265954528602e-02
1.900000000000000022e-01 2.999883265954407519e-02
2.000000000000000111e-01 2.999883265954612563e-02
2.099999999999999922e-01 2.999883265954252781e-02
2.200000000000000011e-01 2.999883265954364844e-02
2.300000000000000100e-01 2.999883265953841999e-02
2.399999999999999911e-01 2.999883265954001593e-02
2.500000000000000000e-01 2.999883265954278802e-02
2.600000000000000089e-01 2.999883265954197617e-02
2.700000000000000178e-01 2.999883265954171249e-02
2.800000000000000266e-01 2.999883265954121289e-02
2.899999999999999800e-01 2.999883265954346803e-02
2.999999999999999889e-01 2.999883265954103595e-02
3.099999999999999978e-01 2.999883265954340558e-02
3.200000000000000067e-01 2.999883265954543174e-02
3.300000000000000155e-01 2.999883265954050512e-02
3.400000000000000244e-01 2.999883265954659747e-02
3.500000000000000333e-01 2.999883265954138289e-02
3.599999999999999867e-01 2.999883265954376987e-02
3.699999999999999956e-01 2.999883265953978695e-02
3.800000000000000044e-01 2.999883265954546643e-02
3.900000000000000133e-01 2.999883265954456091e-02
4.000000000000000222e-01 2.999883265954332578e-02
4.100000000000000311e-01 2.999883265953942613e-02
4.199999999999999845e-01 2.999883265954514724e-02
4.299999999999999933e-01 2.999883265954325987e-02
4.400000000000000022e-01 2.999883265954485581e-02
4.500000000000000111e-01 2.999883265954226413e-02
4.600000000000000200e-01 2.999883265954454703e-02
4.700000000000000289e-01 2.999883265954549072e-02
4.799999999999999822e-01 2.999883265954333619e-02
4.899999999999999911e-01 2.999883265954435621e-02
5.000000000000000000e-01 2.999883265954353048e-02
5.100000000000000089e-01 2.999883265954512643e-02
5.200000000000000178e-01 2.999883265954384273e-02
5.300000000000000266e-01 2.999883265954347844e-02
5.400000000000000355e-01 2.999883265954346109e-02
5.500000000000000444e-01 2.999883265954217740e-02
5.600000000000000533e-01 2.999883265954597644e-02
5.700000000000000622e-01 2.999883265954329109e-02
5.799999999999999600e-01 2.999883265954301007e-02
5.899999999999999689e-01 2.999883265954416192e-02
5.999999999999999778e-01 2.999883265954389477e-02
6.099999999999999867e-01 2.999883265954416539e-02
6.199999999999999956e-01 2.999883265954377681e-02
6.300000000000000044e-01 2.999883265954262149e-02
6.400000000000000133e-01 2.999883265954142453e-02
6.500000000000000222e-01 2.999883265954202127e-02
6.600000000000000311e-01 2.999883265953849978e-02
6.700000000000000400e-01 2.999883265954400927e-02
6.800000000000000488e-01 2.999883265954402661e-02
6.900000000000000577e-01 2.999883265954015818e-02
7.000000000000000666e-01 2.999883265954352354e-02
7.099999999999999645e-01 2.999883265954143147e-02
7.199999999999999734e-01 2.999883265954313843e-02
7.299999999999999822e-01 2.999883265954116779e-02
7.399999999999999911e-01 2.999883265954517153e-02
7.500000000000000000e-01 2.999883265954133432e-02
7.600000000000000089e-01 2.999883265954112962e-02
7.700000000000000178e-01 2.999883265954208025e-02
7.800000000000000266e-01 2.999883265954529643e-02
7.900000000000000355e-01 2.999883265954114697e-02
8.000000000000000444e-01 2.999883265954420009e-02
8.100000000000000533e-01 2.999883265954245842e-02
8.200000000000000622e-01 2.999883265954172290e-02
8.300000000000000711e-01 2.999883265954305170e-02
8.399999999999999689e-01 2.999883265954432846e-02
8.499999999999999778e-01 2.999883265954253822e-02
8.599999999999999867e-01 2.999883265954375600e-02
8.699999999999999956e-01 2.999883265954572317e-02
8.800000000000000044e-01 2.999883265954194148e-02
8.900000000000000133e-01 2.999883265954433192e-02
9.000000000000000222e-01 2.999883265954611522e-02
9.100000000000000311e-01 2.999883265954160841e-02
9.200000000000000400e-01 2.999883265954313843e-02
9.300000000000000488e-01 2.999883265954280190e-02
9.400000000000000577e-01 2.999883265954129269e-02
9.500000000000000666e-01 2.999883265954209760e-02
9.599999999999999645e-01 2.999883265954439437e-02
9.699999999999999734e-01 2.999883265954542133e-02
9.799999999999999822e-01 2.999883265954317313e-02
9.899999999999999911e-01 2.999883265954438744e-02
1.000000000000000000e+00 2.999883265954322864e-02
1.010000000000000009e+00 2.999883265954099779e-02
1.020000000000000018e+00 2.999883265954303435e-02
1.030000000000000027e+00 2.999883265954230924e-02
1.040000000000000036e+00 2.999883265954472744e-02
1.050000000000000044e+00 2.999883265954457479e-02
1.060000000000000053e+00 2.999883265954232658e-02
1.070000000000000062e+00 2.999883265954270475e-02
1.080000000000000071e+00 2.999883265954384620e-02
1.090000000000000080e+00 2.999883265954214964e-02
1.100000000000000089e+00 2.999883265954176453e-02
1.110000000000000098e+00 2.999883265954297884e-02
1.120000000000000107e+00 2.999883265954252434e-02
1.130000000000000115e+00 2.999883265954320782e-02
1.140000000000000124e+00 2.999883265954365191e-02
1.150000000000000133e+00 2.999883265954246536e-02
1.159999999999999920e+00 2.999883265954169168e-02
1.169999999999999929e+00 2.999883265954158412e-02
1.179999999999999938e+00 2.999883265954416539e-02
1.189999999999999947e+00 2.999883265954233005e-02
1.199999999999999956e+00 2.999883265954309680e-02
1.209999999999999964e+00 2.999883265954222250e-02
1.219999999999999973e+00 2.999883265954307252e-02
1.229999999999999982e+00 2.999883265954289210e-02
1.239999999999999991e+00 2.999883265954279843e-02
1.250000000000000000e+00 2.999883265954237516e-02
1.260000000000000009e+00 2.999883265954265618e-02
1.270000000000000018e+00 2.999883265954236822e-02
1.280000000000000027e+00 2.999883265954097350e-02
1.290000000000000036e+00 2.999883265954413070e-02
1.300000000000000044e+00 2.999883265954234046e-02
1.310000000000000053e+00 2.999883265954207678e-02
1.320000000000000062e+00 2.999883265954114003e-02
1.330000000000000071e+00 2.999883265954249312e-02
1.340000000000000080e+00 2.999883265954218087e-02
1.350000000000000089e+00 2.999883265954203168e-02
1.360000000000000098e+00 2.999883265954269435e-02
1.370000000000000107e+00 2.999883265954301007e-02
1.380000000000000115e+00 2.999883265954300660e-02
1.390000000000000124e+00 2.999883265954491826e-02
1.400000000000000133e+00 2.999883265954277761e-02
1.409999999999999920e+00 2.999883265954431805e-02
1.419999999999999929e+00 2.999883265954379069e-02
1.429999999999999938e+00 2.999883265954296149e-02
1.439999999999999947e+00 2.999883265954295108e-02
1.449999999999999956e+00 2.999883265954507786e-02
1.459999999999999964e+00 2.999883265954096309e-02
1.469999999999999973e+00 2.999883265954292680e-02
1.479999999999999982e+00 2.999883265954229189e-02
1.489999999999999991e+00 2.999883265954064043e-02
1.500000000000000000e+00 2.999883265954264924e-02
1.510000000000000009e+00 2.999883265954325640e-02
1.520000000000000018e+00 2.999883265954327027e-02
1.530000000000000027e+00 2.999883265954316619e-02
1.540000000000000036e+00 2.999883265954264577e-02
1.550000000000000044e+00 2.999883265954177841e-02
1.560000000000000053e+00 2.999883265954246536e-02
1.570000000000000062e+00 2.999883265954466152e-02
1.580000000000000071e+00 2.999883265954306211e-02
1.590000000000000080e+00 2.999883265954189637e-02
1.600000000000000089e+00 2.999883265954401620e-02
1.610000000000000098e+00 2.999883265954307598e-02
1.620000000000000107e+00 2.999883265954289210e-02
1.630000000000000115e+00 2.999883265954267700e-02
1.640000000000000124e+00 2.999883265954411335e-02
1.650000000000000133e+00 2.999883265954195188e-02
1.660000000000000142e+00 2.999883265954340558e-02
1.669999999999999929e+00 2.999883265954382539e-02
1.679999999999999938e+00 2.999883265954251393e-02
1.689999999999999947e+00 2.999883265954231271e-02
1.699999999999999956e+00 2.999883265954263883e-02
1.709999999999999964e+00 2.999883265954263883e-02
1.719999999999999973e+00 2.999883265954212536e-02
1.729999999999999982e+00 2.999883265954217046e-02
1.739999999999999991e+00 2.999883265954322170e-02
1.750000000000000000e+00 2.999883265954267006e-02
1.760000000000000009e+00 2.999883265954439437e-02
1.770000000000000018e+00 2.999883265954416539e-02
1.780000000000000027e+00 2.999883265954188943e-02
1.790000000000000036e+00 2.999883265954233352e-02
1.800000000000000044e+00 2.999883265954399192e-02
1.810000000000000053e+00 2.999883265954274986e-02
1.820000000000000062e+00 2.999883265954209066e-02
1.830000000000000071e+00 2.999883265954325640e-02
1.840000000000000080e+00 2.999883265954307252e-02
1.850000000000000089e+00 2.999883265954179229e-02
1.860000000000000098e+00 2.999883265954270128e-02
1.870000000000000107e+00 2.999883265954325640e-02
1.880000000000000115e+00 2.999883265954301353e-02
1.890000000000000124e+00 2.999883265954301353e-02
1.900000000000000133e+00 2.999883265954344028e-02
1.910000000000000142e+00 2.999883265954261802e-02
1.919999999999999929e+00 2.999883265954397804e-02
1.929999999999999938e+00 2.999883265954220168e-02
1.939999999999999947e+00 2.999883265954201433e-02
1.949999999999999956e+00 2.999883265954324252e-02
1.959999999999999964e+00 2.999883265954184780e-02
1.969999999999999973e+00 2.999883265954280537e-02
1.979999999999999982e+00 2.999883265954074105e-02
1.989999999999999991e+00 2.999883265954091105e-02
2.000000000000000000e+00 2.999883265954305517e-02
2.010000000000000231e+00 2.999883265954270822e-02
2.020000000000000018e+00 2.999883265954136902e-02
2.030000000000000249e+00 2.999883265954298578e-02
2.040000000000000036e+00 2.999883265954409600e-02
2.049999999999999822e+00 2.999883265954305517e-02
2.060000000000000053e+00 2.999883265954288170e-02
2.069999999999999840e+00 2.999883265954295802e-02
2.080000000000000071e+00 2.999883265954129963e-02
2.089999999999999858e+00 2.999883265954154943e-02
2.100000000000000089e+00 2.999883265954312456e-02
2.109999999999999876e+00 2.999883265954425560e-02
2.120000000000000107e+00 2.999883265954342640e-02
2.129999999999999893e+00 2.999883265954197964e-02
2.140000000000000124e+00 2.999883265954265271e-02
2.149999999999999911e+00 2.999883265954202127e-02
2.160000000000000142e+00 2.999883265954258332e-02
2.169999999999999929e+00 2.999883265954338823e-02
2.180000000000000160e+00 2.999883265954229883e-02
2.189999999999999947e+00 2.999883265954125106e-02
2.200000000000000178e+00 2.999883265954206985e-02
2.209999999999999964e+00 2.999883265954256251e-02
2.220000000000000195e+00 2.999883265954059880e-02
2.229999999999999982e+00 2.999883265954342293e-02
2.240000000000000213e+00 2.999883265954350620e-02
2.250000000000000000e+00 2.999883265954261802e-02
2.260000000000000231e+00 2.999883265954411682e-02
2.270000000000000018e+00 2.999883265954182698e-02
2.280000000000000249e+00 2.999883265954281925e-02
2.290000000000000036e+00 2.999883265954270128e-02
2.300000000000000266e+00 2.999883265954153555e-02
2.310000000000000053e+00 2.999883265954214617e-02
2.319999999999999840e+00 2.999883265954209413e-02
2.330000000000000071e+00 2.999883265954291639e-02
2.339999999999999858e+00 2.999883265954252434e-02
2.350000000000000089e+00 2.999883265954337783e-02
2.359999999999999876e+00 2.999883265954325293e-02
2.370000000000000107e+00 2.999883265954280537e-02
2.379999999999999893e+00 2.999883265954170208e-02
2.390000000000000124e+00 2.999883265954265965e-02
2.399999999999999911e+00 2.999883265954258332e-02
2.410000000000000142e+00 2.999883265954264230e-02
2.419999999999999929e+00 2.999883265954188943e-02
2.430000000000000160e+00 2.999883265954204209e-02
2.439999999999999947e+00 2.999883265954286088e-02
2.450000000000000178e+00 2.999883265954222597e-02
2.459999999999999964e+00 2.999883265954290251e-02
2.470000000000000195e+00 2.999883265954222250e-02
2.479999999999999982e+00 2.999883265954325640e-02
2.490000000000000213e+00 2.999883265954241332e-02
2.500000000000000000e+00 2.999883265954322517e-02
2.510000000000000231e+00 2.999883265954291639e-02
2.520000000000000018e+00 2.999883265954230577e-02
2.530000000000000249e+00 2.999883265954262496e-02
2.540000000000000036e+00 2.999883265954256598e-02
2.550000000000000266e+00 2.999883265954236822e-02
2.560000000000000053e+00 2.999883265954289557e-02
2.569999999999999840e+00 2.999883265954346803e-02
2.580000000000000071e+00 2.999883265954276720e-02
2.589999999999999858e+00 2.999883265954247924e-02
2.600000000000000089e+00 2.999883265954317313e-02
2.609999999999999876e+00 2.999883265954288863e-02
2.620000000000000107e+00 2.999883265954228842e-02
2.629999999999999893e+00 2.999883265954398498e-02
2.640000000000000124e+00 2.999883265954363110e-02
2.649999999999999911e+00 2.999883265954269781e-02
2.660000000000000142e+00 2.999883265954267006e-02
2.669999999999999929e+00 2.999883265954206638e-02
2.680000000000000160e+00 2.999883265954293721e-02
2.689999999999999947e+00 2.999883265954314884e-02
2.700000000000000178e+00 2.999883265954263883e-02
2.709999999999999964e+00 2.999883265954189637e-02
2.720000000000000195e+00 2.999883265954208025e-02
2.729999999999999982e+00 2.999883265954341946e-02
2.740000000000000213e+00 2.999883265954260414e-02
2.750000000000000000e+00 2.999883265954350273e-02
2.760000000000000231e+00 2.999883265954290945e-02
2.770000000000000018e+00 2.999883265954337436e-02
2.780000000000000249e+00 2.999883265954306905e-02
2.790000000000000036e+00 2.999883265954269435e-02
2.800000000000000266e+00 2.999883265954229883e-02
2.810000000000000053e+00 2.999883265954254169e-02
2.819999999999999840e+00 2.999883265954175413e-02
2.830000000000000071e+00 2.999883265954239597e-02
2.839999999999999858e+00 2.999883265954277414e-02
2.850000000000000089e+00 2.999883265954209066e-02
2.859999999999999876e+00 2.999883265954176453e-02
2.870000000000000107e+00 2.999883265954257638e-02
2.879999999999999893e+00 2.999883265954374906e-02
2.890000000000000124e+00 2.999883265954224332e-02
2.899999999999999911e+00 2.999883265954268741e-02
2.910000000000000142e+00 2.999883265954285394e-02
2.919999999999999929e+00 2.999883265954386008e-02
2.930000000000000160e+00 2.999883265954262149e-02
2.939999999999999947e+00 2.999883265954262843e-02
2.950000000000000178e+00 2.999883265954366579e-02
2.959999999999999964e+00 2.999883265954430417e-02
2.970000000000000195e+00 2.999883265954311068e-02
2.979999999999999982e+00 2.999883265954315231e-02
2.990000000000000213e+00 2.999883265954355477e-02
3.000000000000000000e+00 2.999883265954347844e-02
3.010000000000000231e+00 2.999883265954354089e-02
3.020000000000000018e+00 2.999883265954314884e-02
3.030000000000000249e+00 2.999883265954336395e-02
3.040000000000000036e+00 2.999883265954331538e-02
3.050000000000000266e+00 2.999883265954242720e-02
3.060000000000000053e+00 2.999883265954421049e-02
3.070000000000000284e+00 2.999883265954326333e-02
3.080000000000000071e+00 2.999883265954399886e-02
3.089999999999999858e+00 2.999883265954369008e-02
3.100000000000000089e+00 2.999883265954300660e-02
3.109999999999999876e+00 2.999883265954289557e-02
3.120000000000000107e+00 2.999883265954341252e-02
3.129999999999999893e+00 2.999883265954284006e-02
3.140000000000000124e+00 2.999883265954435274e-02
3.149999999999999911e+00 2.999883265954303088e-02
3.160000000000000142e+00 2.999883265954276373e-02
3.169999999999999929e+00 2.999883265954247230e-02
3.180000000000000160e+00 2.999883265954176453e-02
3.189999999999999947e+00 2.999883265954324946e-02
3.200000000000000178e+00 2.999883265954209413e-02
3.209999999999999964e+00 2.999883265954365191e-02
3.220000000000000195e+00 2.999883265954391906e-02
3.229999999999999982e+00 2.999883265954397110e-02
3.240000000000000213e+00 2.999883265954328762e-02
3.250000000000000000e+00 2.999883265954243067e-02
3.260000000000000231e+00 2.999883265954259026e-02
3.270000000000000018e+00 2.999883265954314884e-02
3.280000000000000249e+00 2.999883265954231618e-02
3.290000000000000036e+00 2.999883265954398845e-02
3.300000000000000266e+00 2.999883265954383232e-02
3.310000000000000053e+00 2.999883265954319395e-02
3.320000000000000284e+00 2.999883265954246883e-02
3.330000000000000071e+00 2.999883265954296149e-02
3.339999999999999858e+00 2.999883265954342987e-02
3.350000000000000089e+00 2.999883265954380110e-02
3.359999999999999876e+00 2.999883265954326680e-02
3.370000000000000107e+00 2.999883265954485234e-02
3.379999999999999893e+00 2.999883265954313843e-02
3.390000000000000124e+00 2.999883265954383579e-02
3.399999999999999911e+00 2.999883265954290251e-02
3.410000000000000142e+00 2.999883265954234393e-02
3.419999999999999929e+00 2.999883265954292333e-02
3.430000000000000160e+00 2.999883265954352701e-02
3.439999999999999947e+00 2.999883265954383926e-02
3.450000000000000178e+00 2.999883265954249312e-02
3.459999999999999964e+00 2.999883265954432499e-02
3.470000000000000195e+00 2.999883265954413764e-02
3.479999999999999982e+00 2.999883265954298925e-02
3.490000000000000213e+00 2.999883265954330497e-02
3.500000000000000000e+00 2.999883265954315925e-02
3.510000000000000231e+00 2.999883265954402314e-02
3.520000000000000018e+00 2.999883265954304476e-02
3.530000000000000249e+00 2.999883265954330844e-02
3.540000000000000036e+00 2.999883265954401274e-02
3.550000000000000266e+00 2.999883265954283659e-02
3.560000000000000053e+00 2.999883265954393641e-02
3.570000000000000284e+00 2.999883265954285741e-02
3.580000000000000071e+00 2.999883265954297884e-02
3.589999999999999858e+00 2.999883265954270475e-02
3.600000000000000089e+00 2.999883265954317660e-02
3.609999999999999876e+00 2.999883265954488704e-02
3.620000000000000107e+00 2.999883265954209066e-02
3.629999999999999893e+00 2.999883265954308986e-02
3.640000000000000124e+00 2.999883265954400580e-02
3.649999999999999911e+00 2.999883265954370742e-02
3.660000000000000142e+00 2.999883265954354089e-02
3.669999999999999929e+00 2.999883265954380804e-02
3.680000000000000160e+00 2.999883265954354783e-02
3.689999999999999947e+00 2.999883265954385314e-02
3.700000000000000178e+00 2.999883265954302741e-02
3.709999999999999964e+00 2.999883265954410294e-02
3.720000000000000195e+00 2.999883265954304823e-02
3.729999999999999982e+00 2.999883265954274986e-02
3.740000000000000213e+00 2.999883265954331191e-02
3.750000000000000000e+00 2.999883265954338130e-02
3.760000000000000231e+00 2.999883265954339517e-02
3.770000000000000018e+00 2.999883265954359640e-02
3.780000000000000249e+00 2.999883265954302394e-02
3.790000000000000036e+00 2.999883265954273251e-02
3.800000000000000266e+00 2.999883265954325987e-02
3.810000000000000053e+00 2.999883265954397110e-02
3.820000000000000284e+00 2.999883265954360681e-02
3.830000000000000071e+00 2.999883265954392253e-02
3.839999999999999858e+00 2.999883265954309333e-02
3.850000000000000089e+00 2.999883265954367620e-02
3.859999999999999876e+00 2.999883265954376640e-02
3.870000000000000107e+00 2.999883265954313497e-02
3.879999999999999893e+00 2.999883265954330497e-02
3.890000000000000124e+00 2.999883265954402661e-02
3.899999999999999911e+00 2.999883265954370742e-02
3.910000000000000142e+00 2.999883265954346456e-02
3.919999999999999929e+00 2.999883265954324946e-02
3.930000000000000160e+00 2.999883265954317313e-02
3.939999999999999947e+00 2.999883265954395029e-02
3.950000000000000178e+00 2.999883265954333966e-02
3.959999999999999964e+00 2.999883265954342640e-02
3.970000000000000195e+00 2.999883265954344375e-02
3.979999999999999982e+00 2.999883265954352007e-02
3.990000000000000213e+00 2.999883265954347150e-02
4.000000000000000000e+00 2.999883265954378375e-02
4.009999999999999787e+00 2.999883265954379763e-02
4.020000000000000462e+00 2.999883265954337783e-02
4.030000000000000249e+00 2.999883265954386702e-02
4.040000000000000036e+00 2.999883265954365191e-02
4.049999999999999822e+00 2.999883265954366579e-02
4.060000000000000497e+00 2.999883265954352701e-02
4.070000000000000284e+00 2.999883265954349926e-02
4.080000000000000071e+00 2.999883265954358252e-02
4.089999999999999858e+00 2.999883265954330497e-02
4.099999999999999645e+00 2.999883265954362069e-02
4.110000000000000320e+00 2.999883265954383232e-02
4.120000000000000107e+00 2.999883265954368661e-02
4.129999999999999893e+00 2.999883265954385314e-02
4.139999999999999680e+00 2.999883265954347150e-02
4.150000000000000355e+00 2.999883265954379069e-02
4.160000000000000142e+00 2.999883265954344375e-02
4.169999999999999929e+00 2.999883265954364150e-02
4.179999999999999716e+00 2.999883265954392947e-02
4.190000000000000391e+00 2.999883265954387743e-02
4.200000000000000178e+00 2.999883265954373518e-02
4.209999999999999964e+00 2.999883265954363110e-02
4.219999999999999751e+00 2.999883265954365885e-02
4.230000000000000426e+00 2.999883265954390865e-02
4.240000000000000213e+00 2.999883265954375947e-02
4.250000000000000000e+00 2.999883265954350273e-02
4.259999999999999787e+00 2.999883265954365885e-02
4.270000000000000462e+00 2.999883265954369355e-02
4.280000000000000249e+00 2.999883265954394335e-02
4.290000000000000036e+00 2.999883265954338477e-02
4.299999999999999822e+00 2.999883265954400927e-02
4.310000000000000497e+00 2.999883265954376294e-02
4.320000000000000284e+00 2.999883265954351660e-02
4.330000000000000071e+00 2.999883265954356865e-02
4.339999999999999858e+00 2.999883265954400233e-02
4.350000000000000533e+00 2.999883265954390171e-02
4.360000000000000320e+00 2.999883265954375600e-02
4.370000000000000107e+00 2.999883265954346109e-02
4.379999999999999893e+00 2.999883265954361375e-02
4.389999999999999680e+00 2.999883265954340211e-02
4.400000000000000355e+00 2.999883265954378375e-02
4.410000000000000142e+00 2.999883265954373171e-02
4.419999999999999929e+00 2.999883265954401620e-02
4.429999999999999716e+00 2.999883265954367967e-02
4.440000000000000391e+00 2.999883265954373171e-02
4.450000000000000178e+00 2.999883265954359987e-02
4.459999999999999964e+00 2.999883265954350620e-02
4.469999999999999751e+00 2.999883265954356865e-02
4.480000000000000426e+00 2.999883265954366579e-02
4.490000000000000213e+00 2.999883265954367273e-02
4.500000000000000000e+00 2.999883265954379763e-02
4.509999999999999787e+00 2.999883265954370742e-02
4.520000000000000462e+00 2.999883265954373518e-02
4.530000000000000249e+00 2.999883265954375947e-02
4.540000000000000036e+00 2.999883265954372824e-02
4.549999999999999822e+00 2.999883265954373518e-02
4.560000000000000497e+00 2.999883265954369355e-02
4.570000000000000284e+00 2.999883265954377681e-02
4.580000000000000071e+00 2.999883265954380804e-02
4.589999999999999858e+00 2.999883265954374212e-02
4.600000000000000533e+00 2.999883265954376640e-02
4.610000000000000320e+00 2.999883265954366232e-02
4.620000000000000107e+00 2.999883265954377681e-02
4.629999999999999893e+00 2.999883265954370395e-02
4.639999999999999680e+00 2.999883265954371436e-02
4.650000000000000355e+00 2.999883265954378722e-02
4.660000000000000142e+00 2.999883265954372477e-02
4.669999999999999929e+00 2.999883265954380457e-02
4.679999999999999716e+00 2.999883265954372824e-02
4.690000000000000391e+00 2.999883265954371436e-02
4.700000000000000178e+00 2.999883265954373518e-02
4.709999999999999964e+00 2.999883265954378375e-02
4.719999999999999751e+00 2.999883265954378028e-02
4.730000000000000426e+00 2.999883265954378722e-02
4.740000000000000213e+00 2.999883265954374212e-02
4.750000000000000000e+00 2.999883265954375253e-02
4.759999999999999787e+00 2.999883265954372130e-02
4.770000000000000462e+00 2.999883265954375253e-02
4.780000000000000249e+00 2.999883265954376640e-02
4.790000000000000036e+00 2.999883265954374906e-02
4.799999999999999822e+00 2.999883265954375253e-02
4.810000000000000497e+00 2.999883265954371436e-02
4.820000000000000284e+00 2.999883265954371436e-02
4.830000000000000071e+00 2.999883265954373865e-02
4.839999999999999858e+00 2.999883265954374212e-02
4.850000000000000533e+00 2.999883265954372477e-02
4.860000000000000320e+00 2.999883265954376640e-02
4.870000000000000107e+00 2.999883265954376294e-02
4.879999999999999893e+00 2.999883265954374906e-02
4.889999999999999680e+00 2.999883265954372477e-02
4.900000000000000355e+00 2.999883265954375600e-02
4.910000000000000142e+00 2.999883265954375947e-02
4.919999999999999929e+00 2.999883265954377681e-02
4.929999999999999716e+00 2.999883265954377681e-02
4.940000000000000391e+00 2.999883265954377334e-02
4.950000000000000178e+00 2.999883265954376987e-02
4.959999999999999964e+00 2.999883265954378028e-02
4.969999999999999751e+00 2.999883265954376640e-02
4.980000000000000426e+00 2.999883265954376640e-02
4.990000000000000213e+00 2.999883265954374559e-02
5.000000000000000000e+00 2.999883265954375600e-02
5.009999999999999787e+00 2.999883265954376640e-02
5.020000000000000462e+00 2.999883265954376294e-02
5.030000000000000249e+00 2.999883265954376294e-02
5.040000000000000036e+00 2.999883265954378028e-02
5.049999999999999822e+00 2.999883265954377334e-02
5.060000000000000497e+00 2.999883265954376987e-02
5.070000000000000284e+00 2.999883265954377334e-02
5.080000000000000071e+00 2.999883265954377334e-02
5.089999999999999858e+00 2.999883265954379416e-02
5.100000000000000533e+00 2.999883265954379069e-02
5.110000000000000320e+00 2.999883265954378722e-02
5.120000000000000107e+00 2.999883265954377681e-02
5.129999999999999893e+00 2.999883265954379763e-02
5.139999999999999680e+00 2.999883265954379069e-02
5.150000000000000355e+00 2.999883265954376640e-02
5.160000000000000142e+00 2.999883265954376640e-02
5.169999999999999929e+00 2.999883265954379763e-02
5.179999999999999716e+00 2.999883265954378722e-02
5.190000000000000391e+00 2.999883265954379763e-02
5.200000000000000178e+00 2.999883265954380110e-02
5.209999999999999964e+00 2.999883265954380804e-02
5.219999999999999751e+00 2.999883265954384967e-02
5.230000000000000426e+00 2.999883265954381845e-02
5.240000000000000213e+00 2.999883265954381151e-02
5.250000000000000000e+00 2.999883265954381498e-02
5.259999999999999787e+00 2.999883265954380804e-02
5.270000000000000462e+00 2.999883265954382192e-02
5.280000000000000249e+00 2.999883265954387743e-02
5.290000000000000036e+00 2.999883265954386008e-02
5.299999999999999822e+00 2.999883265954388090e-02
5.310000000000000497e+00 2.999883265954388437e-02
5.320000000000000284e+00 2.999883265954382539e-02
5.330000000000000071e+00 2.999883265954387396e-02
5.339999999999999858e+00 2.999883265954389477e-02
5.350000000000000533e+00 2.999883265954384967e-02
5.360000000000000320e+00 2.999883265954384273e-02
5.370000000000000107e+00 2.999883265954388090e-02
5.379999999999999893e+00 2.999883265954387396e-02
5.389999999999999680e+00 2.999883265954388784e-02
5.400000000000000355e+00 2.999883265954391212e-02
5.410000000000000142e+00 2.999883265954390518e-02
5.419999999999999929e+00 2.999883265954393294e-02
5.429999999999999716e+00 2.999883265954394682e-02
5.440000000000000391e+00 2.999883265954388090e-02
5.450000000000000178e+00 2.999883265954395029e-02
5.459999999999999964e+00 2.999883265954398498e-02
5.469999999999999751e+00 2.999883265954405784e-02
5.480000000000000426e+00 2.999883265954396069e-02
5.490000000000000213e+00 2.999883265954398498e-02
5.500000000000000000e+00 2.999883265954392253e-02
5.509999999999999787e+00 2.999883265954395029e-02
5.520000000000000462e+00 2.999883265954410988e-02
5.530000000000000249e+00 2.999883265954393988e-02
5.540000000000000036e+00 2.999883265954382192e-02
5.549999999999999822e+00 2.999883265954383579e-02
5.560000000000000497e+00 2.999883265954404396e-02
5.570000000000000284e+00 2.999883265954410988e-02
5.580000000000000071e+00 2.999883265954409253e-02
5.589999999999999858e+00 2.999883265954409947e-02
5.600000000000000533e+00 2.999883265954400233e-02
5.610000000000000320e+00 2.999883265954421049e-02
5.620000000000000107e+00 2.999883265954407519e-02
5.629999999999999893e+00 2.999883265954414457e-02
5.639999999999999680e+00 2.999883265954412376e-02
5.650000000000000355e+00 2.999883265954391212e-02
5.660000000000000142e+00 2.999883265954422437e-02
5.669999999999999929e+00 2.999883265954407172e-02
5.679999999999999716e+00 2.999883265954419315e-02
5.690000000000000391e+00 2.999883265954385314e-02
5.700000000000000178e+00 2.999883265954442560e-02
5.709999999999999964e+00 2.999883265954408212e-02
5.719999999999999751e+00 2.999883265954440131e-02
5.730000000000000426e+00 2.999883265954435968e-02
5.740000000000000213e+00 2.999883265954392253e-02
5.750000000000000000e+00 2.999883265954377681e-02
5.759999999999999787e+00 2.999883265954396416e-02
5.770000000000000462e+00 2.999883265954402661e-02
5.780000000000000249e+00 2.999883265954406825e-02
5.790000000000000036e+00 2.999883265954400580e-02
5.799999999999999822e+00 2.999883265954449846e-02
5.810000000000000497e+00 2.999883265954384620e-02
5.820000000000000284e+00 2.999883265954446376e-02
5.830000000000000071e+00 2.999883265954418621e-02
5.839999999999999858e+00 2.999883265954431111e-02
5.850000000000000533e+00 2.999883265954423825e-02
5.860000000000000320e+00 2.999883265954431111e-02
5.870000000000000107e+00 2.999883265954404049e-02
5.879999999999999893e+00 2.999883265954402661e-02
5.889999999999999680e+00 2.999883265954413417e-02
5.900000000000000355e+00 2.999883265954412723e-02
5.910000000000000142e+00 2.999883265954410988e-02
5.919999999999999929e+00 2.999883265954412376e-02
5.929999999999999716e+00 2.999883265954424519e-02
5.940000000000000391e+00 2.999883265954376987e-02
5.950000000000000178e+00 2.999883265954475520e-02
5.959999999999999964e+00 2.999883265954422437e-02
5.969999999999999751e+00 2.999883265954458172e-02
5.980000000000000426e+00 2.999883265954413764e-02
5.990000000000000213e+00 2.999883265954418621e-02
6.000000000000000000e+00 2.999883265954420009e-02
6.009999999999999787e+00 2.999883265954393294e-02
6.020000000000000462e+00 2.999883265954423478e-02
6.030000000000000249e+00 2.999883265954422784e-02
6.040000000000000036e+00 2.999883265954425560e-02
6.049999999999999822e+00 2.999883265954415151e-02
6.060000000000000497e+00 2.999883265954414457e-02
6.070000000000000284e+00 2.999883265954440478e-02
6.080000000000000071e+00 2.999883265954416539e-02
6.089999999999999858e+00 2.999883265954418968e-02
6.100000000000000533e+00 2.999883265954388090e-02
6.110000000000000320e+00 2.999883265954449846e-02
6.120000000000000107e+00 2.999883265954476214e-02
6.129999999999999893e+00 2.999883265954431111e-02
6.140000000000000568e+00 2.999883265954449152e-02
6.150000000000000355e+00 2.999883265954459907e-02
6.160000000000000142e+00 2.999883265954480377e-02
6.169999999999999929e+00 2.999883265954440825e-02
6.179999999999999716e+00 2.999883265954420009e-02
6.190000000000000391e+00 2.999883265954418621e-02
6.200000000000000178e+00 2.999883265954427641e-02
6.209999999999999964e+00 2.999883265954436315e-02
6.219999999999999751e+00 2.999883265954446723e-02
6.230000000000000426e+00 2.999883265954471356e-02
6.240000000000000213e+00 2.999883265954465805e-02
6.250000000000000000e+00 2.999883265954435968e-02
6.259999999999999787e+00 2.999883265954419315e-02
6.270000000000000462e+00 2.999883265954509520e-02
6.280000000000000249e+00 2.999883265954372130e-02
6.290000000000000036e+00 2.999883265954465805e-02
6.299999999999999822e+00 2.999883265954452274e-02
6.310000000000000497e+00 2.999883265954441519e-02
6.320000000000000284e+00 2.999883265954489744e-02
6.330000000000000071e+00 2.999883265954381845e-02
6.339999999999999858e+00 2.999883265954368661e-02
6.350000000000000533e+00 2.999883265954466152e-02
6.360000000000000320e+00 2.999883265954479336e-02
6.370000000000000107e+00 2.999883265954414457e-02
6.379999999999999893e+00 2.999883265954474132e-02
6.390000000000000568e+00 2.999883265954464417e-02
6.400000000000000355e+00 2.999883265954422784e-02
6.410000000000000142e+00 2.999883265954347150e-02
6.419999999999999929e+00 2.999883265954484540e-02
6.429999999999999716e+00 2.999883265954543521e-02
6.440000000000000391e+00 2.999883265954448458e-02
6.450000000000000178e+00 2.999883265954538664e-02
6.459999999999999964e+00 2.999883265954373865e-02
6.469999999999999751e+00 2.999883265954396763e-02
6.480000000000000426e+00 2.999883265954508479e-02
6.490000000000000213e+00 2.999883265954450887e-02
6.500000000000000000e+00 2.999883265954464071e-02
6.509999999999999787e+00 2.999883265954503275e-02
6.520000000000000462e+00 2.999883265954494949e-02
6.530000000000000249e+00 2.999883265954527908e-02
6.540000000000000036e+00 2.999883265954465458e-02
6.549999999999999822e+00 2.999883265954510908e-02
6.560000000000000497e+00 2.999883265954584807e-02
6.570000000000000284e+00 2.999883265954447764e-02
6.580000000000000071e+00 2.999883265954507439e-02
6.589999999999999858e+00 2.999883265954618114e-02
6.600000000000000533e+00 2.999883265954491479e-02
6.610000000000000320e+00 2.999883265954418968e-02
6.620000000000000107e+00 2.999883265954511255e-02
6.629999999999999893e+00 2.999883265954382885e-02
6.640000000000000568e+00 2.999883265954540051e-02
6.650000000000000355e+00 2.999883265954491132e-02
6.660000000000000142e+00 2.999883265954510214e-02
6.669999999999999929e+00 2.999883265954478989e-02
6.679999999999999716e+00 2.999883265954436662e-02
6.690000000000000391e+00 2.999883265954535541e-02
6.700000000000000178e+00 2.999883265954492867e-02
6.709999999999999964e+00 2.999883265954476907e-02
6.719999999999999751e+00 2.999883265954465111e-02
6.730000000000000426e+00 2.999883265954450193e-02
6.740000000000000213e+00 2.999883265954498418e-02
6.750000000000000000e+00 2.999883265954434927e-02
6.759999999999999787e+00 2.999883265954569195e-02
6.770000000000000462e+00 2.999883265954470662e-02
6.780000000000000249e+00 2.999883265954594869e-02
6.790000000000000036e+00 2.999883265954565031e-02
6.799999999999999822e+00 2.999883265954553929e-02
6.810000000000000497e+00 2.999883265954421396e-02
6.820000000000000284e+00 2.999883265954478642e-02
6.830000000000000071e+00 2.999883265954442213e-02
6.839999999999999858e+00 2.999883265954633380e-02
6.850000000000000533e+00 2.999883265954572664e-02
6.860000000000000320e+00 2.999883265954554623e-02
6.870000000000000107e+00 2.999883265954558093e-02
6.879999999999999893e+00 2.999883265954621236e-02
6.890000000000000568e+00 2.999883265954495642e-02
6.900000000000000355e+00 2.999883265954439784e-02
6.910000000000000142e+00 2.999883265954639971e-02
6.919999999999999929e+00 2.999883265954449846e-02
6.929999999999999716e+00 2.999883265954505357e-02
6.940000000000000391e+00 2.999883265954475867e-02
6.950000000000000178e+00 2.999883265954499806e-02
6.959999999999999964e+00 2.999883265954498765e-02
6.969999999999999751e+00 2.999883265954586195e-02
6.980000000000000426e+00 2.999883265954443601e-02
6.990000000000000213e+00 2.999883265954476907e-02
7.000000000000000000e+00 2.999883265954426254e-02
7.009999999999999787e+00 2.999883265954554970e-02
7.020000000000000462e+00 2.999883265954501194e-02
7.030000000000000249e+00 2.999883265954587236e-02
7.040000000000000036e+00 2.999883265954563991e-02
7.049999999999999822e+00 2.999883265954466152e-02
7.060000000000000497e+00 2.999883265954447070e-02
7.070000000000000284e+00 2.999883265954604236e-02
7.080000000000000071e+00 2.999883265954604930e-02
7.089999999999999858e+00 2.999883265954484193e-02
7.100000000000000533e+00 2.999883265954413764e-02
7.110000000000000320e+00 2.999883265954439437e-02
7.120000000000000107e+00 2.999883265954492520e-02
7.129999999999999893e+00 2.999883265954602848e-02
7.140000000000000568e+00 2.999883265954489744e-02
7.150000000000000355e+00 2.999883265954427294e-02
7.160000000000000142e+00 2.999883265954605971e-02
7.169999999999999929e+00 2.999883265954424172e-02
7.179999999999999716e+00 2.999883265954591746e-02
7.190000000000000391e+00 2.999883265954505010e-02
7.200000000000000178e+00 2.999883265954623318e-02
7.209999999999999964e+00 2.999883265954501887e-02
7.219999999999999751e+00 2.999883265954400233e-02
7.230000000000000426e+00 2.999883265954546990e-02
7.240000000000000213e+00 2.999883265954567113e-02
7.250000000000000000e+00 2.999883265954480377e-02
7.259999999999999787e+00 2.999883265954592093e-02
7.270000000000000462e+00 2.999883265954449846e-02
7.280000000000000249e+00 2.999883265954481071e-02
7.290000000000000036e+00 2.999883265954529990e-02
7.299999999999999822e+00 2.999883265954458172e-02
7.310000000000000497e+00 2.999883265954540745e-02
7.320000000000000284e+00 2.999883265954628869e-02
7.330000000000000071e+00 2.999883265954544215e-02
7.339999999999999858e+00 2.999883265954501194e-02
7.350000000000000533e+00 2.999883265954566072e-02
7.360000000000000320e+00 2.999883265954546643e-02
7.370000000000000107e+00 2.999883265954527561e-02
7.379999999999999893e+00 2.999883265954515071e-02
7.390000000000000568e+00 2.999883265954488704e-02
7.400000000000000355e+00 2.999883265954566419e-02
7.410000000000000142e+00 2.999883265954604583e-02
7.419999999999999929e+00 2.999883265954576134e-02
7.429999999999999716e+00 2.999883265954466846e-02
7.440000000000000391e+00 2.999883265954549766e-02
7.450000000000000178e+00 2.999883265954530337e-02
7.459999999999999964e+00 2.999883265954751688e-02
7.469999999999999751e+00 2.999883265954497724e-02
7.480000000000000426e+00 2.999883265954610828e-02
7.490000000000000213e+00 2.999883265954576134e-02
7.500000000000000000e+00 2.999883265954505357e-02
7.509999999999999787e+00 2.999883265954445336e-02
7.520000000000000462e+00 2.999883265954502581e-02
7.530000000000000249e+00 2.999883265954478989e-02
7.540000000000000036e+00 2.999883265954558439e-02
7.549999999999999822e+00 2.999883265954583766e-02
7.560000000000000497e+00 2.999883265954544562e-02
7.570000000000000284e+00 2.999883265954578562e-02
7.580000000000000071e+00 2.999883265954455397e-02
7.589999999999999858e+00 2.999883265954536929e-02
7.600000000000000533e+00 2.999883265954580297e-02
7.610000000000000320e+00 2.999883265954634420e-02
7.620000000000000107e+00 2.999883265954545603e-02
7.629999999999999893e+00 2.999883265954569195e-02
7.640000000000000568e+00 2.999883265954593828e-02
7.650000000000000355e+00 2.999883265954555317e-02
7.660000000000000142e+00 2.999883265954566766e-02
7.669999999999999929e+00 2.999883265954540745e-02
7.679999999999999716e+00 2.999883265954481071e-02
7.690000000000000391e+00 2.999883265954687156e-02
7.700000000000000178e+00 2.999883265954540745e-02
7.709999999999999964e+00 2.999883265954562950e-02
7.719999999999999751e+00 2.999883265954431111e-02
7.730000000000000426e+00 2.999883265954526521e-02
7.740000000000000213e+00 2.999883265954588624e-02
7.750000000000000000e+00 2.999883265954677095e-02
7.759999999999999787e+00 2.999883265954584113e-02
7.770000000000000462e+00 2.999883265954622624e-02
7.780000000000000249e+00 2.999883265954578909e-02
7.790000000000000036e+00 2.999883265954618461e-02
7.799999999999999822e+00 2.999883265954603889e-02
7.810000000000000497e+00 2.999883265954550460e-02
7.820000000000000284e+00 2.999883265954562256e-02
7.830000000000000071e+00 2.999883265954533113e-02
7.839999999999999858e+00 2.999883265954630257e-02
7.850000000000000533e+00 2.999883265954560521e-02
7.860000000000000320e+00 2.999883265954550460e-02
7.870000000000000107e+00 2.999883265954418274e-02
7.879999999999999893e+00 2.999883265954612216e-02
7.890000000000000568e+00 2.999883265954667033e-02
7.900000000000000355e+00 2.999883265954536582e-02
7.910000000000000142e+00 2.999883265954665992e-02
7.919999999999999929e+00 2.999883265954548378e-02
7.930000000000000604e+00 2.999883265954497377e-02
7.940000000000000391e+00 2.999883265954462683e-02
7.950000000000000178e+00 2.999883265954497030e-02
7.959999999999999964e+00 2.999883265954620543e-02
7.969999999999999751e+00 2.999883265954634767e-02
7.980000000000000426e+00 2.999883265954603889e-02
7.990000000000000213e+00 2.999883265954579603e-02
8.000000000000000000e+00 2.999883265954615685e-02
8.009999999999999787e+00 2.999883265954526868e-02
8.019999999999999574e+00 2.999883265954608053e-02
8.029999999999999361e+00 2.999883265954586542e-02
8.040000000000000924e+00 2.999883265954368661e-02
8.050000000000000711e+00 2.999883265954573358e-02
8.060000000000000497e+00 2.999883265954549072e-02
8.070000000000000284e+00 2.999883265954575440e-02
8.080000000000000071e+00 2.999883265954390171e-02
8.089999999999999858e+00 2.999883265954543521e-02
8.099999999999999645e+00 2.999883265954683340e-02
8.109999999999999432e+00 2.999883265954576134e-02
8.120000000000000995e+00 2.999883265954461642e-02
8.130000000000000782e+00 2.999883265954501887e-02
8.140000000000000568e+00 2.999883265954506745e-02
8.150000000000000355e+00 2.999883265954569195e-02
8.160000000000000142e+00 2.999883265954441519e-02
8.169999999999999929e+00 2.999883265954478989e-02
8.179999999999999716e+00 2.999883265954520623e-02
8.189999999999999503e+00 2.999883265954640665e-02
8.199999999999999289e+00 2.999883265954601808e-02
8.210000000000000853e+00 2.999883265954506051e-02
8.220000000000000639e+00 2.999883265954502928e-02
8.230000000000000426e+00 2.999883265954500500e-02
8.240000000000000213e+00 2.999883265954480724e-02
8.250000000000000000e+00 2.999883265954506745e-02
8.259999999999999787e+00 2.999883265954457826e-02
8.269999999999999574e+00 2.999883265954598338e-02
8.279999999999999361e+00 2.999883265954636849e-02
8.290000000000000924e+00 2.999883265954601114e-02
8.300000000000000711e+00 2.999883265954702422e-02
8.310000000000000497e+00 2.999883265954582726e-02
8.320000000000000284e+00 2.999883265954434580e-02
8.330000000000000071e+00 2.999883265954568501e-02
8.339999999999999858e+00 2.999883265954603542e-02
8.349999999999999645e+00 2.999883265954549072e-02
8.359999999999999432e+00 2.999883265954580297e-02
8.370000000000000995e+00 2.999883265954500153e-02
8.380000000000000782e+00 2.999883265954524092e-02
8.390000000000000568e+00 2.999883265954567113e-02
8.400000000000000355e+00 2.999883265954455744e-02
8.410000000000000142e+00 2.999883265954701381e-02
8.419999999999999929e+00 2.999883265954483846e-02
8.429999999999999716e+00 2.999883265954611175e-02
8.439999999999999503e+00 2.999883265954605971e-02
8.449999999999999289e+00 2.999883265954590705e-02
8.460000000000000853e+00 2.999883265954567807e-02
8.470000000000000639e+00 2.999883265954463030e-02
8.480000000000000426e+00 2.999883265954510908e-02
8.490000000000000213e+00 2.999883265954577868e-02
8.500000000000000000e+00 2.999883265954492867e-02
8.509999999999999787e+00 2.999883265954413417e-02
8.519999999999999574e+00 2.999883265954485581e-02
8.529999999999999361e+00 2.999883265954599726e-02
8.540000000000000924e+00 2.999883265954554623e-02
8.550000000000000711e+00 2.999883265954793668e-02
8.560000000000000497e+00 2.999883265954575440e-02
8.570000000000000284e+00 2.999883265954565031e-02
8.580000000000000071e+00 2.999883265954473438e-02
8.589999999999999858e+00 2.999883265954581685e-02
8.599999999999999645e+00 2.999883265954578909e-02
8.609999999999999432e+00 2.999883265954553235e-02
8.620000000000000995e+00 2.999883265954511602e-02
8.630000000000000782e+00 2.999883265954511602e-02
8.640000000000000568e+00 2.999883265954388784e-02
8.650000000000000355e+00 2.999883265954614991e-02
8.660000000000000142e+00 2.999883265954608053e-02
8.669999999999999929e+00 2.999883265954392253e-02
8.679999999999999716e+00 2.999883265954482459e-02
8.689999999999999503e+00 2.999883265954725320e-02
8.700000000000001066e+00 2.999883265954459560e-02
8.710000000000000853e+00 2.999883265954444295e-02
8.720000000000000639e+00 2.999883265954435968e-02
8.730000000000000426e+00 2.999883265954613604e-02
8.740000000000000213e+00 2.999883265954508826e-02
8.750000000000000000e+00 2.999883265954678135e-02
8.759999999999999787e+00 2.999883265954705197e-02
8.769999999999999574e+00 2.999883265954721850e-02
8.779999999999999361e+00 2.999883265954338823e-02
8.790000000000000924e+00 2.999883265954636502e-02
8.800000000000000711e+00 2.999883265954496336e-02
8.810000000000000497e+00 2.999883265954584460e-02
8.820000000000000284e+00 2.999883265954704503e-02
8.830000000000000071e+00 2.999883265954628869e-02
8.839999999999999858e+00 2.999883265954588277e-02
8.849999999999999645e+00 2.999883265954509520e-02
8.859999999999999432e+00 2.999883265954736075e-02
8.870000000000000995e+00 2.999883265954341599e-02
8.880000000000000782e+00 2.999883265954442907e-02
8.890000000000000568e+00 2.999883265954583766e-02
8.900000000000000355e+00 2.999883265954472744e-02
8.910000000000000142e+00 2.999883265954535194e-02
8.919999999999999929e+00 2.999883265954718381e-02
8.929999999999999716e+00 2.999883265954618461e-02
8.939999999999999503e+00 2.999883265954583073e-02
8.950000000000001066e+00 2.999883265954635114e-02
8.960000000000000853e+00 2.999883265954673278e-02
8.970000000000000639e+00 2.999883265954399886e-02
8.980000000000000426e+00 2.999883265954386008e-02
8.990000000000000213e+00 2.999883265954562950e-02
9.000000000000000000e+00 2.999883265954577868e-02
9.009999999999999787e+00 2.999883265954387396e-02
9.019999999999999574e+00 2.999883265954575440e-02
9.029999999999999361e+00 2.999883265954735034e-02
9.040000000000000924e+00 2.999883265954580297e-02
9.050000000000000711e+00 2.999883265954543868e-02
9.060000000000000497e+00 2.999883265954624012e-02
9.070000000000000284e+00 2.999883265954468581e-02
9.080000000000000071e+00 2.999883265954495642e-02
9.089999999999999858e+00 2.999883265954567807e-02
9.099999999999999645e+00 2.999883265954571970e-02
9.109999999999999432e+00 2.999883265954619849e-02
9.120000000000000995e+00 2.999883265954631992e-02
9.130000000000000782e+00 2.999883265954565031e-02
9.140000000000000568e+00 2.999883265954448458e-02
9.150000000000000355e+00 2.999883265954584460e-02
9.160000000000000142e+00 2.999883265954734687e-02
9.169999999999999929e+00 2.999883265954734340e-02
9.179999999999999716e+00 2.999883265954499459e-02
9.189999999999999503e+00 2.999883265954854036e-02
9.200000000000001066e+00 2.999883265954523398e-02
9.210000000000000853e+00 2.999883265954730177e-02
9.220000000000000639e+00 2.999883265954675360e-02
9.230000000000000426e+00 2.999883265954577174e-02
9.240000000000000213e+00 2.999883265954633380e-02
9.250000000000000000e+00 2.999883265954745096e-02
9.259999999999999787e+00 2.999883265954801648e-02
9.269999999999999574e+00 2.999883265954552541e-02
9.279999999999999361e+00 2.999883265954756198e-02
9.290000000000000924e+00 2.999883265954654543e-02
9.300000000000000711e+00 2.999883265954308292e-02
9.310000000000000497e+00 2.999883265954453662e-02
9.320000000000000284e+00 2.999883265954555664e-02
9.330000000000000071e+00 2.999883265954447070e-02
9.339999999999999858e+00 2.999883265954814138e-02
9.349999999999999645e+00 2.999883265954455050e-02
9.359999999999999432e+00 2.999883265954211842e-02
9.370000000000000995e+00 2.999883265954417233e-02
9.380000000000000782e+00 2.999883265954294762e-02
9.390000000000000568e+00 2.999883265954149045e-02
9.400000000000000355e+00 2.999883265954619849e-02
9.410000000000000142e+00 2.999883265955066713e-02
9.419999999999999929e+00 2.999883265954610134e-02
9.429999999999999716e+00 2.999883265954635461e-02
9.439999999999999503e+00 2.999883265954404049e-02
9.450000000000001066e+00 2.999883265954578909e-02
9.460000000000000853e+00 2.999883265954760014e-02
9.470000000000000639e+00 2.999883265954434927e-02
9.480000000000000426e+00 2.999883265954726708e-02
9.490000000000000213e+00 2.999883265954619155e-02
9.500000000000000000e+00 2.999883265954480030e-02
9.509999999999999787e+00 2.999883265954669809e-02
9.519999999999999574e+00 2.999883265954773892e-02
9.529999999999999361e+00 2.999883265954615685e-02
9.540000000000000924e+00 2.999883265954646216e-02
9.550000000000000711e+00 2.999883265954750300e-02
9.560000000000000497e+00 2.999883265954544215e-02
9.570000000000000284e+00 2.999883265954596256e-02
9.580000000000000071e+00 2.999883265954415845e-02
9.589999999999999858e+00 2.999883265954413070e-02
9.599999999999999645e+00 2.999883265954516806e-02
9.609999999999999432e+00 2.999883265954646216e-02
9.620000000000000995e+00 2.999883265954593828e-02
9.630000000000000782e+00 2.999883265954474132e-02
9.640000000000000568e+00 2.999883265954569889e-02
9.650000000000000355e+00 2.999883265954588971e-02
9.660000000000000142e+00 2.999883265954507439e-02
9.669999999999999929e+00 2.999883265954619155e-02
9.679999999999999716e+00 2.999883265954592440e-02
9.689999999999999503e+00 2.999883265954711095e-02
9.700000000000001066e+00 2.999883265954557746e-02
9.710000000000000853e+00 2.999883265954389477e-02
9.720000000000000639e+00 2.999883265954518888e-02
9.730000000000000426e+00 2.999883265954544909e-02
9.740000000000000213e+00 2.999883265954763831e-02
9.750000000000000000e+00 2.999883265954385661e-02
9.759999999999999787e+00 2.999883265954439437e-02
9.769999999999999574e+00 2.999883265954705197e-02
9.779999999999999361e+00 2.999883265954379763e-02
9.790000000000000924e+00 2.999883265954624706e-02
9.800000000000000711e+00 2.999883265954939732e-02
9.810000000000000497e+00 2.999883265954698258e-02
9.820000000000000284e+00 2.999883265954334313e-02
9.830000000000000071e+00 2.999883265954285741e-02
9.839999999999999858e+00 2.999883265954284700e-02
9.849999999999999645e+00 2.999883265954662870e-02
9.859999999999999432e+00 2.999883265954556705e-02
9.870000000000000995e+00 2.999883265954660788e-02
9.880000000000000782e+00 2.999883265954464071e-02
9.890000000000000568e+00 2.999883265954765912e-02
9.900000000000000355e+00 2.999883265953902714e-02
9.910000000000000142e+00 2.999883265954687156e-02
9.919999999999999929e+00 2.999883265954320435e-02
9.929999999999999716e+00 2.999883265954599032e-02
9.939999999999999503e+00 2.999883265954517847e-02
9.950000000000001066e+00 2.999883265954635461e-02
9.960000000000000853e+00 2.999883265954441172e-02
9.970000000000000639e+00 2.999883265954813097e-02
