0.000000000000000000e+00 2.999571957017175758e-02
1.000000000000000021e-02 2.999571957016978693e-02
2.000000000000000042e-02 2.999571957016927692e-02
2.999999999999999889e-02 2.999571957016988061e-02
4.000000000000000083e-02 2.999571957016990836e-02
5.000000000000000278e-02 2.999571957017044613e-02
5.999999999999999778e-02 2.999571957017051899e-02
7.000000000000000666e-02 2.999571957016949897e-02
8.000000000000000167e-02 2.999571957017026919e-02
8.999999999999999667e-02 2.999571957016975224e-02
1.000000000000000056e-01 2.999571957017048429e-02
1.100000000000000006e-01 2.999571957016953019e-02
1.199999999999999956e-01 2.999571957016755608e-02
1.300000000000000044e-01 2.999571957016970714e-02
1.400000000000000133e-01 2.999571957017406129e-02
1.499999999999999944e-01 2.999571957016775037e-02
1.600000000000000033e-01 2.999571957017004714e-02
1.700000000000000122e-01 2.999571957016964122e-02
1.799999999999999933e-01 2.999571957016990489e-02
1.900000000000000022e-01 2.999571957016883977e-02
2.000000000000000111e-01 2.999571957016941917e-02
2.099999999999999922e-01 2.999571957017365537e-02
2.200000000000000011e-01 2.999571957016922835e-02
2.300000000000000100e-01 2.999571957017082777e-02
2.399999999999999911e-01 2.999571957017043919e-02
2.500000000000000000e-01 2.999571957016944346e-02
2.600000000000000089e-01 2.999571957016816323e-02
2.700000000000000178e-01 2.999571957016823262e-02
2.800000000000000266e-01 2.999571957017091797e-02
2.899999999999999800e-01 2.999571957016973489e-02
2.999999999999999889e-01 2.999571957017609439e-02
3.099999999999999978e-01 2.999571957017096308e-02
3.200000000000000067e-01 2.999571957016930121e-02
3.300000000000000155e-01 2.999571957016945387e-02
3.400000000000000244e-01 2.999571957017078613e-02
3.500000000000000333e-01 2.999571957016998469e-02
3.599999999999999867e-01 2.999571957017239249e-02
3.699999999999999956e-01 2.999571957017345761e-02
3.800000000000000044e-01 2.999571957016990836e-02
3.900000000000000133e-01 2.999571957016778159e-02
4.000000000000000222e-01 2.999571957016830895e-02
4.100000000000000311e-01 2.999571957016835752e-02
4.199999999999999845e-01 2.999571957017209758e-02
4.299999999999999933e-01 2.999571957017040102e-02
4.400000000000000022e-01 2.999571957017184085e-02
4.500000000000000111e-01 2.999571957017112961e-02
4.600000000000000200e-01 2.999571957016793078e-02
4.700000000000000289e-01 2.999571957016872875e-02
4.799999999999999822e-01 2.999571957016736873e-02
4.899999999999999911e-01 2.999571957016965162e-02
5.000000000000000000e-01 2.999571957016927692e-02
5.100000000000000089e-01 2.999571957016969673e-02
5.200000000000000178e-01 2.999571957017293372e-02
5.300000000000000266e-01 2.999571957016882937e-02
5.400000000000000355e-01 2.999571957017091797e-02
5.500000000000000444e-01 2.999571957016885365e-02
5.600000000000000533e-01 2.999571957016803486e-02
5.700000000000000622e-01 2.999571957017221902e-02
5.799999999999999600e-01 2.999571957016812854e-02
5.899999999999999689e-01 2.999571957016854834e-02
5.999999999999999778e-01 2.999571957016875651e-02
6.099999999999999867e-01 2.999571957017336740e-02
6.199999999999999956e-01 2.999571957016852058e-02
6.300000000000000044e-01 2.999571957016954060e-02
6.400000000000000133e-01 2.999571957017366924e-02
6.500000000000000222e-01 2.999571957017079307e-02
6.600000000000000311e-01 2.999571957017167084e-02
6.700000000000000400e-01 2.999571957017003673e-02
6.800000000000000488e-01 2.999571957017188248e-02
6.900000000000000577e-01 2.999571957017132043e-02
7.000000000000000666e-01 2.999571957017040796e-02
7.099999999999999645e-01 2.999571957017169860e-02
7.199999999999999734e-01 2.999571957017106022e-02
7.299999999999999822e-01 2.999571957016995694e-02
7.399999999999999911e-01 2.999571957017009224e-02
7.500000000000000000e-01 2.999571957017076185e-02
7.600000000000000089e-01 2.999571957017102553e-02
7.700000000000000178e-01 2.999571957016742077e-02
7.800000000000000266e-01 2.999571957017146961e-02
7.900000000000000355e-01 2.999571957016839915e-02
8.000000000000000444e-01 2.999571957016822915e-02
8.100000000000000533e-01 2.999571957016872528e-02
8.200000000000000622e-01 2.999571957016754220e-02
8.300000000000000711e-01 2.999571957016566523e-02
8.399999999999999689e-01 2.999571957017313842e-02
8.499999999999999778e-01 2.999571957016937407e-02
8.599999999999999867e-01 2.999571957016920060e-02
8.699999999999999956e-01 2.999571957016763241e-02
8.800000000000000044e-01 2.999571957017072368e-02
8.900000000000000133e-01 2.999571957017071674e-02
9.000000000000000222e-01 2.999571957017250698e-02
9.100000000000000311e-01 2.999571957016829854e-02
9.200000000000000400e-01 2.999571957016754567e-02
9.300000000000000488e-01 2.999571957017243759e-02
9.400000000000000577e-01 2.999571957017023449e-02
9.500000000000000666e-01 2.999571957016840609e-02
9.599999999999999645e-01 2.999571957017040796e-02
9.699999999999999734e-01 2.999571957016980428e-02
9.799999999999999822e-01 2.999571957016809731e-02
9.899999999999999911e-01 2.999571957017136553e-02
1.000000000000000000e+00 2.999571957016878773e-02
1.010000000000000009e+00 2.999571957017044266e-02
1.020000000000000018e+00 2.999571957017005061e-02
1.030000000000000027e+00 2.999571957017131002e-02
1.040000000000000036e+00 2.999571957016863855e-02
1.050000000000000044e+00 2.999571957016947815e-02
1.060000000000000053e+00 2.999571957016902019e-02
1.070000000000000062e+00 2.999571957017077573e-02
1.080000000000000071e+00 2.999571957016912427e-02
1.090000000000000080e+00 2.999571957016967938e-02
1.100000000000000089e+00 2.999571957017097001e-02
1.110000000000000098e+00 2.999571957016997081e-02
1.120000000000000107e+00 2.999571957017038368e-02
1.130000000000000115e+00 2.999571957016961693e-02
1.140000000000000124e+00 2.999571957016848589e-02
1.150000000000000133e+00 2.999571957016959611e-02
1.159999999999999920e+00 2.999571957017134471e-02
1.169999999999999929e+00 2.999571957016896467e-02
1.179999999999999938e+00 2.999571957017090063e-02
1.189999999999999947e+00 2.999571957017157370e-02
1.199999999999999956e+00 2.999571957017134125e-02
1.209999999999999964e+00 2.999571957017056756e-02
1.219999999999999973e+00 2.999571957016913815e-02
1.229999999999999982e+00 2.999571957016800017e-02
1.239999999999999991e+00 2.999571957016841303e-02
1.250000000000000000e+00 2.999571957017074450e-02
1.260000000000000009e+00 2.999571957017043919e-02
1.270000000000000018e+00 2.999571957016946080e-02
1.280000000000000027e+00 2.999571957016883283e-02
1.290000000000000036e+00 2.999571957017068552e-02
1.300000000000000044e+00 2.999571957017095614e-02
1.310000000000000053e+00 2.999571957016950938e-02
1.320000000000000062e+00 2.999571957017108451e-02
1.330000000000000071e+00 2.999571957016857610e-02
1.340000000000000080e+00 2.999571957017129267e-02
1.350000000000000089e+00 2.999571957016951285e-02
1.360000000000000098e+00 2.999571957017096308e-02
1.370000000000000107e+00 2.999571957017118512e-02
1.380000000000000115e+00 2.999571957016793772e-02
1.390000000000000124e+00 2.999571957016849630e-02
1.400000000000000133e+00 2.999571957017006796e-02
1.409999999999999920e+00 2.999571957017043572e-02
1.419999999999999929e+00 2.999571957016903059e-02
1.429999999999999938e+00 2.999571957016933244e-02
1.439999999999999947e+00 2.999571957016917978e-02
1.449999999999999956e+00 2.999571957017195534e-02
1.459999999999999964e+00 2.999571957016986673e-02
1.469999999999999973e+00 2.999571957017008184e-02
1.479999999999999982e+00 2.999571957016967244e-02
1.489999999999999991e+00 2.999571957017099083e-02
1.500000000000000000e+00 2.999571957016892651e-02
1.510000000000000009e+00 2.999571957016977305e-02
1.520000000000000018e+00 2.999571957016891610e-02
1.530000000000000027e+00 2.999571957017091103e-02
1.540000000000000036e+00 2.999571957016785792e-02
1.550000000000000044e+00 2.999571957016988755e-02
1.560000000000000053e+00 2.999571957016964469e-02
1.570000000000000062e+00 2.999571957016999857e-02
1.580000000000000071e+00 2.999571957016979040e-02
1.590000000000000080e+00 2.999571957016993612e-02
1.600000000000000089e+00 2.999571957016895773e-02
1.610000000000000098e+00 2.999571957017020327e-02
1.620000000000000107e+00 2.999571957016955101e-02
1.630000000000000115e+00 2.999571957017008184e-02
1.640000000000000124e+00 2.999571957017016163e-02
1.650000000000000133e+00 2.999571957017100471e-02
1.660000000000000142e+00 2.999571957016945734e-02
1.669999999999999929e+00 2.999571957016932550e-02
1.679999999999999938e+00 2.999571957017026225e-02
1.689999999999999947e+00 2.999571957016935325e-02
1.699999999999999956e+00 2.999571957016908610e-02
1.709999999999999964e+00 2.999571957016964122e-02
1.719999999999999973e+00 2.999571957016987714e-02
1.729999999999999982e+00 2.999571957017098389e-02
1.739999999999999991e+00 2.999571957016937407e-02
1.750000000000000000e+00 2.999571957017079654e-02
1.760000000000000009e+00 2.999571957016906182e-02
1.770000000000000018e+00 2.999571957017189983e-02
1.780000000000000027e+00 2.999571957017165003e-02
1.790000000000000036e+00 2.999571957016960305e-02
1.800000000000000044e+00 2.999571957016917284e-02
1.810000000000000053e+00 2.999571957016872181e-02
1.820000000000000062e+00 2.999571957017036286e-02
1.830000000000000071e+00 2.999571957016948856e-02
1.840000000000000080e+00 2.999571957017080348e-02
1.850000000000000089e+00 2.999571957016872528e-02
1.860000000000000098e+00 2.999571957016933244e-02
1.870000000000000107e+00 2.999571957016966550e-02
1.880000000000000115e+00 2.999571957017054674e-02
1.890000000000000124e+00 2.999571957016861773e-02
1.900000000000000133e+00 2.999571957016977305e-02
1.910000000000000142e+00 2.999571957016894386e-02
1.919999999999999929e+00 2.999571957016852752e-02
1.929999999999999938e+00 2.999571957016784057e-02
1.939999999999999947e+00 2.999571957017022755e-02
1.949999999999999956e+00 2.999571957016985979e-02
1.959999999999999964e+00 2.999571957016941917e-02
1.969999999999999973e+00 2.999571957016831936e-02
1.979999999999999982e+00 2.999571957017087981e-02
1.989999999999999991e+00 2.999571957017044960e-02
2.000000000000000000e+00 2.999571957017026919e-02
2.010000000000000231e+00 2.999571957017072368e-02
2.020000000000000018e+00 2.999571957017012347e-02
2.030000000000000249e+00 2.999571957017033164e-02
2.040000000000000036e+00 2.999571957016994306e-02
2.049999999999999822e+00 2.999571957017006796e-02
2.060000000000000053e+00 2.999571957016790649e-02
2.069999999999999840e+00 2.999571957017147308e-02
2.080000000000000071e+00 2.999571957016978346e-02
2.089999999999999858e+00 2.999571957016864202e-02
2.100000000000000089e+00 2.999571957016789608e-02
2.109999999999999876e+00 2.999571957016982510e-02
2.120000000000000107e+00 2.999571957016990836e-02
2.129999999999999893e+00 2.999571957016938448e-02
2.140000000000000124e+00 2.999571957017021367e-02
2.149999999999999911e+00 2.999571957017001245e-02
2.160000000000000142e+00 2.999571957016829160e-02
2.169999999999999929e+00 2.999571957017028653e-02
2.180000000000000160e+00 2.999571957016930468e-02
2.189999999999999947e+00 2.999571957017063348e-02
2.200000000000000178e+00 2.999571957016990836e-02
2.209999999999999964e+00 2.999571957016997775e-02
2.220000000000000195e+00 2.999571957016974183e-02
2.229999999999999982e+00 2.999571957016966203e-02
2.240000000000000213e+00 2.999571957016892304e-02
2.250000000000000000e+00 2.999571957016931509e-02
2.260000000000000231e+00 2.999571957016797241e-02
2.270000000000000018e+00 2.999571957016826732e-02
2.280000000000000249e+00 2.999571957016813895e-02
2.290000000000000036e+00 2.999571957016992224e-02
2.300000000000000266e+00 2.999571957017092144e-02
2.310000000000000053e+00 2.999571957017008877e-02
2.319999999999999840e+00 2.999571957017025531e-02
2.330000000000000071e+00 2.999571957016962734e-02
2.339999999999999858e+00 2.999571957017060919e-02
2.350000000000000089e+00 2.999571957017070634e-02
2.359999999999999876e+00 2.999571957016956836e-02
2.370000000000000107e+00 2.999571957016960305e-02
2.379999999999999893e+00 2.999571957016972101e-02
2.390000000000000124e+00 2.999571957016948856e-02
2.399999999999999911e+00 2.999571957017023796e-02
2.410000000000000142e+00 2.999571957016915549e-02
2.419999999999999929e+00 2.999571957016861773e-02
2.430000000000000160e+00 2.999571957017059531e-02
2.439999999999999947e+00 2.999571957016920407e-02
2.450000000000000178e+00 2.999571957016926999e-02
2.459999999999999964e+00 2.999571957016917978e-02
2.470000000000000195e+00 2.999571957016889528e-02
2.479999999999999982e+00 2.999571957016881896e-02
2.490000000000000213e+00 2.999571957016911733e-02
2.500000000000000000e+00 2.999571957016963428e-02
2.510000000000000231e+00 2.999571957016941570e-02
2.520000000000000018e+00 2.999571957016857610e-02
2.530000000000000249e+00 2.999571957016993959e-02
2.540000000000000036e+00 2.999571957017015816e-02
2.550000000000000266e+00 2.999571957016992224e-02
2.560000000000000053e+00 2.999571957016794813e-02
2.569999999999999840e+00 2.999571957017014776e-02
2.580000000000000071e+00 2.999571957017020674e-02
2.589999999999999858e+00 2.999571957016959264e-02
2.600000000000000089e+00 2.999571957016994653e-02
2.609999999999999876e+00 2.999571957017060225e-02
2.620000000000000107e+00 2.999571957016858303e-02
2.629999999999999893e+00 2.999571957016928733e-02
2.640000000000000124e+00 2.999571957016994653e-02
2.649999999999999911e+00 2.999571957016899937e-02
2.660000000000000142e+00 2.999571957017001245e-02
2.669999999999999929e+00 2.999571957016931162e-02
2.680000000000000160e+00 2.999571957016900631e-02
2.689999999999999947e+00 2.999571957016911733e-02
2.700000000000000178e+00 2.999571957016803486e-02
2.709999999999999964e+00 2.999571957016827425e-02
2.720000000000000195e+00 2.999571957016981122e-02
2.729999999999999982e+00 2.999571957016906182e-02
2.740000000000000213e+00 2.999571957017060919e-02
2.750000000000000000e+00 2.999571957016813201e-02
2.760000000000000231e+00 2.999571957016997081e-02
2.770000000000000018e+00 2.999571957016913815e-02
2.780000000000000249e+00 2.999571957016928039e-02
2.790000000000000036e+00 2.999571957016968285e-02
2.800000000000000266e+00 2.999571957016872528e-02
2.810000000000000053e+00 2.999571957016890916e-02
2.819999999999999840e+00 2.999571957016967244e-02
2.830000000000000071e+00 2.999571957016918672e-02
2.839999999999999858e+00 2.999571957016998816e-02
2.850000000000000089e+00 2.999571957016880855e-02
2.859999999999999876e+00 2.999571957016971060e-02
2.870000000000000107e+00 2.999571957017067858e-02
2.879999999999999893e+00 2.999571957016992918e-02
2.890000000000000124e+00 2.999571957016866977e-02
2.899999999999999911e+00 2.999571957016886753e-02
2.910000000000000142e+00 2.999571957016915202e-02
2.919999999999999929e+00 2.999571957016904447e-02
2.930000000000000160e+00 2.999571957016844426e-02
2.939999999999999947e+00 2.999571957016896467e-02
2.950000000000000178e+00 2.999571957016857263e-02
2.959999999999999964e+00 2.999571957016993959e-02
2.970000000000000195e+00 2.999571957016953019e-02
2.979999999999999982e+00 2.999571957016863855e-02
2.990000000000000213e+00 2.999571957016901325e-02
3.000000000000000000e+00 2.999571957016839915e-02
3.010000000000000231e+00 2.999571957016791690e-02
3.020000000000000018e+00 2.999571957016937407e-02
3.030000000000000249e+00 2.999571957017057450e-02
3.040000000000000036e+00 2.999571957016831936e-02
3.050000000000000266e+00 2.999571957016879814e-02
3.060000000000000053e+00 2.999571957016887447e-02
3.070000000000000284e+00 2.999571957016846854e-02
3.080000000000000071e+00 2.999571957017029347e-02
3.089999999999999858e+00 2.999571957016959611e-02
3.100000000000000089e+00 2.999571957016854140e-02
3.109999999999999876e+00 2.999571957016860038e-02
3.120000000000000107e+00 2.999571957016873569e-02
3.129999999999999893e+00 2.999571957016999163e-02
3.140000000000000124e+00 2.999571957016921794e-02
3.149999999999999911e+00 2.999571957017047735e-02
3.160000000000000142e+00 2.999571957016884324e-02
3.169999999999999929e+00 2.999571957016997081e-02
3.180000000000000160e+00 2.999571957016857263e-02
3.189999999999999947e+00 2.999571957016953366e-02
3.200000000000000178e+00 2.999571957016834017e-02
3.209999999999999964e+00 2.999571957016811813e-02
3.220000000000000195e+00 2.999571957016931856e-02
3.229999999999999982e+00 2.999571957016923529e-02
3.240000000000000213e+00 2.999571957016954407e-02
3.250000000000000000e+00 2.999571957016866977e-02
3.260000000000000231e+00 2.999571957016896814e-02
3.270000000000000018e+00 2.999571957016974530e-02
3.280000000000000249e+00 2.999571957016909651e-02
3.290000000000000036e+00 2.999571957016938448e-02
3.300000000000000266e+00 2.999571957016898896e-02
3.310000000000000053e+00 2.999571957016966550e-02
3.320000000000000284e+00 2.999571957016907223e-02
3.330000000000000071e+00 2.999571957016968979e-02
3.339999999999999858e+00 2.999571957016900978e-02
3.350000000000000089e+00 2.999571957016913121e-02
3.359999999999999876e+00 2.999571957016972101e-02
3.370000000000000107e+00 2.999571957016941223e-02
3.379999999999999893e+00 2.999571957016972795e-02
3.390000000000000124e+00 2.999571957016862814e-02
3.399999999999999911e+00 2.999571957016913121e-02
3.410000000000000142e+00 2.999571957016886753e-02
3.419999999999999929e+00 2.999571957016850324e-02
3.430000000000000160e+00 2.999571957016989796e-02
3.439999999999999947e+00 2.999571957016911039e-02
3.450000000000000178e+00 2.999571957016837487e-02
3.459999999999999964e+00 2.999571957017041837e-02
3.470000000000000195e+00 2.999571957016957530e-02
3.479999999999999982e+00 2.999571957016927345e-02
3.490000000000000213e+00 2.999571957016898549e-02
3.500000000000000000e+00 2.999571957016902019e-02
3.510000000000000231e+00 2.999571957016922488e-02
3.520000000000000018e+00 2.999571957017015816e-02
3.530000000000000249e+00 2.999571957016917631e-02
3.540000000000000036e+00 2.999571957016846507e-02
3.550000000000000266e+00 2.999571957016841650e-02
3.560000000000000053e+00 2.999571957016935672e-02
3.570000000000000284e+00 2.999571957016931509e-02
3.580000000000000071e+00 2.999571957016906182e-02
3.589999999999999858e+00 2.999571957016979734e-02
3.600000000000000089e+00 2.999571957016868365e-02
3.609999999999999876e+00 2.999571957016858997e-02
3.620000000000000107e+00 2.999571957016918325e-02
3.629999999999999893e+00 2.999571957016948856e-02
3.640000000000000124e+00 2.999571957016902019e-02
3.649999999999999911e+00 2.999571957016938795e-02
3.660000000000000142e+00 2.999571957016897161e-02
3.669999999999999929e+00 2.999571957016901325e-02
3.680000000000000160e+00 2.999571957016875304e-02
3.689999999999999947e+00 2.999571957016962387e-02
3.700000000000000178e+00 2.999571957016800711e-02
3.709999999999999964e+00 2.999571957016869406e-02
3.720000000000000195e+00 2.999571957016807650e-02
3.729999999999999982e+00 2.999571957016905141e-02
3.740000000000000213e+00 2.999571957016880855e-02
3.750000000000000000e+00 2.999571957016877038e-02
3.760000000000000231e+00 2.999571957016844426e-02
3.770000000000000018e+00 2.999571957016908264e-02
3.780000000000000249e+00 2.999571957016877732e-02
3.790000000000000036e+00 2.999571957016891957e-02
3.800000000000000266e+00 2.999571957016871140e-02
3.810000000000000053e+00 2.999571957016892998e-02
3.820000000000000284e+00 2.999571957016838875e-02
3.830000000000000071e+00 2.999571957016898202e-02
3.839999999999999858e+00 2.999571957016883977e-02
3.850000000000000089e+00 2.999571957016879814e-02
3.859999999999999876e+00 2.999571957016938795e-02
3.870000000000000107e+00 2.999571957016915202e-02
3.879999999999999893e+00 2.999571957016902712e-02
3.890000000000000124e+00 2.999571957016883283e-02
3.899999999999999911e+00 2.999571957016871834e-02
3.910000000000000142e+00 2.999571957016918672e-02
3.919999999999999929e+00 2.999571957016885018e-02
3.930000000000000160e+00 2.999571957016927692e-02
3.939999999999999947e+00 2.999571957016859691e-02
3.950000000000000178e+00 2.999571957016885365e-02
3.959999999999999964e+00 2.999571957016872181e-02
3.970000000000000195e+00 2.999571957016877732e-02
3.979999999999999982e+00 2.999571957016886059e-02
3.990000000000000213e+00 2.999571957016931856e-02
4.000000000000000000e+00 2.999571957016902712e-02
4.009999999999999787e+00 2.999571957016908957e-02
4.020000000000000462e+00 2.999571957016888835e-02
4.030000000000000249e+00 2.999571957016904447e-02
4.040000000000000036e+00 2.999571957016912774e-02
4.049999999999999822e+00 2.999571957016892998e-02
4.060000000000000497e+00 2.999571957016898202e-02
4.070000000000000284e+00 2.999571957016916243e-02
4.080000000000000071e+00 2.999571957016904100e-02
4.089999999999999858e+00 2.999571957016886753e-02
4.099999999999999645e+00 2.999571957016929774e-02
4.110000000000000320e+00 2.999571957016908264e-02
4.120000000000000107e+00 2.999571957016879814e-02
4.129999999999999893e+00 2.999571957016892304e-02
4.139999999999999680e+00 2.999571957016844773e-02
4.150000000000000355e+00 2.999571957016895773e-02
4.160000000000000142e+00 2.999571957016895773e-02
4.169999999999999929e+00 2.999571957016904100e-02
4.179999999999999716e+00 2.999571957016884671e-02
4.190000000000000391e+00 2.999571957016926305e-02
4.200000000000000178e+00 2.999571957016919366e-02
4.209999999999999964e+00 2.999571957016858997e-02
4.219999999999999751e+00 2.999571957016896467e-02
4.230000000000000426e+00 2.999571957016934284e-02
4.240000000000000213e+00 2.999571957016921794e-02
4.250000000000000000e+00 2.999571957016904794e-02
4.259999999999999787e+00 2.999571957016904447e-02
4.270000000000000462e+00 2.999571957016886059e-02
4.280000000000000249e+00 2.999571957016906529e-02
4.290000000000000036e+00 2.999571957016879814e-02
4.299999999999999822e+00 2.999571957016914509e-02
4.310000000000000497e+00 2.999571957016917284e-02
4.320000000000000284e+00 2.999571957016938795e-02
4.330000000000000071e+00 2.999571957016899243e-02
4.339999999999999858e+00 2.999571957016908957e-02
4.350000000000000533e+00 2.999571957016898202e-02
4.360000000000000320e+00 2.999571957016902019e-02
4.370000000000000107e+00 2.999571957016905488e-02
4.379999999999999893e+00 2.999571957016897508e-02
4.389999999999999680e+00 2.999571957016913468e-02
4.400000000000000355e+00 2.999571957016912427e-02
4.410000000000000142e+00 2.999571957016886406e-02
4.419999999999999929e+00 2.999571957016886406e-02
4.429999999999999716e+00 2.999571957016917631e-02
4.440000000000000391e+00 2.999571957016913815e-02
4.450000000000000178e+00 2.999571957016906876e-02
4.459999999999999964e+00 2.999571957016904100e-02
4.469999999999999751e+00 2.999571957016903059e-02
4.480000000000000426e+00 2.999571957016904100e-02
4.490000000000000213e+00 2.999571957016904794e-02
4.500000000000000000e+00 2.999571957016912774e-02
4.509999999999999787e+00 2.999571957016907917e-02
4.520000000000000462e+00 2.999571957016909651e-02
4.530000000000000249e+00 2.999571957016909304e-02
4.540000000000000036e+00 2.999571957016915896e-02
4.549999999999999822e+00 2.999571957016898549e-02
4.560000000000000497e+00 2.999571957016909998e-02
4.570000000000000284e+00 2.999571957016913815e-02
4.580000000000000071e+00 2.999571957016906876e-02
4.589999999999999858e+00 2.999571957016910692e-02
4.600000000000000533e+00 2.999571957016912427e-02
4.610000000000000320e+00 2.999571957016911039e-02
4.620000000000000107e+00 2.999571957016918325e-02
4.629999999999999893e+00 2.999571957016919713e-02
4.639999999999999680e+00 2.999571957016922488e-02
4.650000000000000355e+00 2.999571957016924917e-02
4.660000000000000142e+00 2.999571957016908264e-02
4.669999999999999929e+00 2.999571957016917631e-02
4.679999999999999716e+00 2.999571957016920407e-02
4.690000000000000391e+00 2.999571957016925264e-02
4.700000000000000178e+00 2.999571957016915202e-02
4.709999999999999964e+00 2.999571957016917978e-02
4.719999999999999751e+00 2.999571957016919713e-02
4.730000000000000426e+00 2.999571957016918325e-02
4.740000000000000213e+00 2.999571957016917978e-02
4.750000000000000000e+00 2.999571957016920407e-02
4.759999999999999787e+00 2.999571957016925958e-02
4.770000000000000462e+00 2.999571957016925958e-02
4.780000000000000249e+00 2.999571957016923529e-02
4.790000000000000036e+00 2.999571957016921794e-02
4.799999999999999822e+00 2.999571957016924223e-02
4.810000000000000497e+00 2.999571957016925611e-02
4.820000000000000284e+00 2.999571957016926652e-02
4.830000000000000071e+00 2.999571957016925958e-02
4.839999999999999858e+00 2.999571957016926999e-02
4.850000000000000533e+00 2.999571957016926652e-02
4.860000000000000320e+00 2.999571957016928386e-02
4.870000000000000107e+00 2.999571957016928386e-02
4.879999999999999893e+00 2.999571957016930468e-02
4.889999999999999680e+00 2.999571957016929427e-02
4.900000000000000355e+00 2.999571957016929774e-02
4.910000000000000142e+00 2.999571957016930468e-02
4.919999999999999929e+00 2.999571957016931856e-02
4.929999999999999716e+00 2.999571957016932550e-02
4.940000000000000391e+00 2.999571957016932203e-02
4.950000000000000178e+00 2.999571957016933590e-02
4.959999999999999964e+00 2.999571957016933590e-02
4.969999999999999751e+00 2.999571957016933937e-02
4.980000000000000426e+00 2.999571957016934978e-02
4.990000000000000213e+00 2.999571957016936019e-02
5.000000000000000000e+00 2.999571957016937407e-02
5.009999999999999787e+00 2.999571957016938448e-02
5.020000000000000462e+00 2.999571957016938448e-02
5.030000000000000249e+00 2.999571957016939489e-02
5.040000000000000036e+00 2.999571957016940529e-02
5.049999999999999822e+00 2.999571957016941917e-02
5.060000000000000497e+00 2.999571957016942264e-02
5.070000000000000284e+00 2.999571957016943305e-02
5.080000000000000071e+00 2.999571957016943305e-02
5.089999999999999858e+00 2.999571957016944693e-02
5.100000000000000533e+00 2.999571957016946427e-02
5.110000000000000320e+00 2.999571957016946080e-02
5.120000000000000107e+00 2.999571957016947468e-02
5.129999999999999893e+00 2.999571957016948162e-02
5.139999999999999680e+00 2.999571957016949203e-02
5.150000000000000355e+00 2.999571957016949897e-02
5.160000000000000142e+00 2.999571957016950938e-02
5.169999999999999929e+00 2.999571957016951285e-02
5.179999999999999716e+00 2.999571957016953713e-02
5.190000000000000391e+00 2.999571957016951632e-02
5.200000000000000178e+00 2.999571957016955101e-02
5.209999999999999964e+00 2.999571957016953713e-02
5.219999999999999751e+00 2.999571957016957183e-02
5.230000000000000426e+00 2.999571957016956489e-02
5.240000000000000213e+00 2.999571957016959264e-02
5.250000000000000000e+00 2.999571957016958917e-02
5.259999999999999787e+00 2.999571957016962734e-02
5.270000000000000462e+00 2.999571957016959611e-02
5.280000000000000249e+00 2.999571957016959958e-02
5.290000000000000036e+00 2.999571957016962040e-02
5.299999999999999822e+00 2.999571957016965856e-02
5.310000000000000497e+00 2.999571957016963428e-02
5.320000000000000284e+00 2.999571957016964469e-02
5.330000000000000071e+00 2.999571957016970367e-02
5.339999999999999858e+00 2.999571957016968979e-02
5.350000000000000533e+00 2.999571957016974530e-02
5.360000000000000320e+00 2.999571957016969673e-02
5.370000000000000107e+00 2.999571957016973142e-02
5.379999999999999893e+00 2.999571957016969673e-02
5.389999999999999680e+00 2.999571957016966550e-02
5.400000000000000355e+00 2.999571957016974530e-02
5.410000000000000142e+00 2.999571957016970020e-02
5.419999999999999929e+00 2.999571957016976612e-02
5.429999999999999716e+00 2.999571957016968979e-02
5.440000000000000391e+00 2.999571957016976265e-02
5.450000000000000178e+00 2.999571957016982510e-02
5.459999999999999964e+00 2.999571957016977652e-02
5.469999999999999751e+00 2.999571957016977999e-02
5.480000000000000426e+00 2.999571957016979040e-02
5.490000000000000213e+00 2.999571957016976959e-02
5.500000000000000000e+00 2.999571957016969673e-02
5.509999999999999787e+00 2.999571957016976612e-02
5.520000000000000462e+00 2.999571957016978693e-02
5.530000000000000249e+00 2.999571957016974530e-02
5.540000000000000036e+00 2.999571957016967938e-02
5.549999999999999822e+00 2.999571957016998469e-02
5.560000000000000497e+00 2.999571957016988755e-02
5.570000000000000284e+00 2.999571957016982163e-02
5.580000000000000071e+00 2.999571957016973489e-02
5.589999999999999858e+00 2.999571957016956142e-02
5.600000000000000533e+00 2.999571957016984591e-02
5.610000000000000320e+00 2.999571957017000204e-02
5.620000000000000107e+00 2.999571957016975571e-02
5.629999999999999893e+00 2.999571957016997428e-02
5.639999999999999680e+00 2.999571957017000204e-02
5.650000000000000355e+00 2.999571957016976265e-02
5.660000000000000142e+00 2.999571957016971407e-02
5.669999999999999929e+00 2.999571957017007837e-02
5.679999999999999716e+00 2.999571957016999163e-02
5.690000000000000391e+00 2.999571957016975224e-02
5.700000000000000178e+00 2.999571957017014429e-02
5.709999999999999964e+00 2.999571957016975918e-02
5.719999999999999751e+00 2.999571957017008877e-02
5.730000000000000426e+00 2.999571957017006449e-02
5.740000000000000213e+00 2.999571957016992224e-02
5.750000000000000000e+00 2.999571957016996041e-02
5.759999999999999787e+00 2.999571957016999857e-02
5.770000000000000462e+00 2.999571957016974183e-02
5.780000000000000249e+00 2.999571957016988755e-02
5.790000000000000036e+00 2.999571957016996387e-02
5.799999999999999822e+00 2.999571957017007143e-02
5.810000000000000497e+00 2.999571957016991530e-02
5.820000000000000284e+00 2.999571957017006796e-02
5.830000000000000071e+00 2.999571957016992918e-02
5.839999999999999858e+00 2.999571957017057797e-02
5.850000000000000533e+00 2.999571957016992571e-02
5.860000000000000320e+00 2.999571957016988755e-02
5.870000000000000107e+00 2.999571957017026919e-02
5.879999999999999893e+00 2.999571957017004714e-02
5.889999999999999680e+00 2.999571957016981122e-02
5.900000000000000355e+00 2.999571957017019286e-02
5.910000000000000142e+00 2.999571957016990836e-02
5.919999999999999929e+00 2.999571957017013735e-02
5.929999999999999716e+00 2.999571957017021714e-02
5.940000000000000391e+00 2.999571957017022061e-02
5.950000000000000178e+00 2.999571957016999857e-02
5.959999999999999964e+00 2.999571957016975224e-02
5.969999999999999751e+00 2.999571957016998122e-02
5.980000000000000426e+00 2.999571957016936019e-02
5.990000000000000213e+00 2.999571957017058838e-02
6.000000000000000000e+00 2.999571957016992224e-02
6.009999999999999787e+00 2.999571957016965162e-02
6.020000000000000462e+00 2.999571957017015122e-02
6.030000000000000249e+00 2.999571957017038021e-02
6.040000000000000036e+00 2.999571957016985285e-02
6.049999999999999822e+00 2.999571957016958570e-02
6.060000000000000497e+00 2.999571957017043572e-02
6.070000000000000284e+00 2.999571957017034551e-02
6.080000000000000071e+00 2.999571957017034898e-02
6.089999999999999858e+00 2.999571957017003326e-02
6.100000000000000533e+00 2.999571957017025531e-02
6.110000000000000320e+00 2.999571957017008531e-02
6.120000000000000107e+00 2.999571957016983551e-02
6.129999999999999893e+00 2.999571957017031082e-02
6.140000000000000568e+00 2.999571957017022408e-02
6.150000000000000355e+00 2.999571957017013041e-02
6.160000000000000142e+00 2.999571957017047041e-02
6.169999999999999929e+00 2.999571957017005755e-02
6.179999999999999716e+00 2.999571957017032470e-02
6.190000000000000391e+00 2.999571957016981469e-02
6.200000000000000178e+00 2.999571957017005061e-02
6.209999999999999964e+00 2.999571957017036633e-02
6.219999999999999751e+00 2.999571957017027266e-02
6.230000000000000426e+00 2.999571957016992571e-02
6.240000000000000213e+00 2.999571957017020674e-02
6.250000000000000000e+00 2.999571957016983551e-02
6.259999999999999787e+00 2.999571957017089716e-02
6.270000000000000462e+00 2.999571957017036633e-02
6.280000000000000249e+00 2.999571957017083471e-02
6.290000000000000036e+00 2.999571957016987020e-02
6.299999999999999822e+00 2.999571957017066817e-02
6.310000000000000497e+00 2.999571957017064736e-02
6.320000000000000284e+00 2.999571957017042878e-02
6.330000000000000071e+00 2.999571957017068205e-02
6.339999999999999858e+00 2.999571957017057103e-02
6.350000000000000533e+00 2.999571957017108104e-02
6.360000000000000320e+00 2.999571957016964122e-02
6.370000000000000107e+00 2.999571957016976265e-02
6.379999999999999893e+00 2.999571957016951979e-02
6.390000000000000568e+00 2.999571957017050511e-02
6.400000000000000355e+00 2.999571957017026919e-02
6.410000000000000142e+00 2.999571957016998816e-02
6.419999999999999929e+00 2.999571957017036286e-02
6.429999999999999716e+00 2.999571957016977305e-02
6.440000000000000391e+00 2.999571957016975224e-02
6.450000000000000178e+00 2.999571957017016510e-02
6.459999999999999964e+00 2.999571957017081042e-02
6.469999999999999751e+00 2.999571957017080001e-02
6.480000000000000426e+00 2.999571957016974530e-02
6.490000000000000213e+00 2.999571957016984938e-02
6.500000000000000000e+00 2.999571957017091450e-02
6.509999999999999787e+00 2.999571957017031082e-02
6.520000000000000462e+00 2.999571957017014776e-02
6.530000000000000249e+00 2.999571957017118165e-02
6.540000000000000036e+00 2.999571957017028653e-02
6.549999999999999822e+00 2.999571957017086940e-02
6.560000000000000497e+00 2.999571957017032470e-02
6.570000000000000284e+00 2.999571957017058491e-02
6.580000000000000071e+00 2.999571957017153553e-02
6.589999999999999858e+00 2.999571957016992918e-02
6.600000000000000533e+00 2.999571957017114696e-02
6.610000000000000320e+00 2.999571957017082430e-02
6.620000000000000107e+00 2.999571957016988755e-02
6.629999999999999893e+00 2.999571957016971407e-02
6.640000000000000568e+00 2.999571957017033511e-02
6.650000000000000355e+00 2.999571957017074103e-02
6.660000000000000142e+00 2.999571957017005061e-02
6.669999999999999929e+00 2.999571957017077573e-02
6.679999999999999716e+00 2.999571957017122328e-02
6.690000000000000391e+00 2.999571957017076879e-02
6.700000000000000178e+00 2.999571957017110879e-02
6.709999999999999964e+00 2.999571957017076532e-02
6.719999999999999751e+00 2.999571957017053286e-02
6.730000000000000426e+00 2.999571957016984591e-02
6.740000000000000213e+00 2.999571957017057797e-02
6.750000000000000000e+00 2.999571957017084511e-02
6.759999999999999787e+00 2.999571957017113308e-02
6.770000000000000462e+00 2.999571957016926999e-02
6.780000000000000249e+00 2.999571957017061613e-02
6.790000000000000036e+00 2.999571957017014776e-02
6.799999999999999822e+00 2.999571957016993612e-02
6.810000000000000497e+00 2.999571957017004367e-02
6.820000000000000284e+00 2.999571957017163268e-02
6.830000000000000071e+00 2.999571957017085899e-02
6.839999999999999858e+00 2.999571957017093879e-02
6.850000000000000533e+00 2.999571957017049817e-02
6.860000000000000320e+00 2.999571957017008531e-02
6.870000000000000107e+00 2.999571957017145921e-02
6.879999999999999893e+00 2.999571957017175064e-02
6.890000000000000568e+00 2.999571957017004020e-02
6.900000000000000355e+00 2.999571957017031776e-02
6.910000000000000142e+00 2.999571957017196575e-02
6.919999999999999929e+00 2.999571957017132737e-02
6.929999999999999716e+00 2.999571957017068899e-02
6.940000000000000391e+00 2.999571957017063001e-02
6.950000000000000178e+00 2.999571957017062307e-02
6.959999999999999964e+00 2.999571957017122675e-02
6.969999999999999751e+00 2.999571957017024490e-02
6.980000000000000426e+00 2.999571957017119553e-02
6.990000000000000213e+00 2.999571957017043225e-02
7.000000000000000000e+00 2.999571957016983204e-02
7.009999999999999787e+00 2.999571957016967938e-02
7.020000000000000462e+00 2.999571957017080348e-02
7.030000000000000249e+00 2.999571957016949203e-02
7.040000000000000036e+00 2.999571957016991183e-02
7.049999999999999822e+00 2.999571957017127533e-02
7.060000000000000497e+00 2.999571957017197615e-02
7.070000000000000284e+00 2.999571957017138288e-02
7.080000000000000071e+00 2.999571957017051205e-02
7.089999999999999858e+00 2.999571957017108104e-02
7.100000000000000533e+00 2.999571957017042878e-02
7.110000000000000320e+00 2.999571957017049123e-02
7.120000000000000107e+00 2.999571957017096308e-02
7.129999999999999893e+00 2.999571957017111920e-02
7.140000000000000568e+00 2.999571957017056756e-02
7.150000000000000355e+00 2.999571957017047735e-02
7.160000000000000142e+00 2.999571957017063001e-02
7.169999999999999929e+00 2.999571957017174717e-02
7.179999999999999716e+00 2.999571957017123716e-02
7.190000000000000391e+00 2.999571957017180962e-02
7.200000000000000178e+00 2.999571957017050858e-02
7.209999999999999964e+00 2.999571957017053980e-02
7.219999999999999751e+00 2.999571957017095267e-02
7.230000000000000426e+00 2.999571957017092144e-02
7.240000000000000213e+00 2.999571957017092144e-02
7.250000000000000000e+00 2.999571957017119900e-02
7.259999999999999787e+00 2.999571957017064042e-02
7.270000000000000462e+00 2.999571957017045654e-02
7.280000000000000249e+00 2.999571957017060919e-02
7.290000000000000036e+00 2.999571957017032470e-02
7.299999999999999822e+00 2.999571957017183738e-02
7.310000000000000497e+00 2.999571957017083818e-02
7.320000000000000284e+00 2.999571957017181309e-02
7.330000000000000071e+00 2.999571957016960305e-02
7.339999999999999858e+00 2.999571957017130308e-02
7.350000000000000533e+00 2.999571957017031082e-02
7.360000000000000320e+00 2.999571957017096308e-02
7.370000000000000107e+00 2.999571957017052939e-02
7.379999999999999893e+00 2.999571957017175411e-02
7.390000000000000568e+00 2.999571957017087287e-02
7.400000000000000355e+00 2.999571957017106022e-02
7.410000000000000142e+00 2.999571957017248963e-02
7.419999999999999929e+00 2.999571957017125798e-02
7.429999999999999716e+00 2.999571957017101512e-02
7.440000000000000391e+00 2.999571957017086593e-02
7.450000000000000178e+00 2.999571957017113655e-02
7.459999999999999964e+00 2.999571957017109491e-02
7.469999999999999751e+00 2.999571957016985632e-02
7.480000000000000426e+00 2.999571957017137594e-02
7.490000000000000213e+00 2.999571957017160145e-02
7.500000000000000000e+00 2.999571957017121288e-02
7.509999999999999787e+00 2.999571957017088675e-02
7.520000000000000462e+00 2.999571957017140716e-02
7.530000000000000249e+00 2.999571957017231269e-02
7.540000000000000036e+00 2.999571957017140716e-02
7.549999999999999822e+00 2.999571957017168472e-02
7.560000000000000497e+00 2.999571957017177840e-02
7.570000000000000284e+00 2.999571957017098389e-02
7.580000000000000071e+00 2.999571957017106022e-02
7.589999999999999858e+00 2.999571957017052592e-02
7.600000000000000533e+00 2.999571957017293372e-02
7.610000000000000320e+00 2.999571957017211493e-02
7.620000000000000107e+00 2.999571957017011653e-02
7.629999999999999893e+00 2.999571957017182003e-02
7.640000000000000568e+00 2.999571957017028653e-02
7.650000000000000355e+00 2.999571957016990489e-02
7.660000000000000142e+00 2.999571957017146961e-02
7.669999999999999929e+00 2.999571957017157717e-02
7.679999999999999716e+00 2.999571957017087287e-02
7.690000000000000391e+00 2.999571957017182350e-02
7.700000000000000178e+00 2.999571957017169860e-02
7.709999999999999964e+00 2.999571957017265617e-02
7.719999999999999751e+00 2.999571957017031082e-02
7.730000000000000426e+00 2.999571957017094920e-02
7.740000000000000213e+00 2.999571957017203166e-02
7.750000000000000000e+00 2.999571957017282964e-02
7.759999999999999787e+00 2.999571957017199003e-02
7.770000000000000462e+00 2.999571957017069593e-02
7.780000000000000249e+00 2.999571957017168472e-02
7.790000000000000036e+00 2.999571957016982510e-02
7.799999999999999822e+00 2.999571957017069246e-02
7.810000000000000497e+00 2.999571957017119206e-02
7.820000000000000284e+00 2.999571957017231616e-02
7.830000000000000071e+00 2.999571957017121981e-02
7.839999999999999858e+00 2.999571957017170554e-02
7.850000000000000533e+00 2.999571957017169166e-02
7.860000000000000320e+00 2.999571957017305168e-02
7.870000000000000107e+00 2.999571957017131349e-02
7.879999999999999893e+00 2.999571957017139329e-02
7.890000000000000568e+00 2.999571957017144880e-02
7.900000000000000355e+00 2.999571957017175064e-02
7.910000000000000142e+00 2.999571957017088675e-02
7.919999999999999929e+00 2.999571957017203166e-02
7.930000000000000604e+00 2.999571957017166043e-02
7.940000000000000391e+00 2.999571957017263535e-02
7.950000000000000178e+00 2.999571957017091450e-02
7.959999999999999964e+00 2.999571957017073409e-02
7.969999999999999751e+00 2.999571957017179921e-02
7.980000000000000426e+00 2.999571957017179921e-02
7.990000000000000213e+00 2.999571957017092144e-02
8.000000000000000000e+00 2.999571957017078266e-02
8.009999999999999787e+00 2.999571957017129614e-02
8.019999999999999574e+00 2.999571957017269433e-02
8.029999999999999361e+00 2.999571957017030041e-02
8.040000000000000924e+00 2.999571957017177493e-02
8.050000000000000711e+00 2.999571957017349577e-02
8.060000000000000497e+00 2.999571957017196228e-02
8.070000000000000284e+00 2.999571957017062654e-02
8.080000000000000071e+00 2.999571957017163615e-02
8.089999999999999858e+00 2.999571957017092838e-02
8.099999999999999645e+00 2.999571957017135859e-02
8.109999999999999432e+00 2.999571957017208024e-02
8.120000000000000995e+00 2.999571957017162921e-02
8.130000000000000782e+00 2.999571957017258678e-02
8.140000000000000568e+00 2.999571957017216350e-02
8.150000000000000355e+00 2.999571957016999857e-02
8.160000000000000142e+00 2.999571957017281576e-02
8.169999999999999929e+00 2.999571957017143145e-02
8.179999999999999716e+00 2.999571957017451926e-02
8.189999999999999503e+00 2.999571957017258678e-02
8.199999999999999289e+00 2.999571957017238902e-02
8.210000000000000853e+00 2.999571957017204207e-02
8.220000000000000639e+00 2.999571957017211840e-02
8.230000000000000426e+00 2.999571957017223636e-02
8.240000000000000213e+00 2.999571957017093532e-02
8.250000000000000000e+00 2.999571957017286433e-02
8.259999999999999787e+00 2.999571957017257290e-02
8.269999999999999574e+00 2.999571957017244800e-02
8.279999999999999361e+00 2.999571957017232657e-02
8.290000000000000924e+00 2.999571957017219126e-02
8.300000000000000711e+00 2.999571957017255902e-02
8.310000000000000497e+00 2.999571957017097695e-02
8.320000000000000284e+00 2.999571957017127533e-02
8.330000000000000071e+00 2.999571957017253820e-02
8.339999999999999858e+00 2.999571957017196921e-02
8.349999999999999645e+00 2.999571957017291984e-02
8.359999999999999432e+00 2.999571957017200391e-02
8.370000000000000995e+00 2.999571957017155288e-02
8.380000000000000782e+00 2.999571957017242024e-02
8.390000000000000568e+00 2.999571957017219126e-02
8.400000000000000355e+00 2.999571957017078266e-02
8.410000000000000142e+00 2.999571957017105328e-02
8.419999999999999929e+00 2.999571957017196921e-02
8.429999999999999716e+00 2.999571957017151472e-02
8.439999999999999503e+00 2.999571957017367965e-02
8.449999999999999289e+00 2.999571957017084511e-02
8.460000000000000853e+00 2.999571957017043225e-02
8.470000000000000639e+00 2.999571957017329454e-02
8.480000000000000426e+00 2.999571957017179227e-02
8.490000000000000213e+00 2.999571957017273249e-02
8.500000000000000000e+00 2.999571957017133431e-02
8.509999999999999787e+00 2.999571957017284352e-02
8.519999999999999574e+00 2.999571957017362414e-02
8.529999999999999361e+00 2.999571957017115043e-02
8.540000000000000924e+00 2.999571957017324597e-02
8.550000000000000711e+00 2.999571957017078266e-02
8.560000000000000497e+00 2.999571957017264923e-02
8.570000000000000284e+00 2.999571957017269086e-02
8.580000000000000071e+00 2.999571957017244106e-02
8.589999999999999858e+00 2.999571957017201432e-02
8.599999999999999645e+00 2.999571957017306556e-02
8.609999999999999432e+00 2.999571957017150431e-02
8.620000000000000995e+00 2.999571957017296842e-02
8.630000000000000782e+00 2.999571957017256596e-02
8.640000000000000568e+00 2.999571957017275678e-02
8.650000000000000355e+00 2.999571957017432150e-02
8.660000000000000142e+00 2.999571957017261800e-02
8.669999999999999929e+00 2.999571957017346455e-02
8.679999999999999716e+00 2.999571957017272902e-02
8.689999999999999503e+00 2.999571957017252780e-02
8.700000000000001066e+00 2.999571957017231269e-02
8.710000000000000853e+00 2.999571957017261453e-02
8.720000000000000639e+00 2.999571957017156676e-02
8.730000000000000426e+00 2.999571957017292331e-02
8.740000000000000213e+00 2.999571957017243412e-02
8.750000000000000000e+00 2.999571957017196228e-02
8.759999999999999787e+00 2.999571957017303780e-02
8.769999999999999574e+00 2.999571957017290944e-02
8.779999999999999361e+00 2.999571957017304127e-02
8.790000000000000924e+00 2.999571957017274290e-02
8.800000000000000711e+00 2.999571957017238555e-02
8.810000000000000497e+00 2.999571957017354781e-02
8.820000000000000284e+00 2.999571957017220514e-02
8.830000000000000071e+00 2.999571957017281923e-02
8.839999999999999858e+00 2.999571957017290944e-02
8.849999999999999645e+00 2.999571957017247575e-02
8.859999999999999432e+00 2.999571957017425558e-02
8.870000000000000995e+00 2.999571957017326679e-02
8.880000000000000782e+00 2.999571957017214269e-02
8.890000000000000568e+00 2.999571957017420007e-02
8.900000000000000355e+00 2.999571957017289903e-02
8.910000000000000142e+00 2.999571957017182003e-02
8.919999999999999929e+00 2.999571957017253127e-02
8.929999999999999716e+00 2.999571957017173676e-02
8.939999999999999503e+00 2.999571957017382884e-02
8.950000000000001066e+00 2.999571957017417578e-02
8.960000000000000853e+00 2.999571957017285045e-02
8.970000000000000639e+00 2.999571957017178880e-02
8.980000000000000426e+00 2.999571957017206636e-02
8.990000000000000213e+00 2.999571957017396068e-02
9.000000000000000000e+00 2.999571957017235779e-02
9.009999999999999787e+00 2.999571957017384272e-02
9.019999999999999574e+00 2.999571957017271862e-02
9.029999999999999361e+00 2.999571957017238555e-02
9.040000000000000924e+00 2.999571957017392598e-02
9.050000000000000711e+00 2.999571957017346455e-02
9.060000000000000497e+00 2.999571957017409252e-02
9.070000000000000284e+00 2.999571957017150778e-02
9.080000000000000071e+00 2.999571957017293025e-02
9.089999999999999858e+00 2.999571957017081389e-02
9.099999999999999645e+00 2.999571957017556703e-02
9.109999999999999432e+00 2.999571957017152860e-02
9.120000000000000995e+00 2.999571957017193452e-02
9.130000000000000782e+00 2.999571957017523050e-02
9.140000000000000568e+00 2.999571957017345414e-02
9.150000000000000355e+00 2.999571957017126145e-02
9.160000000000000142e+00 2.999571957017349230e-02
9.169999999999999929e+00 2.999571957017146268e-02
9.179999999999999716e+00 2.999571957017302393e-02
9.189999999999999503e+00 2.999571957017267698e-02
9.200000000000001066e+00 2.999571957017200044e-02
9.210000000000000853e+00 2.999571957017491478e-02
9.220000000000000639e+00 2.999571957017468926e-02
9.230000000000000426e+00 2.999571957017216350e-02
9.240000000000000213e+00 2.999571957017386353e-02
9.250000000000000000e+00 2.999571957017297535e-02
9.259999999999999787e+00 2.999571957017469620e-02
9.269999999999999574e+00 2.999571957017152513e-02
9.279999999999999361e+00 2.999571957017170901e-02
9.290000000000000924e+00 2.999571957017382537e-02
9.300000000000000711e+00 2.999571957017520621e-02
9.310000000000000497e+00 2.999571957017387741e-02
9.320000000000000284e+00 2.999571957017097695e-02
9.330000000000000071e+00 2.999571957017493906e-02
9.339999999999999858e+00 2.999571957017228147e-02
9.349999999999999645e+00 2.999571957017353047e-02
9.359999999999999432e+00 2.999571957017436660e-02
9.370000000000000995e+00 2.999571957017060572e-02
9.380000000000000782e+00 2.999571957017370741e-02
9.390000000000000568e+00 2.999571957017608398e-02
9.400000000000000355e+00 2.999571957017192064e-02
9.410000000000000142e+00 2.999571957017331536e-02
9.419999999999999929e+00 2.999571957017371782e-02
9.429999999999999716e+00 2.999571957016929774e-02
9.439999999999999503e+00 2.999571957017257637e-02
9.450000000000001066e+00 2.999571957017490784e-02
9.460000000000000853e+00 2.999571957017137594e-02
9.470000000000000639e+00 2.999571957017344720e-02
9.480000000000000426e+00 2.999571957017509172e-02
9.490000000000000213e+00 2.999571957017313842e-02
9.500000000000000000e+00 2.999571957017297189e-02
9.509999999999999787e+00 2.999571957017515417e-02
9.519999999999999574e+00 2.999571957017278800e-02
9.529999999999999361e+00 2.999571957017043225e-02
9.540000000000000924e+00 2.999571957017432844e-02
9.550000000000000711e+00 2.999571957017152166e-02
9.560000000000000497e+00 2.999571957017329454e-02
9.570000000000000284e+00 2.999571957017501539e-02
9.580000000000000071e+00 2.999571957017384966e-02
9.589999999999999858e+00 2.999571957017366577e-02
9.599999999999999645e+00 2.999571957017540744e-02
9.609999999999999432e+00 2.999571957017447763e-02
9.620000000000000995e+00 2.999571957017113655e-02
9.630000000000000782e+00 2.999571957017412721e-02
9.640000000000000568e+00 2.999571957017500498e-02
9.650000000000000355e+00 2.999571957017385659e-02
9.660000000000000142e+00 2.999571957017357904e-02
9.669999999999999929e+00 2.999571957017499804e-02
9.679999999999999716e+00 2.999571957017199003e-02
9.689999999999999503e+00 2.999571957017502233e-02
9.700000000000001066e+00 2.999571957017740237e-02
9.710000000000000853e+00 2.999571957017226065e-02
9.720000000000000639e+00 2.999571957017267351e-02
9.730000000000000426e+00 2.999571957017612561e-02
9.740000000000000213e+00 2.999571957017041490e-02
9.750000000000000000e+00 2.999571957017471355e-02
9.759999999999999787e+00 2.999571957017512294e-02
9.769999999999999574e+00 2.999571957017210799e-02
9.779999999999999361e+00 2.999571957017342985e-02
9.790000000000000924e+00 2.999571957017546295e-02
9.800000000000000711e+00 2.999571957017231963e-02
9.810000000000000497e+00 2.999571957017132043e-02
9.820000000000000284e+00 2.999571957017490784e-02
9.830000000000000071e+00 2.999571957017461987e-02
9.839999999999999858e+00 2.999571957017447416e-02
9.849999999999999645e+00 2.999571957017193105e-02
9.859999999999999432e+00 2.999571957017641358e-02
9.870000000000000995e+00 2.999571957017100124e-02
9.880000000000000782e+00 2.999571957017320781e-02
9.890000000000000568e+00 2.999571957017344720e-02
9.900000000000000355e+00 2.999571957017418619e-02
9.910000000000000142e+00 2.999571957017292678e-02
9.919999999999999929e+00 2.999571957017436313e-02
9.929999999999999716e+00 2.999571957017270821e-02
9.939999999999999503e+00 2.999571957017444293e-02
9.950000000000001066e+00 2.999571957017548376e-02
9.960000000000000853e+00 2.999571957017248616e-02
9.970000000000000639e+00 2.999571957017617418e-02
