0.000000000000000000e+00 2.999935169539905133e-02
1.000000000000000021e-02 2.999935169540093177e-02
2.000000000000000042e-02 2.999935169540259711e-02
2.999999999999999889e-02 2.999935169540346100e-02
4.000000000000000083e-02 2.999935169539875643e-02
5.000000000000000278e-02 2.999935169539687252e-02
5.999999999999999778e-02 2.999935169540107749e-02
7.000000000000000666e-02 2.999935169540042523e-02
8.000000000000000167e-02 2.999935169540797475e-02
8.999999999999999667e-02 2.999935169539829846e-02
1.000000000000000056e-01 2.999935169540208016e-02
1.100000000000000006e-01 2.999935169540344018e-02
1.199999999999999956e-01 2.999935169540185811e-02
1.300000000000000044e-01 2.999935169539652904e-02
1.400000000000000133e-01 2.999935169539918317e-02
1.499999999999999944e-01 2.999935169540242016e-02
1.600000000000000033e-01 2.999935169540276711e-02
1.700000000000000122e-01 2.999935169540115035e-02
1.799999999999999933e-01 2.999935169539904439e-02
1.900000000000000022e-01 2.999935169540103239e-02
2.000000000000000111e-01 2.999935169540125443e-02
2.099999999999999922e-01 2.999935169540092136e-02
2.200000000000000011e-01 2.999935169539972440e-02
2.300000000000000100e-01 2.999935169540087626e-02
2.399999999999999911e-01 2.999935169540266997e-02
2.500000000000000000e-01 2.999935169539809723e-02
2.600000000000000089e-01 2.999935169539976257e-02
2.700000000000000178e-01 2.999935169539839908e-02
2.800000000000000266e-01 2.999935169540073054e-02
2.899999999999999800e-01 2.999935169539953012e-02
2.999999999999999889e-01 2.999935169540171934e-02
3.099999999999999978e-01 2.999935169540186505e-02
3.200000000000000067e-01 2.999935169539820826e-02
3.300000000000000155e-01 2.999935169540124402e-02
3.400000000000000244e-01 2.999935169540279140e-02
3.500000000000000333e-01 2.999935169540476898e-02
3.599999999999999867e-01 2.999935169539816315e-02
3.699999999999999956e-01 2.999935169540049115e-02
3.800000000000000044e-01 2.999935169539987012e-02
3.900000000000000133e-01 2.999935169539982849e-02
4.000000000000000222e-01 2.999935169540070973e-02
4.100000000000000311e-01 2.999935169540091442e-02
4.199999999999999845e-01 2.999935169539759416e-02
4.299999999999999933e-01 2.999935169539807295e-02
4.400000000000000022e-01 2.999935169539949542e-02
4.500000000000000111e-01 2.999935169540172281e-02
4.600000000000000200e-01 2.999935169540159097e-02
4.700000000000000289e-01 2.999935169539928378e-02
4.799999999999999822e-01 2.999935169540179566e-02
4.899999999999999911e-01 2.999935169539991175e-02
5.000000000000000000e-01 2.999935169539991522e-02
5.100000000000000089e-01 2.999935169540340549e-02
5.200000000000000178e-01 2.999935169540227445e-02
5.300000000000000266e-01 2.999935169540286425e-02
5.400000000000000355e-01 2.999935169539942950e-02
5.500000000000000444e-01 2.999935169540002972e-02
5.600000000000000533e-01 2.999935169540504654e-02
5.700000000000000622e-01 2.999935169539998461e-02
5.799999999999999600e-01 2.999935169539422186e-02
5.899999999999999689e-01 2.999935169540048074e-02
5.999999999999999778e-01 2.999935169540071667e-02
6.099999999999999867e-01 2.999935169540217383e-02
6.199999999999999956e-01 2.999935169540266997e-02
6.300000000000000044e-01 2.999935169540347835e-02
6.400000000000000133e-01 2.999935169540323895e-02
6.500000000000000222e-01 2.999935169540034544e-02
6.600000000000000311e-01 2.999935169539853091e-02
6.700000000000000400e-01 2.999935169540129953e-02
6.800000000000000488e-01 2.999935169540220159e-02
6.900000000000000577e-01 2.999935169540144525e-02
7.000000000000000666e-01 2.999935169539912419e-02
7.099999999999999645e-01 2.999935169539815968e-02
7.199999999999999734e-01 2.999935169539917623e-02
7.299999999999999822e-01 2.999935169540193097e-02
7.399999999999999911e-01 2.999935169540121280e-02
7.500000000000000000e-01 2.999935169540045299e-02
7.600000000000000089e-01 2.999935169540295793e-02
7.700000000000000178e-01 2.999935169540210445e-02
7.800000000000000266e-01 2.999935169540026217e-02
7.900000000000000355e-01 2.999935169540176791e-02
8.000000000000000444e-01 2.999935169539893337e-02
8.100000000000000533e-01 2.999935169539884317e-02
8.200000000000000622e-01 2.999935169539993257e-02
8.300000000000000711e-01 2.999935169539680660e-02
8.399999999999999689e-01 2.999935169540107749e-02
8.499999999999999778e-01 2.999935169539938093e-02
8.599999999999999867e-01 2.999935169539974522e-02
8.699999999999999956e-01 2.999935169540027952e-02
8.800000000000000044e-01 2.999935169540361365e-02
8.900000000000000133e-01 2.999935169539919011e-02
9.000000000000000222e-01 2.999935169539919011e-02
9.100000000000000311e-01 2.999935169539812846e-02
9.200000000000000400e-01 2.999935169540184771e-02
9.300000000000000488e-01 2.999935169540119198e-02
9.400000000000000577e-01 2.999935169539866969e-02
9.500000000000000666e-01 2.999935169540009217e-02
9.599999999999999645e-01 2.999935169540245139e-02
9.699999999999999734e-01 2.999935169540042176e-02
9.799999999999999822e-01 2.999935169539890562e-02
9.899999999999999911e-01 2.999935169539912419e-02
1.000000000000000000e+00 2.999935169539960644e-02
1.010000000000000009e+00 2.999935169540091789e-02
1.020000000000000018e+00 2.999935169540021360e-02
1.030000000000000027e+00 2.999935169539978685e-02
1.040000000000000036e+00 2.999935169539982849e-02
1.050000000000000044e+00 2.999935169539950930e-02
1.060000000000000053e+00 2.999935169540101504e-02
1.070000000000000062e+00 2.999935169539960644e-02
1.080000000000000071e+00 2.999935169539909643e-02
1.090000000000000080e+00 2.999935169540125790e-02
1.100000000000000089e+00 2.999935169540047034e-02
1.110000000000000098e+00 2.999935169540064034e-02
1.120000000000000107e+00 2.999935169540044605e-02
1.130000000000000115e+00 2.999935169540135158e-02
1.140000000000000124e+00 2.999935169540162913e-02
1.150000000000000133e+00 2.999935169540154586e-02
1.159999999999999920e+00 2.999935169540005400e-02
1.169999999999999929e+00 2.999935169540094565e-02
1.179999999999999938e+00 2.999935169540167423e-02
1.189999999999999947e+00 2.999935169540225016e-02
1.199999999999999956e+00 2.999935169540158403e-02
1.209999999999999964e+00 2.999935169540118157e-02
1.219999999999999973e+00 2.999935169539996033e-02
1.229999999999999982e+00 2.999935169539889521e-02
1.239999999999999991e+00 2.999935169540157015e-02
1.250000000000000000e+00 2.999935169540116076e-02
1.260000000000000009e+00 2.999935169540144178e-02
1.270000000000000018e+00 2.999935169539888133e-02
1.280000000000000027e+00 2.999935169539855520e-02
1.290000000000000036e+00 2.999935169540073054e-02
1.300000000000000044e+00 2.999935169540126484e-02
1.310000000000000053e+00 2.999935169540075136e-02
1.320000000000000062e+00 2.999935169540126484e-02
1.330000000000000071e+00 2.999935169540071320e-02
1.340000000000000080e+00 2.999935169540077218e-02
1.350000000000000089e+00 2.999935169540165689e-02
1.360000000000000098e+00 2.999935169539886398e-02
1.370000000000000107e+00 2.999935169540136198e-02
1.380000000000000115e+00 2.999935169540034197e-02
1.390000000000000124e+00 2.999935169540134464e-02
1.400000000000000133e+00 2.999935169540257629e-02
1.409999999999999920e+00 2.999935169539928032e-02
1.419999999999999929e+00 2.999935169539915888e-02
1.429999999999999938e+00 2.999935169540157015e-02
1.439999999999999947e+00 2.999935169540080687e-02
1.449999999999999956e+00 2.999935169540147301e-02
1.459999999999999964e+00 2.999935169540065422e-02
1.469999999999999973e+00 2.999935169540089014e-02
1.479999999999999982e+00 2.999935169539991869e-02
1.489999999999999991e+00 2.999935169539897500e-02
1.500000000000000000e+00 2.999935169539801050e-02
1.510000000000000009e+00 2.999935169540136198e-02
1.520000000000000018e+00 2.999935169540067503e-02
1.530000000000000027e+00 2.999935169540048074e-02
1.540000000000000036e+00 2.999935169540143137e-02
1.550000000000000044e+00 2.999935169540042176e-02
1.560000000000000053e+00 2.999935169540068197e-02
1.570000000000000062e+00 2.999935169540106361e-02
1.580000000000000071e+00 2.999935169540116769e-02
1.590000000000000080e+00 2.999935169539842683e-02
1.600000000000000089e+00 2.999935169539939134e-02
1.610000000000000098e+00 2.999935169540203159e-02
1.620000000000000107e+00 2.999935169539971747e-02
1.630000000000000115e+00 2.999935169540129259e-02
1.640000000000000124e+00 2.999935169539985277e-02
1.650000000000000133e+00 2.999935169539869051e-02
1.660000000000000142e+00 2.999935169540171934e-02
1.669999999999999929e+00 2.999935169540058483e-02
1.679999999999999938e+00 2.999935169540000196e-02
1.689999999999999947e+00 2.999935169540011992e-02
1.699999999999999956e+00 2.999935169540019625e-02
1.709999999999999964e+00 2.999935169539971747e-02
1.719999999999999973e+00 2.999935169540013033e-02
1.729999999999999982e+00 2.999935169540100463e-02
1.739999999999999991e+00 2.999935169540138974e-02
1.750000000000000000e+00 2.999935169540063340e-02
1.760000000000000009e+00 2.999935169540088320e-02
1.770000000000000018e+00 2.999935169540001931e-02
1.780000000000000027e+00 2.999935169540143137e-02
1.790000000000000036e+00 2.999935169540162566e-02
1.800000000000000044e+00 2.999935169539932889e-02
1.810000000000000053e+00 2.999935169540057095e-02
1.820000000000000062e+00 2.999935169540081034e-02
1.830000000000000071e+00 2.999935169540092136e-02
1.840000000000000080e+00 2.999935169540010604e-02
1.850000000000000089e+00 2.999935169540048768e-02
1.860000000000000098e+00 2.999935169540152158e-02
1.870000000000000107e+00 2.999935169540010604e-02
1.880000000000000115e+00 2.999935169540171587e-02
1.890000000000000124e+00 2.999935169539901664e-02
1.900000000000000133e+00 2.999935169540161872e-02
1.910000000000000142e+00 2.999935169540092483e-02
1.919999999999999929e+00 2.999935169540208363e-02
1.929999999999999938e+00 2.999935169540195526e-02
1.939999999999999947e+00 2.999935169540156668e-02
1.949999999999999956e+00 2.999935169539990829e-02
1.959999999999999964e+00 2.999935169539900970e-02
1.969999999999999973e+00 2.999935169539993257e-02
1.979999999999999982e+00 2.999935169540092483e-02
1.989999999999999991e+00 2.999935169540118157e-02
2.000000000000000000e+00 2.999935169540011992e-02
2.010000000000000231e+00 2.999935169540245833e-02
2.020000000000000018e+00 2.999935169539939134e-02
2.030000000000000249e+00 2.999935169540023094e-02
2.040000000000000036e+00 2.999935169539919705e-02
2.049999999999999822e+00 2.999935169540089014e-02
2.060000000000000053e+00 2.999935169539977992e-02
2.069999999999999840e+00 2.999935169540075830e-02
2.080000000000000071e+00 2.999935169539955787e-02
2.089999999999999858e+00 2.999935169540105320e-02
2.100000000000000089e+00 2.999935169539962726e-02
2.109999999999999876e+00 2.999935169539949542e-02
2.120000000000000107e+00 2.999935169540108443e-02
2.129999999999999893e+00 2.999935169540145913e-02
2.140000000000000124e+00 2.999935169540022054e-02
2.149999999999999911e+00 2.999935169540015462e-02
2.160000000000000142e+00 2.999935169540067503e-02
2.169999999999999929e+00 2.999935169539971747e-02
2.180000000000000160e+00 2.999935169540002972e-02
2.189999999999999947e+00 2.999935169540021013e-02
2.200000000000000178e+00 2.999935169540032809e-02
2.209999999999999964e+00 2.999935169540031421e-02
2.220000000000000195e+00 2.999935169540050503e-02
2.229999999999999982e+00 2.999935169540011645e-02
2.240000000000000213e+00 2.999935169539898888e-02
2.250000000000000000e+00 2.999935169540030727e-02
2.260000000000000231e+00 2.999935169540065769e-02
2.270000000000000018e+00 2.999935169540000543e-02
2.280000000000000249e+00 2.999935169540028645e-02
2.290000000000000036e+00 2.999935169540052238e-02
2.300000000000000266e+00 2.999935169540064728e-02
2.310000000000000053e+00 2.999935169540011992e-02
2.319999999999999840e+00 2.999935169539982502e-02
2.330000000000000071e+00 2.999935169540115035e-02
2.339999999999999858e+00 2.999935169540012339e-02
2.350000000000000089e+00 2.999935169539931501e-02
2.359999999999999876e+00 2.999935169540177138e-02
2.370000000000000107e+00 2.999935169540122321e-02
2.379999999999999893e+00 2.999935169539999502e-02
2.390000000000000124e+00 2.999935169539972440e-02
2.399999999999999911e+00 2.999935169539903745e-02
2.410000000000000142e+00 2.999935169539988053e-02
2.419999999999999929e+00 2.999935169540064381e-02
2.430000000000000160e+00 2.999935169540141749e-02
2.439999999999999947e+00 2.999935169540104626e-02
2.450000000000000178e+00 2.999935169540104626e-02
2.459999999999999964e+00 2.999935169540082422e-02
2.470000000000000195e+00 2.999935169540124749e-02
2.479999999999999982e+00 2.999935169540225016e-02
2.490000000000000213e+00 2.999935169539957175e-02
2.500000000000000000e+00 2.999935169540120239e-02
2.510000000000000231e+00 2.999935169539971053e-02
2.520000000000000018e+00 2.999935169540112606e-02
2.530000000000000249e+00 2.999935169539880500e-02
2.540000000000000036e+00 2.999935169539951624e-02
2.550000000000000266e+00 2.999935169540020319e-02
2.560000000000000053e+00 2.999935169540079299e-02
2.569999999999999840e+00 2.999935169539961338e-02
2.580000000000000071e+00 2.999935169539948501e-02
2.589999999999999858e+00 2.999935169540110524e-02
2.600000000000000089e+00 2.999935169539934277e-02
2.609999999999999876e+00 2.999935169540001931e-02
2.620000000000000107e+00 2.999935169540083463e-02
2.629999999999999893e+00 2.999935169539904439e-02
2.640000000000000124e+00 2.999935169540116769e-02
2.649999999999999911e+00 2.999935169540045646e-02
2.660000000000000142e+00 2.999935169539935664e-02
2.669999999999999929e+00 2.999935169540079646e-02
2.680000000000000160e+00 2.999935169540068891e-02
2.689999999999999947e+00 2.999935169539968277e-02
2.700000000000000178e+00 2.999935169539964808e-02
2.709999999999999964e+00 2.999935169539919358e-02
2.720000000000000195e+00 2.999935169539984237e-02
2.729999999999999982e+00 2.999935169540059177e-02
2.740000000000000213e+00 2.999935169540038360e-02
2.750000000000000000e+00 2.999935169540032809e-02
2.760000000000000231e+00 2.999935169539965502e-02
2.770000000000000018e+00 2.999935169539994298e-02
2.780000000000000249e+00 2.999935169540018584e-02
2.790000000000000036e+00 2.999935169540009564e-02
2.800000000000000266e+00 2.999935169539876337e-02
2.810000000000000053e+00 2.999935169540055013e-02
2.819999999999999840e+00 2.999935169540095953e-02
2.830000000000000071e+00 2.999935169540078259e-02
2.839999999999999858e+00 2.999935169540112606e-02
2.850000000000000089e+00 2.999935169540004359e-02
2.859999999999999876e+00 2.999935169540051197e-02
2.870000000000000107e+00 2.999935169540132035e-02
2.879999999999999893e+00 2.999935169540054666e-02
2.890000000000000124e+00 2.999935169539917623e-02
2.899999999999999911e+00 2.999935169539992216e-02
2.910000000000000142e+00 2.999935169539891255e-02
2.919999999999999929e+00 2.999935169540035931e-02
2.930000000000000160e+00 2.999935169540031421e-02
2.939999999999999947e+00 2.999935169539921093e-02
2.950000000000000178e+00 2.999935169540001584e-02
2.959999999999999964e+00 2.999935169539844765e-02
2.970000000000000195e+00 2.999935169540002625e-02
2.979999999999999982e+00 2.999935169540052585e-02
2.990000000000000213e+00 2.999935169539988400e-02
3.000000000000000000e+00 2.999935169539987359e-02
3.010000000000000231e+00 2.999935169540055013e-02
3.020000000000000018e+00 2.999935169540009217e-02
3.030000000000000249e+00 2.999935169540028299e-02
3.040000000000000036e+00 2.999935169540118851e-02
3.050000000000000266e+00 2.999935169539915888e-02
3.060000000000000053e+00 2.999935169540020666e-02
3.070000000000000284e+00 2.999935169539857255e-02
3.080000000000000071e+00 2.999935169540000196e-02
3.089999999999999858e+00 2.999935169539941909e-02
3.100000000000000089e+00 2.999935169540005400e-02
3.109999999999999876e+00 2.999935169539959950e-02
3.120000000000000107e+00 2.999935169539943991e-02
3.129999999999999893e+00 2.999935169539981461e-02
3.140000000000000124e+00 2.999935169540031074e-02
3.149999999999999911e+00 2.999935169540115035e-02
3.160000000000000142e+00 2.999935169540095259e-02
3.169999999999999929e+00 2.999935169540012686e-02
3.180000000000000160e+00 2.999935169539953705e-02
3.189999999999999947e+00 2.999935169539887786e-02
3.200000000000000178e+00 2.999935169539973134e-02
3.209999999999999964e+00 2.999935169539935664e-02
3.220000000000000195e+00 2.999935169539906521e-02
3.229999999999999982e+00 2.999935169539932542e-02
3.240000000000000213e+00 2.999935169540107749e-02
3.250000000000000000e+00 2.999935169539970359e-02
3.260000000000000231e+00 2.999935169540042870e-02
3.270000000000000018e+00 2.999935169540011645e-02
3.280000000000000249e+00 2.999935169540018931e-02
3.290000000000000036e+00 2.999935169539952318e-02
3.300000000000000266e+00 2.999935169539916582e-02
3.310000000000000053e+00 2.999935169539958910e-02
3.320000000000000284e+00 2.999935169539928032e-02
3.330000000000000071e+00 2.999935169540108443e-02
3.339999999999999858e+00 2.999935169540069585e-02
3.350000000000000089e+00 2.999935169539984237e-02
3.359999999999999876e+00 2.999935169539953705e-02
3.370000000000000107e+00 2.999935169539913460e-02
3.379999999999999893e+00 2.999935169539932195e-02
3.390000000000000124e+00 2.999935169539966889e-02
3.399999999999999911e+00 2.999935169539927338e-02
3.410000000000000142e+00 2.999935169539969318e-02
3.419999999999999929e+00 2.999935169540041482e-02
3.430000000000000160e+00 2.999935169540000543e-02
3.439999999999999947e+00 2.999935169539975910e-02
3.450000000000000178e+00 2.999935169539993257e-02
3.459999999999999964e+00 2.999935169539922133e-02
3.470000000000000195e+00 2.999935169540054666e-02
3.479999999999999982e+00 2.999935169540043911e-02
3.490000000000000213e+00 2.999935169539934970e-02
3.500000000000000000e+00 2.999935169539950930e-02
3.510000000000000231e+00 2.999935169540032809e-02
3.520000000000000018e+00 2.999935169539918317e-02
3.530000000000000249e+00 2.999935169539979032e-02
3.540000000000000036e+00 2.999935169539970012e-02
3.550000000000000266e+00 2.999935169539921787e-02
3.560000000000000053e+00 2.999935169539947807e-02
3.570000000000000284e+00 2.999935169540030380e-02
3.580000000000000071e+00 2.999935169539857949e-02
3.589999999999999858e+00 2.999935169539948848e-02
3.600000000000000089e+00 2.999935169539957869e-02
3.609999999999999876e+00 2.999935169539979379e-02
3.620000000000000107e+00 2.999935169539905133e-02
3.629999999999999893e+00 2.999935169539979379e-02
3.640000000000000124e+00 2.999935169539919011e-02
3.649999999999999911e+00 2.999935169539945726e-02
3.660000000000000142e+00 2.999935169539951277e-02
3.669999999999999929e+00 2.999935169539872867e-02
3.680000000000000160e+00 2.999935169539979726e-02
3.689999999999999947e+00 2.999935169539890908e-02
3.700000000000000178e+00 2.999935169539937052e-02
3.709999999999999964e+00 2.999935169540028992e-02
3.720000000000000195e+00 2.999935169539881541e-02
3.729999999999999982e+00 2.999935169540015462e-02
3.740000000000000213e+00 2.999935169539966889e-02
3.750000000000000000e+00 2.999935169539923868e-02
3.760000000000000231e+00 2.999935169539953012e-02
3.770000000000000018e+00 2.999935169539944685e-02
3.780000000000000249e+00 2.999935169539964114e-02
3.790000000000000036e+00 2.999935169539932889e-02
3.800000000000000266e+00 2.999935169539964114e-02
3.810000000000000053e+00 2.999935169539963420e-02
3.820000000000000284e+00 2.999935169539986665e-02
3.830000000000000071e+00 2.999935169539950930e-02
3.839999999999999858e+00 2.999935169539957175e-02
3.850000000000000089e+00 2.999935169540009217e-02
3.859999999999999876e+00 2.999935169539960644e-02
3.870000000000000107e+00 2.999935169539904786e-02
3.879999999999999893e+00 2.999935169539958563e-02
3.890000000000000124e+00 2.999935169539953705e-02
3.899999999999999911e+00 2.999935169539949889e-02
3.910000000000000142e+00 2.999935169539983543e-02
3.919999999999999929e+00 2.999935169539953358e-02
3.930000000000000160e+00 2.999935169539939481e-02
3.939999999999999947e+00 2.999935169539950236e-02
3.950000000000000178e+00 2.999935169540014074e-02
3.959999999999999964e+00 2.999935169539974522e-02
3.970000000000000195e+00 2.999935169539939134e-02
3.979999999999999982e+00 2.999935169539942603e-02
3.990000000000000213e+00 2.999935169539960991e-02
4.000000000000000000e+00 2.999935169539920399e-02
4.009999999999999787e+00 2.999935169539939134e-02
4.020000000000000462e+00 2.999935169539928032e-02
4.030000000000000249e+00 2.999935169539917970e-02
4.040000000000000036e+00 2.999935169539928032e-02
4.049999999999999822e+00 2.999935169539914154e-02
4.060000000000000497e+00 2.999935169540012686e-02
4.070000000000000284e+00 2.999935169539968277e-02
4.080000000000000071e+00 2.999935169539912072e-02
4.089999999999999858e+00 2.999935169539980073e-02
4.099999999999999645e+00 2.999935169539951624e-02
4.110000000000000320e+00 2.999935169539937746e-02
4.120000000000000107e+00 2.999935169539950930e-02
4.129999999999999893e+00 2.999935169539942256e-02
4.139999999999999680e+00 2.999935169539988747e-02
4.150000000000000355e+00 2.999935169539961338e-02
4.160000000000000142e+00 2.999935169539941215e-02
4.169999999999999929e+00 2.999935169539970012e-02
4.179999999999999716e+00 2.999935169539925950e-02
4.190000000000000391e+00 2.999935169539974869e-02
4.200000000000000178e+00 2.999935169539967930e-02
4.209999999999999964e+00 2.999935169539942950e-02
4.219999999999999751e+00 2.999935169539934277e-02
4.230000000000000426e+00 2.999935169539952318e-02
4.240000000000000213e+00 2.999935169539966542e-02
4.250000000000000000e+00 2.999935169539949889e-02
4.259999999999999787e+00 2.999935169539953705e-02
4.270000000000000462e+00 2.999935169539977992e-02
4.280000000000000249e+00 2.999935169539979032e-02
4.290000000000000036e+00 2.999935169539997074e-02
4.299999999999999822e+00 2.999935169539986665e-02
4.310000000000000497e+00 2.999935169539948501e-02
4.320000000000000284e+00 2.999935169539944338e-02
4.330000000000000071e+00 2.999935169539962032e-02
4.339999999999999858e+00 2.999935169539990482e-02
4.350000000000000533e+00 2.999935169539940175e-02
4.360000000000000320e+00 2.999935169539954399e-02
4.370000000000000107e+00 2.999935169539963420e-02
4.379999999999999893e+00 2.999935169540002278e-02
4.389999999999999680e+00 2.999935169539966195e-02
4.400000000000000355e+00 2.999935169539957522e-02
4.410000000000000142e+00 2.999935169539963073e-02
4.419999999999999929e+00 2.999935169539949542e-02
4.429999999999999716e+00 2.999935169539953358e-02
4.440000000000000391e+00 2.999935169539947460e-02
4.450000000000000178e+00 2.999935169539992216e-02
4.459999999999999964e+00 2.999935169539969665e-02
4.469999999999999751e+00 2.999935169539969665e-02
4.480000000000000426e+00 2.999935169539970012e-02
4.490000000000000213e+00 2.999935169539978339e-02
4.500000000000000000e+00 2.999935169539973134e-02
4.509999999999999787e+00 2.999935169539979726e-02
4.520000000000000462e+00 2.999935169539972094e-02
4.530000000000000249e+00 2.999935169539982155e-02
4.540000000000000036e+00 2.999935169539976951e-02
4.549999999999999822e+00 2.999935169539978685e-02
4.560000000000000497e+00 2.999935169539973828e-02
4.570000000000000284e+00 2.999935169539974175e-02
4.580000000000000071e+00 2.999935169539980767e-02
4.589999999999999858e+00 2.999935169539976257e-02
4.600000000000000533e+00 2.999935169539987359e-02
4.610000000000000320e+00 2.999935169539971053e-02
4.620000000000000107e+00 2.999935169539975910e-02
4.629999999999999893e+00 2.999935169539964808e-02
4.639999999999999680e+00 2.999935169539967583e-02
4.650000000000000355e+00 2.999935169539965502e-02
4.660000000000000142e+00 2.999935169539971400e-02
4.669999999999999929e+00 2.999935169539980073e-02
4.679999999999999716e+00 2.999935169539979726e-02
4.690000000000000391e+00 2.999935169539976257e-02
4.700000000000000178e+00 2.999935169539986318e-02
4.709999999999999964e+00 2.999935169539976604e-02
4.719999999999999751e+00 2.999935169539976604e-02
4.730000000000000426e+00 2.999935169539975910e-02
4.740000000000000213e+00 2.999935169539980767e-02
4.750000000000000000e+00 2.999935169539976257e-02
4.759999999999999787e+00 2.999935169539975216e-02
4.770000000000000462e+00 2.999935169539980767e-02
4.780000000000000249e+00 2.999935169539980420e-02
4.790000000000000036e+00 2.999935169539979726e-02
4.799999999999999822e+00 2.999935169539981114e-02
4.810000000000000497e+00 2.999935169539983196e-02
4.820000000000000284e+00 2.999935169539980767e-02
4.830000000000000071e+00 2.999935169539983543e-02
4.839999999999999858e+00 2.999935169539984930e-02
4.850000000000000533e+00 2.999935169539982849e-02
4.860000000000000320e+00 2.999935169539984930e-02
4.870000000000000107e+00 2.999935169539984584e-02
4.879999999999999893e+00 2.999935169539985971e-02
4.889999999999999680e+00 2.999935169539988053e-02
4.900000000000000355e+00 2.999935169539987359e-02
4.910000000000000142e+00 2.999935169539987706e-02
4.919999999999999929e+00 2.999935169539988400e-02
4.929999999999999716e+00 2.999935169539990135e-02
4.940000000000000391e+00 2.999935169539990135e-02
4.950000000000000178e+00 2.999935169539991175e-02
4.959999999999999964e+00 2.999935169539992563e-02
4.969999999999999751e+00 2.999935169539992216e-02
4.980000000000000426e+00 2.999935169539993257e-02
4.990000000000000213e+00 2.999935169539993604e-02
5.000000000000000000e+00 2.999935169539994992e-02
5.009999999999999787e+00 2.999935169539996033e-02
5.020000000000000462e+00 2.999935169539996727e-02
5.030000000000000249e+00 2.999935169539997074e-02
5.040000000000000036e+00 2.999935169539998808e-02
5.049999999999999822e+00 2.999935169539998461e-02
5.060000000000000497e+00 2.999935169539998461e-02
5.070000000000000284e+00 2.999935169540000196e-02
5.080000000000000071e+00 2.999935169540000196e-02
5.089999999999999858e+00 2.999935169539999849e-02
5.100000000000000533e+00 2.999935169539999849e-02
5.110000000000000320e+00 2.999935169540000196e-02
5.120000000000000107e+00 2.999935169540002278e-02
5.129999999999999893e+00 2.999935169540002625e-02
5.139999999999999680e+00 2.999935169540004012e-02
5.150000000000000355e+00 2.999935169540004706e-02
5.160000000000000142e+00 2.999935169540004012e-02
5.169999999999999929e+00 2.999935169540006441e-02
5.179999999999999716e+00 2.999935169540006441e-02
5.190000000000000391e+00 2.999935169540009564e-02
5.200000000000000178e+00 2.999935169540010257e-02
5.209999999999999964e+00 2.999935169540010257e-02
5.219999999999999751e+00 2.999935169540009910e-02
5.230000000000000426e+00 2.999935169540012686e-02
5.240000000000000213e+00 2.999935169540010951e-02
5.250000000000000000e+00 2.999935169540011298e-02
5.259999999999999787e+00 2.999935169540014074e-02
5.270000000000000462e+00 2.999935169540013727e-02
5.280000000000000249e+00 2.999935169540014074e-02
5.290000000000000036e+00 2.999935169540016849e-02
5.299999999999999822e+00 2.999935169540010951e-02
5.310000000000000497e+00 2.999935169540019972e-02
5.320000000000000284e+00 2.999935169540018237e-02
5.330000000000000071e+00 2.999935169540016155e-02
5.339999999999999858e+00 2.999935169540015115e-02
5.350000000000000533e+00 2.999935169540020666e-02
5.360000000000000320e+00 2.999935169540009217e-02
5.370000000000000107e+00 2.999935169540018237e-02
5.379999999999999893e+00 2.999935169540017543e-02
5.389999999999999680e+00 2.999935169540018237e-02
5.400000000000000355e+00 2.999935169540019972e-02
5.410000000000000142e+00 2.999935169540021707e-02
5.419999999999999929e+00 2.999935169540020666e-02
5.429999999999999716e+00 2.999935169540029339e-02
5.440000000000000391e+00 2.999935169540027258e-02
5.450000000000000178e+00 2.999935169540024482e-02
5.459999999999999964e+00 2.999935169540024482e-02
5.469999999999999751e+00 2.999935169540024482e-02
5.480000000000000426e+00 2.999935169540021360e-02
5.490000000000000213e+00 2.999935169540030727e-02
5.500000000000000000e+00 2.999935169540033503e-02
5.509999999999999787e+00 2.999935169540030727e-02
5.520000000000000462e+00 2.999935169540033503e-02
5.530000000000000249e+00 2.999935169540022747e-02
5.540000000000000036e+00 2.999935169540020666e-02
5.549999999999999822e+00 2.999935169540028299e-02
5.560000000000000497e+00 2.999935169540018931e-02
5.570000000000000284e+00 2.999935169540027952e-02
5.580000000000000071e+00 2.999935169540030033e-02
5.589999999999999858e+00 2.999935169540036278e-02
5.600000000000000533e+00 2.999935169540023788e-02
5.610000000000000320e+00 2.999935169540056401e-02
5.620000000000000107e+00 2.999935169540032462e-02
5.629999999999999893e+00 2.999935169540034544e-02
5.639999999999999680e+00 2.999935169540046687e-02
5.650000000000000355e+00 2.999935169540044605e-02
5.660000000000000142e+00 2.999935169540042523e-02
5.669999999999999929e+00 2.999935169540035931e-02
5.679999999999999716e+00 2.999935169540055013e-02
5.690000000000000391e+00 2.999935169540030033e-02
5.700000000000000178e+00 2.999935169540055360e-02
5.709999999999999964e+00 2.999935169540037666e-02
5.719999999999999751e+00 2.999935169540058483e-02
5.730000000000000426e+00 2.999935169540014421e-02
5.740000000000000213e+00 2.999935169540054319e-02
5.750000000000000000e+00 2.999935169540043911e-02
5.759999999999999787e+00 2.999935169540051197e-02
5.770000000000000462e+00 2.999935169540054319e-02
5.780000000000000249e+00 2.999935169540047034e-02
5.790000000000000036e+00 2.999935169539991869e-02
5.799999999999999822e+00 2.999935169539994645e-02
5.810000000000000497e+00 2.999935169540036278e-02
5.820000000000000284e+00 2.999935169540027952e-02
5.830000000000000071e+00 2.999935169540021707e-02
5.839999999999999858e+00 2.999935169540045299e-02
5.850000000000000533e+00 2.999935169540039054e-02
5.860000000000000320e+00 2.999935169540049462e-02
5.870000000000000107e+00 2.999935169540014421e-02
5.879999999999999893e+00 2.999935169540060564e-02
5.889999999999999680e+00 2.999935169540075830e-02
5.900000000000000355e+00 2.999935169540102892e-02
5.910000000000000142e+00 2.999935169540048074e-02
5.919999999999999929e+00 2.999935169540067850e-02
5.929999999999999716e+00 2.999935169540075830e-02
5.940000000000000391e+00 2.999935169540054319e-02
5.950000000000000178e+00 2.999935169540091096e-02
5.959999999999999964e+00 2.999935169539991175e-02
5.969999999999999751e+00 2.999935169540102198e-02
5.980000000000000426e+00 2.999935169540053626e-02
5.990000000000000213e+00 2.999935169540056748e-02
6.000000000000000000e+00 2.999935169540132035e-02
6.009999999999999787e+00 2.999935169539991869e-02
6.020000000000000462e+00 2.999935169540096647e-02
6.030000000000000249e+00 2.999935169540019972e-02
6.040000000000000036e+00 2.999935169540019625e-02
6.049999999999999822e+00 2.999935169540060564e-02
6.060000000000000497e+00 2.999935169540035584e-02
6.070000000000000284e+00 2.999935169540075830e-02
6.080000000000000071e+00 2.999935169540083463e-02
6.089999999999999858e+00 2.999935169540081728e-02
6.100000000000000533e+00 2.999935169540055707e-02
6.110000000000000320e+00 2.999935169540078606e-02
6.120000000000000107e+00 2.999935169540084157e-02
6.129999999999999893e+00 2.999935169540091096e-02
6.140000000000000568e+00 2.999935169540037666e-02
6.150000000000000355e+00 2.999935169540084504e-02
6.160000000000000142e+00 2.999935169540093177e-02
6.169999999999999929e+00 2.999935169540119892e-02
6.179999999999999716e+00 2.999935169540088320e-02
6.190000000000000391e+00 2.999935169540064728e-02
6.200000000000000178e+00 2.999935169540082769e-02
6.209999999999999964e+00 2.999935169540076524e-02
6.219999999999999751e+00 2.999935169540065075e-02
6.230000000000000426e+00 2.999935169540145913e-02
6.240000000000000213e+00 2.999935169540097341e-02
6.250000000000000000e+00 2.999935169540104973e-02
6.259999999999999787e+00 2.999935169540110871e-02
6.270000000000000462e+00 2.999935169539999155e-02
6.280000000000000249e+00 2.999935169540141056e-02
6.290000000000000036e+00 2.999935169540096300e-02
6.299999999999999822e+00 2.999935169540120933e-02
6.310000000000000497e+00 2.999935169540056401e-02
6.320000000000000284e+00 2.999935169540018237e-02
6.330000000000000071e+00 2.999935169540007135e-02
6.339999999999999858e+00 2.999935169540048768e-02
6.350000000000000533e+00 2.999935169540113994e-02
6.360000000000000320e+00 2.999935169540032809e-02
6.370000000000000107e+00 2.999935169540070973e-02
6.379999999999999893e+00 2.999935169540067850e-02
6.390000000000000568e+00 2.999935169540201424e-02
6.400000000000000355e+00 2.999935169540077218e-02
6.410000000000000142e+00 2.999935169540114688e-02
6.419999999999999929e+00 2.999935169540030033e-02
6.429999999999999716e+00 2.999935169540086932e-02
6.440000000000000391e+00 2.999935169540174709e-02
6.450000000000000178e+00 2.999935169540060564e-02
6.459999999999999964e+00 2.999935169540065075e-02
6.469999999999999751e+00 2.999935169540137933e-02
6.480000000000000426e+00 2.999935169540047034e-02
6.490000000000000213e+00 2.999935169540128219e-02
6.500000000000000000e+00 2.999935169540152158e-02
6.509999999999999787e+00 2.999935169540031768e-02
6.520000000000000462e+00 2.999935169540088667e-02
6.530000000000000249e+00 2.999935169540131341e-02
6.540000000000000036e+00 2.999935169540122668e-02
6.549999999999999822e+00 2.999935169540113300e-02
6.560000000000000497e+00 2.999935169540122321e-02
6.570000000000000284e+00 2.999935169540108096e-02
6.580000000000000071e+00 2.999935169540162913e-02
6.589999999999999858e+00 2.999935169540082422e-02
6.600000000000000533e+00 2.999935169540051544e-02
6.610000000000000320e+00 2.999935169540138974e-02
6.620000000000000107e+00 2.999935169540083463e-02
6.629999999999999893e+00 2.999935169540111218e-02
6.640000000000000568e+00 2.999935169540195873e-02
6.650000000000000355e+00 2.999935169540056401e-02
6.660000000000000142e+00 2.999935169540065075e-02
6.669999999999999929e+00 2.999935169540012686e-02
6.679999999999999716e+00 2.999935169540091096e-02
6.690000000000000391e+00 2.999935169540065422e-02
6.700000000000000178e+00 2.999935169540121280e-02
6.709999999999999964e+00 2.999935169540115035e-02
6.719999999999999751e+00 2.999935169540118851e-02
6.730000000000000426e+00 2.999935169540091789e-02
6.740000000000000213e+00 2.999935169540015462e-02
6.750000000000000000e+00 2.999935169540120933e-02
6.759999999999999787e+00 2.999935169540117116e-02
6.770000000000000462e+00 2.999935169540041829e-02
6.780000000000000249e+00 2.999935169540082769e-02
6.790000000000000036e+00 2.999935169540099769e-02
6.799999999999999822e+00 2.999935169540216690e-02
6.810000000000000497e+00 2.999935169540079299e-02
6.820000000000000284e+00 2.999935169540141749e-02
6.830000000000000071e+00 2.999935169540145566e-02
6.839999999999999858e+00 2.999935169540110524e-02
6.850000000000000533e+00 2.999935169540142443e-02
6.860000000000000320e+00 2.999935169540112606e-02
6.870000000000000107e+00 2.999935169540201424e-02
6.879999999999999893e+00 2.999935169540086932e-02
6.890000000000000568e+00 2.999935169540056401e-02
6.900000000000000355e+00 2.999935169540057095e-02
6.910000000000000142e+00 2.999935169540204200e-02
6.919999999999999929e+00 2.999935169540233343e-02
6.929999999999999716e+00 2.999935169540202465e-02
6.940000000000000391e+00 2.999935169540180260e-02
6.950000000000000178e+00 2.999935169540060911e-02
6.959999999999999964e+00 2.999935169540123014e-02
6.969999999999999751e+00 2.999935169540134811e-02
6.980000000000000426e+00 2.999935169540163607e-02
6.990000000000000213e+00 2.999935169539995339e-02
7.000000000000000000e+00 2.999935169540161178e-02
7.009999999999999787e+00 2.999935169540185118e-02
7.020000000000000462e+00 2.999935169540160831e-02
7.030000000000000249e+00 2.999935169540099769e-02
7.040000000000000036e+00 2.999935169540179566e-02
7.049999999999999822e+00 2.999935169540273588e-02
7.060000000000000497e+00 2.999935169540116769e-02
7.070000000000000284e+00 2.999935169540234037e-02
7.080000000000000071e+00 2.999935169540180954e-02
7.089999999999999858e+00 2.999935169540204200e-02
7.100000000000000533e+00 2.999935169540065422e-02
7.110000000000000320e+00 2.999935169540099422e-02
7.120000000000000107e+00 2.999935169540084504e-02
7.129999999999999893e+00 2.999935169540206281e-02
7.140000000000000568e+00 2.999935169540109137e-02
7.150000000000000355e+00 2.999935169540092830e-02
7.160000000000000142e+00 2.999935169540069238e-02
7.169999999999999929e+00 2.999935169540189975e-02
7.179999999999999716e+00 2.999935169540234731e-02
7.190000000000000391e+00 2.999935169540304120e-02
7.200000000000000178e+00 2.999935169540258670e-02
7.209999999999999964e+00 2.999935169540088667e-02
7.219999999999999751e+00 2.999935169540127178e-02
7.230000000000000426e+00 2.999935169540129259e-02
7.240000000000000213e+00 2.999935169540245486e-02
7.250000000000000000e+00 2.999935169540162219e-02
7.259999999999999787e+00 2.999935169540115729e-02
7.270000000000000462e+00 2.999935169540174709e-02
7.280000000000000249e+00 2.999935169540201077e-02
7.290000000000000036e+00 2.999935169540106361e-02
7.299999999999999822e+00 2.999935169540118504e-02
7.310000000000000497e+00 2.999935169540137239e-02
7.320000000000000284e+00 2.999935169540204893e-02
7.330000000000000071e+00 2.999935169540005400e-02
7.339999999999999858e+00 2.999935169540211832e-02
7.350000000000000533e+00 2.999935169540075830e-02
7.360000000000000320e+00 2.999935169540062993e-02
7.370000000000000107e+00 2.999935169540135851e-02
7.379999999999999893e+00 2.999935169540072707e-02
7.390000000000000568e+00 2.999935169540077912e-02
7.400000000000000355e+00 2.999935169540195179e-02
7.410000000000000142e+00 2.999935169540066809e-02
7.419999999999999929e+00 2.999935169540062993e-02
7.429999999999999716e+00 2.999935169540115382e-02
7.440000000000000391e+00 2.999935169540148688e-02
7.450000000000000178e+00 2.999935169540111912e-02
7.459999999999999964e+00 2.999935169540083116e-02
7.469999999999999751e+00 2.999935169540098034e-02
7.480000000000000426e+00 2.999935169540247221e-02
7.490000000000000213e+00 2.999935169540170546e-02
7.500000000000000000e+00 2.999935169540106708e-02
7.509999999999999787e+00 2.999935169540203506e-02
7.520000000000000462e+00 2.999935169540199342e-02
7.530000000000000249e+00 2.999935169540193097e-02
7.540000000000000036e+00 2.999935169540059871e-02
7.549999999999999822e+00 2.999935169540224322e-02
7.560000000000000497e+00 2.999935169540189628e-02
7.570000000000000284e+00 2.999935169540128913e-02
7.580000000000000071e+00 2.999935169540249996e-02
7.589999999999999858e+00 2.999935169540139321e-02
7.600000000000000533e+00 2.999935169540064034e-02
7.610000000000000320e+00 2.999935169540161178e-02
7.620000000000000107e+00 2.999935169540205587e-02
7.629999999999999893e+00 2.999935169540209751e-02
7.640000000000000568e+00 2.999935169540141749e-02
7.650000000000000355e+00 2.999935169540162566e-02
7.660000000000000142e+00 2.999935169540110871e-02
7.669999999999999929e+00 2.999935169540315222e-02
7.679999999999999716e+00 2.999935169540202465e-02
7.690000000000000391e+00 2.999935169540266650e-02
7.700000000000000178e+00 2.999935169540400570e-02
7.709999999999999964e+00 2.999935169540314528e-02
7.719999999999999751e+00 2.999935169540297875e-02
7.730000000000000426e+00 2.999935169540098381e-02
7.740000000000000213e+00 2.999935169540146607e-02
7.750000000000000000e+00 2.999935169540176444e-02
7.759999999999999787e+00 2.999935169540281221e-02
7.770000000000000462e+00 2.999935169540264568e-02
7.780000000000000249e+00 2.999935169540367264e-02
7.790000000000000036e+00 2.999935169540277752e-02
7.799999999999999822e+00 2.999935169540115729e-02
7.810000000000000497e+00 2.999935169540234731e-02
7.820000000000000284e+00 2.999935169540335692e-02
7.830000000000000071e+00 2.999935169540206975e-02
7.839999999999999858e+00 2.999935169540352345e-02
7.850000000000000533e+00 2.999935169540225363e-02
7.860000000000000320e+00 2.999935169540225016e-02
7.870000000000000107e+00 2.999935169540204893e-02
7.879999999999999893e+00 2.999935169540229873e-02
7.890000000000000568e+00 2.999935169540231608e-02
7.900000000000000355e+00 2.999935169540213220e-02
7.910000000000000142e+00 2.999935169540195873e-02
7.919999999999999929e+00 2.999935169540239588e-02
7.930000000000000604e+00 2.999935169540213567e-02
7.940000000000000391e+00 2.999935169540140362e-02
7.950000000000000178e+00 2.999935169540296487e-02
7.959999999999999964e+00 2.999935169540123361e-02
7.969999999999999751e+00 2.999935169540367610e-02
7.980000000000000426e+00 2.999935169540228486e-02
7.990000000000000213e+00 2.999935169540290589e-02
8.000000000000000000e+00 2.999935169540156321e-02
8.009999999999999787e+00 2.999935169540237159e-02
8.019999999999999574e+00 2.999935169540353386e-02
8.029999999999999361e+00 2.999935169540161178e-02
8.040000000000000924e+00 2.999935169540203506e-02
8.050000000000000711e+00 2.999935169540219118e-02
8.060000000000000497e+00 2.999935169540285385e-02
8.070000000000000284e+00 2.999935169540219465e-02
8.080000000000000071e+00 2.999935169540101504e-02
8.089999999999999858e+00 2.999935169540229526e-02
8.099999999999999645e+00 2.999935169540311405e-02
8.109999999999999432e+00 2.999935169540150770e-02
8.120000000000000995e+00 2.999935169540187546e-02
8.130000000000000782e+00 2.999935169540282262e-02
8.140000000000000568e+00 2.999935169540329100e-02
8.150000000000000355e+00 2.999935169540177138e-02
8.160000000000000142e+00 2.999935169540259017e-02
8.169999999999999929e+00 2.999935169540151117e-02
8.179999999999999716e+00 2.999935169540147994e-02
8.189999999999999503e+00 2.999935169540236118e-02
8.199999999999999289e+00 2.999935169540215996e-02
8.210000000000000853e+00 2.999935169540279140e-02
8.220000000000000639e+00 2.999935169540274629e-02
8.230000000000000426e+00 2.999935169540380447e-02
8.240000000000000213e+00 2.999935169540392937e-02
8.250000000000000000e+00 2.999935169540116076e-02
8.259999999999999787e+00 2.999935169540151117e-02
8.269999999999999574e+00 2.999935169540254160e-02
8.279999999999999361e+00 2.999935169540293711e-02
8.290000000000000924e+00 2.999935169540180954e-02
8.300000000000000711e+00 2.999935169540280874e-02
8.310000000000000497e+00 2.999935169540342977e-02
8.320000000000000284e+00 2.999935169540363794e-02
8.330000000000000071e+00 2.999935169540364488e-02
8.339999999999999858e+00 2.999935169540214608e-02
8.349999999999999645e+00 2.999935169540256588e-02
8.359999999999999432e+00 2.999935169540221547e-02
8.370000000000000995e+00 2.999935169540542471e-02
8.380000000000000782e+00 2.999935169540269425e-02
8.390000000000000568e+00 2.999935169540456081e-02
8.400000000000000355e+00 2.999935169540309324e-02
8.410000000000000142e+00 2.999935169540293364e-02
8.419999999999999929e+00 2.999935169540280180e-02
8.429999999999999716e+00 2.999935169540404040e-02
8.439999999999999503e+00 2.999935169540356855e-02
8.449999999999999289e+00 2.999935169540472041e-02
8.460000000000000853e+00 2.999935169540222935e-02
8.470000000000000639e+00 2.999935169540195179e-02
8.480000000000000426e+00 2.999935169540244445e-02
8.490000000000000213e+00 2.999935169540267343e-02
8.500000000000000000e+00 2.999935169540469959e-02
8.509999999999999787e+00 2.999935169540170546e-02
8.519999999999999574e+00 2.999935169540363447e-02
8.529999999999999361e+00 2.999935169540389121e-02
8.540000000000000924e+00 2.999935169540267343e-02
8.550000000000000711e+00 2.999935169540154933e-02
8.560000000000000497e+00 2.999935169540279833e-02
8.570000000000000284e+00 2.999935169540327018e-02
8.580000000000000071e+00 2.999935169540350957e-02
8.589999999999999858e+00 2.999935169540410979e-02
8.599999999999999645e+00 2.999935169540263527e-02
8.609999999999999432e+00 2.999935169540295099e-02
8.620000000000000995e+00 2.999935169540345753e-02
8.630000000000000782e+00 2.999935169540299956e-02
8.640000000000000568e+00 2.999935169540295793e-02
8.650000000000000355e+00 2.999935169540357202e-02
8.660000000000000142e+00 2.999935169540500143e-02
8.669999999999999929e+00 2.999935169540383917e-02
8.679999999999999716e+00 2.999935169540304120e-02
8.689999999999999503e+00 2.999935169540417570e-02
8.700000000000001066e+00 2.999935169540341590e-02
8.710000000000000853e+00 2.999935169540455041e-02
8.720000000000000639e+00 2.999935169540257629e-02
8.730000000000000426e+00 2.999935169540450530e-02
8.740000000000000213e+00 2.999935169540373162e-02
8.750000000000000000e+00 2.999935169540404387e-02
8.759999999999999787e+00 2.999935169540425203e-02
8.769999999999999574e+00 2.999935169540276711e-02
8.779999999999999361e+00 2.999935169540372815e-02
8.790000000000000924e+00 2.999935169540349569e-02
8.800000000000000711e+00 2.999935169540336038e-02
8.810000000000000497e+00 2.999935169540525123e-02
8.820000000000000284e+00 2.999935169540395019e-02
8.830000000000000071e+00 2.999935169540406121e-02
8.839999999999999858e+00 2.999935169540481755e-02
8.849999999999999645e+00 2.999935169540361365e-02
8.859999999999999432e+00 2.999935169540339855e-02
8.870000000000000995e+00 2.999935169540524776e-02
8.880000000000000782e+00 2.999935169540420693e-02
8.890000000000000568e+00 2.999935169540186158e-02
8.900000000000000355e+00 2.999935169540417224e-02
8.910000000000000142e+00 2.999935169540327018e-02
8.919999999999999929e+00 2.999935169540263874e-02
8.929999999999999716e+00 2.999935169540299262e-02
8.939999999999999503e+00 2.999935169540223281e-02
8.950000000000001066e+00 2.999935169540296140e-02
8.960000000000000853e+00 2.999935169540321467e-02
8.970000000000000639e+00 2.999935169540463020e-02
8.980000000000000426e+00 2.999935169540379754e-02
8.990000000000000213e+00 2.999935169540356508e-02
9.000000000000000000e+00 2.999935169540438734e-02
9.009999999999999787e+00 2.999935169540327712e-02
9.019999999999999574e+00 2.999935169540224669e-02
9.029999999999999361e+00 2.999935169540218771e-02
9.040000000000000924e+00 2.999935169540478980e-02
9.050000000000000711e+00 2.999935169540327712e-02
9.060000000000000497e+00 2.999935169540493204e-02
9.070000000000000284e+00 2.999935169540238200e-02
9.080000000000000071e+00 2.999935169540244445e-02
9.089999999999999858e+00 2.999935169540368651e-02
9.099999999999999645e+00 2.999935169540517838e-02
9.109999999999999432e+00 2.999935169540443938e-02
9.120000000000000995e+00 2.999935169540591737e-02
9.130000000000000782e+00 2.999935169540353733e-02
9.140000000000000568e+00 2.999935169540509511e-02
9.150000000000000355e+00 2.999935169540474469e-02
9.160000000000000142e+00 2.999935169540623309e-02
9.169999999999999929e+00 2.999935169540547328e-02
9.179999999999999716e+00 2.999935169540443244e-02
9.189999999999999503e+00 2.999935169540373162e-02
9.200000000000001066e+00 2.999935169540170546e-02
9.210000000000000853e+00 2.999935169540215996e-02
9.220000000000000639e+00 2.999935169540441510e-02
9.230000000000000426e+00 2.999935169540219465e-02
9.240000000000000213e+00 2.999935169540298915e-02
9.250000000000000000e+00 2.999935169540330834e-02
9.259999999999999787e+00 2.999935169540325977e-02
9.269999999999999574e+00 2.999935169540095259e-02
9.279999999999999361e+00 2.999935169540199342e-02
9.290000000000000924e+00 2.999935169540526858e-02
9.300000000000000711e+00 2.999935169540374202e-02
9.310000000000000497e+00 2.999935169540227445e-02
9.320000000000000284e+00 2.999935169540507429e-02
9.330000000000000071e+00 2.999935169540523736e-02
9.339999999999999858e+00 2.999935169540497715e-02
9.349999999999999645e+00 2.999935169540297181e-02
9.359999999999999432e+00 2.999935169540490082e-02
9.370000000000000995e+00 2.999935169540451224e-02
9.380000000000000782e+00 2.999935169540404734e-02
9.390000000000000568e+00 2.999935169540215649e-02
9.400000000000000355e+00 2.999935169540527552e-02
9.410000000000000142e+00 2.999935169540290936e-02
9.419999999999999929e+00 2.999935169540458163e-02
9.429999999999999716e+00 2.999935169540569532e-02
9.439999999999999503e+00 2.999935169540871721e-02
9.450000000000001066e+00 2.999935169540511593e-02
9.460000000000000853e+00 2.999935169540273588e-02
9.470000000000000639e+00 2.999935169540599023e-02
9.480000000000000426e+00 2.999935169540624003e-02
9.490000000000000213e+00 2.999935169539952318e-02
9.500000000000000000e+00 2.999935169540369345e-02
9.509999999999999787e+00 2.999935169540088667e-02
9.519999999999999574e+00 2.999935169540331181e-02
9.529999999999999361e+00 2.999935169540496327e-02
9.540000000000000924e+00 2.999935169540568491e-02
9.550000000000000711e+00 2.999935169540506041e-02
9.560000000000000497e+00 2.999935169540280180e-02
9.570000000000000284e+00 2.999935169540432489e-02
9.580000000000000071e+00 2.999935169540225710e-02
9.589999999999999858e+00 2.999935169540295793e-02
9.599999999999999645e+00 2.999935169540585145e-02
9.609999999999999432e+00 2.999935169540246874e-02
9.620000000000000995e+00 2.999935169540350957e-02
9.630000000000000782e+00 2.999935169540523042e-02
9.640000000000000568e+00 2.999935169540490776e-02
9.650000000000000355e+00 2.999935169540649677e-02
9.660000000000000142e+00 2.999935169540339161e-02
9.669999999999999929e+00 2.999935169540119892e-02
9.679999999999999716e+00 2.999935169540499796e-02
9.689999999999999503e+00 2.999935169540388080e-02
9.700000000000001066e+00 2.999935169540241323e-02
9.710000000000000853e+00 2.999935169540471694e-02
9.720000000000000639e+00 2.999935169540450183e-02
9.730000000000000426e+00 2.999935169539911378e-02
9.740000000000000213e+00 2.999935169540289201e-02
9.750000000000000000e+00 2.999935169540347835e-02
9.759999999999999787e+00 2.999935169540596247e-02
9.769999999999999574e+00 2.999935169540683330e-02
9.779999999999999361e+00 2.999935169540438734e-02
9.790000000000000924e+00 2.999935169540349569e-02
9.800000000000000711e+00 2.999935169540215649e-02
9.810000000000000497e+00 2.999935169540329793e-02
9.820000000000000284e+00 2.999935169540385652e-02
9.830000000000000071e+00 2.999935169540631635e-02
9.839999999999999858e+00 2.999935169540517838e-02
9.849999999999999645e+00 2.999935169540838414e-02
9.859999999999999432e+00 2.999935169540515409e-02
9.870000000000000995e+00 2.999935169540212526e-02
9.880000000000000782e+00 2.999935169540549063e-02
9.890000000000000568e+00 2.999935169540510899e-02
9.900000000000000355e+00 2.999935169540544552e-02
9.910000000000000142e+00 2.999935169540531715e-02
9.919999999999999929e+00 2.999935169540571614e-02
9.929999999999999716e+00 2.999935169540114688e-02
9.939999999999999503e+00 2.999935169540516797e-02
9.950000000000001066e+00 2.999935169540152505e-02
9.960000000000000853e+00 2.999935169540835292e-02
9.970000000000000639e+00 2.999935169540444979e-02
