0.000000000000000000e+00 2.999935739862021403e-02
1.000000000000000021e-02 2.999935739861693887e-02
2.000000000000000042e-02 2.999935739862000239e-02
2.999999999999999889e-02 2.999935739861831624e-02
4.000000000000000083e-02 2.999935739862153936e-02
5.000000000000000278e-02 2.999935739861641845e-02
5.999999999999999778e-02 2.999935739861810113e-02
7.000000000000000666e-02 2.999935739861706030e-02
8.000000000000000167e-02 2.999935739861721296e-02
8.999999999999999667e-02 2.999935739861411821e-02
1.000000000000000056e-01 2.999935739861896850e-02
1.100000000000000006e-01 2.999935739861652254e-02
1.199999999999999956e-01 2.999935739862175793e-02
1.300000000000000044e-01 2.999935739861570722e-02
1.400000000000000133e-01 2.999935739861814277e-02
1.499999999999999944e-01 2.999935739861627620e-02
1.600000000000000033e-01 2.999935739861747663e-02
1.700000000000000122e-01 2.999935739861815318e-02
1.799999999999999933e-01 2.999935739861697703e-02
1.900000000000000022e-01 2.999935739861412515e-02
2.000000000000000111e-01 2.999935739861860767e-02
2.099999999999999922e-01 2.999935739861457965e-02
2.200000000000000011e-01 2.999935739861530823e-02
2.300000000000000100e-01 2.999935739861980810e-02
2.399999999999999911e-01 2.999935739861532558e-02
2.500000000000000000e-01 2.999935739861661968e-02
2.600000000000000089e-01 2.999935739861896850e-02
2.700000000000000178e-01 2.999935739861963116e-02
2.800000000000000266e-01 2.999935739861591885e-02
2.899999999999999800e-01 2.999935739861932932e-02
2.999999999999999889e-01 2.999935739862136935e-02
3.099999999999999978e-01 2.999935739861573497e-02
3.200000000000000067e-01 2.999935739861650519e-02
3.300000000000000155e-01 2.999935739861698397e-02
3.400000000000000244e-01 2.999935739861781317e-02
3.500000000000000333e-01 2.999935739861771949e-02
3.599999999999999867e-01 2.999935739862213610e-02
3.699999999999999956e-01 2.999935739861717826e-02
3.800000000000000044e-01 2.999935739861980116e-02
3.900000000000000133e-01 2.999935739861836481e-02
4.000000000000000222e-01 2.999935739862031464e-02
4.100000000000000311e-01 2.999935739861679662e-02
4.199999999999999845e-01 2.999935739861909340e-02
4.299999999999999933e-01 2.999935739861851747e-02
4.400000000000000022e-01 2.999935739861781664e-02
4.500000000000000111e-01 2.999935739861616865e-02
4.600000000000000200e-01 2.999935739861974218e-02
4.700000000000000289e-01 2.999935739861735173e-02
4.799999999999999822e-01 2.999935739861722683e-02
4.899999999999999911e-01 2.999935739861466638e-02
5.000000000000000000e-01 2.999935739861879502e-02
5.100000000000000089e-01 2.999935739862030770e-02
5.200000000000000178e-01 2.999935739861924952e-02
5.300000000000000266e-01 2.999935739861780623e-02
5.400000000000000355e-01 2.999935739861742806e-02
5.500000000000000444e-01 2.999935739861750092e-02
5.600000000000000533e-01 2.999935739862076567e-02
5.700000000000000622e-01 2.999935739861772643e-02
5.799999999999999600e-01 2.999935739861907952e-02
5.899999999999999689e-01 2.999935739861678274e-02
5.999999999999999778e-01 2.999935739861998504e-02
6.099999999999999867e-01 2.999935739861789297e-02
6.199999999999999956e-01 2.999935739861911421e-02
6.300000000000000044e-01 2.999935739861700479e-02
6.400000000000000133e-01 2.999935739861742112e-02
6.500000000000000222e-01 2.999935739861682438e-02
6.600000000000000311e-01 2.999935739862012035e-02
6.700000000000000400e-01 2.999935739861678968e-02
6.800000000000000488e-01 2.999935739862007178e-02
6.900000000000000577e-01 2.999935739861647743e-02
7.000000000000000666e-01 2.999935739861691111e-02
7.099999999999999645e-01 2.999935739861669254e-02
7.199999999999999734e-01 2.999935739862118894e-02
7.299999999999999822e-01 2.999935739861588763e-02
7.399999999999999911e-01 2.999935739861869788e-02
7.500000000000000000e-01 2.999935739861515210e-02
7.600000000000000089e-01 2.999935739861862849e-02
7.700000000000000178e-01 2.999935739861706030e-02
7.800000000000000266e-01 2.999935739861765704e-02
7.900000000000000355e-01 2.999935739861693887e-02
8.000000000000000444e-01 2.999935739861963463e-02
8.100000000000000533e-01 2.999935739861842032e-02
8.200000000000000622e-01 2.999935739861791378e-02
8.300000000000000711e-01 2.999935739861447556e-02
8.399999999999999689e-01 2.999935739861893380e-02
8.499999999999999778e-01 2.999935739861562395e-02
8.599999999999999867e-01 2.999935739861626927e-02
8.699999999999999956e-01 2.999935739861708806e-02
8.800000000000000044e-01 2.999935739861814971e-02
8.900000000000000133e-01 2.999935739862099465e-02
9.000000000000000222e-01 2.999935739861682091e-02
9.100000000000000311e-01 2.999935739861541578e-02
9.200000000000000400e-01 2.999935739861740724e-02
9.300000000000000488e-01 2.999935739861611314e-02
9.400000000000000577e-01 2.999935739861638029e-02
9.500000000000000666e-01 2.999935739861957565e-02
9.599999999999999645e-01 2.999935739861925993e-02
9.699999999999999734e-01 2.999935739861804909e-02
9.799999999999999822e-01 2.999935739861759459e-02
9.899999999999999911e-01 2.999935739861754255e-02
1.000000000000000000e+00 2.999935739861884013e-02
1.010000000000000009e+00 2.999935739861696316e-02
1.020000000000000018e+00 2.999935739861613743e-02
1.030000000000000027e+00 2.999935739861588763e-02
1.040000000000000036e+00 2.999935739861609579e-02
1.050000000000000044e+00 2.999935739861873951e-02
1.060000000000000053e+00 2.999935739861753908e-02
1.070000000000000062e+00 2.999935739861828848e-02
1.080000000000000071e+00 2.999935739861779582e-02
1.090000000000000080e+00 2.999935739861868400e-02
1.100000000000000089e+00 2.999935739861797623e-02
1.110000000000000098e+00 2.999935739861629702e-02
1.120000000000000107e+00 2.999935739861728234e-02
1.130000000000000115e+00 2.999935739861766051e-02
1.140000000000000124e+00 2.999935739861880196e-02
1.150000000000000133e+00 2.999935739861755643e-02
1.159999999999999920e+00 2.999935739861638029e-02
1.169999999999999929e+00 2.999935739861637682e-02
1.179999999999999938e+00 2.999935739861622069e-02
1.189999999999999947e+00 2.999935739861739337e-02
1.199999999999999956e+00 2.999935739861825032e-02
1.209999999999999964e+00 2.999935739861752521e-02
1.219999999999999973e+00 2.999935739861849318e-02
1.229999999999999982e+00 2.999935739861803868e-02
1.239999999999999991e+00 2.999935739861956177e-02
1.250000000000000000e+00 2.999935739861893380e-02
1.260000000000000009e+00 2.999935739861905523e-02
1.270000000000000018e+00 2.999935739861810807e-02
1.280000000000000027e+00 2.999935739861856257e-02
1.290000000000000036e+00 2.999935739861872563e-02
1.300000000000000044e+00 2.999935739861733092e-02
1.310000000000000053e+00 2.999935739861937095e-02
1.320000000000000062e+00 2.999935739861716438e-02
1.330000000000000071e+00 2.999935739861817052e-02
1.340000000000000080e+00 2.999935739861838563e-02
1.350000000000000089e+00 2.999935739861823991e-02
1.360000000000000098e+00 2.999935739861873604e-02
1.370000000000000107e+00 2.999935739861887829e-02
1.380000000000000115e+00 2.999935739861899625e-02
1.390000000000000124e+00 2.999935739862015505e-02
1.400000000000000133e+00 2.999935739862008913e-02
1.409999999999999920e+00 2.999935739861795195e-02
1.419999999999999929e+00 2.999935739861877421e-02
1.429999999999999938e+00 2.999935739861787562e-02
1.439999999999999947e+00 2.999935739861960340e-02
1.449999999999999956e+00 2.999935739861930850e-02
1.459999999999999964e+00 2.999935739861999545e-02
1.469999999999999973e+00 2.999935739861874645e-02
1.479999999999999982e+00 2.999935739861944728e-02
1.489999999999999991e+00 2.999935739861760153e-02
1.500000000000000000e+00 2.999935739861988790e-02
1.510000000000000009e+00 2.999935739861892686e-02
1.520000000000000018e+00 2.999935739861904482e-02
1.530000000000000027e+00 2.999935739861871870e-02
1.540000000000000036e+00 2.999935739861874992e-02
1.550000000000000044e+00 2.999935739862031464e-02
1.560000000000000053e+00 2.999935739861999892e-02
1.570000000000000062e+00 2.999935739861927381e-02
1.580000000000000071e+00 2.999935739861933626e-02
1.590000000000000080e+00 2.999935739861837869e-02
1.600000000000000089e+00 2.999935739862010647e-02
1.610000000000000098e+00 2.999935739861842032e-02
1.620000000000000107e+00 2.999935739862027995e-02
1.630000000000000115e+00 2.999935739861872563e-02
1.640000000000000124e+00 2.999935739861953055e-02
1.650000000000000133e+00 2.999935739861855910e-02
1.660000000000000142e+00 2.999935739861851747e-02
1.669999999999999929e+00 2.999935739862051240e-02
1.679999999999999938e+00 2.999935739861701867e-02
1.689999999999999947e+00 2.999935739861774031e-02
1.699999999999999956e+00 2.999935739862014811e-02
1.709999999999999964e+00 2.999935739861837869e-02
1.719999999999999973e+00 2.999935739861915238e-02
1.729999999999999982e+00 2.999935739861845502e-02
1.739999999999999991e+00 2.999935739861886441e-02
1.750000000000000000e+00 2.999935739861790684e-02
1.760000000000000009e+00 2.999935739861835787e-02
1.770000000000000018e+00 2.999935739861829542e-02
1.780000000000000027e+00 2.999935739861848971e-02
1.790000000000000036e+00 2.999935739861835787e-02
1.800000000000000044e+00 2.999935739861819828e-02
1.810000000000000053e+00 2.999935739861923217e-02
1.820000000000000062e+00 2.999935739861943340e-02
1.830000000000000071e+00 2.999935739861801440e-02
1.840000000000000080e+00 2.999935739861757378e-02
1.850000000000000089e+00 2.999935739861856604e-02
1.860000000000000098e+00 2.999935739861853828e-02
1.870000000000000107e+00 2.999935739861724071e-02
1.880000000000000115e+00 2.999935739861676887e-02
1.890000000000000124e+00 2.999935739861704642e-02
1.900000000000000133e+00 2.999935739861936401e-02
1.910000000000000142e+00 2.999935739861784439e-02
1.919999999999999929e+00 2.999935739861744194e-02
1.929999999999999938e+00 2.999935739861820175e-02
1.939999999999999947e+00 2.999935739861868400e-02
1.949999999999999956e+00 2.999935739861762929e-02
1.959999999999999964e+00 2.999935739861910033e-02
1.969999999999999973e+00 2.999935739861750439e-02
1.979999999999999982e+00 2.999935739861687295e-02
1.989999999999999991e+00 2.999935739861710887e-02
2.000000000000000000e+00 2.999935739861699091e-02
2.010000000000000231e+00 2.999935739861649825e-02
2.020000000000000018e+00 2.999935739861740377e-02
2.030000000000000249e+00 2.999935739861847236e-02
2.040000000000000036e+00 2.999935739861702561e-02
2.049999999999999822e+00 2.999935739861770909e-02
2.060000000000000053e+00 2.999935739861792766e-02
2.069999999999999840e+00 2.999935739861655029e-02
2.080000000000000071e+00 2.999935739861796929e-02
2.089999999999999858e+00 2.999935739861626927e-02
2.100000000000000089e+00 2.999935739861718867e-02
2.109999999999999876e+00 2.999935739861578354e-02
2.120000000000000107e+00 2.999935739861640110e-02
2.129999999999999893e+00 2.999935739861725806e-02
2.140000000000000124e+00 2.999935739861627620e-02
2.149999999999999911e+00 2.999935739861537415e-02
2.160000000000000142e+00 2.999935739861634906e-02
2.169999999999999929e+00 2.999935739861712275e-02
2.180000000000000160e+00 2.999935739861695622e-02
2.189999999999999947e+00 2.999935739861778194e-02
2.200000000000000178e+00 2.999935739861760153e-02
2.209999999999999964e+00 2.999935739861691458e-02
2.220000000000000195e+00 2.999935739861627620e-02
2.229999999999999982e+00 2.999935739861609926e-02
2.240000000000000213e+00 2.999935739861716785e-02
2.250000000000000000e+00 2.999935739861567252e-02
2.260000000000000231e+00 2.999935739861633865e-02
2.270000000000000018e+00 2.999935739861623457e-02
2.280000000000000249e+00 2.999935739861752867e-02
2.290000000000000036e+00 2.999935739861551293e-02
2.300000000000000266e+00 2.999935739861770562e-02
2.310000000000000053e+00 2.999935739861656764e-02
2.319999999999999840e+00 2.999935739861587375e-02
2.330000000000000071e+00 2.999935739861772643e-02
2.339999999999999858e+00 2.999935739861764317e-02
2.350000000000000089e+00 2.999935739861706724e-02
2.359999999999999876e+00 2.999935739861768480e-02
2.370000000000000107e+00 2.999935739861653988e-02
2.379999999999999893e+00 2.999935739861765011e-02
2.390000000000000124e+00 2.999935739861751827e-02
2.399999999999999911e+00 2.999935739861785827e-02
2.410000000000000142e+00 2.999935739861642886e-02
2.419999999999999929e+00 2.999935739861559966e-02
2.430000000000000160e+00 2.999935739861694234e-02
2.439999999999999947e+00 2.999935739861822950e-02
2.450000000000000178e+00 2.999935739861710887e-02
2.459999999999999964e+00 2.999935739861625539e-02
2.470000000000000195e+00 2.999935739861776113e-02
2.479999999999999982e+00 2.999935739861711581e-02
2.490000000000000213e+00 2.999935739861708459e-02
2.500000000000000000e+00 2.999935739861813583e-02
2.510000000000000231e+00 2.999935739861818440e-02
2.520000000000000018e+00 2.999935739861685213e-02
2.530000000000000249e+00 2.999935739861676887e-02
2.540000000000000036e+00 2.999935739861878808e-02
2.550000000000000266e+00 2.999935739861762929e-02
2.560000000000000053e+00 2.999935739861747663e-02
2.569999999999999840e+00 2.999935739861749745e-02
2.580000000000000071e+00 2.999935739861749745e-02
2.589999999999999858e+00 2.999935739861686948e-02
2.600000000000000089e+00 2.999935739861783399e-02
2.609999999999999876e+00 2.999935739861763623e-02
2.620000000000000107e+00 2.999935739861622416e-02
2.629999999999999893e+00 2.999935739861714357e-02
2.640000000000000124e+00 2.999935739861715744e-02
2.649999999999999911e+00 2.999935739861696662e-02
2.660000000000000142e+00 2.999935739861805256e-02
2.669999999999999929e+00 2.999935739861674458e-02
2.680000000000000160e+00 2.999935739861784439e-02
2.689999999999999947e+00 2.999935739861755643e-02
2.700000000000000178e+00 2.999935739861749051e-02
2.709999999999999964e+00 2.999935739861775072e-02
2.720000000000000195e+00 2.999935739861792419e-02
2.729999999999999982e+00 2.999935739861804909e-02
2.740000000000000213e+00 2.999935739861754255e-02
2.750000000000000000e+00 2.999935739861783746e-02
2.760000000000000231e+00 2.999935739861827461e-02
2.770000000000000018e+00 2.999935739861788603e-02
2.780000000000000249e+00 2.999935739861843420e-02
2.790000000000000036e+00 2.999935739861863890e-02
2.800000000000000266e+00 2.999935739861772643e-02
2.810000000000000053e+00 2.999935739861913503e-02
2.819999999999999840e+00 2.999935739861876033e-02
2.830000000000000071e+00 2.999935739861844461e-02
2.839999999999999858e+00 2.999935739861872563e-02
2.850000000000000089e+00 2.999935739861845502e-02
2.859999999999999876e+00 2.999935739861720602e-02
2.870000000000000107e+00 2.999935739861799011e-02
2.879999999999999893e+00 2.999935739861760153e-02
2.890000000000000124e+00 2.999935739861834400e-02
2.899999999999999911e+00 2.999935739861872910e-02
2.910000000000000142e+00 2.999935739861810113e-02
2.919999999999999929e+00 2.999935739861798317e-02
2.930000000000000160e+00 2.999935739861768827e-02
2.939999999999999947e+00 2.999935739861842379e-02
2.950000000000000178e+00 2.999935739861823991e-02
2.959999999999999964e+00 2.999935739861732745e-02
2.970000000000000195e+00 2.999935739861799011e-02
2.979999999999999982e+00 2.999935739861864931e-02
2.990000000000000213e+00 2.999935739861787215e-02
3.000000000000000000e+00 2.999935739861800399e-02
3.010000000000000231e+00 2.999935739861787909e-02
3.020000000000000018e+00 2.999935739861865971e-02
3.030000000000000249e+00 2.999935739861916972e-02
3.040000000000000036e+00 2.999935739861837869e-02
3.050000000000000266e+00 2.999935739861874645e-02
3.060000000000000053e+00 2.999935739861861114e-02
3.070000000000000284e+00 2.999935739861810113e-02
3.080000000000000071e+00 2.999935739861957218e-02
3.089999999999999858e+00 2.999935739861845502e-02
3.100000000000000089e+00 2.999935739861835093e-02
3.109999999999999876e+00 2.999935739861852094e-02
3.120000000000000107e+00 2.999935739861855216e-02
3.129999999999999893e+00 2.999935739861819481e-02
3.140000000000000124e+00 2.999935739861875339e-02
3.149999999999999911e+00 2.999935739861814971e-02
3.160000000000000142e+00 2.999935739861983586e-02
3.169999999999999929e+00 2.999935739861972483e-02
3.180000000000000160e+00 2.999935739861829889e-02
3.189999999999999947e+00 2.999935739861837869e-02
3.200000000000000178e+00 2.999935739861801093e-02
3.209999999999999964e+00 2.999935739861813583e-02
3.220000000000000195e+00 2.999935739861843073e-02
3.229999999999999982e+00 2.999935739861835787e-02
3.240000000000000213e+00 2.999935739861852094e-02
3.250000000000000000e+00 2.999935739861873951e-02
3.260000000000000231e+00 2.999935739861839951e-02
3.270000000000000018e+00 2.999935739861793807e-02
3.280000000000000249e+00 2.999935739861779235e-02
3.290000000000000036e+00 2.999935739861885400e-02
3.300000000000000266e+00 2.999935739861746622e-02
3.310000000000000053e+00 2.999935739861810807e-02
3.320000000000000284e+00 2.999935739861825379e-02
3.330000000000000071e+00 2.999935739861928075e-02
3.339999999999999858e+00 2.999935739861891645e-02
3.350000000000000089e+00 2.999935739861816705e-02
3.359999999999999876e+00 2.999935739861887829e-02
3.370000000000000107e+00 2.999935739861844808e-02
3.379999999999999893e+00 2.999935739861859033e-02
3.390000000000000124e+00 2.999935739861758766e-02
3.399999999999999911e+00 2.999935739861685213e-02
3.410000000000000142e+00 2.999935739861771949e-02
3.419999999999999929e+00 2.999935739861755296e-02
3.430000000000000160e+00 2.999935739861748010e-02
3.439999999999999947e+00 2.999935739861863890e-02
3.450000000000000178e+00 2.999935739861873257e-02
3.459999999999999964e+00 2.999935739861764317e-02
3.470000000000000195e+00 2.999935739861788603e-02
3.479999999999999982e+00 2.999935739861757725e-02
3.490000000000000213e+00 2.999935739861681050e-02
3.500000000000000000e+00 2.999935739861785133e-02
3.510000000000000231e+00 2.999935739861832665e-02
3.520000000000000018e+00 2.999935739861744888e-02
3.530000000000000249e+00 2.999935739861862502e-02
3.540000000000000036e+00 2.999935739861746969e-02
3.550000000000000266e+00 2.999935739861703948e-02
3.560000000000000053e+00 2.999935739861786521e-02
3.570000000000000284e+00 2.999935739861678621e-02
3.580000000000000071e+00 2.999935739861743847e-02
3.589999999999999858e+00 2.999935739861773337e-02
3.600000000000000089e+00 2.999935739861782011e-02
3.609999999999999876e+00 2.999935739861744541e-02
3.620000000000000107e+00 2.999935739861724765e-02
3.629999999999999893e+00 2.999935739861715744e-02
3.640000000000000124e+00 2.999935739861664397e-02
3.649999999999999911e+00 2.999935739861708112e-02
3.660000000000000142e+00 2.999935739861681050e-02
3.669999999999999929e+00 2.999935739861643580e-02
3.680000000000000160e+00 2.999935739861676193e-02
3.689999999999999947e+00 2.999935739861764317e-02
3.700000000000000178e+00 2.999935739861747663e-02
3.709999999999999964e+00 2.999935739861740377e-02
3.720000000000000195e+00 2.999935739861673417e-02
3.729999999999999982e+00 2.999935739861724765e-02
3.740000000000000213e+00 2.999935739861745582e-02
3.750000000000000000e+00 2.999935739861658845e-02
3.760000000000000231e+00 2.999935739861706030e-02
3.770000000000000018e+00 2.999935739861760847e-02
3.780000000000000249e+00 2.999935739861720602e-02
3.790000000000000036e+00 2.999935739861687295e-02
3.800000000000000266e+00 2.999935739861777848e-02
3.810000000000000053e+00 2.999935739861695622e-02
3.820000000000000284e+00 2.999935739861759113e-02
3.830000000000000071e+00 2.999935739861733786e-02
3.839999999999999858e+00 2.999935739861701173e-02
3.850000000000000089e+00 2.999935739861728928e-02
3.859999999999999876e+00 2.999935739861806644e-02
3.870000000000000107e+00 2.999935739861748357e-02
3.879999999999999893e+00 2.999935739861751133e-02
3.890000000000000124e+00 2.999935739861764317e-02
3.899999999999999911e+00 2.999935739861748357e-02
3.910000000000000142e+00 2.999935739861745235e-02
3.919999999999999929e+00 2.999935739861760847e-02
3.930000000000000160e+00 2.999935739861765011e-02
3.939999999999999947e+00 2.999935739861784439e-02
3.950000000000000178e+00 2.999935739861821909e-02
3.959999999999999964e+00 2.999935739861830930e-02
3.970000000000000195e+00 2.999935739861789297e-02
3.979999999999999982e+00 2.999935739861792766e-02
3.990000000000000213e+00 2.999935739861857645e-02
4.000000000000000000e+00 2.999935739861814277e-02
4.009999999999999787e+00 2.999935739861829889e-02
4.020000000000000462e+00 2.999935739861846196e-02
4.030000000000000249e+00 2.999935739861772296e-02
4.040000000000000036e+00 2.999935739861860767e-02
4.049999999999999822e+00 2.999935739861880196e-02
4.060000000000000497e+00 2.999935739861861114e-02
4.070000000000000284e+00 2.999935739861851053e-02
4.080000000000000071e+00 2.999935739861809766e-02
4.089999999999999858e+00 2.999935739861862849e-02
4.099999999999999645e+00 2.999935739861864237e-02
4.110000000000000320e+00 2.999935739861842726e-02
4.120000000000000107e+00 2.999935739861889911e-02
4.129999999999999893e+00 2.999935739861833012e-02
4.139999999999999680e+00 2.999935739861888523e-02
4.150000000000000355e+00 2.999935739861870135e-02
4.160000000000000142e+00 2.999935739861893380e-02
4.169999999999999929e+00 2.999935739861886441e-02
4.179999999999999716e+00 2.999935739861876727e-02
4.190000000000000391e+00 2.999935739861852788e-02
4.200000000000000178e+00 2.999935739861867706e-02
4.209999999999999964e+00 2.999935739861900319e-02
4.219999999999999751e+00 2.999935739861887482e-02
4.230000000000000426e+00 2.999935739861886094e-02
4.240000000000000213e+00 2.999935739861879502e-02
4.250000000000000000e+00 2.999935739861887482e-02
4.259999999999999787e+00 2.999935739861856604e-02
4.270000000000000462e+00 2.999935739861857645e-02
4.280000000000000249e+00 2.999935739861854522e-02
4.290000000000000036e+00 2.999935739861893380e-02
4.299999999999999822e+00 2.999935739861857992e-02
4.310000000000000497e+00 2.999935739861864931e-02
4.320000000000000284e+00 2.999935739861867706e-02
4.330000000000000071e+00 2.999935739861854175e-02
4.339999999999999858e+00 2.999935739861833012e-02
4.350000000000000533e+00 2.999935739861826767e-02
4.360000000000000320e+00 2.999935739861807338e-02
4.370000000000000107e+00 2.999935739861842726e-02
4.379999999999999893e+00 2.999935739861838216e-02
4.389999999999999680e+00 2.999935739861821563e-02
4.400000000000000355e+00 2.999935739861818440e-02
4.410000000000000142e+00 2.999935739861794154e-02
4.419999999999999929e+00 2.999935739861767786e-02
4.429999999999999716e+00 2.999935739861770562e-02
4.440000000000000391e+00 2.999935739861797623e-02
4.450000000000000178e+00 2.999935739861772643e-02
4.459999999999999964e+00 2.999935739861780970e-02
4.469999999999999751e+00 2.999935739861741418e-02
4.480000000000000426e+00 2.999935739861767439e-02
4.490000000000000213e+00 2.999935739861753561e-02
4.500000000000000000e+00 2.999935739861751827e-02
4.509999999999999787e+00 2.999935739861743153e-02
4.520000000000000462e+00 2.999935739861747316e-02
4.530000000000000249e+00 2.999935739861734479e-02
4.540000000000000036e+00 2.999935739861735867e-02
4.549999999999999822e+00 2.999935739861719214e-02
4.560000000000000497e+00 2.999935739861718173e-02
4.570000000000000284e+00 2.999935739861713316e-02
4.580000000000000071e+00 2.999935739861708459e-02
4.589999999999999858e+00 2.999935739861697356e-02
4.600000000000000533e+00 2.999935739861707765e-02
4.610000000000000320e+00 2.999935739861708112e-02
4.620000000000000107e+00 2.999935739861696316e-02
4.629999999999999893e+00 2.999935739861689377e-02
4.639999999999999680e+00 2.999935739861697009e-02
4.650000000000000355e+00 2.999935739861693887e-02
4.660000000000000142e+00 2.999935739861695275e-02
4.669999999999999929e+00 2.999935739861689377e-02
4.679999999999999716e+00 2.999935739861691458e-02
4.690000000000000391e+00 2.999935739861699091e-02
4.700000000000000178e+00 2.999935739861696316e-02
4.709999999999999964e+00 2.999935739861700826e-02
4.719999999999999751e+00 2.999935739861699438e-02
4.730000000000000426e+00 2.999935739861694928e-02
4.740000000000000213e+00 2.999935739861703948e-02
4.750000000000000000e+00 2.999935739861703601e-02
4.759999999999999787e+00 2.999935739861703948e-02
4.770000000000000462e+00 2.999935739861701520e-02
4.780000000000000249e+00 2.999935739861702561e-02
4.790000000000000036e+00 2.999935739861703948e-02
4.799999999999999822e+00 2.999935739861708112e-02
4.810000000000000497e+00 2.999935739861710887e-02
4.820000000000000284e+00 2.999935739861711234e-02
4.830000000000000071e+00 2.999935739861714704e-02
4.839999999999999858e+00 2.999935739861719214e-02
4.850000000000000533e+00 2.999935739861721296e-02
4.860000000000000320e+00 2.999935739861723377e-02
4.870000000000000107e+00 2.999935739861727194e-02
4.879999999999999893e+00 2.999935739861733439e-02
4.889999999999999680e+00 2.999935739861734132e-02
4.900000000000000355e+00 2.999935739861737949e-02
4.910000000000000142e+00 2.999935739861742459e-02
4.919999999999999929e+00 2.999935739861745582e-02
4.929999999999999716e+00 2.999935739861746969e-02
4.940000000000000391e+00 2.999935739861752174e-02
4.950000000000000178e+00 2.999935739861755990e-02
4.959999999999999964e+00 2.999935739861758766e-02
4.969999999999999751e+00 2.999935739861759459e-02
4.980000000000000426e+00 2.999935739861763623e-02
4.990000000000000213e+00 2.999935739861766398e-02
5.000000000000000000e+00 2.999935739861768827e-02
5.009999999999999787e+00 2.999935739861770215e-02
5.020000000000000462e+00 2.999935739861774725e-02
5.030000000000000249e+00 2.999935739861776460e-02
5.040000000000000036e+00 2.999935739861778194e-02
5.049999999999999822e+00 2.999935739861781317e-02
5.060000000000000497e+00 2.999935739861786174e-02
5.070000000000000284e+00 2.999935739861789297e-02
5.080000000000000071e+00 2.999935739861792766e-02
5.089999999999999858e+00 2.999935739861797276e-02
5.100000000000000533e+00 2.999935739861801093e-02
5.110000000000000320e+00 2.999935739861805603e-02
5.120000000000000107e+00 2.999935739861808032e-02
5.129999999999999893e+00 2.999935739861809766e-02
5.139999999999999680e+00 2.999935739861813236e-02
5.150000000000000355e+00 2.999935739861817399e-02
5.160000000000000142e+00 2.999935739861820522e-02
5.169999999999999929e+00 2.999935739861822256e-02
5.179999999999999716e+00 2.999935739861827808e-02
5.190000000000000391e+00 2.999935739861828501e-02
5.200000000000000178e+00 2.999935739861829195e-02
5.209999999999999964e+00 2.999935739861833012e-02
5.219999999999999751e+00 2.999935739861834400e-02
5.230000000000000426e+00 2.999935739861837869e-02
5.240000000000000213e+00 2.999935739861839257e-02
5.250000000000000000e+00 2.999935739861844808e-02
5.259999999999999787e+00 2.999935739861837522e-02
5.270000000000000462e+00 2.999935739861842379e-02
5.280000000000000249e+00 2.999935739861844808e-02
5.290000000000000036e+00 2.999935739861843073e-02
5.299999999999999822e+00 2.999935739861843073e-02
5.310000000000000497e+00 2.999935739861839257e-02
5.320000000000000284e+00 2.999935739861841338e-02
5.330000000000000071e+00 2.999935739861845849e-02
5.339999999999999858e+00 2.999935739861839951e-02
5.350000000000000533e+00 2.999935739861845502e-02
5.360000000000000320e+00 2.999935739861846890e-02
5.370000000000000107e+00 2.999935739861851053e-02
5.379999999999999893e+00 2.999935739861845502e-02
5.389999999999999680e+00 2.999935739861845849e-02
5.400000000000000355e+00 2.999935739861857992e-02
5.410000000000000142e+00 2.999935739861843420e-02
5.419999999999999929e+00 2.999935739861846196e-02
5.429999999999999716e+00 2.999935739861856604e-02
5.440000000000000391e+00 2.999935739861864584e-02
5.450000000000000178e+00 2.999935739861857645e-02
5.459999999999999964e+00 2.999935739861857992e-02
5.469999999999999751e+00 2.999935739861870829e-02
5.480000000000000426e+00 2.999935739861865625e-02
5.490000000000000213e+00 2.999935739861873604e-02
5.500000000000000000e+00 2.999935739861882278e-02
5.509999999999999787e+00 2.999935739861879502e-02
5.520000000000000462e+00 2.999935739861887482e-02
5.530000000000000249e+00 2.999935739861900319e-02
5.540000000000000036e+00 2.999935739861891992e-02
5.549999999999999822e+00 2.999935739861892339e-02
5.560000000000000497e+00 2.999935739861904829e-02
5.570000000000000284e+00 2.999935739861903095e-02
5.580000000000000071e+00 2.999935739861896156e-02
5.589999999999999858e+00 2.999935739861903095e-02
5.600000000000000533e+00 2.999935739861883319e-02
5.610000000000000320e+00 2.999935739861929462e-02
5.620000000000000107e+00 2.999935739861921136e-02
5.629999999999999893e+00 2.999935739861925646e-02
5.639999999999999680e+00 2.999935739861911768e-02
5.650000000000000355e+00 2.999935739861924605e-02
5.660000000000000142e+00 2.999935739861907605e-02
5.669999999999999929e+00 2.999935739861935707e-02
5.679999999999999716e+00 2.999935739861908646e-02
5.690000000000000391e+00 2.999935739861910033e-02
5.700000000000000178e+00 2.999935739861955136e-02
5.709999999999999964e+00 2.999935739861897890e-02
5.719999999999999751e+00 2.999935739861927034e-02
5.730000000000000426e+00 2.999935739861923911e-02
5.740000000000000213e+00 2.999935739861946116e-02
5.750000000000000000e+00 2.999935739861948891e-02
5.759999999999999787e+00 2.999935739861954442e-02
5.770000000000000462e+00 2.999935739861953055e-02
5.780000000000000249e+00 2.999935739861931891e-02
5.790000000000000036e+00 2.999935739861957912e-02
5.799999999999999822e+00 2.999935739861933626e-02
5.810000000000000497e+00 2.999935739861975606e-02
5.820000000000000284e+00 2.999935739861944728e-02
5.830000000000000071e+00 2.999935739861901707e-02
5.839999999999999858e+00 2.999935739861918360e-02
5.850000000000000533e+00 2.999935739861920442e-02
5.860000000000000320e+00 2.999935739861931544e-02
5.870000000000000107e+00 2.999935739861916972e-02
5.879999999999999893e+00 2.999935739861913850e-02
5.889999999999999680e+00 2.999935739861896850e-02
5.900000000000000355e+00 2.999935739861851747e-02
5.910000000000000142e+00 2.999935739861896503e-02
5.919999999999999929e+00 2.999935739861847236e-02
5.929999999999999716e+00 2.999935739861870135e-02
5.940000000000000391e+00 2.999935739861859380e-02
5.950000000000000178e+00 2.999935739861861114e-02
5.959999999999999964e+00 2.999935739861878808e-02
5.969999999999999751e+00 2.999935739861860420e-02
5.980000000000000426e+00 2.999935739861912115e-02
5.990000000000000213e+00 2.999935739861824685e-02
6.000000000000000000e+00 2.999935739861802828e-02
6.009999999999999787e+00 2.999935739861822950e-02
6.020000000000000462e+00 2.999935739861823297e-02
6.030000000000000249e+00 2.999935739861782358e-02
6.040000000000000036e+00 2.999935739861789991e-02
6.049999999999999822e+00 2.999935739861806644e-02
6.060000000000000497e+00 2.999935739861760847e-02
6.070000000000000284e+00 2.999935739861810807e-02
6.080000000000000071e+00 2.999935739861751133e-02
6.089999999999999858e+00 2.999935739861776113e-02
6.100000000000000533e+00 2.999935739861772643e-02
6.110000000000000320e+00 2.999935739861744888e-02
6.120000000000000107e+00 2.999935739861741418e-02
6.129999999999999893e+00 2.999935739861768480e-02
6.140000000000000568e+00 2.999935739861753214e-02
6.150000000000000355e+00 2.999935739861736214e-02
6.160000000000000142e+00 2.999935739861741071e-02
6.169999999999999929e+00 2.999935739861709846e-02
6.179999999999999716e+00 2.999935739861721989e-02
6.190000000000000391e+00 2.999935739861721296e-02
6.200000000000000178e+00 2.999935739861731704e-02
6.209999999999999964e+00 2.999935739861730316e-02
6.219999999999999751e+00 2.999935739861691805e-02
6.230000000000000426e+00 2.999935739861718173e-02
6.240000000000000213e+00 2.999935739861715744e-02
6.250000000000000000e+00 2.999935739861640804e-02
6.259999999999999787e+00 2.999935739861687642e-02
6.270000000000000462e+00 2.999935739861674111e-02
6.280000000000000249e+00 2.999935739861643233e-02
6.290000000000000036e+00 2.999935739861645662e-02
6.299999999999999822e+00 2.999935739861727541e-02
6.310000000000000497e+00 2.999935739861612355e-02
6.320000000000000284e+00 2.999935739861690071e-02
6.330000000000000071e+00 2.999935739861615824e-02
6.339999999999999858e+00 2.999935739861694234e-02
6.350000000000000533e+00 2.999935739861684519e-02
6.360000000000000320e+00 2.999935739861733092e-02
6.370000000000000107e+00 2.999935739861682785e-02
6.379999999999999893e+00 2.999935739861728581e-02
6.390000000000000568e+00 2.999935739861653988e-02
6.400000000000000355e+00 2.999935739861703601e-02
6.410000000000000142e+00 2.999935739861711581e-02
6.419999999999999929e+00 2.999935739861744194e-02
6.429999999999999716e+00 2.999935739861666478e-02
6.440000000000000391e+00 2.999935739861677580e-02
6.450000000000000178e+00 2.999935739861732745e-02
6.459999999999999964e+00 2.999935739861659886e-02
6.469999999999999751e+00 2.999935739861658845e-02
6.480000000000000426e+00 2.999935739861676887e-02
6.490000000000000213e+00 2.999935739861792072e-02
6.500000000000000000e+00 2.999935739861665090e-02
6.509999999999999787e+00 2.999935739861674458e-02
6.520000000000000462e+00 2.999935739861687989e-02
6.530000000000000249e+00 2.999935739861726847e-02
6.540000000000000036e+00 2.999935739861691805e-02
6.549999999999999822e+00 2.999935739861686601e-02
6.560000000000000497e+00 2.999935739861812542e-02
6.570000000000000284e+00 2.999935739861798317e-02
6.580000000000000071e+00 2.999935739861801787e-02
6.589999999999999858e+00 2.999935739861811848e-02
6.600000000000000533e+00 2.999935739861748357e-02
6.610000000000000320e+00 2.999935739861809419e-02
6.620000000000000107e+00 2.999935739861745235e-02
6.629999999999999893e+00 2.999935739861825379e-02
6.640000000000000568e+00 2.999935739861765011e-02
6.650000000000000355e+00 2.999935739861874645e-02
6.660000000000000142e+00 2.999935739861785133e-02
6.669999999999999929e+00 2.999935739861741765e-02
6.679999999999999716e+00 2.999935739861791031e-02
6.690000000000000391e+00 2.999935739861833359e-02
6.700000000000000178e+00 2.999935739861760153e-02
6.709999999999999964e+00 2.999935739861875686e-02
6.719999999999999751e+00 2.999935739861918707e-02
6.730000000000000426e+00 2.999935739861783399e-02
6.740000000000000213e+00 2.999935739861883319e-02
6.750000000000000000e+00 2.999935739861814971e-02
6.759999999999999787e+00 2.999935739861880196e-02
6.770000000000000462e+00 2.999935739861882278e-02
6.780000000000000249e+00 2.999935739861796236e-02
6.790000000000000036e+00 2.999935739861859033e-02
6.799999999999999822e+00 2.999935739861831624e-02
6.810000000000000497e+00 2.999935739861774378e-02
6.820000000000000284e+00 2.999935739861830236e-02
6.830000000000000071e+00 2.999935739861786868e-02
6.839999999999999858e+00 2.999935739861857298e-02
6.850000000000000533e+00 2.999935739861844461e-02
6.860000000000000320e+00 2.999935739861928075e-02
6.870000000000000107e+00 2.999935739861892339e-02
6.879999999999999893e+00 2.999935739861759459e-02
6.890000000000000568e+00 2.999935739861822256e-02
6.900000000000000355e+00 2.999935739861907952e-02
6.910000000000000142e+00 2.999935739861741765e-02
6.919999999999999929e+00 2.999935739861810460e-02
6.929999999999999716e+00 2.999935739861834400e-02
6.940000000000000391e+00 2.999935739861703254e-02
6.950000000000000178e+00 2.999935739861813583e-02
6.959999999999999964e+00 2.999935739861845155e-02
6.969999999999999751e+00 2.999935739861908993e-02
6.980000000000000426e+00 2.999935739861705336e-02
6.990000000000000213e+00 2.999935739861781664e-02
7.000000000000000000e+00 2.999935739861879502e-02
7.009999999999999787e+00 2.999935739861854522e-02
7.020000000000000462e+00 2.999935739861781317e-02
7.030000000000000249e+00 2.999935739861862502e-02
7.040000000000000036e+00 2.999935739861716785e-02
7.049999999999999822e+00 2.999935739861706377e-02
7.060000000000000497e+00 2.999935739861820522e-02
7.070000000000000284e+00 2.999935739861725459e-02
7.080000000000000071e+00 2.999935739861752867e-02
7.089999999999999858e+00 2.999935739861745235e-02
7.100000000000000533e+00 2.999935739861776113e-02
7.110000000000000320e+00 2.999935739861785827e-02
7.120000000000000107e+00 2.999935739861776113e-02
7.129999999999999893e+00 2.999935739861774378e-02
7.140000000000000568e+00 2.999935739861794154e-02
7.150000000000000355e+00 2.999935739861945075e-02
7.160000000000000142e+00 2.999935739861656070e-02
7.169999999999999929e+00 2.999935739861664397e-02
7.179999999999999716e+00 2.999935739861803868e-02
7.190000000000000391e+00 2.999935739861794848e-02
7.200000000000000178e+00 2.999935739861743847e-02
7.209999999999999964e+00 2.999935739861752867e-02
7.219999999999999751e+00 2.999935739861794154e-02
7.230000000000000426e+00 2.999935739861859380e-02
7.240000000000000213e+00 2.999935739861922870e-02
7.250000000000000000e+00 2.999935739861778194e-02
7.259999999999999787e+00 2.999935739861855910e-02
7.270000000000000462e+00 2.999935739861752867e-02
7.280000000000000249e+00 2.999935739861919054e-02
7.290000000000000036e+00 2.999935739861785480e-02
7.299999999999999822e+00 2.999935739861657111e-02
7.310000000000000497e+00 2.999935739861862849e-02
7.320000000000000284e+00 2.999935739861838563e-02
7.330000000000000071e+00 2.999935739861732398e-02
7.339999999999999858e+00 2.999935739861789991e-02
7.350000000000000533e+00 2.999935739861729622e-02
7.360000000000000320e+00 2.999935739861890951e-02
7.370000000000000107e+00 2.999935739861875686e-02
7.379999999999999893e+00 2.999935739861853828e-02
7.390000000000000568e+00 2.999935739861699438e-02
7.400000000000000355e+00 2.999935739861838216e-02
7.410000000000000142e+00 2.999935739861802481e-02
7.419999999999999929e+00 2.999935739861735173e-02
7.429999999999999716e+00 2.999935739861694234e-02
7.440000000000000391e+00 2.999935739861631437e-02
7.450000000000000178e+00 2.999935739861766398e-02
7.459999999999999964e+00 2.999935739861843073e-02
7.469999999999999751e+00 2.999935739861656764e-02
7.480000000000000426e+00 2.999935739861852441e-02
7.490000000000000213e+00 2.999935739861702907e-02
7.500000000000000000e+00 2.999935739861744194e-02
7.509999999999999787e+00 2.999935739861713663e-02
7.520000000000000462e+00 2.999935739861804215e-02
7.530000000000000249e+00 2.999935739861765704e-02
7.540000000000000036e+00 2.999935739861812542e-02
7.549999999999999822e+00 2.999935739861882972e-02
7.560000000000000497e+00 2.999935739861835787e-02
7.570000000000000284e+00 2.999935739861720602e-02
7.580000000000000071e+00 2.999935739861885747e-02
7.589999999999999858e+00 2.999935739861812195e-02
7.600000000000000533e+00 2.999935739861834053e-02
7.610000000000000320e+00 2.999935739861909340e-02
7.620000000000000107e+00 2.999935739861814971e-02
7.629999999999999893e+00 2.999935739861736561e-02
7.640000000000000568e+00 2.999935739861769868e-02
7.650000000000000355e+00 2.999935739861765704e-02
7.660000000000000142e+00 2.999935739861731704e-02
7.669999999999999929e+00 2.999935739861696662e-02
7.679999999999999716e+00 2.999935739861824685e-02
7.690000000000000391e+00 2.999935739861723724e-02
7.700000000000000178e+00 2.999935739861772296e-02
7.709999999999999964e+00 2.999935739861835787e-02
7.719999999999999751e+00 2.999935739861785827e-02
7.730000000000000426e+00 2.999935739861685907e-02
7.740000000000000213e+00 2.999935739861648784e-02
7.750000000000000000e+00 2.999935739861743500e-02
7.759999999999999787e+00 2.999935739861807338e-02
7.770000000000000462e+00 2.999935739861860073e-02
7.780000000000000249e+00 2.999935739861837175e-02
7.790000000000000036e+00 2.999935739861865625e-02
7.799999999999999822e+00 2.999935739861887829e-02
7.810000000000000497e+00 2.999935739861817052e-02
7.820000000000000284e+00 2.999935739861876033e-02
7.830000000000000071e+00 2.999935739862057138e-02
7.839999999999999858e+00 2.999935739861932238e-02
7.850000000000000533e+00 2.999935739861888176e-02
7.860000000000000320e+00 2.999935739861914197e-02
7.870000000000000107e+00 2.999935739861713663e-02
7.879999999999999893e+00 2.999935739861826767e-02
7.890000000000000568e+00 2.999935739861992606e-02
7.900000000000000355e+00 2.999935739861885747e-02
7.910000000000000142e+00 2.999935739861779235e-02
7.919999999999999929e+00 2.999935739861848624e-02
7.930000000000000604e+00 2.999935739861782705e-02
7.940000000000000391e+00 2.999935739861717479e-02
7.950000000000000178e+00 2.999935739861833359e-02
7.959999999999999964e+00 2.999935739861819828e-02
7.969999999999999751e+00 2.999935739861889911e-02
7.980000000000000426e+00 2.999935739861796236e-02
7.990000000000000213e+00 2.999935739861744194e-02
8.000000000000000000e+00 2.999935739861894768e-02
8.009999999999999787e+00 2.999935739861779582e-02
8.019999999999999574e+00 2.999935739861781664e-02
8.029999999999999361e+00 2.999935739861808032e-02
8.040000000000000924e+00 2.999935739861957912e-02
8.050000000000000711e+00 2.999935739861881931e-02
8.060000000000000497e+00 2.999935739861957565e-02
8.070000000000000284e+00 2.999935739862023484e-02
8.080000000000000071e+00 2.999935739861761888e-02
8.089999999999999858e+00 2.999935739861933279e-02
8.099999999999999645e+00 2.999935739861974912e-02
8.109999999999999432e+00 2.999935739861853828e-02
8.120000000000000995e+00 2.999935739862010647e-02
8.130000000000000782e+00 2.999935739861879502e-02
8.140000000000000568e+00 2.999935739861944728e-02
8.150000000000000355e+00 2.999935739861885053e-02
8.160000000000000142e+00 2.999935739862022790e-02
8.169999999999999929e+00 2.999935739862051587e-02
8.179999999999999716e+00 2.999935739861962769e-02
8.189999999999999503e+00 2.999935739861778888e-02
8.199999999999999289e+00 2.999935739862022097e-02
8.210000000000000853e+00 2.999935739861869441e-02
8.220000000000000639e+00 2.999935739861782358e-02
8.230000000000000426e+00 2.999935739862032158e-02
8.240000000000000213e+00 2.999935739861869094e-02
8.250000000000000000e+00 2.999935739861785827e-02
8.259999999999999787e+00 2.999935739861907258e-02
8.269999999999999574e+00 2.999935739861919054e-02
8.279999999999999361e+00 2.999935739861853828e-02
8.290000000000000924e+00 2.999935739861892686e-02
8.300000000000000711e+00 2.999935739861899972e-02
8.310000000000000497e+00 2.999935739861771949e-02
8.320000000000000284e+00 2.999935739861862849e-02
8.330000000000000071e+00 2.999935739861755296e-02
8.339999999999999858e+00 2.999935739861877421e-02
8.349999999999999645e+00 2.999935739861837522e-02
8.359999999999999432e+00 2.999935739861791031e-02
8.370000000000000995e+00 2.999935739861888870e-02
8.380000000000000782e+00 2.999935739861801787e-02
8.390000000000000568e+00 2.999935739861996076e-02
8.400000000000000355e+00 2.999935739861924952e-02
8.410000000000000142e+00 2.999935739861854522e-02
8.419999999999999929e+00 2.999935739861792072e-02
8.429999999999999716e+00 2.999935739861727541e-02
8.439999999999999503e+00 2.999935739861957912e-02
8.449999999999999289e+00 2.999935739861792766e-02
8.460000000000000853e+00 2.999935739861896156e-02
8.470000000000000639e+00 2.999935739861787215e-02
8.480000000000000426e+00 2.999935739861833012e-02
8.490000000000000213e+00 2.999935739861792766e-02
8.500000000000000000e+00 2.999935739861889911e-02
8.509999999999999787e+00 2.999935739861821909e-02
8.519999999999999574e+00 2.999935739861710193e-02
8.529999999999999361e+00 2.999935739861964157e-02
8.540000000000000924e+00 2.999935739861794154e-02
8.550000000000000711e+00 2.999935739861782358e-02
8.560000000000000497e+00 2.999935739861866665e-02
8.570000000000000284e+00 2.999935739861969014e-02
8.580000000000000071e+00 2.999935739861996770e-02
8.589999999999999858e+00 2.999935739861863543e-02
8.599999999999999645e+00 2.999935739861958606e-02
8.609999999999999432e+00 2.999935739861859033e-02
8.620000000000000995e+00 2.999935739861832318e-02
8.630000000000000782e+00 2.999935739861898237e-02
8.640000000000000568e+00 2.999935739861824685e-02
8.650000000000000355e+00 2.999935739861906564e-02
8.660000000000000142e+00 2.999935739861754255e-02
8.669999999999999929e+00 2.999935739861689377e-02
8.679999999999999716e+00 2.999935739861816358e-02
8.689999999999999503e+00 2.999935739861910033e-02
8.700000000000001066e+00 2.999935739861839604e-02
8.710000000000000853e+00 2.999935739861802828e-02
8.720000000000000639e+00 2.999935739861850359e-02
8.730000000000000426e+00 2.999935739861809073e-02
8.740000000000000213e+00 2.999935739861710887e-02
8.750000000000000000e+00 2.999935739861752521e-02
8.759999999999999787e+00 2.999935739861885053e-02
8.769999999999999574e+00 2.999935739861953055e-02
8.779999999999999361e+00 2.999935739861787215e-02
8.790000000000000924e+00 2.999935739861874645e-02
8.800000000000000711e+00 2.999935739861749051e-02
8.810000000000000497e+00 2.999935739861879155e-02
8.820000000000000284e+00 2.999935739861802481e-02
8.830000000000000071e+00 2.999935739861756337e-02
8.839999999999999858e+00 2.999935739861810113e-02
8.849999999999999645e+00 2.999935739861844114e-02
8.859999999999999432e+00 2.999935739861941258e-02
8.870000000000000995e+00 2.999935739861647743e-02
8.880000000000000782e+00 2.999935739861812195e-02
8.890000000000000568e+00 2.999935739861551293e-02
8.900000000000000355e+00 2.999935739861973871e-02
8.910000000000000142e+00 2.999935739861872563e-02
8.919999999999999929e+00 2.999935739861753908e-02
8.929999999999999716e+00 2.999935739861844808e-02
8.939999999999999503e+00 2.999935739861780276e-02
8.950000000000001066e+00 2.999935739861697703e-02
8.960000000000000853e+00 2.999935739861794848e-02
8.970000000000000639e+00 2.999935739861541231e-02
8.980000000000000426e+00 2.999935739861804562e-02
8.990000000000000213e+00 2.999935739861610967e-02
9.000000000000000000e+00 2.999935739861782011e-02
9.009999999999999787e+00 2.999935739861622069e-02
9.019999999999999574e+00 2.999935739861655723e-02
9.029999999999999361e+00 2.999935739861761541e-02
9.040000000000000924e+00 2.999935739861918013e-02
9.050000000000000711e+00 2.999935739861740031e-02
9.060000000000000497e+00 2.999935739861761888e-02
9.070000000000000284e+00 2.999935739861689377e-02
9.080000000000000071e+00 2.999935739861626233e-02
9.089999999999999858e+00 2.999935739861594314e-02
9.099999999999999645e+00 2.999935739861849318e-02
9.109999999999999432e+00 2.999935739861751133e-02
9.120000000000000995e+00 2.999935739861806991e-02
9.130000000000000782e+00 2.999935739861615130e-02
9.140000000000000568e+00 2.999935739861722683e-02
9.150000000000000355e+00 2.999935739861637335e-02
9.160000000000000142e+00 2.999935739861642192e-02
9.169999999999999929e+00 2.999935739861796236e-02
9.179999999999999716e+00 2.999935739861847583e-02
9.189999999999999503e+00 2.999935739861708806e-02
9.200000000000001066e+00 2.999935739862080383e-02
9.210000000000000853e+00 2.999935739861706030e-02
9.220000000000000639e+00 2.999935739861646009e-02
9.230000000000000426e+00 2.999935739861689724e-02
9.240000000000000213e+00 2.999935739861708459e-02
9.250000000000000000e+00 2.999935739862035627e-02
9.259999999999999787e+00 2.999935739861869788e-02
9.269999999999999574e+00 2.999935739861864584e-02
9.279999999999999361e+00 2.999935739861735867e-02
9.290000000000000924e+00 2.999935739861669254e-02
9.300000000000000711e+00 2.999935739861722683e-02
9.310000000000000497e+00 2.999935739861921830e-02
9.320000000000000284e+00 2.999935739861670642e-02
9.330000000000000071e+00 2.999935739861802481e-02
9.339999999999999858e+00 2.999935739861648437e-02
9.349999999999999645e+00 2.999935739861975259e-02
9.359999999999999432e+00 2.999935739861844808e-02
9.370000000000000995e+00 2.999935739861744194e-02
9.380000000000000782e+00 2.999935739861621029e-02
9.390000000000000568e+00 2.999935739862366960e-02
9.400000000000000355e+00 2.999935739861889911e-02
9.410000000000000142e+00 2.999935739861544354e-02
9.419999999999999929e+00 2.999935739861833012e-02
9.429999999999999716e+00 2.999935739861753214e-02
9.439999999999999503e+00 2.999935739861870482e-02
9.450000000000001066e+00 2.999935739861893380e-02
9.460000000000000853e+00 2.999935739861951667e-02
9.470000000000000639e+00 2.999935739861920095e-02
9.480000000000000426e+00 2.999935739861738296e-02
9.490000000000000213e+00 2.999935739861755296e-02
9.500000000000000000e+00 2.999935739861878115e-02
9.509999999999999787e+00 2.999935739861710887e-02
9.519999999999999574e+00 2.999935739862067546e-02
9.529999999999999361e+00 2.999935739862136241e-02
9.540000000000000924e+00 2.999935739861961034e-02
9.550000000000000711e+00 2.999935739861737949e-02
9.560000000000000497e+00 2.999935739861826420e-02
9.570000000000000284e+00 2.999935739861602293e-02
9.580000000000000071e+00 2.999935739861456924e-02
9.589999999999999858e+00 2.999935739861802134e-02
9.599999999999999645e+00 2.999935739861780970e-02
9.609999999999999432e+00 2.999935739861890951e-02
9.620000000000000995e+00 2.999935739861446168e-02
9.630000000000000782e+00 2.999935739861975259e-02
9.640000000000000568e+00 2.999935739861934667e-02
9.650000000000000355e+00 2.999935739862135201e-02
9.660000000000000142e+00 2.999935739861632478e-02
9.669999999999999929e+00 2.999935739862123751e-02
9.679999999999999716e+00 2.999935739861950279e-02
9.689999999999999503e+00 2.999935739862019321e-02
9.700000000000001066e+00 2.999935739861615824e-02
9.710000000000000853e+00 2.999935739861791725e-02
9.720000000000000639e+00 2.999935739861624151e-02
9.730000000000000426e+00 2.999935739862287856e-02
9.740000000000000213e+00 2.999935739862060607e-02
9.750000000000000000e+00 2.999935739862243100e-02
9.759999999999999787e+00 2.999935739861399678e-02
9.769999999999999574e+00 2.999935739862041179e-02
9.779999999999999361e+00 2.999935739862082812e-02
9.790000000000000924e+00 2.999935739861982198e-02
9.800000000000000711e+00 2.999935739861786174e-02
9.810000000000000497e+00 2.999935739861489883e-02
9.820000000000000284e+00 2.999935739861856604e-02
9.830000000000000071e+00 2.999935739861619641e-02
9.839999999999999858e+00 2.999935739861631090e-02
9.849999999999999645e+00 2.999935739861687295e-02
9.859999999999999432e+00 2.999935739861994688e-02
9.870000000000000995e+00 2.999935739861907952e-02
9.880000000000000782e+00 2.999935739862160528e-02
9.890000000000000568e+00 2.999935739861453107e-02
9.900000000000000355e+00 2.999935739862096690e-02
9.910000000000000142e+00 2.999935739861757031e-02
9.919999999999999929e+00 2.999935739862090445e-02
9.929999999999999716e+00 2.999935739861684866e-02
9.939999999999999503e+00 2.999935739861906911e-02
9.950000000000001066e+00 2.999935739861319881e-02
9.960000000000000853e+00 2.999935739862044301e-02
9.970000000000000639e+00 2.999935739861781664e-02
