0.000000000000000000e+00 2.999935785512154382e-02
1.000000000000000021e-02 2.999935785512372263e-02
2.000000000000000042e-02 2.999935785512103381e-02
2.999999999999999889e-02 2.999935785512251873e-02
4.000000000000000083e-02 2.999935785512266098e-02
5.000000000000000278e-02 2.999935785512332018e-02
5.999999999999999778e-02 2.999935785512536368e-02
7.000000000000000666e-02 2.999935785512244935e-02
8.000000000000000167e-02 2.999935785511942399e-02
8.999999999999999667e-02 2.999935785511800498e-02
1.000000000000000056e-01 2.999935785512462816e-02
1.100000000000000006e-01 2.999935785511945521e-02
1.199999999999999956e-01 2.999935785512167913e-02
1.300000000000000044e-01 2.999935785512347630e-02
1.400000000000000133e-01 2.999935785512069381e-02
1.499999999999999944e-01 2.999935785511794947e-02
1.600000000000000033e-01 2.999935785512038502e-02
1.700000000000000122e-01 2.999935785511696068e-02
1.799999999999999933e-01 2.999935785512215097e-02
1.900000000000000022e-01 2.999935785512173117e-02
2.000000000000000111e-01 2.999935785512432632e-02
2.099999999999999922e-01 2.999935785512162015e-02
2.200000000000000011e-01 2.999935785512038849e-02
2.300000000000000100e-01 2.999935785512312936e-02
2.399999999999999911e-01 2.999935785512367059e-02
2.500000000000000000e-01 2.999935785512495082e-02
2.600000000000000089e-01 2.999935785512215791e-02
2.700000000000000178e-01 2.999935785512225159e-02
2.800000000000000266e-01 2.999935785511883765e-02
2.899999999999999800e-01 2.999935785512318140e-02
2.999999999999999889e-01 2.999935785512256037e-02
3.099999999999999978e-01 2.999935785512448244e-02
3.200000000000000067e-01 2.999935785512628308e-02
3.300000000000000155e-01 2.999935785512501674e-02
3.400000000000000244e-01 2.999935785512100953e-02
3.500000000000000333e-01 2.999935785512503408e-02
3.599999999999999867e-01 2.999935785512412509e-02
3.699999999999999956e-01 2.999935785512741759e-02
3.800000000000000044e-01 2.999935785512264017e-02
3.900000000000000133e-01 2.999935785512061054e-02
4.000000000000000222e-01 2.999935785512389264e-02
4.100000000000000311e-01 2.999935785512381631e-02
4.199999999999999845e-01 2.999935785512232098e-02
4.299999999999999933e-01 2.999935785512398284e-02
4.400000000000000022e-01 2.999935785512253261e-02
4.500000000000000111e-01 2.999935785512630043e-02
4.600000000000000200e-01 2.999935785512637329e-02
4.700000000000000289e-01 2.999935785512521796e-02
4.799999999999999822e-01 2.999935785512640452e-02
4.899999999999999911e-01 2.999935785512773678e-02
5.000000000000000000e-01 2.999935785512912456e-02
5.100000000000000089e-01 2.999935785512574879e-02
5.200000000000000178e-01 2.999935785512709840e-02
5.300000000000000266e-01 2.999935785512545389e-02
5.400000000000000355e-01 2.999935785512861802e-02
5.500000000000000444e-01 2.999935785512565511e-02
5.600000000000000533e-01 2.999935785512364977e-02
5.700000000000000622e-01 2.999935785512827802e-02
5.799999999999999600e-01 2.999935785512852088e-02
5.899999999999999689e-01 2.999935785512707759e-02
5.999999999999999778e-01 2.999935785512873251e-02
6.099999999999999867e-01 2.999935785512613390e-02
6.199999999999999956e-01 2.999935785512779576e-02
6.300000000000000044e-01 2.999935785512624145e-02
6.400000000000000133e-01 2.999935785512875680e-02
6.500000000000000222e-01 2.999935785512812883e-02
6.600000000000000311e-01 2.999935785512884701e-02
6.700000000000000400e-01 2.999935785512716085e-02
6.800000000000000488e-01 2.999935785512923558e-02
6.900000000000000577e-01 2.999935785513088704e-02
7.000000000000000666e-01 2.999935785512960335e-02
7.099999999999999645e-01 2.999935785512738290e-02
7.199999999999999734e-01 2.999935785513033887e-02
7.299999999999999822e-01 2.999935785513319075e-02
7.399999999999999911e-01 2.999935785513375280e-02
7.500000000000000000e-01 2.999935785513192094e-02
7.600000000000000089e-01 2.999935785513216033e-02
7.700000000000000178e-01 2.999935785513441200e-02
7.800000000000000266e-01 2.999935785513788838e-02
7.900000000000000355e-01 2.999935785513354464e-02
8.000000000000000444e-01 2.999935785513484915e-02
8.100000000000000533e-01 2.999935785513605305e-02
8.200000000000000622e-01 2.999935785513628203e-02
8.300000000000000711e-01 2.999935785513561590e-02
8.399999999999999689e-01 2.999935785513440159e-02
8.499999999999999778e-01 2.999935785513523079e-02
8.599999999999999867e-01 2.999935785513835676e-02
8.699999999999999956e-01 2.999935785513600794e-02
8.800000000000000044e-01 2.999935785513566794e-02
8.900000000000000133e-01 2.999935785513462710e-02
9.000000000000000222e-01 2.999935785513363831e-02
9.100000000000000311e-01 2.999935785513571304e-02
9.200000000000000400e-01 2.999935785513697245e-02
9.300000000000000488e-01 2.999935785513427322e-02
9.400000000000000577e-01 2.999935785513520997e-02
9.500000000000000666e-01 2.999935785513667755e-02
9.599999999999999645e-01 2.999935785513647979e-02
9.699999999999999734e-01 2.999935785513655959e-02
9.799999999999999822e-01 2.999935785513489425e-02
9.899999999999999911e-01 2.999935785513609468e-02
1.000000000000000000e+00 2.999935785513493935e-02
1.010000000000000009e+00 2.999935785513315953e-02
1.020000000000000018e+00 2.999935785513330178e-02
1.030000000000000027e+00 2.999935785513358974e-02
1.040000000000000036e+00 2.999935785513202155e-02
1.050000000000000044e+00 2.999935785513133113e-02
1.060000000000000053e+00 2.999935785513146991e-02
1.070000000000000062e+00 2.999935785513163297e-02
1.080000000000000071e+00 2.999935785513037356e-02
1.090000000000000080e+00 2.999935785512940906e-02
1.100000000000000089e+00 2.999935785512687983e-02
1.110000000000000098e+00 2.999935785512705677e-02
1.120000000000000107e+00 2.999935785512508613e-02
1.130000000000000115e+00 2.999935785512327507e-02
1.140000000000000124e+00 2.999935785512340691e-02
1.150000000000000133e+00 2.999935785512497510e-02
1.159999999999999920e+00 2.999935785512267486e-02
1.169999999999999929e+00 2.999935785512064523e-02
1.179999999999999938e+00 2.999935785511827907e-02
1.189999999999999947e+00 2.999935785511889663e-02
1.199999999999999956e+00 2.999935785511431696e-02
1.209999999999999964e+00 2.999935785511534045e-02
1.219999999999999973e+00 2.999935785511366818e-02
1.229999999999999982e+00 2.999935785511299857e-02
1.239999999999999991e+00 2.999935785511213121e-02
1.250000000000000000e+00 2.999935785510860278e-02
1.260000000000000009e+00 2.999935785510679867e-02
1.270000000000000018e+00 2.999935785510781522e-02
1.280000000000000027e+00 2.999935785510612907e-02
1.290000000000000036e+00 2.999935785510472741e-02
1.300000000000000044e+00 2.999935785510465108e-02
1.310000000000000053e+00 2.999935785510172287e-02
1.320000000000000062e+00 2.999935785509959263e-02
1.330000000000000071e+00 2.999935785510025529e-02
1.340000000000000080e+00 2.999935785509729239e-02
1.350000000000000089e+00 2.999935785509753178e-02
1.360000000000000098e+00 2.999935785509647707e-02
1.370000000000000107e+00 2.999935785509613012e-02
1.380000000000000115e+00 2.999935785509274394e-02
1.390000000000000124e+00 2.999935785509439887e-02
1.400000000000000133e+00 2.999935785509273700e-02
1.409999999999999920e+00 2.999935785509224434e-02
1.419999999999999929e+00 2.999935785508960062e-02
1.429999999999999938e+00 2.999935785508946531e-02
1.439999999999999947e+00 2.999935785508937858e-02
1.449999999999999956e+00 2.999935785508942715e-02
1.459999999999999964e+00 2.999935785508829264e-02
1.469999999999999973e+00 2.999935785508740793e-02
1.479999999999999982e+00 2.999935785508885122e-02
1.489999999999999991e+00 2.999935785508606179e-02
1.500000000000000000e+00 2.999935785508921898e-02
1.510000000000000009e+00 2.999935785508734895e-02
1.520000000000000018e+00 2.999935785508700548e-02
1.530000000000000027e+00 2.999935785508569749e-02
1.540000000000000036e+00 2.999935785508570790e-02
1.550000000000000044e+00 2.999935785508718589e-02
1.560000000000000053e+00 2.999935785508762304e-02
1.570000000000000062e+00 2.999935785508557953e-02
1.580000000000000071e+00 2.999935785508750508e-02
1.590000000000000080e+00 2.999935785508563157e-02
1.600000000000000089e+00 2.999935785508705405e-02
1.610000000000000098e+00 2.999935785508759181e-02
1.620000000000000107e+00 2.999935785508685629e-02
1.630000000000000115e+00 2.999935785508760916e-02
1.640000000000000124e+00 2.999935785508988859e-02
1.650000000000000133e+00 2.999935785508818509e-02
1.660000000000000142e+00 2.999935785508810182e-02
1.669999999999999929e+00 2.999935785508885122e-02
1.679999999999999938e+00 2.999935785508956593e-02
1.689999999999999947e+00 2.999935785508973246e-02
1.699999999999999956e+00 2.999935785509069003e-02
1.709999999999999964e+00 2.999935785509120698e-02
1.719999999999999973e+00 2.999935785509061023e-02
1.729999999999999982e+00 2.999935785509068309e-02
1.739999999999999991e+00 2.999935785509301109e-02
1.750000000000000000e+00 2.999935785509344477e-02
1.760000000000000009e+00 2.999935785509193903e-02
1.770000000000000018e+00 2.999935785509233455e-02
1.780000000000000027e+00 2.999935785509299721e-02
1.790000000000000036e+00 2.999935785509550562e-02
1.800000000000000044e+00 2.999935785509543623e-02
1.810000000000000053e+00 2.999935785509671646e-02
1.820000000000000062e+00 2.999935785509715708e-02
1.830000000000000071e+00 2.999935785509719871e-02
1.840000000000000080e+00 2.999935785509598093e-02
1.850000000000000089e+00 2.999935785509953712e-02
1.860000000000000098e+00 2.999935785509909303e-02
1.870000000000000107e+00 2.999935785509814934e-02
1.880000000000000115e+00 2.999935785509830199e-02
1.890000000000000124e+00 2.999935785509853445e-02
1.900000000000000133e+00 2.999935785509844424e-02
1.910000000000000142e+00 2.999935785510015121e-02
1.919999999999999929e+00 2.999935785510132735e-02
1.929999999999999938e+00 2.999935785510060571e-02
1.939999999999999947e+00 2.999935785510048775e-02
1.949999999999999956e+00 2.999935785510272207e-02
1.959999999999999964e+00 2.999935785510287820e-02
1.969999999999999973e+00 2.999935785510293024e-02
1.979999999999999982e+00 2.999935785510438047e-02
1.989999999999999991e+00 2.999935785510570926e-02
2.000000000000000000e+00 2.999935785510459904e-02
2.010000000000000231e+00 2.999935785510455394e-02
2.020000000000000018e+00 2.999935785510497374e-02
2.030000000000000249e+00 2.999935785510694092e-02
2.040000000000000036e+00 2.999935785510825237e-02
2.049999999999999822e+00 2.999935785510561559e-02
2.060000000000000053e+00 2.999935785510800951e-02
2.069999999999999840e+00 2.999935785510740235e-02
2.080000000000000071e+00 2.999935785510888728e-02
2.089999999999999858e+00 2.999935785510962974e-02
2.100000000000000089e+00 2.999935785510998709e-02
2.109999999999999876e+00 2.999935785511226999e-02
2.120000000000000107e+00 2.999935785511224223e-02
2.129999999999999893e+00 2.999935785511235325e-02
2.140000000000000124e+00 2.999935785511249897e-02
2.149999999999999911e+00 2.999935785511330388e-02
2.160000000000000142e+00 2.999935785511321715e-02
2.169999999999999929e+00 2.999935785511610720e-02
2.180000000000000160e+00 2.999935785511556596e-02
2.189999999999999947e+00 2.999935785511568392e-02
2.200000000000000178e+00 2.999935785511741171e-02
2.209999999999999964e+00 2.999935785511720354e-02
2.220000000000000195e+00 2.999935785511841091e-02
2.229999999999999982e+00 2.999935785511851846e-02
2.240000000000000213e+00 2.999935785511935807e-02
2.250000000000000000e+00 2.999935785511886541e-02
2.260000000000000231e+00 2.999935785512122810e-02
2.270000000000000018e+00 2.999935785512046482e-02
2.280000000000000249e+00 2.999935785512210934e-02
2.290000000000000036e+00 2.999935785512217526e-02
2.300000000000000266e+00 2.999935785512177627e-02
2.310000000000000053e+00 2.999935785512205036e-02
2.319999999999999840e+00 2.999935785512343467e-02
2.330000000000000071e+00 2.999935785512300793e-02
2.339999999999999858e+00 2.999935785512373651e-02
2.350000000000000089e+00 2.999935785512330630e-02
2.359999999999999876e+00 2.999935785512453101e-02
2.370000000000000107e+00 2.999935785512334446e-02
2.379999999999999893e+00 2.999935785512476000e-02
2.390000000000000124e+00 2.999935785512605063e-02
2.399999999999999911e+00 2.999935785512430203e-02
2.410000000000000142e+00 2.999935785512544001e-02
2.419999999999999929e+00 2.999935785512579389e-02
2.430000000000000160e+00 2.999935785512583900e-02
2.439999999999999947e+00 2.999935785512696657e-02
2.450000000000000178e+00 2.999935785512436795e-02
2.459999999999999964e+00 2.999935785512582165e-02
2.470000000000000195e+00 2.999935785512486408e-02
2.479999999999999982e+00 2.999935785512536715e-02
2.490000000000000213e+00 2.999935785512564818e-02
2.500000000000000000e+00 2.999935785512727882e-02
2.510000000000000231e+00 2.999935785512611308e-02
2.520000000000000018e+00 2.999935785512770903e-02
2.530000000000000249e+00 2.999935785512613737e-02
2.540000000000000036e+00 2.999935785512573144e-02
2.550000000000000266e+00 2.999935785512761882e-02
2.560000000000000053e+00 2.999935785512619635e-02
2.569999999999999840e+00 2.999935785512587369e-02
2.580000000000000071e+00 2.999935785512608533e-02
2.589999999999999858e+00 2.999935785512487449e-02
2.600000000000000089e+00 2.999935785512689024e-02
2.609999999999999876e+00 2.999935785512562736e-02
2.620000000000000107e+00 2.999935785512633166e-02
2.629999999999999893e+00 2.999935785512673758e-02
2.640000000000000124e+00 2.999935785512685554e-02
2.649999999999999911e+00 2.999935785512660574e-02
2.660000000000000142e+00 2.999935785512641839e-02
2.669999999999999929e+00 2.999935785512823291e-02
2.680000000000000160e+00 2.999935785512625186e-02
2.689999999999999947e+00 2.999935785512648778e-02
2.700000000000000178e+00 2.999935785512712616e-02
2.709999999999999964e+00 2.999935785512683126e-02
2.720000000000000195e+00 2.999935785512804903e-02
2.729999999999999982e+00 2.999935785512721290e-02
2.740000000000000213e+00 2.999935785512868741e-02
2.750000000000000000e+00 2.999935785512769862e-02
2.760000000000000231e+00 2.999935785512549552e-02
2.770000000000000018e+00 2.999935785512800740e-02
2.780000000000000249e+00 2.999935785512670636e-02
2.790000000000000036e+00 2.999935785512711228e-02
2.800000000000000266e+00 2.999935785512680697e-02
2.810000000000000053e+00 2.999935785512702902e-02
2.819999999999999840e+00 2.999935785512734474e-02
2.830000000000000071e+00 2.999935785512654676e-02
2.839999999999999858e+00 2.999935785512818781e-02
2.850000000000000089e+00 2.999935785512642533e-02
2.859999999999999876e+00 2.999935785512715392e-02
2.870000000000000107e+00 2.999935785512605063e-02
2.879999999999999893e+00 2.999935785512655370e-02
2.890000000000000124e+00 2.999935785512637676e-02
2.899999999999999911e+00 2.999935785512629002e-02
2.910000000000000142e+00 2.999935785512522490e-02
2.919999999999999929e+00 2.999935785512591532e-02
2.930000000000000160e+00 2.999935785512626574e-02
2.939999999999999947e+00 2.999935785512544695e-02
2.950000000000000178e+00 2.999935785512445122e-02
2.959999999999999964e+00 2.999935785512455183e-02
2.970000000000000195e+00 2.999935785512499939e-02
2.979999999999999982e+00 2.999935785512512776e-02
2.990000000000000213e+00 2.999935785512325426e-02
3.000000000000000000e+00 2.999935785512211281e-02
3.010000000000000231e+00 2.999935785512271302e-02
3.020000000000000018e+00 2.999935785512259506e-02
3.030000000000000249e+00 2.999935785512161668e-02
3.040000000000000036e+00 2.999935785512187342e-02
3.050000000000000266e+00 2.999935785512050299e-02
3.060000000000000053e+00 2.999935785512060707e-02
3.070000000000000284e+00 2.999935785511980563e-02
3.080000000000000071e+00 2.999935785511850111e-02
3.089999999999999858e+00 2.999935785511847683e-02
3.100000000000000089e+00 2.999935785511751579e-02
3.109999999999999876e+00 2.999935785511676292e-02
3.120000000000000107e+00 2.999935785511643332e-02
3.129999999999999893e+00 2.999935785511629455e-02
3.140000000000000124e+00 2.999935785511527800e-02
3.149999999999999911e+00 2.999935785511377573e-02
3.160000000000000142e+00 2.999935785511295694e-02
3.169999999999999929e+00 2.999935785511493105e-02
3.180000000000000160e+00 2.999935785511373409e-02
3.189999999999999947e+00 2.999935785511247816e-02
3.200000000000000178e+00 2.999935785511154834e-02
3.209999999999999964e+00 2.999935785511082323e-02
3.220000000000000195e+00 2.999935785511040690e-02
3.229999999999999982e+00 2.999935785511070180e-02
3.240000000000000213e+00 2.999935785511066016e-02
3.250000000000000000e+00 2.999935785510889075e-02
3.260000000000000231e+00 2.999935785510799216e-02
3.270000000000000018e+00 2.999935785510797134e-02
3.280000000000000249e+00 2.999935785510624703e-02
3.290000000000000036e+00 2.999935785510664948e-02
3.300000000000000266e+00 2.999935785510672234e-02
3.310000000000000053e+00 2.999935785510601458e-02
3.320000000000000284e+00 2.999935785510515762e-02
3.330000000000000071e+00 2.999935785510456088e-02
3.339999999999999858e+00 2.999935785510478986e-02
3.350000000000000089e+00 2.999935785510374903e-02
3.359999999999999876e+00 2.999935785510485231e-02
3.370000000000000107e+00 2.999935785510437700e-02
3.379999999999999893e+00 2.999935785510402658e-02
3.390000000000000124e+00 2.999935785510375597e-02
3.399999999999999911e+00 2.999935785510532069e-02
3.410000000000000142e+00 2.999935785510270125e-02
3.419999999999999929e+00 2.999935785510263880e-02
3.430000000000000160e+00 2.999935785510264921e-02
3.439999999999999947e+00 2.999935785510236819e-02
3.450000000000000178e+00 2.999935785510362413e-02
3.459999999999999964e+00 2.999935785510257635e-02
3.470000000000000195e+00 2.999935785510227104e-02
3.479999999999999982e+00 2.999935785510240288e-02
3.490000000000000213e+00 2.999935785510131347e-02
3.500000000000000000e+00 2.999935785510184083e-02
3.510000000000000231e+00 2.999935785510090408e-02
3.520000000000000018e+00 2.999935785510177838e-02
3.530000000000000249e+00 2.999935785510152858e-02
3.540000000000000036e+00 2.999935785510119898e-02
3.550000000000000266e+00 2.999935785510169858e-02
3.560000000000000053e+00 2.999935785510166389e-02
3.570000000000000284e+00 2.999935785510116082e-02
3.580000000000000071e+00 2.999935785510145225e-02
3.589999999999999858e+00 2.999935785510077224e-02
3.600000000000000089e+00 2.999935785510136552e-02
3.609999999999999876e+00 2.999935785510127878e-02
3.620000000000000107e+00 2.999935785510120939e-02
3.629999999999999893e+00 2.999935785510102898e-02
3.640000000000000124e+00 2.999935785510202471e-02
3.649999999999999911e+00 2.999935785510129266e-02
3.660000000000000142e+00 2.999935785510150082e-02
3.669999999999999929e+00 2.999935785510140021e-02
3.680000000000000160e+00 2.999935785510161185e-02
3.689999999999999947e+00 2.999935785510150082e-02
3.700000000000000178e+00 2.999935785510140368e-02
3.709999999999999964e+00 2.999935785510125102e-02
3.720000000000000195e+00 2.999935785510106367e-02
3.729999999999999982e+00 2.999935785510074795e-02
3.740000000000000213e+00 2.999935785510187553e-02
3.750000000000000000e+00 2.999935785510122327e-02
3.760000000000000231e+00 2.999935785510137592e-02
3.770000000000000018e+00 2.999935785510133776e-02
3.780000000000000249e+00 2.999935785510136552e-02
3.790000000000000036e+00 2.999935785510150082e-02
3.800000000000000266e+00 2.999935785510239247e-02
3.810000000000000053e+00 2.999935785510305861e-02
3.820000000000000284e+00 2.999935785510249309e-02
3.830000000000000071e+00 2.999935785510247921e-02
3.839999999999999858e+00 2.999935785510275676e-02
3.850000000000000089e+00 2.999935785510333269e-02
3.859999999999999876e+00 2.999935785510360331e-02
3.870000000000000107e+00 2.999935785510344372e-02
3.879999999999999893e+00 2.999935785510373515e-02
3.890000000000000124e+00 2.999935785510387740e-02
3.899999999999999911e+00 2.999935785510379760e-02
3.910000000000000142e+00 2.999935785510454006e-02
3.919999999999999929e+00 2.999935785510436659e-02
3.930000000000000160e+00 2.999935785510479680e-02
3.939999999999999947e+00 2.999935785510449149e-02
3.950000000000000178e+00 2.999935785510451230e-02
3.959999999999999964e+00 2.999935785510464414e-02
3.970000000000000195e+00 2.999935785510458863e-02
3.979999999999999982e+00 2.999935785510467190e-02
3.990000000000000213e+00 2.999935785510419312e-02
4.000000000000000000e+00 2.999935785510416883e-02
4.009999999999999787e+00 2.999935785510442210e-02
4.020000000000000462e+00 2.999935785510428332e-02
4.030000000000000249e+00 2.999935785510401270e-02
4.040000000000000036e+00 2.999935785510400924e-02
4.049999999999999822e+00 2.999935785510396413e-02
4.060000000000000497e+00 2.999935785510381148e-02
4.070000000000000284e+00 2.999935785510351310e-02
4.080000000000000071e+00 2.999935785510334657e-02
4.089999999999999858e+00 2.999935785510333269e-02
4.099999999999999645e+00 2.999935785510279146e-02
4.110000000000000320e+00 2.999935785510244451e-02
4.120000000000000107e+00 2.999935785510260758e-02
4.129999999999999893e+00 2.999935785510269085e-02
4.139999999999999680e+00 2.999935785510249656e-02
4.150000000000000355e+00 2.999935785510202124e-02
4.160000000000000142e+00 2.999935785510147307e-02
4.169999999999999929e+00 2.999935785510129266e-02
4.179999999999999716e+00 2.999935785510112612e-02
4.190000000000000391e+00 2.999935785510058489e-02
4.200000000000000178e+00 2.999935785510043917e-02
4.209999999999999964e+00 2.999935785510043570e-02
4.219999999999999751e+00 2.999935785509971059e-02
4.230000000000000426e+00 2.999935785509967243e-02
4.240000000000000213e+00 2.999935785509950242e-02
4.250000000000000000e+00 2.999935785509979733e-02
4.259999999999999787e+00 2.999935785509961692e-02
4.270000000000000462e+00 2.999935785509978692e-02
4.280000000000000249e+00 2.999935785509923875e-02
4.290000000000000036e+00 2.999935785509982161e-02
4.299999999999999822e+00 2.999935785509975222e-02
4.310000000000000497e+00 2.999935785509956834e-02
4.320000000000000284e+00 2.999935785509975916e-02
4.330000000000000071e+00 2.999935785509962038e-02
4.339999999999999858e+00 2.999935785510025529e-02
4.350000000000000533e+00 2.999935785510027264e-02
4.360000000000000320e+00 2.999935785510024489e-02
4.370000000000000107e+00 2.999935785510078612e-02
4.379999999999999893e+00 2.999935785510082081e-02
4.389999999999999680e+00 2.999935785510110531e-02
4.400000000000000355e+00 2.999935785510096653e-02
4.410000000000000142e+00 2.999935785510117817e-02
4.419999999999999929e+00 2.999935785510141756e-02
4.429999999999999716e+00 2.999935785510149389e-02
4.440000000000000391e+00 2.999935785510167777e-02
4.450000000000000178e+00 2.999935785510207328e-02
4.459999999999999964e+00 2.999935785510218778e-02
4.469999999999999751e+00 2.999935785510219471e-02
4.480000000000000426e+00 2.999935785510263880e-02
4.490000000000000213e+00 2.999935785510280881e-02
4.500000000000000000e+00 2.999935785510293718e-02
4.509999999999999787e+00 2.999935785510302738e-02
4.520000000000000462e+00 2.999935785510316616e-02
4.530000000000000249e+00 2.999935785510326677e-02
4.540000000000000036e+00 2.999935785510333269e-02
4.549999999999999822e+00 2.999935785510333269e-02
4.560000000000000497e+00 2.999935785510337086e-02
4.570000000000000284e+00 2.999935785510326677e-02
4.580000000000000071e+00 2.999935785510330841e-02
4.589999999999999858e+00 2.999935785510300310e-02
4.600000000000000533e+00 2.999935785510287473e-02
4.610000000000000320e+00 2.999935785510271513e-02
4.620000000000000107e+00 2.999935785510262840e-02
4.629999999999999893e+00 2.999935785510246186e-02
4.639999999999999680e+00 2.999935785510223288e-02
4.650000000000000355e+00 2.999935785510203165e-02
4.660000000000000142e+00 2.999935785510191022e-02
4.669999999999999929e+00 2.999935785510171246e-02
4.679999999999999716e+00 2.999935785510157368e-02
4.690000000000000391e+00 2.999935785510136899e-02
4.700000000000000178e+00 2.999935785510118164e-02
4.709999999999999964e+00 2.999935785510097694e-02
4.719999999999999751e+00 2.999935785510084857e-02
4.730000000000000426e+00 2.999935785510065081e-02
4.740000000000000213e+00 2.999935785510057101e-02
4.750000000000000000e+00 2.999935785510041142e-02
4.759999999999999787e+00 2.999935785510033509e-02
4.770000000000000462e+00 2.999935785510022060e-02
4.780000000000000249e+00 2.999935785510016162e-02
4.790000000000000036e+00 2.999935785510011652e-02
4.799999999999999822e+00 2.999935785510009917e-02
4.810000000000000497e+00 2.999935785510007835e-02
4.820000000000000284e+00 2.999935785510008876e-02
4.830000000000000071e+00 2.999935785510008529e-02
4.839999999999999858e+00 2.999935785510013733e-02
4.850000000000000533e+00 2.999935785510010264e-02
4.860000000000000320e+00 2.999935785510011305e-02
4.870000000000000107e+00 2.999935785510017897e-02
4.879999999999999893e+00 2.999935785510023448e-02
4.889999999999999680e+00 2.999935785510032121e-02
4.900000000000000355e+00 2.999935785510043224e-02
4.910000000000000142e+00 2.999935785510054326e-02
4.919999999999999929e+00 2.999935785510072367e-02
4.929999999999999716e+00 2.999935785510087632e-02
4.940000000000000391e+00 2.999935785510108449e-02
4.950000000000000178e+00 2.999935785510134470e-02
4.959999999999999964e+00 2.999935785510161879e-02
4.969999999999999751e+00 2.999935785510196920e-02
4.980000000000000426e+00 2.999935785510230921e-02
4.990000000000000213e+00 2.999935785510265615e-02
5.000000000000000000e+00 2.999935785510304820e-02
5.009999999999999787e+00 2.999935785510343331e-02
5.020000000000000462e+00 2.999935785510383923e-02
5.030000000000000249e+00 2.999935785510427985e-02
5.040000000000000036e+00 2.999935785510469965e-02
5.049999999999999822e+00 2.999935785510516456e-02
5.060000000000000497e+00 2.999935785510556355e-02
5.070000000000000284e+00 2.999935785510596253e-02
5.080000000000000071e+00 2.999935785510631989e-02
5.089999999999999858e+00 2.999935785510666683e-02
5.100000000000000533e+00 2.999935785510700337e-02
5.110000000000000320e+00 2.999935785510730868e-02
5.120000000000000107e+00 2.999935785510760358e-02
5.129999999999999893e+00 2.999935785510788461e-02
5.139999999999999680e+00 2.999935785510813441e-02
5.150000000000000355e+00 2.999935785510838768e-02
5.160000000000000142e+00 2.999935785510860625e-02
5.169999999999999929e+00 2.999935785510881442e-02
5.179999999999999716e+00 2.999935785510901912e-02
5.190000000000000391e+00 2.999935785510923075e-02
5.200000000000000178e+00 2.999935785510942157e-02
5.209999999999999964e+00 2.999935785510959504e-02
5.219999999999999751e+00 2.999935785510972341e-02
5.230000000000000426e+00 2.999935785510983444e-02
5.240000000000000213e+00 2.999935785510993158e-02
5.250000000000000000e+00 2.999935785510997321e-02
5.259999999999999787e+00 2.999935785510998362e-02
5.270000000000000462e+00 2.999935785511001485e-02
5.280000000000000249e+00 2.999935785510996628e-02
5.290000000000000036e+00 2.999935785510992464e-02
5.299999999999999822e+00 2.999935785510984138e-02
5.310000000000000497e+00 2.999935785510965403e-02
5.320000000000000284e+00 2.999935785510951525e-02
5.330000000000000071e+00 2.999935785510937647e-02
5.339999999999999858e+00 2.999935785510913361e-02
5.350000000000000533e+00 2.999935785510891850e-02
5.360000000000000320e+00 2.999935785510868952e-02
5.370000000000000107e+00 2.999935785510851605e-02
5.379999999999999893e+00 2.999935785510830094e-02
5.389999999999999680e+00 2.999935785510803032e-02
5.400000000000000355e+00 2.999935785510784297e-02
5.410000000000000142e+00 2.999935785510750644e-02
5.419999999999999929e+00 2.999935785510734684e-02
5.429999999999999716e+00 2.999935785510709010e-02
5.440000000000000391e+00 2.999935785510687847e-02
5.450000000000000178e+00 2.999935785510657316e-02
5.459999999999999964e+00 2.999935785510619499e-02
5.469999999999999751e+00 2.999935785510590355e-02
5.480000000000000426e+00 2.999935785510557049e-02
5.490000000000000213e+00 2.999935785510527558e-02
5.500000000000000000e+00 2.999935785510485231e-02
5.509999999999999787e+00 2.999935785510450537e-02
5.520000000000000462e+00 2.999935785510413067e-02
5.530000000000000249e+00 2.999935785510366576e-02
5.540000000000000036e+00 2.999935785510341249e-02
5.549999999999999822e+00 2.999935785510294758e-02
5.560000000000000497e+00 2.999935785510261105e-02
5.570000000000000284e+00 2.999935785510229533e-02
5.580000000000000071e+00 2.999935785510197961e-02
5.589999999999999858e+00 2.999935785510144878e-02
5.600000000000000533e+00 2.999935785510101510e-02
5.610000000000000320e+00 2.999935785510094224e-02
5.620000000000000107e+00 2.999935785510052244e-02
5.629999999999999893e+00 2.999935785510030387e-02
5.639999999999999680e+00 2.999935785509991529e-02
5.650000000000000355e+00 2.999935785509958916e-02
5.660000000000000142e+00 2.999935785509950242e-02
5.669999999999999929e+00 2.999935785509934977e-02
5.679999999999999716e+00 2.999935785509910691e-02
5.690000000000000391e+00 2.999935785509878772e-02
5.700000000000000178e+00 2.999935785509853098e-02
5.709999999999999964e+00 2.999935785509875302e-02
5.719999999999999751e+00 2.999935785509848241e-02
5.730000000000000426e+00 2.999935785509819097e-02
5.740000000000000213e+00 2.999935785509825342e-02
5.750000000000000000e+00 2.999935785509814587e-02
5.759999999999999787e+00 2.999935785509818403e-02
5.770000000000000462e+00 2.999935785509819791e-02
5.780000000000000249e+00 2.999935785509861425e-02
5.790000000000000036e+00 2.999935785509863853e-02
5.799999999999999822e+00 2.999935785509852404e-02
5.810000000000000497e+00 2.999935785509894731e-02
5.820000000000000284e+00 2.999935785509930466e-02
5.830000000000000071e+00 2.999935785509962732e-02
5.839999999999999858e+00 2.999935785509991182e-02
5.850000000000000533e+00 2.999935785510010611e-02
5.860000000000000320e+00 2.999935785510095265e-02
5.870000000000000107e+00 2.999935785510140368e-02
5.879999999999999893e+00 2.999935785510197267e-02
5.889999999999999680e+00 2.999935785510197614e-02
5.900000000000000355e+00 2.999935785510273248e-02
5.910000000000000142e+00 2.999935785510369352e-02
5.919999999999999929e+00 2.999935785510413414e-02
5.929999999999999716e+00 2.999935785510480374e-02
5.940000000000000391e+00 2.999935785510540395e-02
5.950000000000000178e+00 2.999935785510624009e-02
5.959999999999999964e+00 2.999935785510712827e-02
5.969999999999999751e+00 2.999935785510761052e-02
5.980000000000000426e+00 2.999935785510832523e-02
5.990000000000000213e+00 2.999935785510902952e-02
6.000000000000000000e+00 2.999935785510922034e-02
6.009999999999999787e+00 2.999935785511011893e-02
6.020000000000000462e+00 2.999935785511023689e-02
6.030000000000000249e+00 2.999935785511072955e-02
6.040000000000000036e+00 2.999935785511156222e-02
6.049999999999999822e+00 2.999935785511206182e-02
6.060000000000000497e+00 2.999935785511222142e-02
6.070000000000000284e+00 2.999935785511299857e-02
6.080000000000000071e+00 2.999935785511350511e-02
6.089999999999999858e+00 2.999935785511369940e-02
6.100000000000000533e+00 2.999935785511421288e-02
6.110000000000000320e+00 2.999935785511437247e-02
6.120000000000000107e+00 2.999935785511486513e-02
6.129999999999999893e+00 2.999935785511546535e-02
6.140000000000000568e+00 2.999935785511556596e-02
6.150000000000000355e+00 2.999935785511544453e-02
6.160000000000000142e+00 2.999935785511631883e-02
6.169999999999999929e+00 2.999935785511644720e-02
6.179999999999999716e+00 2.999935785511683578e-02
6.190000000000000391e+00 2.999935785511669006e-02
6.200000000000000178e+00 2.999935785511706129e-02
6.209999999999999964e+00 2.999935785511707864e-02
6.219999999999999751e+00 2.999935785511718273e-02
6.230000000000000426e+00 2.999935785511720701e-02
6.240000000000000213e+00 2.999935785511663455e-02
6.250000000000000000e+00 2.999935785511743946e-02
6.259999999999999787e+00 2.999935785511676292e-02
6.270000000000000462e+00 2.999935785511692599e-02
6.280000000000000249e+00 2.999935785511669353e-02
6.290000000000000036e+00 2.999935785511594760e-02
6.299999999999999822e+00 2.999935785511498657e-02
6.310000000000000497e+00 2.999935785511712028e-02
6.320000000000000284e+00 2.999935785511617659e-02
6.330000000000000071e+00 2.999935785511562147e-02
6.339999999999999858e+00 2.999935785511515657e-02
6.350000000000000533e+00 2.999935785511488942e-02
6.360000000000000320e+00 2.999935785511455982e-02
6.370000000000000107e+00 2.999935785511442105e-02
6.379999999999999893e+00 2.999935785511397002e-02
6.390000000000000568e+00 2.999935785511287367e-02
6.400000000000000355e+00 2.999935785511184672e-02
6.410000000000000142e+00 2.999935785511246428e-02
6.419999999999999929e+00 2.999935785511151712e-02
6.429999999999999716e+00 2.999935785511171488e-02
6.440000000000000391e+00 2.999935785511051445e-02
6.450000000000000178e+00 2.999935785511090303e-02
6.459999999999999964e+00 2.999935785510924463e-02
6.469999999999999751e+00 2.999935785510894626e-02
6.480000000000000426e+00 2.999935785510843278e-02
6.490000000000000213e+00 2.999935785510771807e-02
6.500000000000000000e+00 2.999935785510752378e-02
6.509999999999999787e+00 2.999935785510705194e-02
6.520000000000000462e+00 2.999935785510569886e-02
6.530000000000000249e+00 2.999935785510521660e-02
6.540000000000000036e+00 2.999935785510637887e-02
6.549999999999999822e+00 2.999935785510560865e-02
6.560000000000000497e+00 2.999935785510526171e-02
6.570000000000000284e+00 2.999935785510419312e-02
6.580000000000000071e+00 2.999935785510414801e-02
6.589999999999999858e+00 2.999935785510344718e-02
6.600000000000000533e+00 2.999935785510406822e-02
6.610000000000000320e+00 2.999935785510288166e-02
6.620000000000000107e+00 2.999935785510255901e-02
6.629999999999999893e+00 2.999935785510261105e-02
6.640000000000000568e+00 2.999935785510228145e-02
6.650000000000000355e+00 2.999935785510323555e-02
6.660000000000000142e+00 2.999935785510114000e-02
6.669999999999999929e+00 2.999935785510149389e-02
6.679999999999999716e+00 2.999935785510237513e-02
6.690000000000000391e+00 2.999935785510392597e-02
6.700000000000000178e+00 2.999935785510219818e-02
6.709999999999999964e+00 2.999935785510320432e-02
6.719999999999999751e+00 2.999935785510344025e-02
6.730000000000000426e+00 2.999935785510375250e-02
6.740000000000000213e+00 2.999935785510283309e-02
6.750000000000000000e+00 2.999935785510482456e-02
6.759999999999999787e+00 2.999935785510490435e-02
6.770000000000000462e+00 2.999935785510498068e-02
6.780000000000000249e+00 2.999935785510543865e-02
6.790000000000000036e+00 2.999935785510581335e-02
6.799999999999999822e+00 2.999935785510547334e-02
6.810000000000000497e+00 2.999935785510750991e-02
6.820000000000000284e+00 2.999935785510748215e-02
6.830000000000000071e+00 2.999935785510799563e-02
6.839999999999999858e+00 2.999935785510831829e-02
6.850000000000000533e+00 2.999935785510989342e-02
6.860000000000000320e+00 2.999935785511056649e-02
6.870000000000000107e+00 2.999935785511042424e-02
6.879999999999999893e+00 2.999935785511182937e-02
6.890000000000000568e+00 2.999935785511274530e-02
6.900000000000000355e+00 2.999935785511352593e-02
6.910000000000000142e+00 2.999935785511369593e-02
6.919999999999999929e+00 2.999935785511376532e-02
6.929999999999999716e+00 2.999935785511433778e-02
6.940000000000000391e+00 2.999935785511484432e-02
6.950000000000000178e+00 2.999935785511576025e-02
6.959999999999999964e+00 2.999935785511598924e-02
6.969999999999999751e+00 2.999935785511593719e-02
6.980000000000000426e+00 2.999935785511631536e-02
6.990000000000000213e+00 2.999935785511654435e-02
7.000000000000000000e+00 2.999935785511762681e-02
7.009999999999999787e+00 2.999935785511763375e-02
7.020000000000000462e+00 2.999935785511733538e-02
7.030000000000000249e+00 2.999935785511862602e-02
7.040000000000000036e+00 2.999935785511750885e-02
7.049999999999999822e+00 2.999935785511748804e-02
7.060000000000000497e+00 2.999935785511802927e-02
7.070000000000000284e+00 2.999935785511778988e-02
7.080000000000000071e+00 2.999935785511754355e-02
7.089999999999999858e+00 2.999935785511860520e-02
7.100000000000000533e+00 2.999935785511718966e-02
7.110000000000000320e+00 2.999935785511699537e-02
7.120000000000000107e+00 2.999935785511693292e-02
7.129999999999999893e+00 2.999935785511694680e-02
7.140000000000000568e+00 2.999935785511630149e-02
7.150000000000000355e+00 2.999935785511602393e-02
7.160000000000000142e+00 2.999935785511555555e-02
7.169999999999999929e+00 2.999935785511475758e-02
7.179999999999999716e+00 2.999935785511528494e-02
7.190000000000000391e+00 2.999935785511527453e-02
7.200000000000000178e+00 2.999935785511424063e-02
7.209999999999999964e+00 2.999935785511436553e-02
7.219999999999999751e+00 2.999935785511494493e-02
7.230000000000000426e+00 2.999935785511279387e-02
7.240000000000000213e+00 2.999935785511343572e-02
7.250000000000000000e+00 2.999935785511359532e-02
7.259999999999999787e+00 2.999935785511305408e-02
7.270000000000000462e+00 2.999935785511233938e-02
7.280000000000000249e+00 2.999935785511213815e-02
7.290000000000000036e+00 2.999935785511154140e-02
7.299999999999999822e+00 2.999935785511193692e-02
7.310000000000000497e+00 2.999935785511130895e-02
7.320000000000000284e+00 2.999935785511133324e-02
7.330000000000000071e+00 2.999935785511115977e-02
7.339999999999999858e+00 2.999935785511121528e-02
7.350000000000000533e+00 2.999935785511080588e-02
7.360000000000000320e+00 2.999935785511114589e-02
7.370000000000000107e+00 2.999935785510873115e-02
7.379999999999999893e+00 2.999935785511131936e-02
7.390000000000000568e+00 2.999935785511061853e-02
7.400000000000000355e+00 2.999935785510984484e-02
7.410000000000000142e+00 2.999935785511010505e-02
7.419999999999999929e+00 2.999935785510917524e-02
7.429999999999999716e+00 2.999935785511017444e-02
7.440000000000000391e+00 2.999935785511020220e-02
7.450000000000000178e+00 2.999935785511000791e-02
7.459999999999999964e+00 2.999935785510932443e-02
7.469999999999999751e+00 2.999935785510992464e-02
7.480000000000000426e+00 2.999935785510836339e-02
7.490000000000000213e+00 2.999935785510855421e-02
7.500000000000000000e+00 2.999935785510968872e-02
7.509999999999999787e+00 2.999935785510963321e-02
7.520000000000000462e+00 2.999935785510958811e-02
7.530000000000000249e+00 2.999935785510988301e-02
7.540000000000000036e+00 2.999935785510885605e-02
7.549999999999999822e+00 2.999935785510968178e-02
7.560000000000000497e+00 2.999935785510985525e-02
7.570000000000000284e+00 2.999935785510910932e-02
7.580000000000000071e+00 2.999935785510954300e-02
7.589999999999999858e+00 2.999935785510961586e-02
7.600000000000000533e+00 2.999935785510925157e-02
7.610000000000000320e+00 2.999935785510848135e-02
7.620000000000000107e+00 2.999935785510909197e-02
7.629999999999999893e+00 2.999935785511050751e-02
7.640000000000000568e+00 2.999935785510913708e-02
7.650000000000000355e+00 2.999935785510932790e-02
7.660000000000000142e+00 2.999935785511083364e-02
7.669999999999999929e+00 2.999935785510909891e-02
7.679999999999999716e+00 2.999935785510915442e-02
7.690000000000000391e+00 2.999935785511082670e-02
7.700000000000000178e+00 2.999935785511018832e-02
7.709999999999999964e+00 2.999935785510940423e-02
7.719999999999999751e+00 2.999935785511038261e-02
7.730000000000000426e+00 2.999935785511023689e-02
7.740000000000000213e+00 2.999935785510908504e-02
7.750000000000000000e+00 2.999935785511052833e-02
7.759999999999999787e+00 2.999935785511157610e-02
7.770000000000000462e+00 2.999935785511035485e-02
7.780000000000000249e+00 2.999935785511108344e-02
7.790000000000000036e+00 2.999935785511222835e-02
7.799999999999999822e+00 2.999935785511220060e-02
7.810000000000000497e+00 2.999935785511211039e-02
7.820000000000000284e+00 2.999935785511117364e-02
7.830000000000000071e+00 2.999935785511251979e-02
7.839999999999999858e+00 2.999935785511192304e-02
7.850000000000000533e+00 2.999935785511303327e-02
7.860000000000000320e+00 2.999935785511355368e-02
7.870000000000000107e+00 2.999935785511501085e-02
7.879999999999999893e+00 2.999935785511611414e-02
7.890000000000000568e+00 2.999935785511483044e-02
7.900000000000000355e+00 2.999935785511479228e-02
7.910000000000000142e+00 2.999935785511591291e-02
7.919999999999999929e+00 2.999935785511667272e-02
7.930000000000000604e+00 2.999935785511682190e-02
7.940000000000000391e+00 2.999935785511580882e-02
7.950000000000000178e+00 2.999935785511568739e-02
7.959999999999999964e+00 2.999935785511689129e-02
7.969999999999999751e+00 2.999935785511995828e-02
7.980000000000000426e+00 2.999935785511761294e-02
7.990000000000000213e+00 2.999935785511950379e-02
8.000000000000000000e+00 2.999935785512133912e-02
8.009999999999999787e+00 2.999935785512014216e-02
8.019999999999999574e+00 2.999935785512043707e-02
8.029999999999999361e+00 2.999935785511949685e-02
8.040000000000000924e+00 2.999935785512145014e-02
8.050000000000000711e+00 2.999935785512151259e-02
8.060000000000000497e+00 2.999935785512332018e-02
8.070000000000000284e+00 2.999935785512405917e-02
8.080000000000000071e+00 2.999935785512396202e-02
8.089999999999999858e+00 2.999935785512401060e-02
8.099999999999999645e+00 2.999935785512584246e-02
8.109999999999999432e+00 2.999935785512702208e-02
8.120000000000000995e+00 2.999935785512619982e-02
8.130000000000000782e+00 2.999935785512578001e-02
8.140000000000000568e+00 2.999935785512681044e-02
8.150000000000000355e+00 2.999935785512777842e-02
8.160000000000000142e+00 2.999935785512882966e-02
8.169999999999999929e+00 2.999935785513096684e-02
8.179999999999999716e+00 2.999935785513142134e-02
8.189999999999999503e+00 2.999935785513066500e-02
8.199999999999999289e+00 2.999935785513252462e-02
8.210000000000000853e+00 2.999935785513246911e-02
8.220000000000000639e+00 2.999935785513436343e-02
8.230000000000000426e+00 2.999935785513406158e-02
8.240000000000000213e+00 2.999935785513498446e-02
8.250000000000000000e+00 2.999935785513626468e-02
8.259999999999999787e+00 2.999935785513728470e-02
8.269999999999999574e+00 2.999935785513692388e-02
8.279999999999999361e+00 2.999935785513983474e-02
8.290000000000000924e+00 2.999935785513953290e-02
8.300000000000000711e+00 2.999935785514147232e-02
8.310000000000000497e+00 2.999935785514303704e-02
8.320000000000000284e+00 2.999935785514446646e-02
8.330000000000000071e+00 2.999935785514551423e-02
8.339999999999999858e+00 2.999935785514445952e-02
8.349999999999999645e+00 2.999935785514574321e-02
8.359999999999999432e+00 2.999935785514729752e-02
8.370000000000000995e+00 2.999935785514924388e-02
8.380000000000000782e+00 2.999935785515060044e-02
8.390000000000000568e+00 2.999935785515147821e-02
8.400000000000000355e+00 2.999935785515190495e-02
8.410000000000000142e+00 2.999935785515305681e-02
8.419999999999999929e+00 2.999935785515278272e-02
8.429999999999999716e+00 2.999935785515426417e-02
8.439999999999999503e+00 2.999935785515342457e-02
8.449999999999999289e+00 2.999935785515547848e-02
8.460000000000000853e+00 2.999935785515658176e-02
8.470000000000000639e+00 2.999935785515774056e-02
8.480000000000000426e+00 2.999935785515654013e-02
8.490000000000000213e+00 2.999935785515947181e-02
8.500000000000000000e+00 2.999935785515754280e-02
8.509999999999999787e+00 2.999935785515807363e-02
8.519999999999999574e+00 2.999935785515974937e-02
8.529999999999999361e+00 2.999935785515954467e-02
8.540000000000000924e+00 2.999935785515937467e-02
8.550000000000000711e+00 2.999935785516044673e-02
8.560000000000000497e+00 2.999935785516074857e-02
8.570000000000000284e+00 2.999935785516100184e-02
8.580000000000000071e+00 2.999935785516030101e-02
8.589999999999999858e+00 2.999935785515889242e-02
8.599999999999999645e+00 2.999935785515971814e-02
8.609999999999999432e+00 2.999935785515715075e-02
8.620000000000000995e+00 2.999935785515909364e-02
8.630000000000000782e+00 2.999935785515809444e-02
8.640000000000000568e+00 2.999935785515930181e-02
8.650000000000000355e+00 2.999935785515668585e-02
8.660000000000000142e+00 2.999935785515712994e-02
8.669999999999999929e+00 2.999935785515592951e-02
8.679999999999999716e+00 2.999935785515616543e-02
8.689999999999999503e+00 2.999935785515396580e-02
8.700000000000001066e+00 2.999935785515270639e-02
8.710000000000000853e+00 2.999935785515026043e-02
8.720000000000000639e+00 2.999935785515203679e-02
8.730000000000000426e+00 2.999935785515019104e-02
8.740000000000000213e+00 2.999935785514876163e-02
8.750000000000000000e+00 2.999935785514773467e-02
8.759999999999999787e+00 2.999935785514636077e-02
8.769999999999999574e+00 2.999935785514403971e-02
8.779999999999999361e+00 2.999935785514327297e-02
8.790000000000000924e+00 2.999935785514278030e-02
8.800000000000000711e+00 2.999935785514152436e-02
8.810000000000000497e+00 2.999935785513997699e-02
8.820000000000000284e+00 2.999935785513945657e-02
8.830000000000000071e+00 2.999935785513758307e-02
8.839999999999999858e+00 2.999935785513486997e-02
8.849999999999999645e+00 2.999935785513405118e-02
8.859999999999999432e+00 2.999935785513445016e-02
8.870000000000000995e+00 2.999935785513132419e-02
8.880000000000000782e+00 2.999935785512964498e-02
8.890000000000000568e+00 2.999935785512953396e-02
8.900000000000000355e+00 2.999935785512700473e-02
8.910000000000000142e+00 2.999935785512689718e-02
8.919999999999999929e+00 2.999935785512651901e-02
8.929999999999999716e+00 2.999935785512391345e-02
8.939999999999999503e+00 2.999935785512364977e-02
8.950000000000001066e+00 2.999935785512373304e-02
8.960000000000000853e+00 2.999935785512065217e-02
8.970000000000000639e+00 2.999935785512177974e-02
8.980000000000000426e+00 2.999935785512053768e-02
8.990000000000000213e+00 2.999935785511916725e-02
9.000000000000000000e+00 2.999935785511861561e-02
9.009999999999999787e+00 2.999935785511737701e-02
9.019999999999999574e+00 2.999935785511671088e-02
9.029999999999999361e+00 2.999935785511642639e-02
9.040000000000000924e+00 2.999935785511445921e-02
9.050000000000000711e+00 2.999935785511419900e-02
9.060000000000000497e+00 2.999935785511481656e-02
9.070000000000000284e+00 2.999935785511571862e-02
9.080000000000000071e+00 2.999935785511605862e-02
9.089999999999999858e+00 2.999935785511372369e-02
9.099999999999999645e+00 2.999935785511432390e-02
9.109999999999999432e+00 2.999935785511607944e-02
9.120000000000000995e+00 2.999935785511246081e-02
9.130000000000000782e+00 2.999935785511353981e-02
9.140000000000000568e+00 2.999935785511501779e-02
9.150000000000000355e+00 2.999935785511507330e-02
9.160000000000000142e+00 2.999935785511331082e-02
9.169999999999999929e+00 2.999935785511404981e-02
9.179999999999999716e+00 2.999935785511522596e-02
9.189999999999999503e+00 2.999935785511575678e-02
9.200000000000001066e+00 2.999935785511640557e-02
9.210000000000000853e+00 2.999935785511783498e-02
9.220000000000000639e+00 2.999935785511946562e-02
9.230000000000000426e+00 2.999935785511624944e-02
9.240000000000000213e+00 2.999935785511875785e-02
9.250000000000000000e+00 2.999935785511879255e-02
9.259999999999999787e+00 2.999935785512063136e-02
9.269999999999999574e+00 2.999935785512249445e-02
9.279999999999999361e+00 2.999935785512164443e-02
9.290000000000000924e+00 2.999935785512112055e-02
9.300000000000000711e+00 2.999935785512251873e-02
9.310000000000000497e+00 2.999935785512083258e-02
9.320000000000000284e+00 2.999935785512305997e-02
9.330000000000000071e+00 2.999935785512417019e-02
9.339999999999999858e+00 2.999935785512571063e-02
9.349999999999999645e+00 2.999935785512056197e-02
9.359999999999999432e+00 2.999935785512370529e-02
9.370000000000000995e+00 2.999935785512401754e-02
9.380000000000000782e+00 2.999935785512455877e-02
9.390000000000000568e+00 2.999935785512908640e-02
9.400000000000000355e+00 2.999935785512604369e-02
9.410000000000000142e+00 2.999935785512421529e-02
9.419999999999999929e+00 2.999935785512968314e-02
9.429999999999999716e+00 2.999935785513014111e-02
9.439999999999999503e+00 2.999935785512750086e-02
9.450000000000001066e+00 2.999935785512824332e-02
9.460000000000000853e+00 2.999935785512898578e-02
9.470000000000000639e+00 2.999935785512726841e-02
9.480000000000000426e+00 2.999935785512797964e-02
9.490000000000000213e+00 2.999935785513093561e-02
9.500000000000000000e+00 2.999935785512952702e-02
9.509999999999999787e+00 2.999935785513159481e-02
9.519999999999999574e+00 2.999935785513159828e-02
9.529999999999999361e+00 2.999935785513071357e-02
9.540000000000000924e+00 2.999935785513046030e-02
9.550000000000000711e+00 2.999935785512833353e-02
9.560000000000000497e+00 2.999935785512922171e-02
9.570000000000000284e+00 2.999935785513006131e-02
9.580000000000000071e+00 2.999935785512985315e-02
9.589999999999999858e+00 2.999935785513094602e-02
9.599999999999999645e+00 2.999935785513105010e-02
9.609999999999999432e+00 2.999935785513128950e-02
9.620000000000000995e+00 2.999935785513101888e-02
9.630000000000000782e+00 2.999935785513411363e-02
9.640000000000000568e+00 2.999935785513046377e-02
9.650000000000000355e+00 2.999935785512924599e-02
9.660000000000000142e+00 2.999935785512899966e-02
9.669999999999999929e+00 2.999935785513083153e-02
9.679999999999999716e+00 2.999935785513106745e-02
9.689999999999999503e+00 2.999935785513513711e-02
9.700000000000001066e+00 2.999935785513299299e-02
9.710000000000000853e+00 2.999935785513357933e-02
9.720000000000000639e+00 2.999935785513822839e-02
9.730000000000000426e+00 2.999935785513442935e-02
9.740000000000000213e+00 2.999935785513545283e-02
9.750000000000000000e+00 2.999935785513623693e-02
9.759999999999999787e+00 2.999935785513753103e-02
9.769999999999999574e+00 2.999935785513595243e-02
9.779999999999999361e+00 2.999935785513682673e-02
9.790000000000000924e+00 2.999935785513684061e-02
9.800000000000000711e+00 2.999935785513502609e-02
9.810000000000000497e+00 2.999935785513768022e-02
9.820000000000000284e+00 2.999935785513773226e-02
9.830000000000000071e+00 2.999935785514265887e-02
9.839999999999999858e+00 2.999935785513994924e-02
9.849999999999999645e+00 2.999935785514101089e-02
9.859999999999999432e+00 2.999935785514287745e-02
9.870000000000000995e+00 2.999935785514293296e-02
9.880000000000000782e+00 2.999935785514144110e-02
9.890000000000000568e+00 2.999935785514315847e-02
9.900000000000000355e+00 2.999935785514267969e-02
9.910000000000000142e+00 2.999935785514573974e-02
9.919999999999999929e+00 2.999935785514420278e-02
9.929999999999999716e+00 2.999935785514494871e-02
9.939999999999999503e+00 2.999935785514863673e-02
9.950000000000001066e+00 2.999935785514554892e-02
9.960000000000000853e+00 2.999935785514723161e-02
9.970000000000000639e+00 2.999935785514583342e-02
