0.000000000000000000e+00 2.999935739587816785e-02
1.000000000000000021e-02 2.999935739588055830e-02
2.000000000000000042e-02 2.999935739587710967e-02
2.999999999999999889e-02 2.999935739588051320e-02
4.000000000000000083e-02 2.999935739588492634e-02
5.000000000000000278e-02 2.999935739588311528e-02
5.999999999999999778e-02 2.999935739587940992e-02
7.000000000000000666e-02 2.999935739587891725e-02
8.000000000000000167e-02 2.999935739587594047e-02
8.999999999999999667e-02 2.999935739588140138e-02
1.000000000000000056e-01 2.999935739588151934e-02
1.100000000000000006e-01 2.999935739588359754e-02
1.199999999999999956e-01 2.999935739588136668e-02
1.300000000000000044e-01 2.999935739587874031e-02
1.400000000000000133e-01 2.999935739588132852e-02
1.499999999999999944e-01 2.999935739587366104e-02
1.600000000000000033e-01 2.999935739587814010e-02
1.700000000000000122e-01 2.999935739588550573e-02
1.799999999999999933e-01 2.999935739588263303e-02
1.900000000000000022e-01 2.999935739587662048e-02
2.000000000000000111e-01 2.999935739588208833e-02
2.099999999999999922e-01 2.999935739587867439e-02
2.200000000000000011e-01 2.999935739588324018e-02
2.300000000000000100e-01 2.999935739588195996e-02
2.399999999999999911e-01 2.999935739587887562e-02
2.500000000000000000e-01 2.999935739587751560e-02
2.600000000000000089e-01 2.999935739588073871e-02
2.700000000000000178e-01 2.999935739587678007e-02
2.800000000000000266e-01 2.999935739588223058e-02
2.899999999999999800e-01 2.999935739587838296e-02
2.999999999999999889e-01 2.999935739587896236e-02
3.099999999999999978e-01 2.999935739588112382e-02
3.200000000000000067e-01 2.999935739588206057e-02
3.300000000000000155e-01 2.999935739587977074e-02
3.400000000000000244e-01 2.999935739588013156e-02
3.500000000000000333e-01 2.999935739588254283e-02
3.599999999999999867e-01 2.999935739588196690e-02
3.699999999999999956e-01 2.999935739588436776e-02
3.800000000000000044e-01 2.999935739588155403e-02
3.900000000000000133e-01 2.999935739587905950e-02
4.000000000000000222e-01 2.999935739587939604e-02
4.100000000000000311e-01 2.999935739587962502e-02
4.199999999999999845e-01 2.999935739588075953e-02
4.299999999999999933e-01 2.999935739587869521e-02
4.400000000000000022e-01 2.999935739587820602e-02
4.500000000000000111e-01 2.999935739588422551e-02
4.600000000000000200e-01 2.999935739588277875e-02
4.700000000000000289e-01 2.999935739587863970e-02
4.799999999999999822e-01 2.999935739587999625e-02
4.899999999999999911e-01 2.999935739587831010e-02
5.000000000000000000e-01 2.999935739587961808e-02
5.100000000000000089e-01 2.999935739588035707e-02
5.200000000000000178e-01 2.999935739588030503e-02
5.300000000000000266e-01 2.999935739587930930e-02
5.400000000000000355e-01 2.999935739588024605e-02
5.500000000000000444e-01 2.999935739587910113e-02
5.600000000000000533e-01 2.999935739587994074e-02
5.700000000000000622e-01 2.999935739588057218e-02
5.799999999999999600e-01 2.999935739587849398e-02
5.899999999999999689e-01 2.999935739588207098e-02
5.999999999999999778e-01 2.999935739587853215e-02
6.099999999999999867e-01 2.999935739587663783e-02
6.199999999999999956e-01 2.999935739588292793e-02
6.300000000000000044e-01 2.999935739588023911e-02
6.400000000000000133e-01 2.999935739587747396e-02
6.500000000000000222e-01 2.999935739587727274e-02
6.600000000000000311e-01 2.999935739587990258e-02
6.700000000000000400e-01 2.999935739587910113e-02
6.800000000000000488e-01 2.999935739588206057e-02
6.900000000000000577e-01 2.999935739588035361e-02
7.000000000000000666e-01 2.999935739587701947e-02
7.099999999999999645e-01 2.999935739588076994e-02
7.199999999999999734e-01 2.999935739587768907e-02
7.299999999999999822e-01 2.999935739587853215e-02
7.399999999999999911e-01 2.999935739587910460e-02
7.500000000000000000e-01 2.999935739588052014e-02
7.600000000000000089e-01 2.999935739588026340e-02
7.700000000000000178e-01 2.999935739587982972e-02
7.800000000000000266e-01 2.999935739587989911e-02
7.900000000000000355e-01 2.999935739587903868e-02
8.000000000000000444e-01 2.999935739587950359e-02
8.100000000000000533e-01 2.999935739588154363e-02
8.200000000000000622e-01 2.999935739588158179e-02
8.300000000000000711e-01 2.999935739587979155e-02
8.399999999999999689e-01 2.999935739587629088e-02
8.499999999999999778e-01 2.999935739587829969e-02
8.599999999999999867e-01 2.999935739588004482e-02
8.699999999999999956e-01 2.999935739588305977e-02
8.800000000000000044e-01 2.999935739588184547e-02
8.900000000000000133e-01 2.999935739587889297e-02
9.000000000000000222e-01 2.999935739587908726e-02
9.100000000000000311e-01 2.999935739587852174e-02
9.200000000000000400e-01 2.999935739588049238e-02
9.300000000000000488e-01 2.999935739587882358e-02
9.400000000000000577e-01 2.999935739588002054e-02
9.500000000000000666e-01 2.999935739588029809e-02
9.599999999999999645e-01 2.999935739587935440e-02
9.699999999999999734e-01 2.999935739588083239e-02
9.799999999999999822e-01 2.999935739588175526e-02
9.899999999999999911e-01 2.999935739587904215e-02
1.000000000000000000e+00 2.999935739588037789e-02
1.010000000000000009e+00 2.999935739588025646e-02
1.020000000000000018e+00 2.999935739587956257e-02
1.030000000000000027e+00 2.999935739587875072e-02
1.040000000000000036e+00 2.999935739587851827e-02
1.050000000000000044e+00 2.999935739588070749e-02
1.060000000000000053e+00 2.999935739588021483e-02
1.070000000000000062e+00 2.999935739587896583e-02
1.080000000000000071e+00 2.999935739587992339e-02
1.090000000000000080e+00 2.999935739587844541e-02
1.100000000000000089e+00 2.999935739587962849e-02
1.110000000000000098e+00 2.999935739588025299e-02
1.120000000000000107e+00 2.999935739587954175e-02
1.130000000000000115e+00 2.999935739588025646e-02
1.140000000000000124e+00 2.999935739587794234e-02
1.150000000000000133e+00 2.999935739587993033e-02
1.159999999999999920e+00 2.999935739588051667e-02
1.169999999999999929e+00 2.999935739587911154e-02
1.179999999999999938e+00 2.999935739587995115e-02
1.189999999999999947e+00 2.999935739587882705e-02
1.199999999999999956e+00 2.999935739588018013e-02
1.209999999999999964e+00 2.999935739587977768e-02
1.219999999999999973e+00 2.999935739588137362e-02
1.229999999999999982e+00 2.999935739588181077e-02
1.239999999999999991e+00 2.999935739588089484e-02
1.250000000000000000e+00 2.999935739588010727e-02
1.260000000000000009e+00 2.999935739587946196e-02
1.270000000000000018e+00 2.999935739587918440e-02
1.280000000000000027e+00 2.999935739588037442e-02
1.290000000000000036e+00 2.999935739588148811e-02
1.300000000000000044e+00 2.999935739588095382e-02
1.310000000000000053e+00 2.999935739588065892e-02
1.320000000000000062e+00 2.999935739587962849e-02
1.330000000000000071e+00 2.999935739588150199e-02
1.340000000000000080e+00 2.999935739587946196e-02
1.350000000000000089e+00 2.999935739587999278e-02
1.360000000000000098e+00 2.999935739587929195e-02
1.370000000000000107e+00 2.999935739587978462e-02
1.380000000000000115e+00 2.999935739588149158e-02
1.390000000000000124e+00 2.999935739587940298e-02
1.400000000000000133e+00 2.999935739587946196e-02
1.409999999999999920e+00 2.999935739588067626e-02
1.419999999999999929e+00 2.999935739588002054e-02
1.429999999999999938e+00 2.999935739587894501e-02
1.439999999999999947e+00 2.999935739587869174e-02
1.449999999999999956e+00 2.999935739587883399e-02
1.459999999999999964e+00 2.999935739587940298e-02
1.469999999999999973e+00 2.999935739588038830e-02
1.479999999999999982e+00 2.999935739588015932e-02
1.489999999999999991e+00 2.999935739588005523e-02
1.500000000000000000e+00 2.999935739587941685e-02
1.510000000000000009e+00 2.999935739587837602e-02
1.520000000000000018e+00 2.999935739587964584e-02
1.530000000000000027e+00 2.999935739587903522e-02
1.540000000000000036e+00 2.999935739588075953e-02
1.550000000000000044e+00 2.999935739588047851e-02
1.560000000000000053e+00 2.999935739587764050e-02
1.570000000000000062e+00 2.999935739588105443e-02
1.580000000000000071e+00 2.999935739587953828e-02
1.590000000000000080e+00 2.999935739587927114e-02
1.600000000000000089e+00 2.999935739588038483e-02
1.610000000000000098e+00 2.999935739587862582e-02
1.620000000000000107e+00 2.999935739587851480e-02
1.630000000000000115e+00 2.999935739588034667e-02
1.640000000000000124e+00 2.999935739588044381e-02
1.650000000000000133e+00 2.999935739588000666e-02
1.660000000000000142e+00 2.999935739588049932e-02
1.669999999999999929e+00 2.999935739587954175e-02
1.679999999999999938e+00 2.999935739587982625e-02
1.689999999999999947e+00 2.999935739587863276e-02
1.699999999999999956e+00 2.999935739588001360e-02
1.709999999999999964e+00 2.999935739587926420e-02
1.719999999999999973e+00 2.999935739587993380e-02
1.729999999999999982e+00 2.999935739588228262e-02
1.739999999999999991e+00 2.999935739587657191e-02
1.750000000000000000e+00 2.999935739588042299e-02
1.760000000000000009e+00 2.999935739587883399e-02
1.770000000000000018e+00 2.999935739588013156e-02
1.780000000000000027e+00 2.999935739587933359e-02
1.790000000000000036e+00 2.999935739587920175e-02
1.800000000000000044e+00 2.999935739587985400e-02
1.810000000000000053e+00 2.999935739588060341e-02
1.820000000000000062e+00 2.999935739588031544e-02
1.830000000000000071e+00 2.999935739587984707e-02
1.840000000000000080e+00 2.999935739587945155e-02
1.850000000000000089e+00 2.999935739587920175e-02
1.860000000000000098e+00 2.999935739587928155e-02
1.870000000000000107e+00 2.999935739587889644e-02
1.880000000000000115e+00 2.999935739587823030e-02
1.890000000000000124e+00 2.999935739587834826e-02
1.900000000000000133e+00 2.999935739587902481e-02
1.910000000000000142e+00 2.999935739587911154e-02
1.919999999999999929e+00 2.999935739587922257e-02
1.929999999999999938e+00 2.999935739588077688e-02
1.939999999999999947e+00 2.999935739588020095e-02
1.949999999999999956e+00 2.999935739588068667e-02
1.959999999999999964e+00 2.999935739587928155e-02
1.969999999999999973e+00 2.999935739587962502e-02
1.979999999999999982e+00 2.999935739588211608e-02
1.989999999999999991e+00 2.999935739587977421e-02
2.000000000000000000e+00 2.999935739588027728e-02
2.010000000000000231e+00 2.999935739587849745e-02
2.020000000000000018e+00 2.999935739587843847e-02
2.030000000000000249e+00 2.999935739588008993e-02
2.040000000000000036e+00 2.999935739587982625e-02
2.049999999999999822e+00 2.999935739588069361e-02
2.060000000000000053e+00 2.999935739587984013e-02
2.069999999999999840e+00 2.999935739588085321e-02
2.080000000000000071e+00 2.999935739587990952e-02
2.089999999999999858e+00 2.999935739587893460e-02
2.100000000000000089e+00 2.999935739587936828e-02
2.109999999999999876e+00 2.999935739587964931e-02
2.120000000000000107e+00 2.999935739587980890e-02
2.129999999999999893e+00 2.999935739587882705e-02
2.140000000000000124e+00 2.999935739587971870e-02
2.149999999999999911e+00 2.999935739587973257e-02
2.160000000000000142e+00 2.999935739588011768e-02
2.169999999999999929e+00 2.999935739587875072e-02
2.180000000000000160e+00 2.999935739587895195e-02
2.189999999999999947e+00 2.999935739587957645e-02
2.200000000000000178e+00 2.999935739587911154e-02
2.209999999999999964e+00 2.999935739588044381e-02
2.220000000000000195e+00 2.999935739587837602e-02
2.229999999999999982e+00 2.999935739587897277e-02
2.240000000000000213e+00 2.999935739587960767e-02
2.250000000000000000e+00 2.999935739587931971e-02
2.260000000000000231e+00 2.999935739587931971e-02
2.270000000000000018e+00 2.999935739587886521e-02
2.280000000000000249e+00 2.999935739588165465e-02
2.290000000000000036e+00 2.999935739587980543e-02
2.300000000000000266e+00 2.999935739587947237e-02
2.310000000000000053e+00 2.999935739587806724e-02
2.319999999999999840e+00 2.999935739587892766e-02
2.330000000000000071e+00 2.999935739588007605e-02
2.339999999999999858e+00 2.999935739587871603e-02
2.350000000000000089e+00 2.999935739587941338e-02
2.359999999999999876e+00 2.999935739587923644e-02
2.370000000000000107e+00 2.999935739588009687e-02
2.379999999999999893e+00 2.999935739587948624e-02
2.390000000000000124e+00 2.999935739587985400e-02
2.399999999999999911e+00 2.999935739587979849e-02
2.410000000000000142e+00 2.999935739587974645e-02
2.419999999999999929e+00 2.999935739587958339e-02
2.430000000000000160e+00 2.999935739588025646e-02
2.439999999999999947e+00 2.999935739587999972e-02
2.450000000000000178e+00 2.999935739587979849e-02
2.459999999999999964e+00 2.999935739588023564e-02
2.470000000000000195e+00 2.999935739587979502e-02
2.479999999999999982e+00 2.999935739588063116e-02
2.490000000000000213e+00 2.999935739588113076e-02
2.500000000000000000e+00 2.999935739587862582e-02
2.510000000000000231e+00 2.999935739587997197e-02
2.520000000000000018e+00 2.999935739587873337e-02
2.530000000000000249e+00 2.999935739588008646e-02
2.540000000000000036e+00 2.999935739587939604e-02
2.550000000000000266e+00 2.999935739587910460e-02
2.560000000000000053e+00 2.999935739588094341e-02
2.569999999999999840e+00 2.999935739587830663e-02
2.580000000000000071e+00 2.999935739588035014e-02
2.589999999999999858e+00 2.999935739587913236e-02
2.600000000000000089e+00 2.999935739587972217e-02
2.609999999999999876e+00 2.999935739587956257e-02
2.620000000000000107e+00 2.999935739587884093e-02
2.629999999999999893e+00 2.999935739588107525e-02
2.640000000000000124e+00 2.999935739588027728e-02
2.649999999999999911e+00 2.999935739588047851e-02
2.660000000000000142e+00 2.999935739587931277e-02
2.669999999999999929e+00 2.999935739587944808e-02
2.680000000000000160e+00 2.999935739587864317e-02
2.689999999999999947e+00 2.999935739587901787e-02
2.700000000000000178e+00 2.999935739587902134e-02
2.709999999999999964e+00 2.999935739587965972e-02
2.720000000000000195e+00 2.999935739587865358e-02
2.729999999999999982e+00 2.999935739588044034e-02
2.740000000000000213e+00 2.999935739588076300e-02
2.750000000000000000e+00 2.999935739587990605e-02
2.760000000000000231e+00 2.999935739587910460e-02
2.770000000000000018e+00 2.999935739587870215e-02
2.780000000000000249e+00 2.999935739587942032e-02
2.790000000000000036e+00 2.999935739587985747e-02
2.800000000000000266e+00 2.999935739587866051e-02
2.810000000000000053e+00 2.999935739588041952e-02
2.819999999999999840e+00 2.999935739587834826e-02
2.830000000000000071e+00 2.999935739587910807e-02
2.839999999999999858e+00 2.999935739587887909e-02
2.850000000000000089e+00 2.999935739588103362e-02
2.859999999999999876e+00 2.999935739587876460e-02
2.870000000000000107e+00 2.999935739587942379e-02
2.879999999999999893e+00 2.999935739587869868e-02
2.890000000000000124e+00 2.999935739588018707e-02
2.899999999999999911e+00 2.999935739587977768e-02
2.910000000000000142e+00 2.999935739587890338e-02
2.919999999999999929e+00 2.999935739587972564e-02
2.930000000000000160e+00 2.999935739587926073e-02
2.939999999999999947e+00 2.999935739587910113e-02
2.950000000000000178e+00 2.999935739587901440e-02
2.959999999999999964e+00 2.999935739587945155e-02
2.970000000000000195e+00 2.999935739588103709e-02
2.979999999999999982e+00 2.999935739587816785e-02
2.990000000000000213e+00 2.999935739587846623e-02
3.000000000000000000e+00 2.999935739587945502e-02
3.010000000000000231e+00 2.999935739587889644e-02
3.020000000000000018e+00 2.999935739587900052e-02
3.030000000000000249e+00 2.999935739587845929e-02
3.040000000000000036e+00 2.999935739588043687e-02
3.050000000000000266e+00 2.999935739587866051e-02
3.060000000000000053e+00 2.999935739587903522e-02
3.070000000000000284e+00 2.999935739587898664e-02
3.080000000000000071e+00 2.999935739587981931e-02
3.089999999999999858e+00 2.999935739587960767e-02
3.100000000000000089e+00 2.999935739587974645e-02
3.109999999999999876e+00 2.999935739587961114e-02
3.120000000000000107e+00 2.999935739587929542e-02
3.129999999999999893e+00 2.999935739587902134e-02
3.140000000000000124e+00 2.999935739588007952e-02
3.149999999999999911e+00 2.999935739587756764e-02
3.160000000000000142e+00 2.999935739587797009e-02
3.169999999999999929e+00 2.999935739587906297e-02
3.180000000000000160e+00 2.999935739587904909e-02
3.189999999999999947e+00 2.999935739587904909e-02
3.200000000000000178e+00 2.999935739587779315e-02
3.209999999999999964e+00 2.999935739587897277e-02
3.220000000000000195e+00 2.999935739587795275e-02
3.229999999999999982e+00 2.999935739587900052e-02
3.240000000000000213e+00 2.999935739587891378e-02
3.250000000000000000e+00 2.999935739587761274e-02
3.260000000000000231e+00 2.999935739587954869e-02
3.270000000000000018e+00 2.999935739587880623e-02
3.280000000000000249e+00 2.999935739587925032e-02
3.290000000000000036e+00 2.999935739587946196e-02
3.300000000000000266e+00 2.999935739587904215e-02
3.310000000000000053e+00 2.999935739587886174e-02
3.320000000000000284e+00 2.999935739587977074e-02
3.330000000000000071e+00 2.999935739587772376e-02
3.339999999999999858e+00 2.999935739587929195e-02
3.350000000000000089e+00 2.999935739587864317e-02
3.359999999999999876e+00 2.999935739587962502e-02
3.370000000000000107e+00 2.999935739587920175e-02
3.379999999999999893e+00 2.999935739587890685e-02
3.390000000000000124e+00 2.999935739587874378e-02
3.399999999999999911e+00 2.999935739587891378e-02
3.410000000000000142e+00 2.999935739587778968e-02
3.419999999999999929e+00 2.999935739587950012e-02
3.430000000000000160e+00 2.999935739587912542e-02
3.439999999999999947e+00 2.999935739587755723e-02
3.450000000000000178e+00 2.999935739587864664e-02
3.459999999999999964e+00 2.999935739587879235e-02
3.470000000000000195e+00 2.999935739587885827e-02
3.479999999999999982e+00 2.999935739587965972e-02
3.490000000000000213e+00 2.999935739587934400e-02
3.500000000000000000e+00 2.999935739587851827e-02
3.510000000000000231e+00 2.999935739587840378e-02
3.520000000000000018e+00 2.999935739587891032e-02
3.530000000000000249e+00 2.999935739587836214e-02
3.540000000000000036e+00 2.999935739587979502e-02
3.550000000000000266e+00 2.999935739587849398e-02
3.560000000000000053e+00 2.999935739587816785e-02
3.570000000000000284e+00 2.999935739587816091e-02
3.580000000000000071e+00 2.999935739587856684e-02
3.589999999999999858e+00 2.999935739587906991e-02
3.600000000000000089e+00 2.999935739587866051e-02
3.609999999999999876e+00 2.999935739587887562e-02
3.620000000000000107e+00 2.999935739587776887e-02
3.629999999999999893e+00 2.999935739587782438e-02
3.640000000000000124e+00 2.999935739587886521e-02
3.649999999999999911e+00 2.999935739587924685e-02
3.660000000000000142e+00 2.999935739587988523e-02
3.669999999999999929e+00 2.999935739587894154e-02
3.680000000000000160e+00 2.999935739587833786e-02
3.689999999999999947e+00 2.999935739587921910e-02
3.700000000000000178e+00 2.999935739587798050e-02
3.709999999999999964e+00 2.999935739587843847e-02
3.720000000000000195e+00 2.999935739587813663e-02
3.729999999999999982e+00 2.999935739587818173e-02
3.740000000000000213e+00 2.999935739587877501e-02
3.750000000000000000e+00 2.999935739587882358e-02
3.760000000000000231e+00 2.999935739587860500e-02
3.770000000000000018e+00 2.999935739587848357e-02
3.780000000000000249e+00 2.999935739587909420e-02
3.790000000000000036e+00 2.999935739587869521e-02
3.800000000000000266e+00 2.999935739587929889e-02
3.810000000000000053e+00 2.999935739587916358e-02
3.820000000000000284e+00 2.999935739587878888e-02
3.830000000000000071e+00 2.999935739587891725e-02
3.839999999999999858e+00 2.999935739587848010e-02
3.850000000000000089e+00 2.999935739587888950e-02
3.859999999999999876e+00 2.999935739587878195e-02
3.870000000000000107e+00 2.999935739587844541e-02
3.879999999999999893e+00 2.999935739587825806e-02
3.890000000000000124e+00 2.999935739587817479e-02
3.899999999999999911e+00 2.999935739587819561e-02
3.910000000000000142e+00 2.999935739587860153e-02
3.919999999999999929e+00 2.999935739587880623e-02
3.930000000000000160e+00 2.999935739587892766e-02
3.939999999999999947e+00 2.999935739587881317e-02
3.950000000000000178e+00 2.999935739587913583e-02
3.959999999999999964e+00 2.999935739587838990e-02
3.970000000000000195e+00 2.999935739587862582e-02
3.979999999999999982e+00 2.999935739587884787e-02
3.990000000000000213e+00 2.999935739587889644e-02
4.000000000000000000e+00 2.999935739587867092e-02
4.009999999999999787e+00 2.999935739587891725e-02
4.020000000000000462e+00 2.999935739587860500e-02
4.030000000000000249e+00 2.999935739587851827e-02
4.040000000000000036e+00 2.999935739587873684e-02
4.049999999999999822e+00 2.999935739587881317e-02
4.060000000000000497e+00 2.999935739587873684e-02
4.070000000000000284e+00 2.999935739587847316e-02
4.080000000000000071e+00 2.999935739587839684e-02
4.089999999999999858e+00 2.999935739587883746e-02
4.099999999999999645e+00 2.999935739587892419e-02
4.110000000000000320e+00 2.999935739587889297e-02
4.120000000000000107e+00 2.999935739587863970e-02
4.129999999999999893e+00 2.999935739587855643e-02
4.139999999999999680e+00 2.999935739587888256e-02
4.150000000000000355e+00 2.999935739587868133e-02
4.160000000000000142e+00 2.999935739587911154e-02
4.169999999999999929e+00 2.999935739587866745e-02
4.179999999999999716e+00 2.999935739587884787e-02
4.190000000000000391e+00 2.999935739587871256e-02
4.200000000000000178e+00 2.999935739587879235e-02
4.209999999999999964e+00 2.999935739587860847e-02
4.219999999999999751e+00 2.999935739587872990e-02
4.230000000000000426e+00 2.999935739587875766e-02
4.240000000000000213e+00 2.999935739587867439e-02
4.250000000000000000e+00 2.999935739587880623e-02
4.259999999999999787e+00 2.999935739587865358e-02
4.270000000000000462e+00 2.999935739587901093e-02
4.280000000000000249e+00 2.999935739587891032e-02
4.290000000000000036e+00 2.999935739587897970e-02
4.299999999999999822e+00 2.999935739587890685e-02
4.310000000000000497e+00 2.999935739587887562e-02
4.320000000000000284e+00 2.999935739587877154e-02
4.330000000000000071e+00 2.999935739587889644e-02
4.339999999999999858e+00 2.999935739587861194e-02
4.350000000000000533e+00 2.999935739587903175e-02
4.360000000000000320e+00 2.999935739587913236e-02
4.370000000000000107e+00 2.999935739587879235e-02
4.379999999999999893e+00 2.999935739587873337e-02
4.389999999999999680e+00 2.999935739587885480e-02
4.400000000000000355e+00 2.999935739587868827e-02
4.410000000000000142e+00 2.999935739587886521e-02
4.419999999999999929e+00 2.999935739587900746e-02
4.429999999999999716e+00 2.999935739587913583e-02
4.440000000000000391e+00 2.999935739587869174e-02
4.450000000000000178e+00 2.999935739587883746e-02
4.459999999999999964e+00 2.999935739587886868e-02
4.469999999999999751e+00 2.999935739587882011e-02
4.480000000000000426e+00 2.999935739587886521e-02
4.490000000000000213e+00 2.999935739587898664e-02
4.500000000000000000e+00 2.999935739587888950e-02
4.509999999999999787e+00 2.999935739587902481e-02
4.520000000000000462e+00 2.999935739587894848e-02
4.530000000000000249e+00 2.999935739587890338e-02
4.540000000000000036e+00 2.999935739587905603e-02
4.549999999999999822e+00 2.999935739587882705e-02
4.560000000000000497e+00 2.999935739587900399e-02
4.570000000000000284e+00 2.999935739587896930e-02
4.580000000000000071e+00 2.999935739587897623e-02
4.589999999999999858e+00 2.999935739587898317e-02
4.600000000000000533e+00 2.999935739587887909e-02
4.610000000000000320e+00 2.999935739587898317e-02
4.620000000000000107e+00 2.999935739587900399e-02
4.629999999999999893e+00 2.999935739587903522e-02
4.639999999999999680e+00 2.999935739587896236e-02
4.650000000000000355e+00 2.999935739587896930e-02
4.660000000000000142e+00 2.999935739587892419e-02
4.669999999999999929e+00 2.999935739587897970e-02
4.679999999999999716e+00 2.999935739587903522e-02
4.690000000000000391e+00 2.999935739587904562e-02
4.700000000000000178e+00 2.999935739587889297e-02
4.709999999999999964e+00 2.999935739587895542e-02
4.719999999999999751e+00 2.999935739587897970e-02
4.730000000000000426e+00 2.999935739587906991e-02
4.740000000000000213e+00 2.999935739587909073e-02
4.750000000000000000e+00 2.999935739587906297e-02
4.759999999999999787e+00 2.999935739587908379e-02
4.770000000000000462e+00 2.999935739587907685e-02
4.780000000000000249e+00 2.999935739587909767e-02
4.790000000000000036e+00 2.999935739587906991e-02
4.799999999999999822e+00 2.999935739587907338e-02
4.810000000000000497e+00 2.999935739587909767e-02
4.820000000000000284e+00 2.999935739587908726e-02
4.830000000000000071e+00 2.999935739587910460e-02
4.839999999999999858e+00 2.999935739587909767e-02
4.850000000000000533e+00 2.999935739587911848e-02
4.860000000000000320e+00 2.999935739587911848e-02
4.870000000000000107e+00 2.999935739587913930e-02
4.879999999999999893e+00 2.999935739587915665e-02
4.889999999999999680e+00 2.999935739587918093e-02
4.900000000000000355e+00 2.999935739587918440e-02
4.910000000000000142e+00 2.999935739587918093e-02
4.919999999999999929e+00 2.999935739587919134e-02
4.929999999999999716e+00 2.999935739587920175e-02
4.940000000000000391e+00 2.999935739587920869e-02
4.950000000000000178e+00 2.999935739587921910e-02
4.959999999999999964e+00 2.999935739587921910e-02
4.969999999999999751e+00 2.999935739587921216e-02
4.980000000000000426e+00 2.999935739587922257e-02
4.990000000000000213e+00 2.999935739587921910e-02
5.000000000000000000e+00 2.999935739587923644e-02
5.009999999999999787e+00 2.999935739587924685e-02
5.020000000000000462e+00 2.999935739587925032e-02
5.030000000000000249e+00 2.999935739587925032e-02
5.040000000000000036e+00 2.999935739587926073e-02
5.049999999999999822e+00 2.999935739587926073e-02
5.060000000000000497e+00 2.999935739587927461e-02
5.070000000000000284e+00 2.999935739587928502e-02
5.080000000000000071e+00 2.999935739587928155e-02
5.089999999999999858e+00 2.999935739587929542e-02
5.100000000000000533e+00 2.999935739587930583e-02
5.110000000000000320e+00 2.999935739587932318e-02
5.120000000000000107e+00 2.999935739587933706e-02
5.129999999999999893e+00 2.999935739587933012e-02
5.139999999999999680e+00 2.999935739587934747e-02
5.150000000000000355e+00 2.999935739587936828e-02
5.160000000000000142e+00 2.999935739587937869e-02
5.169999999999999929e+00 2.999935739587940298e-02
5.179999999999999716e+00 2.999935739587940298e-02
5.190000000000000391e+00 2.999935739587940645e-02
5.200000000000000178e+00 2.999935739587940992e-02
5.209999999999999964e+00 2.999935739587940992e-02
5.219999999999999751e+00 2.999935739587943420e-02
5.230000000000000426e+00 2.999935739587943073e-02
5.240000000000000213e+00 2.999935739587942032e-02
5.250000000000000000e+00 2.999935739587943073e-02
5.259999999999999787e+00 2.999935739587942379e-02
5.270000000000000462e+00 2.999935739587942726e-02
5.280000000000000249e+00 2.999935739587944461e-02
5.290000000000000036e+00 2.999935739587945502e-02
5.299999999999999822e+00 2.999935739587948277e-02
5.310000000000000497e+00 2.999935739587949318e-02
5.320000000000000284e+00 2.999935739587948971e-02
5.330000000000000071e+00 2.999935739587944808e-02
5.339999999999999858e+00 2.999935739587950359e-02
5.350000000000000533e+00 2.999935739587948971e-02
5.360000000000000320e+00 2.999935739587952094e-02
5.370000000000000107e+00 2.999935739587954522e-02
5.379999999999999893e+00 2.999935739587948277e-02
5.389999999999999680e+00 2.999935739587954522e-02
5.400000000000000355e+00 2.999935739587954522e-02
5.410000000000000142e+00 2.999935739587952441e-02
5.419999999999999929e+00 2.999935739587950706e-02
5.429999999999999716e+00 2.999935739587959033e-02
5.440000000000000391e+00 2.999935739587949318e-02
5.450000000000000178e+00 2.999935739587951053e-02
5.459999999999999964e+00 2.999935739587961808e-02
5.469999999999999751e+00 2.999935739587957645e-02
5.480000000000000426e+00 2.999935739587956257e-02
5.490000000000000213e+00 2.999935739587947583e-02
5.500000000000000000e+00 2.999935739587958339e-02
5.509999999999999787e+00 2.999935739587964931e-02
5.520000000000000462e+00 2.999935739587957645e-02
5.530000000000000249e+00 2.999935739587961461e-02
5.540000000000000036e+00 2.999935739587949318e-02
5.549999999999999822e+00 2.999935739587953482e-02
5.560000000000000497e+00 2.999935739587962502e-02
5.570000000000000284e+00 2.999935739587968747e-02
5.580000000000000071e+00 2.999935739587957298e-02
5.589999999999999858e+00 2.999935739587958339e-02
5.600000000000000533e+00 2.999935739587983319e-02
5.610000000000000320e+00 2.999935739587972564e-02
5.620000000000000107e+00 2.999935739587960074e-02
5.629999999999999893e+00 2.999935739587972217e-02
5.639999999999999680e+00 2.999935739587979155e-02
5.650000000000000355e+00 2.999935739587960420e-02
5.660000000000000142e+00 2.999935739587965972e-02
5.669999999999999929e+00 2.999935739587967359e-02
5.679999999999999716e+00 2.999935739587980543e-02
5.690000000000000391e+00 2.999935739587972564e-02
5.700000000000000178e+00 2.999935739587979155e-02
5.709999999999999964e+00 2.999935739587966665e-02
5.719999999999999751e+00 2.999935739587985400e-02
5.730000000000000426e+00 2.999935739587967706e-02
5.740000000000000213e+00 2.999935739587985747e-02
5.750000000000000000e+00 2.999935739587977074e-02
5.759999999999999787e+00 2.999935739587951400e-02
5.770000000000000462e+00 2.999935739587965972e-02
5.780000000000000249e+00 2.999935739587952094e-02
5.790000000000000036e+00 2.999935739587997197e-02
5.799999999999999822e+00 2.999935739587971523e-02
5.810000000000000497e+00 2.999935739588000319e-02
5.820000000000000284e+00 2.999935739587980196e-02
5.830000000000000071e+00 2.999935739588000666e-02
5.839999999999999858e+00 2.999935739587998584e-02
5.850000000000000533e+00 2.999935739587980543e-02
5.860000000000000320e+00 2.999935739587969441e-02
5.870000000000000107e+00 2.999935739588031891e-02
5.879999999999999893e+00 2.999935739587988176e-02
5.889999999999999680e+00 2.999935739587976380e-02
5.900000000000000355e+00 2.999935739587986441e-02
5.910000000000000142e+00 2.999935739587968747e-02
5.919999999999999929e+00 2.999935739587966319e-02
5.929999999999999716e+00 2.999935739587979849e-02
5.940000000000000391e+00 2.999935739588011074e-02
5.950000000000000178e+00 2.999935739587987482e-02
5.959999999999999964e+00 2.999935739588019401e-02
5.969999999999999751e+00 2.999935739587964584e-02
5.980000000000000426e+00 2.999935739587990258e-02
5.990000000000000213e+00 2.999935739587988870e-02
6.000000000000000000e+00 2.999935739587999972e-02
6.009999999999999787e+00 2.999935739588027034e-02
6.020000000000000462e+00 2.999935739587974645e-02
6.030000000000000249e+00 2.999935739588014544e-02
6.040000000000000036e+00 2.999935739588013156e-02
6.049999999999999822e+00 2.999935739588029809e-02
6.060000000000000497e+00 2.999935739588008299e-02
6.070000000000000284e+00 2.999935739587971176e-02
6.080000000000000071e+00 2.999935739588011421e-02
6.089999999999999858e+00 2.999935739587996503e-02
6.100000000000000533e+00 2.999935739587990258e-02
6.110000000000000320e+00 2.999935739588014544e-02
6.120000000000000107e+00 2.999935739587994421e-02
6.129999999999999893e+00 2.999935739588017319e-02
6.140000000000000568e+00 2.999935739588003095e-02
6.150000000000000355e+00 2.999935739587983319e-02
6.160000000000000142e+00 2.999935739588027381e-02
6.169999999999999929e+00 2.999935739588014891e-02
6.179999999999999716e+00 2.999935739587967359e-02
6.190000000000000391e+00 2.999935739587973951e-02
6.200000000000000178e+00 2.999935739588033626e-02
6.209999999999999964e+00 2.999935739588007605e-02
6.219999999999999751e+00 2.999935739587947237e-02
6.230000000000000426e+00 2.999935739588007258e-02
6.240000000000000213e+00 2.999935739587957645e-02
6.250000000000000000e+00 2.999935739588030503e-02
6.259999999999999787e+00 2.999935739588007605e-02
6.270000000000000462e+00 2.999935739588068320e-02
6.280000000000000249e+00 2.999935739588035361e-02
6.290000000000000036e+00 2.999935739588074912e-02
6.299999999999999822e+00 2.999935739588032585e-02
6.310000000000000497e+00 2.999935739588024605e-02
6.320000000000000284e+00 2.999935739588004829e-02
6.330000000000000071e+00 2.999935739588046116e-02
6.339999999999999858e+00 2.999935739588008993e-02
6.350000000000000533e+00 2.999935739588059647e-02
6.360000000000000320e+00 2.999935739587988523e-02
6.370000000000000107e+00 2.999935739587994421e-02
6.379999999999999893e+00 2.999935739588038483e-02
6.390000000000000568e+00 2.999935739588100586e-02
6.400000000000000355e+00 2.999935739588031891e-02
6.410000000000000142e+00 2.999935739588017666e-02
6.419999999999999929e+00 2.999935739588051667e-02
6.429999999999999716e+00 2.999935739588028422e-02
6.440000000000000391e+00 2.999935739588098504e-02
6.450000000000000178e+00 2.999935739588032932e-02
6.459999999999999964e+00 2.999935739588067973e-02
6.469999999999999751e+00 2.999935739588000666e-02
6.480000000000000426e+00 2.999935739588031197e-02
6.490000000000000213e+00 2.999935739588015932e-02
6.500000000000000000e+00 2.999935739587950706e-02
6.509999999999999787e+00 2.999935739587990952e-02
6.520000000000000462e+00 2.999935739588044034e-02
6.530000000000000249e+00 2.999935739587976380e-02
6.540000000000000036e+00 2.999935739587966319e-02
6.549999999999999822e+00 2.999935739587985747e-02
6.560000000000000497e+00 2.999935739588167199e-02
6.570000000000000284e+00 2.999935739587973604e-02
6.580000000000000071e+00 2.999935739588104056e-02
6.589999999999999858e+00 2.999935739587976033e-02
6.600000000000000533e+00 2.999935739588008299e-02
6.610000000000000320e+00 2.999935739588131464e-02
6.620000000000000107e+00 2.999935739588056524e-02
6.629999999999999893e+00 2.999935739588120015e-02
6.640000000000000568e+00 2.999935739588021483e-02
6.650000000000000355e+00 2.999935739588172751e-02
6.660000000000000142e+00 2.999935739588086708e-02
6.669999999999999929e+00 2.999935739588049932e-02
6.679999999999999716e+00 2.999935739588035707e-02
6.690000000000000391e+00 2.999935739587982972e-02
6.700000000000000178e+00 2.999935739588122097e-02
6.709999999999999964e+00 2.999935739588066932e-02
6.719999999999999751e+00 2.999935739588002054e-02
6.730000000000000426e+00 2.999935739588094688e-02
6.740000000000000213e+00 2.999935739588198425e-02
6.750000000000000000e+00 2.999935739588109954e-02
6.759999999999999787e+00 2.999935739588032585e-02
6.770000000000000462e+00 2.999935739588048197e-02
6.780000000000000249e+00 2.999935739588034320e-02
6.790000000000000036e+00 2.999935739588075953e-02
6.799999999999999822e+00 2.999935739588080810e-02
6.810000000000000497e+00 2.999935739588048891e-02
6.820000000000000284e+00 2.999935739588108566e-02
6.830000000000000071e+00 2.999935739588089484e-02
6.839999999999999858e+00 2.999935739588080810e-02
6.850000000000000533e+00 2.999935739588056524e-02
6.860000000000000320e+00 2.999935739588119668e-02
6.870000000000000107e+00 2.999935739588070749e-02
6.879999999999999893e+00 2.999935739587936134e-02
6.890000000000000568e+00 2.999935739588044728e-02
6.900000000000000355e+00 2.999935739588026687e-02
6.910000000000000142e+00 2.999935739587996503e-02
6.919999999999999929e+00 2.999935739588109260e-02
6.929999999999999716e+00 2.999935739588015238e-02
6.940000000000000391e+00 2.999935739588050279e-02
6.950000000000000178e+00 2.999935739587960420e-02
6.959999999999999964e+00 2.999935739587975339e-02
6.969999999999999751e+00 2.999935739588036401e-02
6.980000000000000426e+00 2.999935739588120362e-02
6.990000000000000213e+00 2.999935739587933359e-02
7.000000000000000000e+00 2.999935739587971870e-02
7.009999999999999787e+00 2.999935739588053402e-02
7.020000000000000462e+00 2.999935739588110994e-02
7.030000000000000249e+00 2.999935739588050279e-02
7.040000000000000036e+00 2.999935739588042993e-02
7.049999999999999822e+00 2.999935739588050626e-02
7.060000000000000497e+00 2.999935739588117239e-02
7.070000000000000284e+00 2.999935739588107178e-02
7.080000000000000071e+00 2.999935739588118974e-02
7.089999999999999858e+00 2.999935739588053402e-02
7.100000000000000533e+00 2.999935739588142566e-02
7.110000000000000320e+00 2.999935739588140832e-02
7.120000000000000107e+00 2.999935739588126260e-02
7.129999999999999893e+00 2.999935739588083933e-02
7.140000000000000568e+00 2.999935739587959380e-02
7.150000000000000355e+00 2.999935739588140832e-02
7.160000000000000142e+00 2.999935739588084974e-02
7.169999999999999929e+00 2.999935739588039524e-02
7.179999999999999716e+00 2.999935739588006217e-02
7.190000000000000391e+00 2.999935739588141179e-02
7.200000000000000178e+00 2.999935739587970482e-02
7.209999999999999964e+00 2.999935739588119668e-02
7.219999999999999751e+00 2.999935739588099892e-02
7.230000000000000426e+00 2.999935739588126607e-02
7.240000000000000213e+00 2.999935739588166853e-02
7.250000000000000000e+00 2.999935739588105790e-02
7.259999999999999787e+00 2.999935739588005870e-02
7.270000000000000462e+00 2.999935739588025299e-02
7.280000000000000249e+00 2.999935739588081851e-02
7.290000000000000036e+00 2.999935739588168587e-02
7.299999999999999822e+00 2.999935739588086361e-02
7.310000000000000497e+00 2.999935739588028422e-02
7.320000000000000284e+00 2.999935739588171016e-02
7.330000000000000071e+00 2.999935739588002401e-02
7.339999999999999858e+00 2.999935739588079769e-02
7.350000000000000533e+00 2.999935739588046810e-02
7.360000000000000320e+00 2.999935739587952441e-02
7.370000000000000107e+00 2.999935739588168587e-02
7.379999999999999893e+00 2.999935739588082545e-02
7.390000000000000568e+00 2.999935739588189751e-02
7.400000000000000355e+00 2.999935739588063810e-02
7.410000000000000142e+00 2.999935739588255323e-02
7.419999999999999929e+00 2.999935739588154709e-02
7.429999999999999716e+00 2.999935739588019748e-02
7.440000000000000391e+00 2.999935739588118974e-02
7.450000000000000178e+00 2.999935739588208486e-02
7.459999999999999964e+00 2.999935739588206404e-02
7.469999999999999751e+00 2.999935739588300773e-02
7.480000000000000426e+00 2.999935739588048891e-02
7.490000000000000213e+00 2.999935739588177955e-02
7.500000000000000000e+00 2.999935739588189404e-02
7.509999999999999787e+00 2.999935739588139444e-02
7.520000000000000462e+00 2.999935739588076647e-02
7.530000000000000249e+00 2.999935739588127648e-02
7.540000000000000036e+00 2.999935739588197037e-02
7.549999999999999822e+00 2.999935739588149852e-02
7.560000000000000497e+00 2.999935739588115852e-02
7.570000000000000284e+00 2.999935739588151934e-02
7.580000000000000071e+00 2.999935739588194955e-02
7.589999999999999858e+00 2.999935739588239711e-02
7.600000000000000533e+00 2.999935739588205016e-02
7.610000000000000320e+00 2.999935739588116546e-02
7.620000000000000107e+00 2.999935739588213690e-02
7.629999999999999893e+00 2.999935739588197731e-02
7.640000000000000568e+00 2.999935739588169281e-02
7.650000000000000355e+00 2.999935739588093300e-02
7.660000000000000142e+00 2.999935739588345529e-02
7.669999999999999929e+00 2.999935739588047851e-02
7.679999999999999716e+00 2.999935739588200506e-02
7.690000000000000391e+00 2.999935739588135974e-02
7.700000000000000178e+00 2.999935739588082545e-02
7.709999999999999964e+00 2.999935739588156791e-02
7.719999999999999751e+00 2.999935739588145689e-02
7.730000000000000426e+00 2.999935739588126954e-02
7.740000000000000213e+00 2.999935739588207445e-02
7.750000000000000000e+00 2.999935739588143954e-02
7.759999999999999787e+00 2.999935739588289324e-02
7.770000000000000462e+00 2.999935739588073524e-02
7.780000000000000249e+00 2.999935739588015238e-02
7.790000000000000036e+00 2.999935739588236935e-02
7.799999999999999822e+00 2.999935739588082198e-02
7.810000000000000497e+00 2.999935739588079076e-02
7.820000000000000284e+00 2.999935739588124178e-02
7.830000000000000071e+00 2.999935739588112729e-02
7.839999999999999858e+00 2.999935739588133893e-02
7.850000000000000533e+00 2.999935739588247691e-02
7.860000000000000320e+00 2.999935739588220629e-02
7.870000000000000107e+00 2.999935739588233466e-02
7.879999999999999893e+00 2.999935739588130076e-02
7.890000000000000568e+00 2.999935739588301120e-02
7.900000000000000355e+00 2.999935739588190098e-02
7.910000000000000142e+00 2.999935739588089137e-02
7.919999999999999929e+00 2.999935739588192873e-02
7.930000000000000604e+00 2.999935739588289324e-02
7.940000000000000391e+00 2.999935739588143607e-02
7.950000000000000178e+00 2.999935739588279263e-02
7.959999999999999964e+00 2.999935739588324018e-02
7.969999999999999751e+00 2.999935739588168934e-02
7.980000000000000426e+00 2.999935739588199118e-02
7.990000000000000213e+00 2.999935739587979502e-02
8.000000000000000000e+00 2.999935739588231037e-02
8.009999999999999787e+00 2.999935739588226180e-02
8.019999999999999574e+00 2.999935739588263650e-02
8.029999999999999361e+00 2.999935739588109260e-02
8.040000000000000924e+00 2.999935739588190445e-02
8.050000000000000711e+00 2.999935739588200506e-02
8.060000000000000497e+00 2.999935739588146383e-02
8.070000000000000284e+00 2.999935739588078729e-02
8.080000000000000071e+00 2.999935739588119321e-02
8.089999999999999858e+00 2.999935739588300426e-02
8.099999999999999645e+00 2.999935739588240058e-02
8.109999999999999432e+00 2.999935739588337896e-02
8.120000000000000995e+00 2.999935739588125566e-02
8.130000000000000782e+00 2.999935739588254976e-02
8.140000000000000568e+00 2.999935739588153322e-02
8.150000000000000355e+00 2.999935739588201200e-02
8.160000000000000142e+00 2.999935739588143607e-02
8.169999999999999929e+00 2.999935739588264344e-02
8.179999999999999716e+00 2.999935739588261568e-02
8.189999999999999503e+00 2.999935739588121403e-02
8.199999999999999289e+00 2.999935739588174832e-02
8.210000000000000853e+00 2.999935739588253936e-02
8.220000000000000639e+00 2.999935739588221670e-02
8.230000000000000426e+00 2.999935739588382305e-02
8.240000000000000213e+00 2.999935739588108219e-02
8.250000000000000000e+00 2.999935739588313610e-02
8.259999999999999787e+00 2.999935739588171363e-02
8.269999999999999574e+00 2.999935739588274058e-02
8.279999999999999361e+00 2.999935739588170669e-02
8.290000000000000924e+00 2.999935739588323672e-02
8.300000000000000711e+00 2.999935739588209874e-02
8.310000000000000497e+00 2.999935739588314998e-02
8.320000000000000284e+00 2.999935739588373979e-02
8.330000000000000071e+00 2.999935739588411449e-02
8.339999999999999858e+00 2.999935739588327488e-02
8.349999999999999645e+00 2.999935739588254283e-02
8.359999999999999432e+00 2.999935739588165812e-02
8.370000000000000995e+00 2.999935739588330957e-02
8.380000000000000782e+00 2.999935739588244915e-02
8.390000000000000568e+00 2.999935739588073524e-02
8.400000000000000355e+00 2.999935739588330263e-02
8.410000000000000142e+00 2.999935739588310488e-02
8.419999999999999929e+00 2.999935739588244915e-02
8.429999999999999716e+00 2.999935739588209527e-02
8.439999999999999503e+00 2.999935739588201200e-02
8.449999999999999289e+00 2.999935739588159567e-02
8.460000000000000853e+00 2.999935739588306324e-02
8.470000000000000639e+00 2.999935739588382999e-02
8.480000000000000426e+00 2.999935739588260181e-02
8.490000000000000213e+00 2.999935739588231037e-02
8.500000000000000000e+00 2.999935739588355244e-02
8.509999999999999787e+00 2.999935739588344141e-02
8.519999999999999574e+00 2.999935739588080463e-02
8.529999999999999361e+00 2.999935739588110994e-02
8.540000000000000924e+00 2.999935739588426020e-02
8.550000000000000711e+00 2.999935739588295569e-02
8.560000000000000497e+00 2.999935739588248038e-02
8.570000000000000284e+00 2.999935739588275793e-02
8.580000000000000071e+00 2.999935739588181771e-02
8.589999999999999858e+00 2.999935739588435388e-02
8.599999999999999645e+00 2.999935739588307712e-02
8.609999999999999432e+00 2.999935739588336855e-02
8.620000000000000995e+00 2.999935739588231037e-02
8.630000000000000782e+00 2.999935739588224098e-02
8.640000000000000568e+00 2.999935739588410755e-02
8.650000000000000355e+00 2.999935739588443367e-02
8.660000000000000142e+00 2.999935739588401734e-02
8.669999999999999929e+00 2.999935739588320202e-02
8.679999999999999716e+00 2.999935739588379530e-02
8.689999999999999503e+00 2.999935739588208833e-02
8.700000000000001066e+00 2.999935739588375366e-02
8.710000000000000853e+00 2.999935739588459327e-02
8.720000000000000639e+00 2.999935739588286202e-02
8.730000000000000426e+00 2.999935739588438510e-02
8.740000000000000213e+00 2.999935739588260875e-02
8.750000000000000000e+00 2.999935739588384734e-02
8.759999999999999787e+00 2.999935739588224792e-02
8.769999999999999574e+00 2.999935739588304590e-02
8.779999999999999361e+00 2.999935739588246997e-02
8.790000000000000924e+00 2.999935739588117933e-02
8.800000000000000711e+00 2.999935739588049932e-02
8.810000000000000497e+00 2.999935739588318467e-02
8.820000000000000284e+00 2.999935739588270936e-02
8.830000000000000071e+00 2.999935739588389244e-02
8.839999999999999858e+00 2.999935739588314651e-02
8.849999999999999645e+00 2.999935739588378142e-02
8.859999999999999432e+00 2.999935739588190098e-02
8.870000000000000995e+00 2.999935739588166506e-02
8.880000000000000782e+00 2.999935739588282385e-02
8.890000000000000568e+00 2.999935739588229650e-02
8.900000000000000355e+00 2.999935739588446143e-02
8.910000000000000142e+00 2.999935739588431571e-02
8.919999999999999929e+00 2.999935739588273365e-02
8.929999999999999716e+00 2.999935739588228956e-02
8.939999999999999503e+00 2.999935739588268160e-02
8.950000000000001066e+00 2.999935739588306324e-02
8.960000000000000853e+00 2.999935739588196343e-02
8.970000000000000639e+00 2.999935739588398265e-02
8.980000000000000426e+00 2.999935739588421857e-02
8.990000000000000213e+00 2.999935739588267120e-02
9.000000000000000000e+00 2.999935739588208833e-02
9.009999999999999787e+00 2.999935739588229650e-02
9.019999999999999574e+00 2.999935739588300426e-02
9.029999999999999361e+00 2.999935739588380224e-02
9.040000000000000924e+00 2.999935739588369468e-02
9.050000000000000711e+00 2.999935739588213690e-02
9.060000000000000497e+00 2.999935739588288977e-02
9.070000000000000284e+00 2.999935739588421510e-02
9.080000000000000071e+00 2.999935739588187322e-02
9.089999999999999858e+00 2.999935739588346223e-02
9.099999999999999645e+00 2.999935739588450306e-02
9.109999999999999432e+00 2.999935739588514838e-02
9.120000000000000995e+00 2.999935739588241793e-02
9.130000000000000782e+00 2.999935739588522471e-02
9.140000000000000568e+00 2.999935739588106831e-02
9.150000000000000355e+00 2.999935739588327835e-02
9.160000000000000142e+00 2.999935739588325753e-02
9.169999999999999929e+00 2.999935739588533226e-02
9.179999999999999716e+00 2.999935739588167199e-02
9.189999999999999503e+00 2.999935739588533920e-02
9.200000000000001066e+00 2.999935739588132158e-02
9.210000000000000853e+00 2.999935739588488123e-02
9.220000000000000639e+00 2.999935739588232425e-02
9.230000000000000426e+00 2.999935739588494021e-02
9.240000000000000213e+00 2.999935739588344141e-02
9.250000000000000000e+00 2.999935739587975339e-02
9.259999999999999787e+00 2.999935739588165465e-02
9.269999999999999574e+00 2.999935739588526287e-02
9.279999999999999361e+00 2.999935739588279610e-02
9.290000000000000924e+00 2.999935739588104056e-02
9.300000000000000711e+00 2.999935739588417694e-02
9.310000000000000497e+00 2.999935739588287936e-02
9.320000000000000284e+00 2.999935739588052361e-02
9.330000000000000071e+00 2.999935739588306324e-02
9.339999999999999858e+00 2.999935739587938216e-02
9.349999999999999645e+00 2.999935739588319161e-02
9.359999999999999432e+00 2.999935739588462796e-02
9.370000000000000995e+00 2.999935739588605738e-02
9.380000000000000782e+00 2.999935739588310835e-02
9.390000000000000568e+00 2.999935739588538083e-02
9.400000000000000355e+00 2.999935739588108219e-02
9.410000000000000142e+00 2.999935739588362876e-02
9.419999999999999929e+00 2.999935739588195649e-02
9.429999999999999716e+00 2.999935739588306324e-02
9.439999999999999503e+00 2.999935739588136668e-02
9.450000000000001066e+00 2.999935739588463490e-02
9.460000000000000853e+00 2.999935739588082545e-02
9.470000000000000639e+00 2.999935739587827541e-02
9.480000000000000426e+00 2.999935739588170322e-02
9.490000000000000213e+00 2.999935739588449612e-02
9.500000000000000000e+00 2.999935739588328876e-02
9.509999999999999787e+00 2.999935739588224098e-02
9.519999999999999574e+00 2.999935739588227568e-02
9.529999999999999361e+00 2.999935739588447531e-02
9.540000000000000924e+00 2.999935739588239364e-02
9.550000000000000711e+00 2.999935739588048544e-02
9.560000000000000497e+00 2.999935739588503736e-02
9.570000000000000284e+00 2.999935739587859806e-02
9.580000000000000071e+00 2.999935739588309100e-02
9.589999999999999858e+00 2.999935739588283079e-02
9.599999999999999645e+00 2.999935739588109954e-02
9.609999999999999432e+00 2.999935739588338590e-02
9.620000000000000995e+00 2.999935739588232425e-02
9.630000000000000782e+00 2.999935739588390632e-02
9.640000000000000568e+00 2.999935739588692474e-02
9.650000000000000355e+00 2.999935739588174138e-02
9.660000000000000142e+00 2.999935739588332345e-02
9.669999999999999929e+00 2.999935739588348652e-02
9.679999999999999716e+00 2.999935739588274058e-02
9.689999999999999503e+00 2.999935739588487776e-02
9.700000000000001066e+00 2.999935739588503736e-02
9.710000000000000853e+00 2.999935739588364611e-02
9.720000000000000639e+00 2.999935739588187322e-02
9.730000000000000426e+00 2.999935739588282038e-02
9.740000000000000213e+00 2.999935739588527675e-02
9.750000000000000000e+00 2.999935739588427061e-02
9.759999999999999787e+00 2.999935739588282038e-02
9.769999999999999574e+00 2.999935739588452388e-02
9.779999999999999361e+00 2.999935739588094341e-02
9.790000000000000924e+00 2.999935739588640432e-02
9.800000000000000711e+00 2.999935739588393407e-02
9.810000000000000497e+00 2.999935739588157485e-02
9.820000000000000284e+00 2.999935739588130423e-02
9.830000000000000071e+00 2.999935739588339284e-02
9.839999999999999858e+00 2.999935739588426020e-02
9.849999999999999645e+00 2.999935739588424632e-02
9.859999999999999432e+00 2.999935739588488123e-02
9.870000000000000995e+00 2.999935739588033626e-02
9.880000000000000782e+00 2.999935739588286202e-02
9.890000000000000568e+00 2.999935739588343100e-02
9.900000000000000355e+00 2.999935739588200159e-02
9.910000000000000142e+00 2.999935739588300079e-02
9.919999999999999929e+00 2.999935739588386815e-02
9.929999999999999716e+00 2.999935739588352468e-02
9.939999999999999503e+00 2.999935739588462449e-02
9.950000000000001066e+00 2.999935739588543981e-02
9.960000000000000853e+00 2.999935739588594288e-02
9.970000000000000639e+00 2.999935739588173791e-02
