0.000000000000000000e+00 2.999935791499749177e-02
1.000000000000000021e-02 2.999935791499619420e-02
2.000000000000000042e-02 2.999935791499374130e-02
2.999999999999999889e-02 2.999935791499467111e-02
4.000000000000000083e-02 2.999935791499521234e-02
5.000000000000000278e-02 2.999935791499712401e-02
5.999999999999999778e-02 2.999935791499969487e-02
7.000000000000000666e-02 2.999935791499450805e-02
8.000000000000000167e-02 2.999935791499385926e-02
8.999999999999999667e-02 2.999935791499564255e-02
1.000000000000000056e-01 2.999935791499694360e-02
1.100000000000000006e-01 2.999935791499854648e-02
1.199999999999999956e-01 2.999935791499634685e-02
1.300000000000000044e-01 2.999935791499572929e-02
1.400000000000000133e-01 2.999935791499811280e-02
1.499999999999999944e-01 2.999935791499620460e-02
1.600000000000000033e-01 2.999935791500013896e-02
1.700000000000000122e-01 2.999935791499708237e-02
1.799999999999999933e-01 2.999935791499556623e-02
1.900000000000000022e-01 2.999935791499357129e-02
2.000000000000000111e-01 2.999935791499555235e-02
2.099999999999999922e-01 2.999935791499644747e-02
2.200000000000000011e-01 2.999935791499810239e-02
2.300000000000000100e-01 2.999935791499672849e-02
2.399999999999999911e-01 2.999935791499659318e-02
2.500000000000000000e-01 2.999935791500071836e-02
2.600000000000000089e-01 2.999935791499957344e-02
2.700000000000000178e-01 2.999935791499462601e-02
2.800000000000000266e-01 2.999935791499580909e-02
2.899999999999999800e-01 2.999935791499834178e-02
2.999999999999999889e-01 2.999935791499766524e-02
3.099999999999999978e-01 2.999935791499338048e-02
3.200000000000000067e-01 2.999935791499837301e-02
3.300000000000000155e-01 2.999935791499981977e-02
3.400000000000000244e-01 2.999935791499695747e-02
3.500000000000000333e-01 2.999935791499528520e-02
3.599999999999999867e-01 2.999935791499618726e-02
3.699999999999999956e-01 2.999935791499389395e-02
3.800000000000000044e-01 2.999935791499873383e-02
3.900000000000000133e-01 2.999935791499916057e-02
4.000000000000000222e-01 2.999935791499959425e-02
4.100000000000000311e-01 2.999935791499651686e-02
4.199999999999999845e-01 2.999935791499723503e-02
4.299999999999999933e-01 2.999935791499332843e-02
4.400000000000000022e-01 2.999935791499826546e-02
4.500000000000000111e-01 2.999935791499564949e-02
4.600000000000000200e-01 2.999935791499676666e-02
4.700000000000000289e-01 2.999935791499418886e-02
4.799999999999999822e-01 2.999935791499695401e-02
4.899999999999999911e-01 2.999935791499639542e-02
5.000000000000000000e-01 2.999935791499684645e-02
5.100000000000000089e-01 2.999935791499750565e-02
5.200000000000000178e-01 2.999935791499713095e-02
5.300000000000000266e-01 2.999935791499628440e-02
5.400000000000000355e-01 2.999935791499958732e-02
5.500000000000000444e-01 2.999935791499443172e-02
5.600000000000000533e-01 2.999935791499706503e-02
5.700000000000000622e-01 2.999935791499677706e-02
5.799999999999999600e-01 2.999935791499420620e-02
5.899999999999999689e-01 2.999935791499680482e-02
5.999999999999999778e-01 2.999935791499790463e-02
6.099999999999999867e-01 2.999935791499648216e-02
6.199999999999999956e-01 2.999935791499466070e-02
6.300000000000000044e-01 2.999935791499542398e-02
6.400000000000000133e-01 2.999935791499562868e-02
6.500000000000000222e-01 2.999935791499936527e-02
6.600000000000000311e-01 2.999935791499583337e-02
6.700000000000000400e-01 2.999935791499325904e-02
6.800000000000000488e-01 2.999935791499254781e-02
6.900000000000000577e-01 2.999935791499271087e-02
7.000000000000000666e-01 2.999935791499693666e-02
7.099999999999999645e-01 2.999935791499029961e-02
7.199999999999999734e-01 2.999935791499202392e-02
7.299999999999999822e-01 2.999935791499079574e-02
7.399999999999999911e-01 2.999935791498860652e-02
7.500000000000000000e-01 2.999935791499219392e-02
7.600000000000000089e-01 2.999935791499175330e-02
7.700000000000000178e-01 2.999935791499197882e-02
7.800000000000000266e-01 2.999935791499181575e-02
7.900000000000000355e-01 2.999935791498935939e-02
8.000000000000000444e-01 2.999935791498713547e-02
8.100000000000000533e-01 2.999935791499053206e-02
8.200000000000000622e-01 2.999935791498938020e-02
8.300000000000000711e-01 2.999935791498683363e-02
8.399999999999999689e-01 2.999935791498560197e-02
8.499999999999999778e-01 2.999935791498758997e-02
8.599999999999999867e-01 2.999935791498373194e-02
8.699999999999999956e-01 2.999935791498769405e-02
8.800000000000000044e-01 2.999935791498582749e-02
8.900000000000000133e-01 2.999935791498591076e-02
9.000000000000000222e-01 2.999935791498609117e-02
9.100000000000000311e-01 2.999935791498607729e-02
9.200000000000000400e-01 2.999935791498139007e-02
9.300000000000000488e-01 2.999935791498624382e-02
9.400000000000000577e-01 2.999935791498830467e-02
9.500000000000000666e-01 2.999935791498541116e-02
9.599999999999999645e-01 2.999935791498491849e-02
9.699999999999999734e-01 2.999935791498346827e-02
9.799999999999999822e-01 2.999935791498370419e-02
9.899999999999999911e-01 2.999935791498519952e-02
1.000000000000000000e+00 2.999935791498503646e-02
1.010000000000000009e+00 2.999935791498524809e-02
1.020000000000000018e+00 2.999935791498643117e-02
1.030000000000000027e+00 2.999935791498624035e-02
1.040000000000000036e+00 2.999935791498705567e-02
1.050000000000000044e+00 2.999935791498688220e-02
1.060000000000000053e+00 2.999935791498594545e-02
1.070000000000000062e+00 2.999935791498818671e-02
1.080000000000000071e+00 2.999935791498862733e-02
1.090000000000000080e+00 2.999935791498935939e-02
1.100000000000000089e+00 2.999935791498757609e-02
1.110000000000000098e+00 2.999935791498811385e-02
1.120000000000000107e+00 2.999935791498921714e-02
1.130000000000000115e+00 2.999935791498885979e-02
1.140000000000000124e+00 2.999935791499123983e-02
1.150000000000000133e+00 2.999935791498868631e-02
1.159999999999999920e+00 2.999935791498917897e-02
1.169999999999999929e+00 2.999935791499086166e-02
1.179999999999999938e+00 2.999935791499063267e-02
1.189999999999999947e+00 2.999935791499170820e-02
1.199999999999999956e+00 2.999935791499171167e-02
1.209999999999999964e+00 2.999935791499274557e-02
1.219999999999999973e+00 2.999935791499185739e-02
1.229999999999999982e+00 2.999935791499355742e-02
1.239999999999999991e+00 2.999935791499269699e-02
1.250000000000000000e+00 2.999935791499388354e-02
1.260000000000000009e+00 2.999935791499472315e-02
1.270000000000000018e+00 2.999935791499579868e-02
1.280000000000000027e+00 2.999935791499533377e-02
1.290000000000000036e+00 2.999935791499541010e-02
1.300000000000000044e+00 2.999935791499581950e-02
1.310000000000000053e+00 2.999935791499691584e-02
1.320000000000000062e+00 2.999935791499608317e-02
1.330000000000000071e+00 2.999935791499785953e-02
1.340000000000000080e+00 2.999935791499674931e-02
1.350000000000000089e+00 2.999935791499792892e-02
1.360000000000000098e+00 2.999935791499750912e-02
1.370000000000000107e+00 2.999935791499645094e-02
1.380000000000000115e+00 2.999935791499697829e-02
1.390000000000000124e+00 2.999935791499993773e-02
1.400000000000000133e+00 2.999935791499824117e-02
1.409999999999999920e+00 2.999935791499769300e-02
1.419999999999999929e+00 2.999935791499809545e-02
1.429999999999999938e+00 2.999935791499810239e-02
1.439999999999999947e+00 2.999935791499849791e-02
1.449999999999999956e+00 2.999935791499860199e-02
1.459999999999999964e+00 2.999935791499801913e-02
1.469999999999999973e+00 2.999935791499681176e-02
1.479999999999999982e+00 2.999935791499758198e-02
1.489999999999999991e+00 2.999935791499765830e-02
1.500000000000000000e+00 2.999935791499638849e-02
1.510000000000000009e+00 2.999935791499582644e-02
1.520000000000000018e+00 2.999935791499434151e-02
1.530000000000000027e+00 2.999935791499724197e-02
1.540000000000000036e+00 2.999935791499480642e-02
1.550000000000000044e+00 2.999935791499475785e-02
1.560000000000000053e+00 2.999935791499364415e-02
1.570000000000000062e+00 2.999935791499231882e-02
1.580000000000000071e+00 2.999935791499353313e-02
1.590000000000000080e+00 2.999935791499261720e-02
1.600000000000000089e+00 2.999935791499291210e-02
1.610000000000000098e+00 2.999935791499280108e-02
1.620000000000000107e+00 2.999935791499290516e-02
1.630000000000000115e+00 2.999935791499012960e-02
1.640000000000000124e+00 2.999935791498967164e-02
1.650000000000000133e+00 2.999935791499010185e-02
1.660000000000000142e+00 2.999935791498976878e-02
1.669999999999999929e+00 2.999935791498947041e-02
1.679999999999999938e+00 2.999935791499018858e-02
1.689999999999999947e+00 2.999935791498767323e-02
1.699999999999999956e+00 2.999935791498815896e-02
1.709999999999999964e+00 2.999935791498734017e-02
1.719999999999999973e+00 2.999935791498763160e-02
1.729999999999999982e+00 2.999935791498747201e-02
1.739999999999999991e+00 2.999935791498603566e-02
1.750000000000000000e+00 2.999935791498671567e-02
1.760000000000000009e+00 2.999935791498496707e-02
1.770000000000000018e+00 2.999935791498356541e-02
1.780000000000000027e+00 2.999935791498623688e-02
1.790000000000000036e+00 2.999935791498565055e-02
1.800000000000000044e+00 2.999935791498565749e-02
1.810000000000000053e+00 2.999935791498363133e-02
1.820000000000000062e+00 2.999935791498509197e-02
1.830000000000000071e+00 2.999935791498494625e-02
1.840000000000000080e+00 2.999935791498500870e-02
1.850000000000000089e+00 2.999935791498498094e-02
1.860000000000000098e+00 2.999935791498488380e-02
1.870000000000000107e+00 2.999935791498465482e-02
1.880000000000000115e+00 2.999935791498514748e-02
1.890000000000000124e+00 2.999935791498591423e-02
1.900000000000000133e+00 2.999935791498402338e-02
1.910000000000000142e+00 2.999935791498543544e-02
1.919999999999999929e+00 2.999935791498337806e-02
1.929999999999999938e+00 2.999935791498423154e-02
1.939999999999999947e+00 2.999935791498676771e-02
1.949999999999999956e+00 2.999935791498729853e-02
1.959999999999999964e+00 2.999935791498673648e-02
1.969999999999999973e+00 2.999935791498735405e-02
1.979999999999999982e+00 2.999935791498813814e-02
1.989999999999999991e+00 2.999935791498669138e-02
2.000000000000000000e+00 2.999935791498775997e-02
2.010000000000000231e+00 2.999935791498853366e-02
2.020000000000000018e+00 2.999935791498878346e-02
2.030000000000000249e+00 2.999935791498964388e-02
2.040000000000000036e+00 2.999935791499074370e-02
2.049999999999999822e+00 2.999935791499302312e-02
2.060000000000000053e+00 2.999935791499264148e-02
2.069999999999999840e+00 2.999935791499238127e-02
2.080000000000000071e+00 2.999935791499269006e-02
2.089999999999999858e+00 2.999935791499298496e-02
2.100000000000000089e+00 2.999935791499464682e-02
2.109999999999999876e+00 2.999935791499366150e-02
2.120000000000000107e+00 2.999935791499427559e-02
2.129999999999999893e+00 2.999935791499664176e-02
2.140000000000000124e+00 2.999935791499682217e-02
2.149999999999999911e+00 2.999935791499882751e-02
2.160000000000000142e+00 2.999935791499869220e-02
2.169999999999999929e+00 2.999935791500033672e-02
2.180000000000000160e+00 2.999935791500048243e-02
2.189999999999999947e+00 2.999935791499866444e-02
2.200000000000000178e+00 2.999935791500090917e-02
2.209999999999999964e+00 2.999935791500084672e-02
2.220000000000000195e+00 2.999935791500273757e-02
2.229999999999999982e+00 2.999935791500035059e-02
2.240000000000000213e+00 2.999935791500225185e-02
2.250000000000000000e+00 2.999935791500434740e-02
2.260000000000000231e+00 2.999935791500560681e-02
2.270000000000000018e+00 2.999935791500565538e-02
2.280000000000000249e+00 2.999935791500440985e-02
2.290000000000000036e+00 2.999935791500468740e-02
2.300000000000000266e+00 2.999935791500577681e-02
2.310000000000000053e+00 2.999935791500414270e-02
2.319999999999999840e+00 2.999935791500517313e-02
2.330000000000000071e+00 2.999935791500445148e-02
2.339999999999999858e+00 2.999935791500574905e-02
2.350000000000000089e+00 2.999935791500572824e-02
2.359999999999999876e+00 2.999935791500554783e-02
2.370000000000000107e+00 2.999935791500595028e-02
2.379999999999999893e+00 2.999935791500519394e-02
2.390000000000000124e+00 2.999935791500430576e-02
2.399999999999999911e+00 2.999935791500508292e-02
2.410000000000000142e+00 2.999935791500563803e-02
2.419999999999999929e+00 2.999935791500357718e-02
2.430000000000000160e+00 2.999935791500313656e-02
2.439999999999999947e+00 2.999935791500319554e-02
2.450000000000000178e+00 2.999935791500266818e-02
2.459999999999999964e+00 2.999935791500218246e-02
2.470000000000000195e+00 2.999935791500091958e-02
2.479999999999999982e+00 2.999935791500202287e-02
2.490000000000000213e+00 2.999935791500060733e-02
2.500000000000000000e+00 2.999935791500155102e-02
2.510000000000000231e+00 2.999935791499924384e-02
2.520000000000000018e+00 2.999935791499952487e-02
2.530000000000000249e+00 2.999935791499945548e-02
2.540000000000000036e+00 2.999935791499719340e-02
2.550000000000000266e+00 2.999935791499826893e-02
2.560000000000000053e+00 2.999935791499883098e-02
2.569999999999999840e+00 2.999935791499641277e-02
2.580000000000000071e+00 2.999935791499626359e-02
2.589999999999999858e+00 2.999935791499534418e-02
2.600000000000000089e+00 2.999935791499596174e-02
2.609999999999999876e+00 2.999935791499539969e-02
2.620000000000000107e+00 2.999935791499325904e-02
2.629999999999999893e+00 2.999935791499376558e-02
2.640000000000000124e+00 2.999935791499250617e-02
2.649999999999999911e+00 2.999935791499179494e-02
2.660000000000000142e+00 2.999935791499168392e-02
2.669999999999999929e+00 2.999935791499070206e-02
2.680000000000000160e+00 2.999935791499099696e-02
2.689999999999999947e+00 2.999935791499099350e-02
2.700000000000000178e+00 2.999935791499023369e-02
2.709999999999999964e+00 2.999935791499017818e-02
2.720000000000000195e+00 2.999935791498835325e-02
2.729999999999999982e+00 2.999935791498825263e-02
2.740000000000000213e+00 2.999935791498832202e-02
2.750000000000000000e+00 2.999935791498719445e-02
2.760000000000000231e+00 2.999935791498758303e-02
2.770000000000000018e+00 2.999935791498677812e-02
2.780000000000000249e+00 2.999935791498657342e-02
2.790000000000000036e+00 2.999935791498608770e-02
2.800000000000000266e+00 2.999935791498446400e-02
2.810000000000000053e+00 2.999935791498581708e-02
2.819999999999999840e+00 2.999935791498446747e-02
2.830000000000000071e+00 2.999935791498499829e-02
2.839999999999999858e+00 2.999935791498485604e-02
2.850000000000000089e+00 2.999935791498520299e-02
2.859999999999999876e+00 2.999935791498574422e-02
2.870000000000000107e+00 2.999935791498508503e-02
2.879999999999999893e+00 2.999935791498595933e-02
2.890000000000000124e+00 2.999935791498385337e-02
2.899999999999999911e+00 2.999935791498642423e-02
2.910000000000000142e+00 2.999935791498450910e-02
2.919999999999999929e+00 2.999935791498505727e-02
2.930000000000000160e+00 2.999935791498526544e-02
2.939999999999999947e+00 2.999935791498558463e-02
2.950000000000000178e+00 2.999935791498708690e-02
2.959999999999999964e+00 2.999935791498687526e-02
2.970000000000000195e+00 2.999935791498620913e-02
2.979999999999999982e+00 2.999935791498650056e-02
2.990000000000000213e+00 2.999935791498676771e-02
3.000000000000000000e+00 2.999935791498765589e-02
3.010000000000000231e+00 2.999935791498820753e-02
3.020000000000000018e+00 2.999935791498654220e-02
3.030000000000000249e+00 2.999935791498815202e-02
3.040000000000000036e+00 2.999935791498895693e-02
3.050000000000000266e+00 2.999935791498799589e-02
3.060000000000000053e+00 2.999935791498925183e-02
3.070000000000000284e+00 2.999935791499096921e-02
3.080000000000000071e+00 2.999935791498985205e-02
3.089999999999999858e+00 2.999935791498960225e-02
3.100000000000000089e+00 2.999935791499016777e-02
3.109999999999999876e+00 2.999935791499095880e-02
3.120000000000000107e+00 2.999935791499289822e-02
3.129999999999999893e+00 2.999935791499196494e-02
3.140000000000000124e+00 2.999935791499399804e-02
3.149999999999999911e+00 2.999935791499219392e-02
3.160000000000000142e+00 2.999935791499250964e-02
3.169999999999999929e+00 2.999935791499332843e-02
3.180000000000000160e+00 2.999935791499366150e-02
3.189999999999999947e+00 2.999935791499355048e-02
3.200000000000000178e+00 2.999935791499455315e-02
3.209999999999999964e+00 2.999935791499511520e-02
3.220000000000000195e+00 2.999935791499502152e-02
3.229999999999999982e+00 2.999935791499565643e-02
3.240000000000000213e+00 2.999935791499560092e-02
3.250000000000000000e+00 2.999935791499683257e-02
3.260000000000000231e+00 2.999935791499526785e-02
3.270000000000000018e+00 2.999935791499532683e-02
3.280000000000000249e+00 2.999935791499750912e-02
3.290000000000000036e+00 2.999935791499654461e-02
3.300000000000000266e+00 2.999935791499722809e-02
3.310000000000000053e+00 2.999935791499731136e-02
3.320000000000000284e+00 2.999935791499589235e-02
3.330000000000000071e+00 2.999935791499689502e-02
3.339999999999999858e+00 2.999935791499785953e-02
3.350000000000000089e+00 2.999935791499776239e-02
3.359999999999999876e+00 2.999935791499713789e-02
3.370000000000000107e+00 2.999935791499826546e-02
3.379999999999999893e+00 2.999935791499624277e-02
3.390000000000000124e+00 2.999935791499768953e-02
3.399999999999999911e+00 2.999935791499688115e-02
3.410000000000000142e+00 2.999935791499652032e-02
3.419999999999999929e+00 2.999935791499714482e-02
3.430000000000000160e+00 2.999935791499689502e-02
3.439999999999999947e+00 2.999935791499737381e-02
3.450000000000000178e+00 2.999935791499657237e-02
3.459999999999999964e+00 2.999935791499577092e-02
3.470000000000000195e+00 2.999935791499619420e-02
3.479999999999999982e+00 2.999935791499545867e-02
3.490000000000000213e+00 2.999935791499678400e-02
3.500000000000000000e+00 2.999935791499594093e-02
3.510000000000000231e+00 2.999935791499452192e-02
3.520000000000000018e+00 2.999935791499471274e-02
3.530000000000000249e+00 2.999935791499413335e-02
3.540000000000000036e+00 2.999935791499529908e-02
3.550000000000000266e+00 2.999935791499448723e-02
3.560000000000000053e+00 2.999935791499418192e-02
3.570000000000000284e+00 2.999935791499384191e-02
3.580000000000000071e+00 2.999935791499374824e-02
3.589999999999999858e+00 2.999935791499312374e-02
3.600000000000000089e+00 2.999935791499350191e-02
3.609999999999999876e+00 2.999935791499289475e-02
3.620000000000000107e+00 2.999935791499202392e-02
3.629999999999999893e+00 2.999935791499296761e-02
3.640000000000000124e+00 2.999935791499249577e-02
3.649999999999999911e+00 2.999935791499203780e-02
3.660000000000000142e+00 2.999935791499173943e-02
3.669999999999999929e+00 2.999935791499179494e-02
3.680000000000000160e+00 2.999935791499173249e-02
3.689999999999999947e+00 2.999935791499158677e-02
3.700000000000000178e+00 2.999935791499157289e-02
3.709999999999999964e+00 2.999935791499193025e-02
3.720000000000000195e+00 2.999935791499057369e-02
3.729999999999999982e+00 2.999935791499050083e-02
3.740000000000000213e+00 2.999935791499084431e-02
3.750000000000000000e+00 2.999935791499066043e-02
3.760000000000000231e+00 2.999935791499109064e-02
3.770000000000000018e+00 2.999935791498980348e-02
3.780000000000000249e+00 2.999935791499021981e-02
3.790000000000000036e+00 2.999935791498969245e-02
3.800000000000000266e+00 2.999935791498978266e-02
3.810000000000000053e+00 2.999935791498966123e-02
3.820000000000000284e+00 2.999935791498985205e-02
3.830000000000000071e+00 2.999935791498969245e-02
3.839999999999999858e+00 2.999935791499015042e-02
3.850000000000000089e+00 2.999935791499036206e-02
3.859999999999999876e+00 2.999935791499007062e-02
3.870000000000000107e+00 2.999935791498973756e-02
3.879999999999999893e+00 2.999935791499057369e-02
3.890000000000000124e+00 2.999935791499009144e-02
3.899999999999999911e+00 2.999935791499023716e-02
3.910000000000000142e+00 2.999935791499014001e-02
3.919999999999999929e+00 2.999935791499038634e-02
3.930000000000000160e+00 2.999935791499038634e-02
3.939999999999999947e+00 2.999935791499108717e-02
3.950000000000000178e+00 2.999935791499115656e-02
3.959999999999999964e+00 2.999935791499119472e-02
3.970000000000000195e+00 2.999935791499139248e-02
3.979999999999999982e+00 2.999935791499168392e-02
3.990000000000000213e+00 2.999935791499192678e-02
4.000000000000000000e+00 2.999935791499167698e-02
4.009999999999999787e+00 2.999935791499287741e-02
4.020000000000000462e+00 2.999935791499280802e-02
4.030000000000000249e+00 2.999935791499294679e-02
4.040000000000000036e+00 2.999935791499327292e-02
4.049999999999999822e+00 2.999935791499359558e-02
4.060000000000000497e+00 2.999935791499415763e-02
4.070000000000000284e+00 2.999935791499431029e-02
4.080000000000000071e+00 2.999935791499459825e-02
4.089999999999999858e+00 2.999935791499479601e-02
4.099999999999999645e+00 2.999935791499519500e-02
4.110000000000000320e+00 2.999935791499559745e-02
4.120000000000000107e+00 2.999935791499602072e-02
4.129999999999999893e+00 2.999935791499663135e-02
4.139999999999999680e+00 2.999935791499665910e-02
4.150000000000000355e+00 2.999935791499694360e-02
4.160000000000000142e+00 2.999935791499729748e-02
4.169999999999999929e+00 2.999935791499719340e-02
4.179999999999999716e+00 2.999935791499757504e-02
4.190000000000000391e+00 2.999935791499796361e-02
4.200000000000000178e+00 2.999935791499802606e-02
4.209999999999999964e+00 2.999935791499846321e-02
4.219999999999999751e+00 2.999935791499842158e-02
4.230000000000000426e+00 2.999935791499842505e-02
4.240000000000000213e+00 2.999935791499870955e-02
4.250000000000000000e+00 2.999935791499897322e-02
4.259999999999999787e+00 2.999935791499897322e-02
4.270000000000000462e+00 2.999935791499913282e-02
4.280000000000000249e+00 2.999935791499916404e-02
4.290000000000000036e+00 2.999935791499908772e-02
4.299999999999999822e+00 2.999935791499915710e-02
4.310000000000000497e+00 2.999935791499921955e-02
4.320000000000000284e+00 2.999935791499950058e-02
4.330000000000000071e+00 2.999935791499976426e-02
4.339999999999999858e+00 2.999935791499976773e-02
4.350000000000000533e+00 2.999935791499934792e-02
4.360000000000000320e+00 2.999935791499913629e-02
4.370000000000000107e+00 2.999935791499943466e-02
4.379999999999999893e+00 2.999935791499928894e-02
4.389999999999999680e+00 2.999935791499922996e-02
4.400000000000000355e+00 2.999935791499915710e-02
4.410000000000000142e+00 2.999935791499905302e-02
4.419999999999999929e+00 2.999935791499901139e-02
4.429999999999999716e+00 2.999935791499894547e-02
4.440000000000000391e+00 2.999935791499871302e-02
4.450000000000000178e+00 2.999935791499851526e-02
4.459999999999999964e+00 2.999935791499859505e-02
4.469999999999999751e+00 2.999935791499822382e-02
4.480000000000000426e+00 2.999935791499796361e-02
4.490000000000000213e+00 2.999935791499799831e-02
4.500000000000000000e+00 2.999935791499767912e-02
4.509999999999999787e+00 2.999935791499760973e-02
4.520000000000000462e+00 2.999935791499720034e-02
4.530000000000000249e+00 2.999935791499717258e-02
4.540000000000000036e+00 2.999935791499695054e-02
4.549999999999999822e+00 2.999935791499656890e-02
4.560000000000000497e+00 2.999935791499642665e-02
4.570000000000000284e+00 2.999935791499626359e-02
4.580000000000000071e+00 2.999935791499603113e-02
4.589999999999999858e+00 2.999935791499582297e-02
4.600000000000000533e+00 2.999935791499552112e-02
4.610000000000000320e+00 2.999935791499521581e-02
4.620000000000000107e+00 2.999935791499511867e-02
4.629999999999999893e+00 2.999935791499503540e-02
4.639999999999999680e+00 2.999935791499471274e-02
4.650000000000000355e+00 2.999935791499465029e-02
4.660000000000000142e+00 2.999935791499439355e-02
4.669999999999999929e+00 2.999935791499422702e-02
4.679999999999999716e+00 2.999935791499408477e-02
4.690000000000000391e+00 2.999935791499390089e-02
4.700000000000000178e+00 2.999935791499383844e-02
4.709999999999999964e+00 2.999935791499360946e-02
4.719999999999999751e+00 2.999935791499366150e-02
4.730000000000000426e+00 2.999935791499349497e-02
4.740000000000000213e+00 2.999935791499346721e-02
4.750000000000000000e+00 2.999935791499339088e-02
4.759999999999999787e+00 2.999935791499340823e-02
4.770000000000000462e+00 2.999935791499335619e-02
4.780000000000000249e+00 2.999935791499334578e-02
4.790000000000000036e+00 2.999935791499332843e-02
4.799999999999999822e+00 2.999935791499332496e-02
4.810000000000000497e+00 2.999935791499332843e-02
4.820000000000000284e+00 2.999935791499338048e-02
4.830000000000000071e+00 2.999935791499341864e-02
4.839999999999999858e+00 2.999935791499347415e-02
4.850000000000000533e+00 2.999935791499354007e-02
4.860000000000000320e+00 2.999935791499362334e-02
4.870000000000000107e+00 2.999935791499373783e-02
4.879999999999999893e+00 2.999935791499385926e-02
4.889999999999999680e+00 2.999935791499400151e-02
4.900000000000000355e+00 2.999935791499414028e-02
4.910000000000000142e+00 2.999935791499427559e-02
4.919999999999999929e+00 2.999935791499440743e-02
4.929999999999999716e+00 2.999935791499454968e-02
4.940000000000000391e+00 2.999935791499465723e-02
4.950000000000000178e+00 2.999935791499478560e-02
4.959999999999999964e+00 2.999935791499488275e-02
4.969999999999999751e+00 2.999935791499497989e-02
4.980000000000000426e+00 2.999935791499510826e-02
4.990000000000000213e+00 2.999935791499523663e-02
5.000000000000000000e+00 2.999935791499537888e-02
5.009999999999999787e+00 2.999935791499550031e-02
5.020000000000000462e+00 2.999935791499562868e-02
5.030000000000000249e+00 2.999935791499573970e-02
5.040000000000000036e+00 2.999935791499585766e-02
5.049999999999999822e+00 2.999935791499597562e-02
5.060000000000000497e+00 2.999935791499607624e-02
5.070000000000000284e+00 2.999935791499615603e-02
5.080000000000000071e+00 2.999935791499623930e-02
5.089999999999999858e+00 2.999935791499633644e-02
5.100000000000000533e+00 2.999935791499644053e-02
5.110000000000000320e+00 2.999935791499652726e-02
5.120000000000000107e+00 2.999935791499665216e-02
5.129999999999999893e+00 2.999935791499675972e-02
5.139999999999999680e+00 2.999935791499684645e-02
5.150000000000000355e+00 2.999935791499692972e-02
5.160000000000000142e+00 2.999935791499700258e-02
5.169999999999999929e+00 2.999935791499706156e-02
5.179999999999999716e+00 2.999935791499709972e-02
5.190000000000000391e+00 2.999935791499717258e-02
5.200000000000000178e+00 2.999935791499722115e-02
5.209999999999999964e+00 2.999935791499726279e-02
5.219999999999999751e+00 2.999935791499728013e-02
5.230000000000000426e+00 2.999935791499729054e-02
5.240000000000000213e+00 2.999935791499732871e-02
5.250000000000000000e+00 2.999935791499735646e-02
5.259999999999999787e+00 2.999935791499738422e-02
5.270000000000000462e+00 2.999935791499739116e-02
5.280000000000000249e+00 2.999935791499742238e-02
5.290000000000000036e+00 2.999935791499742932e-02
5.299999999999999822e+00 2.999935791499738769e-02
5.310000000000000497e+00 2.999935791499740850e-02
5.320000000000000284e+00 2.999935791499747095e-02
5.330000000000000071e+00 2.999935791499737034e-02
5.339999999999999858e+00 2.999935791499740850e-02
5.350000000000000533e+00 2.999935791499744320e-02
5.360000000000000320e+00 2.999935791499754728e-02
5.370000000000000107e+00 2.999935791499745014e-02
5.379999999999999893e+00 2.999935791499746054e-02
5.389999999999999680e+00 2.999935791499746401e-02
5.400000000000000355e+00 2.999935791499745708e-02
5.410000000000000142e+00 2.999935791499751953e-02
5.419999999999999929e+00 2.999935791499749524e-02
5.429999999999999716e+00 2.999935791499748483e-02
5.440000000000000391e+00 2.999935791499748483e-02
5.450000000000000178e+00 2.999935791499749524e-02
5.459999999999999964e+00 2.999935791499751259e-02
5.469999999999999751e+00 2.999935791499746054e-02
5.480000000000000426e+00 2.999935791499734952e-02
5.490000000000000213e+00 2.999935791499738422e-02
5.500000000000000000e+00 2.999935791499721074e-02
5.509999999999999787e+00 2.999935791499717258e-02
5.520000000000000462e+00 2.999935791499714136e-02
5.530000000000000249e+00 2.999935791499710319e-02
5.540000000000000036e+00 2.999935791499682564e-02
5.549999999999999822e+00 2.999935791499698523e-02
5.560000000000000497e+00 2.999935791499683604e-02
5.570000000000000284e+00 2.999935791499692278e-02
5.580000000000000071e+00 2.999935791499689502e-02
5.589999999999999858e+00 2.999935791499675625e-02
5.600000000000000533e+00 2.999935791499668339e-02
5.610000000000000320e+00 2.999935791499658277e-02
5.620000000000000107e+00 2.999935791499626359e-02
5.629999999999999893e+00 2.999935791499640583e-02
5.639999999999999680e+00 2.999935791499623236e-02
5.650000000000000355e+00 2.999935791499644400e-02
5.660000000000000142e+00 2.999935791499594787e-02
5.669999999999999929e+00 2.999935791499595827e-02
5.679999999999999716e+00 2.999935791499602072e-02
5.690000000000000391e+00 2.999935791499568072e-02
5.700000000000000178e+00 2.999935791499585419e-02
5.709999999999999964e+00 2.999935791499593052e-02
5.719999999999999751e+00 2.999935791499566337e-02
5.730000000000000426e+00 2.999935791499601379e-02
5.740000000000000213e+00 2.999935791499554194e-02
5.750000000000000000e+00 2.999935791499549337e-02
5.759999999999999787e+00 2.999935791499544480e-02
5.770000000000000462e+00 2.999935791499577092e-02
5.780000000000000249e+00 2.999935791499544480e-02
5.790000000000000036e+00 2.999935791499525398e-02
5.799999999999999822e+00 2.999935791499535459e-02
5.810000000000000497e+00 2.999935791499545867e-02
5.820000000000000284e+00 2.999935791499563562e-02
5.830000000000000071e+00 2.999935791499563909e-02
5.839999999999999858e+00 2.999935791499564602e-02
5.850000000000000533e+00 2.999935791499527479e-02
5.860000000000000320e+00 2.999935791499587154e-02
5.870000000000000107e+00 2.999935791499568766e-02
5.879999999999999893e+00 2.999935791499529908e-02
5.889999999999999680e+00 2.999935791499581950e-02
5.900000000000000355e+00 2.999935791499550031e-02
5.910000000000000142e+00 2.999935791499632257e-02
5.919999999999999929e+00 2.999935791499609358e-02
5.929999999999999716e+00 2.999935791499624277e-02
5.940000000000000391e+00 2.999935791499633297e-02
5.950000000000000178e+00 2.999935791499632257e-02
5.959999999999999964e+00 2.999935791499672155e-02
5.969999999999999751e+00 2.999935791499662441e-02
5.980000000000000426e+00 2.999935791499690890e-02
5.990000000000000213e+00 2.999935791499735299e-02
6.000000000000000000e+00 2.999935791499751259e-02
6.009999999999999787e+00 2.999935791499814403e-02
6.020000000000000462e+00 2.999935791499774157e-02
6.030000000000000249e+00 2.999935791499791157e-02
6.040000000000000036e+00 2.999935791499812668e-02
6.049999999999999822e+00 2.999935791499832444e-02
6.060000000000000497e+00 2.999935791499852566e-02
6.070000000000000284e+00 2.999935791499878587e-02
6.080000000000000071e+00 2.999935791499883098e-02
6.089999999999999858e+00 2.999935791499920568e-02
6.100000000000000533e+00 2.999935791499921262e-02
6.110000000000000320e+00 2.999935791499956650e-02
6.120000000000000107e+00 2.999935791499964630e-02
6.129999999999999893e+00 2.999935791499967752e-02
6.140000000000000568e+00 2.999935791499998283e-02
6.150000000000000355e+00 2.999935791499995508e-02
6.160000000000000142e+00 2.999935791500082591e-02
6.169999999999999929e+00 2.999935791500041304e-02
6.179999999999999716e+00 2.999935791500115204e-02
6.190000000000000391e+00 2.999935791500061427e-02
6.200000000000000178e+00 2.999935791500094734e-02
6.209999999999999964e+00 2.999935791500132204e-02
6.219999999999999751e+00 2.999935791500116244e-02
6.230000000000000426e+00 2.999935791500173490e-02
6.240000000000000213e+00 2.999935791500153368e-02
6.250000000000000000e+00 2.999935791500169674e-02
6.259999999999999787e+00 2.999935791500210613e-02
6.270000000000000462e+00 2.999935791500191185e-02
6.280000000000000249e+00 2.999935791500202981e-02
6.290000000000000036e+00 2.999935791500219287e-02
6.299999999999999822e+00 2.999935791500241145e-02
6.310000000000000497e+00 2.999935791500167592e-02
6.320000000000000284e+00 2.999935791500189103e-02
6.330000000000000071e+00 2.999935791500228308e-02
6.339999999999999858e+00 2.999935791500176613e-02
6.350000000000000533e+00 2.999935791500238716e-02
6.360000000000000320e+00 2.999935791500292839e-02
6.370000000000000107e+00 2.999935791500140878e-02
6.379999999999999893e+00 2.999935791500137061e-02
6.390000000000000568e+00 2.999935791500138449e-02
6.400000000000000355e+00 2.999935791500123877e-02
6.410000000000000142e+00 2.999935791500068019e-02
6.419999999999999929e+00 2.999935791500089877e-02
6.429999999999999716e+00 2.999935791500036794e-02
6.440000000000000391e+00 2.999935791500092305e-02
6.450000000000000178e+00 2.999935791500034019e-02
6.459999999999999964e+00 2.999935791500059346e-02
6.469999999999999751e+00 2.999935791500097509e-02
6.480000000000000426e+00 2.999935791499967752e-02
6.490000000000000213e+00 2.999935791499925078e-02
6.500000000000000000e+00 2.999935791499966364e-02
6.509999999999999787e+00 2.999935791499895241e-02
6.520000000000000462e+00 2.999935791499941037e-02
6.530000000000000249e+00 2.999935791499809198e-02
6.540000000000000036e+00 2.999935791499827586e-02
6.549999999999999822e+00 2.999935791499707197e-02
6.560000000000000497e+00 2.999935791499811280e-02
6.570000000000000284e+00 2.999935791499806770e-02
6.580000000000000071e+00 2.999935791499631216e-02
6.589999999999999858e+00 2.999935791499704074e-02
6.600000000000000533e+00 2.999935791499634685e-02
6.610000000000000320e+00 2.999935791499605542e-02
6.620000000000000107e+00 2.999935791499601032e-02
6.629999999999999893e+00 2.999935791499563215e-02
6.640000000000000568e+00 2.999935791499599644e-02
6.650000000000000355e+00 2.999935791499554194e-02
6.660000000000000142e+00 2.999935791499559051e-02
6.669999999999999929e+00 2.999935791499526438e-02
6.679999999999999716e+00 2.999935791499454274e-02
6.690000000000000391e+00 2.999935791499462948e-02
6.700000000000000178e+00 2.999935791499447335e-02
6.709999999999999964e+00 2.999935791499613522e-02
6.719999999999999751e+00 2.999935791499556623e-02
6.730000000000000426e+00 2.999935791499456009e-02
6.740000000000000213e+00 2.999935791499519153e-02
6.750000000000000000e+00 2.999935791499550725e-02
6.759999999999999787e+00 2.999935791499408477e-02
6.770000000000000462e+00 2.999935791499495213e-02
6.780000000000000249e+00 2.999935791499552806e-02
6.790000000000000036e+00 2.999935791499649257e-02
6.799999999999999822e+00 2.999935791499620807e-02
6.810000000000000497e+00 2.999935791499588889e-02
6.820000000000000284e+00 2.999935791499543439e-02
6.830000000000000071e+00 2.999935791499575011e-02
6.839999999999999858e+00 2.999935791499670767e-02
6.850000000000000533e+00 2.999935791499662441e-02
6.860000000000000320e+00 2.999935791499639889e-02
6.870000000000000107e+00 2.999935791499909812e-02
6.879999999999999893e+00 2.999935791499914323e-02
6.890000000000000568e+00 2.999935791499864016e-02
6.900000000000000355e+00 2.999935791499866791e-02
6.910000000000000142e+00 2.999935791499955262e-02
6.919999999999999929e+00 2.999935791499990650e-02
6.929999999999999716e+00 2.999935791499944160e-02
6.940000000000000391e+00 2.999935791500003487e-02
6.950000000000000178e+00 2.999935791500002447e-02
6.959999999999999964e+00 2.999935791500041651e-02
6.969999999999999751e+00 2.999935791500032284e-02
6.980000000000000426e+00 2.999935791500123183e-02
6.990000000000000213e+00 2.999935791500041998e-02
7.000000000000000000e+00 2.999935791500261614e-02
7.009999999999999787e+00 2.999935791500351473e-02
7.020000000000000462e+00 2.999935791500284166e-02
7.030000000000000249e+00 2.999935791500355636e-02
7.040000000000000036e+00 2.999935791500366739e-02
7.049999999999999822e+00 2.999935791500282084e-02
7.060000000000000497e+00 2.999935791500397270e-02
7.070000000000000284e+00 2.999935791500512108e-02
7.080000000000000071e+00 2.999935791500501353e-02
7.089999999999999858e+00 2.999935791500555476e-02
7.100000000000000533e+00 2.999935791500522170e-02
7.110000000000000320e+00 2.999935791500605090e-02
7.120000000000000107e+00 2.999935791500523904e-02
7.129999999999999893e+00 2.999935791500504129e-02
7.140000000000000568e+00 2.999935791500683846e-02
7.150000000000000355e+00 2.999935791500550966e-02
7.160000000000000142e+00 2.999935791500587395e-02
7.169999999999999929e+00 2.999935791500644641e-02
7.179999999999999716e+00 2.999935791500598845e-02
7.190000000000000391e+00 2.999935791500609600e-02
7.200000000000000178e+00 2.999935791500619661e-02
7.209999999999999964e+00 2.999935791500686275e-02
7.219999999999999751e+00 2.999935791500667540e-02
7.230000000000000426e+00 2.999935791500591559e-02
7.240000000000000213e+00 2.999935791500471169e-02
7.250000000000000000e+00 2.999935791500650539e-02
7.259999999999999787e+00 2.999935791500651927e-02
7.270000000000000462e+00 2.999935791500513843e-02
7.280000000000000249e+00 2.999935791500504129e-02
7.290000000000000036e+00 2.999935791500463883e-02
7.299999999999999822e+00 2.999935791500405596e-02
7.310000000000000497e+00 2.999935791500272717e-02
7.320000000000000284e+00 2.999935791500325452e-02
7.330000000000000071e+00 2.999935791500351126e-02
7.339999999999999858e+00 2.999935791500260227e-02
7.350000000000000533e+00 2.999935791500380616e-02
7.360000000000000320e+00 2.999935791500233165e-02
7.370000000000000107e+00 2.999935791500243920e-02
7.379999999999999893e+00 2.999935791500082244e-02
7.390000000000000568e+00 2.999935791500155449e-02
7.400000000000000355e+00 2.999935791500158919e-02
7.410000000000000142e+00 2.999935791499926119e-02
7.419999999999999929e+00 2.999935791499956997e-02
7.429999999999999716e+00 2.999935791499814403e-02
7.440000000000000391e+00 2.999935791499819260e-02
7.450000000000000178e+00 2.999935791499810933e-02
7.459999999999999964e+00 2.999935791499786647e-02
7.469999999999999751e+00 2.999935791499654114e-02
7.480000000000000426e+00 2.999935791499655849e-02
7.490000000000000213e+00 2.999935791499615950e-02
7.500000000000000000e+00 2.999935791499549337e-02
7.509999999999999787e+00 2.999935791499501458e-02
7.520000000000000462e+00 2.999935791499649604e-02
7.530000000000000249e+00 2.999935791499388354e-02
7.540000000000000036e+00 2.999935791499479948e-02
7.549999999999999822e+00 2.999935791499364762e-02
7.560000000000000497e+00 2.999935791499225637e-02
7.570000000000000284e+00 2.999935791499302659e-02
7.580000000000000071e+00 2.999935791499246801e-02
7.589999999999999858e+00 2.999935791499218352e-02
7.600000000000000533e+00 2.999935791499221474e-02
7.610000000000000320e+00 2.999935791499148269e-02
7.620000000000000107e+00 2.999935791499173596e-02
7.629999999999999893e+00 2.999935791499062920e-02
7.640000000000000568e+00 2.999935791499014348e-02
7.650000000000000355e+00 2.999935791498992838e-02
7.660000000000000142e+00 2.999935791498936979e-02
7.669999999999999929e+00 2.999935791499026144e-02
7.679999999999999716e+00 2.999935791499123289e-02
7.690000000000000391e+00 2.999935791499025797e-02
7.700000000000000178e+00 2.999935791499077839e-02
7.709999999999999964e+00 2.999935791498951898e-02
7.719999999999999751e+00 2.999935791499091370e-02
7.730000000000000426e+00 2.999935791499133003e-02
7.740000000000000213e+00 2.999935791499126064e-02
7.750000000000000000e+00 2.999935791499264842e-02
7.759999999999999787e+00 2.999935791499071247e-02
7.770000000000000462e+00 2.999935791499110799e-02
7.780000000000000249e+00 2.999935791499255822e-02
7.790000000000000036e+00 2.999935791499198923e-02
7.799999999999999822e+00 2.999935791499213841e-02
7.810000000000000497e+00 2.999935791499262067e-02
7.820000000000000284e+00 2.999935791499262414e-02
7.830000000000000071e+00 2.999935791499287047e-02
7.839999999999999858e+00 2.999935791499465376e-02
7.850000000000000533e+00 2.999935791499539275e-02
7.860000000000000320e+00 2.999935791499511867e-02
7.870000000000000107e+00 2.999935791499526438e-02
7.879999999999999893e+00 2.999935791499655849e-02
7.890000000000000568e+00 2.999935791499633297e-02
7.900000000000000355e+00 2.999935791499653420e-02
7.910000000000000142e+00 2.999935791499764443e-02
7.919999999999999929e+00 2.999935791499999671e-02
7.930000000000000604e+00 2.999935791500152327e-02
7.940000000000000391e+00 2.999935791500168980e-02
7.950000000000000178e+00 2.999935791500109306e-02
7.959999999999999964e+00 2.999935791499979548e-02
7.969999999999999751e+00 2.999935791500363269e-02
7.980000000000000426e+00 2.999935791500307064e-02
7.990000000000000213e+00 2.999935791500307758e-02
8.000000000000000000e+00 2.999935791500388943e-02
8.009999999999999787e+00 2.999935791500419474e-02
8.019999999999999574e+00 2.999935791500557558e-02
8.029999999999999361e+00 2.999935791500653315e-02
8.040000000000000924e+00 2.999935791500610988e-02
8.050000000000000711e+00 2.999935791500758092e-02
8.060000000000000497e+00 2.999935791500851767e-02
8.070000000000000284e+00 2.999935791500901033e-02
8.080000000000000071e+00 2.999935791500996096e-02
8.089999999999999858e+00 2.999935791500938156e-02
8.099999999999999645e+00 2.999935791501114057e-02
8.109999999999999432e+00 2.999935791501018301e-02
8.120000000000000995e+00 2.999935791500962096e-02
8.130000000000000782e+00 2.999935791501190385e-02
8.140000000000000568e+00 2.999935791501022464e-02
8.150000000000000355e+00 2.999935791501119262e-02
8.160000000000000142e+00 2.999935791501181365e-02
8.169999999999999929e+00 2.999935791501266019e-02
8.179999999999999716e+00 2.999935791501306265e-02
8.189999999999999503e+00 2.999935791501243121e-02
8.199999999999999289e+00 2.999935791501264631e-02
8.210000000000000853e+00 2.999935791501213631e-02
8.220000000000000639e+00 2.999935791501279203e-02
8.230000000000000426e+00 2.999935791501222304e-02
8.240000000000000213e+00 2.999935791501096363e-02
8.250000000000000000e+00 2.999935791501246590e-02
8.259999999999999787e+00 2.999935791501277121e-02
8.269999999999999574e+00 2.999935791501143895e-02
8.279999999999999361e+00 2.999935791501127588e-02
8.290000000000000924e+00 2.999935791501069302e-02
8.300000000000000711e+00 2.999935791501175814e-02
8.310000000000000497e+00 2.999935791500983259e-02
8.320000000000000284e+00 2.999935791501027321e-02
8.330000000000000071e+00 2.999935791500917687e-02
8.339999999999999858e+00 2.999935791500920462e-02
8.349999999999999645e+00 2.999935791500806664e-02
8.359999999999999432e+00 2.999935791500699112e-02
8.370000000000000995e+00 2.999935791500723398e-02
8.380000000000000782e+00 2.999935791500644641e-02
8.390000000000000568e+00 2.999935791500659560e-02
8.400000000000000355e+00 2.999935791500506210e-02
8.410000000000000142e+00 2.999935791500626947e-02
8.419999999999999929e+00 2.999935791500224491e-02
8.429999999999999716e+00 2.999935791500295615e-02
8.439999999999999503e+00 2.999935791500440985e-02
8.449999999999999289e+00 2.999935791500357024e-02
8.460000000000000853e+00 2.999935791500377147e-02
8.470000000000000639e+00 2.999935791500236634e-02
8.480000000000000426e+00 2.999935791500181123e-02
8.490000000000000213e+00 2.999935791500103061e-02
8.500000000000000000e+00 2.999935791500098897e-02
8.509999999999999787e+00 2.999935791499945895e-02
8.519999999999999574e+00 2.999935791500037488e-02
8.529999999999999361e+00 2.999935791499987875e-02
8.540000000000000924e+00 2.999935791499891771e-02
8.550000000000000711e+00 2.999935791499919874e-02
8.560000000000000497e+00 2.999935791499792892e-02
8.570000000000000284e+00 2.999935791499797749e-02
8.580000000000000071e+00 2.999935791499852566e-02
8.589999999999999858e+00 2.999935791499847015e-02
8.599999999999999645e+00 2.999935791499898363e-02
8.609999999999999432e+00 2.999935791499804341e-02
8.620000000000000995e+00 2.999935791499761667e-02
8.630000000000000782e+00 2.999935791499539622e-02
8.640000000000000568e+00 2.999935791499675625e-02
8.650000000000000355e+00 2.999935791499514295e-02
8.660000000000000142e+00 2.999935791499558357e-02
8.669999999999999929e+00 2.999935791499656196e-02
8.679999999999999716e+00 2.999935791499767912e-02
8.689999999999999503e+00 2.999935791499408130e-02
8.700000000000001066e+00 2.999935791499635032e-02
8.710000000000000853e+00 2.999935791499686033e-02
8.720000000000000639e+00 2.999935791499688809e-02
8.730000000000000426e+00 2.999935791499640236e-02
8.740000000000000213e+00 2.999935791499927507e-02
8.750000000000000000e+00 2.999935791499686380e-02
8.759999999999999787e+00 2.999935791499750565e-02
8.769999999999999574e+00 2.999935791499878240e-02
8.779999999999999361e+00 2.999935791500011467e-02
8.790000000000000924e+00 2.999935791500039917e-02
8.800000000000000711e+00 2.999935791499902527e-02
8.810000000000000497e+00 2.999935791500083285e-02
8.820000000000000284e+00 2.999935791500089530e-02
8.830000000000000071e+00 2.999935791500236981e-02
8.839999999999999858e+00 2.999935791500423637e-02
8.849999999999999645e+00 2.999935791500303595e-02
8.859999999999999432e+00 2.999935791500304635e-02
8.870000000000000995e+00 2.999935791500422944e-02
8.880000000000000782e+00 2.999935791500540211e-02
8.890000000000000568e+00 2.999935791500323370e-02
8.900000000000000355e+00 2.999935791500622090e-02
8.910000000000000142e+00 2.999935791500580456e-02
8.919999999999999929e+00 2.999935791500762255e-02
8.929999999999999716e+00 2.999935791500685234e-02
8.939999999999999503e+00 2.999935791500570048e-02
8.950000000000001066e+00 2.999935791500617580e-02
8.960000000000000853e+00 2.999935791500931564e-02
8.970000000000000639e+00 2.999935791500753582e-02
8.980000000000000426e+00 2.999935791500944054e-02
8.990000000000000213e+00 2.999935791501007198e-02
9.000000000000000000e+00 2.999935791501013443e-02
9.009999999999999787e+00 2.999935791500864951e-02
9.019999999999999574e+00 2.999935791500967994e-02
9.029999999999999361e+00 2.999935791500904503e-02
9.040000000000000924e+00 2.999935791501154650e-02
9.050000000000000711e+00 2.999935791501056465e-02
9.060000000000000497e+00 2.999935791501066873e-02
9.070000000000000284e+00 2.999935791501225774e-02
9.080000000000000071e+00 2.999935791501111976e-02
9.089999999999999858e+00 2.999935791500741786e-02
9.099999999999999645e+00 2.999935791501142507e-02
9.109999999999999432e+00 2.999935791500886115e-02
9.120000000000000995e+00 2.999935791501221263e-02
9.130000000000000782e+00 2.999935791500872237e-02
9.140000000000000568e+00 2.999935791500892013e-02
9.150000000000000355e+00 2.999935791500646376e-02
9.160000000000000142e+00 2.999935791501030097e-02
9.169999999999999929e+00 2.999935791500806317e-02
9.179999999999999716e+00 2.999935791500985688e-02
9.189999999999999503e+00 2.999935791500637008e-02
9.200000000000001066e+00 2.999935791500662682e-02
9.210000000000000853e+00 2.999935791500779603e-02
9.220000000000000639e+00 2.999935791500808052e-02
9.230000000000000426e+00 2.999935791500726520e-02
9.240000000000000213e+00 2.999935791501080057e-02
9.250000000000000000e+00 2.999935791500647070e-02
9.259999999999999787e+00 2.999935791500863563e-02
9.269999999999999574e+00 2.999935791500133592e-02
9.279999999999999361e+00 2.999935791500554089e-02
9.290000000000000924e+00 2.999935791500490598e-02
9.300000000000000711e+00 2.999935791500522170e-02
9.310000000000000497e+00 2.999935791500632151e-02
9.320000000000000284e+00 2.999935791500187021e-02
9.330000000000000071e+00 2.999935791500328228e-02
9.339999999999999858e+00 2.999935791500193960e-02
9.349999999999999645e+00 2.999935791500083285e-02
9.359999999999999432e+00 2.999935791500068366e-02
9.370000000000000995e+00 2.999935791500338289e-02
9.380000000000000782e+00 2.999935791500235593e-02
9.390000000000000568e+00 2.999935791499937568e-02
9.400000000000000355e+00 2.999935791500270635e-02
9.410000000000000142e+00 2.999935791499977814e-02
9.419999999999999929e+00 2.999935791500524598e-02
9.429999999999999716e+00 2.999935791500179735e-02
9.439999999999999503e+00 2.999935791500220328e-02
9.450000000000001066e+00 2.999935791499905996e-02
9.460000000000000853e+00 2.999935791500315391e-02
9.470000000000000639e+00 2.999935791500308799e-02
9.480000000000000426e+00 2.999935791499756116e-02
9.490000000000000213e+00 2.999935791500039570e-02
9.500000000000000000e+00 2.999935791499886567e-02
9.509999999999999787e+00 2.999935791499848403e-02
9.519999999999999574e+00 2.999935791499735299e-02
9.529999999999999361e+00 2.999935791499751259e-02
9.540000000000000924e+00 2.999935791499527826e-02
9.550000000000000711e+00 2.999935791499585072e-02
9.560000000000000497e+00 2.999935791499760973e-02
9.570000000000000284e+00 2.999935791499916057e-02
9.580000000000000071e+00 2.999935791499581950e-02
9.589999999999999858e+00 2.999935791500158919e-02
9.599999999999999645e+00 2.999935791499801219e-02
9.609999999999999432e+00 2.999935791500117632e-02
9.620000000000000995e+00 2.999935791500244961e-02
9.630000000000000782e+00 2.999935791500146082e-02
9.640000000000000568e+00 2.999935791499930282e-02
9.650000000000000355e+00 2.999935791499742932e-02
9.660000000000000142e+00 2.999935791500150592e-02
9.669999999999999929e+00 2.999935791500183552e-02
9.679999999999999716e+00 2.999935791500232124e-02
9.689999999999999503e+00 2.999935791499450458e-02
9.700000000000001066e+00 2.999935791500158919e-02
9.710000000000000853e+00 2.999935791500274104e-02
9.720000000000000639e+00 2.999935791500141571e-02
9.730000000000000426e+00 2.999935791500577334e-02
9.740000000000000213e+00 2.999935791500345575e-02
9.750000000000000000e+00 2.999935791500355636e-02
9.759999999999999787e+00 2.999935791500029161e-02
9.769999999999999574e+00 2.999935791500255716e-02
9.779999999999999361e+00 2.999935791500580456e-02
9.790000000000000924e+00 2.999935791500111387e-02
9.800000000000000711e+00 2.999935791500408372e-02
9.810000000000000497e+00 2.999935791500443413e-02
9.820000000000000284e+00 2.999935791500636315e-02
9.830000000000000071e+00 2.999935791500306370e-02
9.839999999999999858e+00 2.999935791500798685e-02
9.849999999999999645e+00 2.999935791500697030e-02
9.859999999999999432e+00 2.999935791500315738e-02
9.870000000000000995e+00 2.999935791500850032e-02
9.880000000000000782e+00 2.999935791500563456e-02
9.890000000000000568e+00 2.999935791500351820e-02
9.900000000000000355e+00 2.999935791500144694e-02
9.910000000000000142e+00 2.999935791500639090e-02
9.919999999999999929e+00 2.999935791500385820e-02
9.929999999999999716e+00 2.999935791500558599e-02
9.939999999999999503e+00 2.999935791500659213e-02
9.950000000000001066e+00 2.999935791500420168e-02
9.960000000000000853e+00 2.999935791500500312e-02
9.970000000000000639e+00 2.999935791500548191e-02
