0.000000000000000000e+00 2.999936572681773453e-02
1.000000000000000021e-02 2.999936572681465713e-02
2.000000000000000042e-02 2.999936572681317914e-02
2.999999999999999889e-02 2.999936572681458080e-02
4.000000000000000083e-02 2.999936572681286343e-02
5.000000000000000278e-02 2.999936572681492081e-02
5.999999999999999778e-02 2.999936572680913030e-02
7.000000000000000666e-02 2.999936572680991440e-02
8.000000000000000167e-02 2.999936572680916153e-02
8.999999999999999667e-02 2.999936572680737129e-02
1.000000000000000056e-01 2.999936572680324265e-02
1.100000000000000006e-01 2.999936572680080710e-02
1.199999999999999956e-01 2.999936572679842706e-02
1.300000000000000044e-01 2.999936572679289676e-02
1.400000000000000133e-01 2.999936572678967364e-02
1.499999999999999944e-01 2.999936572678482682e-02
1.600000000000000033e-01 2.999936572677832508e-02
1.700000000000000122e-01 2.999936572677282254e-02
1.799999999999999933e-01 2.999936572676194582e-02
1.900000000000000022e-01 2.999936572675527754e-02
2.000000000000000111e-01 2.999936572675338670e-02
2.099999999999999922e-01 2.999936572674300958e-02
2.200000000000000011e-01 2.999936572673347901e-02
2.300000000000000100e-01 2.999936572672216514e-02
2.399999999999999911e-01 2.999936572671632606e-02
2.500000000000000000e-01 2.999936572670014803e-02
2.600000000000000089e-01 2.999936572669341037e-02
2.700000000000000178e-01 2.999936572668235324e-02
2.800000000000000266e-01 2.999936572666581439e-02
2.899999999999999800e-01 2.999936572665345275e-02
2.999999999999999889e-01 2.999936572663870066e-02
3.099999999999999978e-01 2.999936572662654025e-02
3.200000000000000067e-01 2.999936572660538703e-02
3.300000000000000155e-01 2.999936572658581588e-02
3.400000000000000244e-01 2.999936572657426956e-02
3.500000000000000333e-01 2.999936572655468106e-02
3.599999999999999867e-01 2.999936572653128658e-02
3.699999999999999956e-01 2.999936572651446323e-02
3.800000000000000044e-01 2.999936572649182509e-02
3.900000000000000133e-01 2.999936572647245517e-02
4.000000000000000222e-01 2.999936572644817251e-02
4.100000000000000311e-01 2.999936572642867075e-02
4.199999999999999845e-01 2.999936572640562321e-02
4.299999999999999933e-01 2.999936572637879051e-02
4.400000000000000022e-01 2.999936572634801304e-02
4.500000000000000111e-01 2.999936572632025400e-02
4.600000000000000200e-01 2.999936572629050696e-02
4.700000000000000289e-01 2.999936572626167933e-02
4.799999999999999822e-01 2.999936572623034675e-02
4.899999999999999911e-01 2.999936572619781722e-02
5.000000000000000000e-01 2.999936572616517319e-02
5.100000000000000089e-01 2.999936572613474267e-02
5.200000000000000178e-01 2.999936572609785551e-02
5.300000000000000266e-01 2.999936572605662460e-02
5.400000000000000355e-01 2.999936572602551060e-02
5.500000000000000444e-01 2.999936572598868936e-02
5.600000000000000533e-01 2.999936572594483555e-02
5.700000000000000622e-01 2.999936572590551978e-02
5.799999999999999600e-01 2.999936572585977859e-02
5.899999999999999689e-01 2.999936572581514416e-02
5.999999999999999778e-01 2.999936572577430877e-02
6.099999999999999867e-01 2.999936572572647897e-02
6.199999999999999956e-01 2.999936572568977222e-02
6.300000000000000044e-01 2.999936572564150181e-02
6.400000000000000133e-01 2.999936572559084441e-02
6.500000000000000222e-01 2.999936572554338932e-02
6.600000000000000311e-01 2.999936572549171537e-02
6.700000000000000400e-01 2.999936572544082553e-02
6.800000000000000488e-01 2.999936572538587296e-02
6.900000000000000577e-01 2.999936572532965057e-02
7.000000000000000666e-01 2.999936572527279674e-02
7.099999999999999645e-01 2.999936572521555433e-02
7.199999999999999734e-01 2.999936572515520677e-02
7.299999999999999822e-01 2.999936572510044155e-02
7.399999999999999911e-01 2.999936572503500085e-02
7.500000000000000000e-01 2.999936572497963194e-02
7.600000000000000089e-01 2.999936572491772660e-02
7.700000000000000178e-01 2.999936572485199793e-02
7.800000000000000266e-01 2.999936572478049263e-02
7.900000000000000355e-01 2.999936572471287310e-02
8.000000000000000444e-01 2.999936572464291518e-02
8.100000000000000533e-01 2.999936572456807227e-02
8.200000000000000622e-01 2.999936572449986641e-02
8.300000000000000711e-01 2.999936572442629679e-02
8.399999999999999689e-01 2.999936572435631110e-02
8.499999999999999778e-01 2.999936572428273107e-02
8.599999999999999867e-01 2.999936572420438749e-02
8.699999999999999956e-01 2.999936572413141114e-02
8.800000000000000044e-01 2.999936572405088875e-02
8.900000000000000133e-01 2.999936572395885126e-02
9.000000000000000222e-01 2.999936572386776440e-02
9.100000000000000311e-01 2.999936572378331806e-02
9.200000000000000400e-01 2.999936572369507615e-02
9.300000000000000488e-01 2.999936572360322948e-02
9.400000000000000577e-01 2.999936572351856456e-02
9.500000000000000666e-01 2.999936572342904936e-02
9.599999999999999645e-01 2.999936572333986723e-02
9.699999999999999734e-01 2.999936572324671605e-02
9.799999999999999822e-01 2.999936572315916108e-02
9.899999999999999911e-01 2.999936572306424395e-02
1.000000000000000000e+00 2.999936572296589207e-02
1.010000000000000009e+00 2.999936572286654793e-02
1.020000000000000018e+00 2.999936572277717844e-02
1.030000000000000027e+00 2.999936572268365256e-02
1.040000000000000036e+00 2.999936572258208797e-02
1.050000000000000044e+00 2.999936572247974970e-02
1.060000000000000053e+00 2.999936572237329319e-02
1.070000000000000062e+00 2.999936572226753750e-02
1.080000000000000071e+00 2.999936572216170549e-02
1.090000000000000080e+00 2.999936572205313262e-02
1.100000000000000089e+00 2.999936572194415035e-02
1.110000000000000098e+00 2.999936572183535544e-02
1.120000000000000107e+00 2.999936572172315005e-02
1.130000000000000115e+00 2.999936572161277307e-02
1.140000000000000124e+00 2.999936572149068670e-02
1.150000000000000133e+00 2.999936572137337082e-02
1.159999999999999920e+00 2.999936572125048301e-02
1.169999999999999929e+00 2.999936572112792132e-02
1.179999999999999938e+00 2.999936572100240367e-02
1.189999999999999947e+00 2.999936572087787828e-02
1.199999999999999956e+00 2.999936572075440760e-02
1.209999999999999964e+00 2.999936572063124918e-02
1.219999999999999973e+00 2.999936572050584949e-02
1.229999999999999982e+00 2.999936572037534971e-02
1.239999999999999991e+00 2.999936572024868367e-02
1.250000000000000000e+00 2.999936572011414893e-02
1.260000000000000009e+00 2.999936571998510632e-02
1.270000000000000018e+00 2.999936571984865991e-02
1.280000000000000027e+00 2.999936571971751134e-02
1.290000000000000036e+00 2.999936571957578096e-02
1.300000000000000044e+00 2.999936571944527425e-02
1.310000000000000053e+00 2.999936571930562901e-02
1.320000000000000062e+00 2.999936571917168060e-02
1.330000000000000071e+00 2.999936571903417254e-02
1.340000000000000080e+00 2.999936571889455506e-02
1.350000000000000089e+00 2.999936571875145425e-02
1.360000000000000098e+00 2.999936571861318291e-02
1.370000000000000107e+00 2.999936571846820166e-02
1.380000000000000115e+00 2.999936571832382409e-02
1.390000000000000124e+00 2.999936571817767017e-02
1.400000000000000133e+00 2.999936571802401530e-02
1.409999999999999920e+00 2.999936571786852857e-02
1.419999999999999929e+00 2.999936571771880806e-02
1.429999999999999938e+00 2.999936571756817508e-02
1.439999999999999947e+00 2.999936571740996830e-02
1.449999999999999956e+00 2.999936571726185414e-02
1.459999999999999964e+00 2.999936571710849070e-02
1.469999999999999973e+00 2.999936571695793058e-02
1.479999999999999982e+00 2.999936571680484471e-02
1.489999999999999991e+00 2.999936571664788693e-02
1.500000000000000000e+00 2.999936571649070710e-02
1.510000000000000009e+00 2.999936571633473811e-02
1.520000000000000018e+00 2.999936571617993833e-02
1.530000000000000027e+00 2.999936571601828639e-02
1.540000000000000036e+00 2.999936571587823869e-02
1.550000000000000044e+00 2.999936571573082189e-02
1.560000000000000053e+00 2.999936571557895726e-02
1.570000000000000062e+00 2.999936571541875208e-02
1.580000000000000071e+00 2.999936571526138490e-02
1.590000000000000080e+00 2.999936571510315730e-02
1.600000000000000089e+00 2.999936571494205700e-02
1.610000000000000098e+00 2.999936571478232714e-02
1.620000000000000107e+00 2.999936571461929435e-02
1.630000000000000115e+00 2.999936571445345479e-02
1.640000000000000124e+00 2.999936571428583193e-02
1.650000000000000133e+00 2.999936571412742392e-02
1.660000000000000142e+00 2.999936571397274904e-02
1.669999999999999929e+00 2.999936571380009548e-02
1.679999999999999938e+00 2.999936571364406057e-02
1.689999999999999947e+00 2.999936571348139208e-02
1.699999999999999956e+00 2.999936571332666169e-02
1.709999999999999964e+00 2.999936571316784081e-02
1.719999999999999973e+00 2.999936571300509947e-02
1.729999999999999982e+00 2.999936571284070319e-02
1.739999999999999991e+00 2.999936571268038699e-02
1.750000000000000000e+00 2.999936571251658746e-02
1.760000000000000009e+00 2.999936571234678925e-02
1.770000000000000018e+00 2.999936571218449546e-02
1.780000000000000027e+00 2.999936571202384272e-02
1.790000000000000036e+00 2.999936571186357162e-02
1.800000000000000044e+00 2.999936571170278704e-02
1.810000000000000053e+00 2.999936571154183593e-02
1.820000000000000062e+00 2.999936571137613167e-02
1.830000000000000071e+00 2.999936571122159557e-02
1.840000000000000080e+00 2.999936571106476615e-02
1.850000000000000089e+00 2.999936571090637202e-02
1.860000000000000098e+00 2.999936571074357169e-02
1.870000000000000107e+00 2.999936571058255119e-02
1.880000000000000115e+00 2.999936571042120109e-02
1.890000000000000124e+00 2.999936571026219287e-02
1.900000000000000133e+00 2.999936571009931274e-02
1.910000000000000142e+00 2.999936570994380519e-02
1.919999999999999929e+00 2.999936570977634193e-02
1.929999999999999938e+00 2.999936570962630222e-02
1.939999999999999947e+00 2.999936570947667538e-02
1.949999999999999956e+00 2.999936570931820146e-02
1.959999999999999964e+00 2.999936570915930772e-02
1.969999999999999973e+00 2.999936570900994109e-02
1.979999999999999982e+00 2.999936570885523845e-02
1.989999999999999991e+00 2.999936570869860333e-02
2.000000000000000000e+00 2.999936570854858098e-02
2.010000000000000231e+00 2.999936570839407263e-02
2.020000000000000018e+00 2.999936570824726645e-02
2.030000000000000249e+00 2.999936570809268871e-02
2.040000000000000036e+00 2.999936570793793403e-02
2.049999999999999822e+00 2.999936570779249134e-02
2.060000000000000053e+00 2.999936570765904253e-02
2.069999999999999840e+00 2.999936570750716056e-02
2.080000000000000071e+00 2.999936570735673574e-02
2.089999999999999858e+00 2.999936570721157755e-02
2.100000000000000089e+00 2.999936570706263766e-02
2.109999999999999876e+00 2.999936570691441942e-02
2.120000000000000107e+00 2.999936570676761324e-02
2.129999999999999893e+00 2.999936570662391916e-02
2.140000000000000124e+00 2.999936570647747380e-02
2.149999999999999911e+00 2.999936570633820326e-02
2.160000000000000142e+00 2.999936570619095993e-02
2.169999999999999929e+00 2.999936570605570701e-02
2.180000000000000160e+00 2.999936570591875407e-02
2.189999999999999947e+00 2.999936570577925801e-02
2.200000000000000178e+00 2.999936570564650309e-02
2.209999999999999964e+00 2.999936570551114262e-02
2.220000000000000195e+00 2.999936570537061267e-02
2.229999999999999982e+00 2.999936570522971496e-02
2.240000000000000213e+00 2.999936570508958747e-02
2.250000000000000000e+00 2.999936570494952937e-02
2.260000000000000231e+00 2.999936570481116782e-02
2.270000000000000018e+00 2.999936570467615776e-02
2.280000000000000249e+00 2.999936570454188323e-02
2.290000000000000036e+00 2.999936570441601863e-02
2.300000000000000266e+00 2.999936570429662802e-02
2.310000000000000053e+00 2.999936570417035750e-02
2.319999999999999840e+00 2.999936570403652358e-02
2.330000000000000071e+00 2.999936570390876120e-02
2.339999999999999858e+00 2.999936570377748080e-02
2.350000000000000089e+00 2.999936570364528793e-02
2.359999999999999876e+00 2.999936570351365711e-02
2.370000000000000107e+00 2.999936570338486083e-02
2.379999999999999893e+00 2.999936570325631435e-02
2.390000000000000124e+00 2.999936570313661149e-02
2.399999999999999911e+00 2.999936570301230468e-02
2.410000000000000142e+00 2.999936570289559942e-02
2.419999999999999929e+00 2.999936570277983439e-02
2.430000000000000160e+00 2.999936570266690389e-02
2.439999999999999947e+00 2.999936570255619037e-02
2.450000000000000178e+00 2.999936570242916350e-02
2.459999999999999964e+00 2.999936570230124153e-02
2.470000000000000195e+00 2.999936570218489362e-02
2.479999999999999982e+00 2.999936570206199193e-02
2.490000000000000213e+00 2.999936570194656690e-02
2.500000000000000000e+00 2.999936570183379253e-02
2.510000000000000231e+00 2.999936570172045958e-02
2.520000000000000018e+00 2.999936570161548105e-02
2.530000000000000249e+00 2.999936570151011048e-02
2.540000000000000036e+00 2.999936570140258538e-02
2.550000000000000266e+00 2.999936570129637173e-02
2.560000000000000053e+00 2.999936570117801155e-02
2.569999999999999840e+00 2.999936570108089479e-02
2.580000000000000071e+00 2.999936570096486260e-02
2.589999999999999858e+00 2.999936570085150189e-02
2.600000000000000089e+00 2.999936570074593009e-02
2.609999999999999876e+00 2.999936570063510555e-02
2.620000000000000107e+00 2.999936570053800614e-02
2.629999999999999893e+00 2.999936570044093448e-02
2.640000000000000124e+00 2.999936570034496264e-02
2.649999999999999911e+00 2.999936570024654137e-02
2.660000000000000142e+00 2.999936570014911930e-02
2.669999999999999929e+00 2.999936570005501055e-02
2.680000000000000160e+00 2.999936569995722072e-02
2.689999999999999947e+00 2.999936569986404525e-02
2.700000000000000178e+00 2.999936569975628076e-02
2.709999999999999964e+00 2.999936569966516614e-02
2.720000000000000195e+00 2.999936569957300028e-02
2.729999999999999982e+00 2.999936569949086113e-02
2.740000000000000213e+00 2.999936569940989117e-02
2.750000000000000000e+00 2.999936569933515929e-02
2.760000000000000231e+00 2.999936569926544075e-02
2.770000000000000018e+00 2.999936569918640328e-02
2.780000000000000249e+00 2.999936569910497883e-02
2.790000000000000036e+00 2.999936569901798591e-02
2.800000000000000266e+00 2.999936569893058361e-02
2.810000000000000053e+00 2.999936569885372495e-02
2.819999999999999840e+00 2.999936569878224740e-02
2.830000000000000071e+00 2.999936569871140823e-02
2.839999999999999858e+00 2.999936569864226216e-02
2.850000000000000089e+00 2.999936569858503363e-02
2.859999999999999876e+00 2.999936569852958146e-02
2.870000000000000107e+00 2.999936569847993367e-02
2.879999999999999893e+00 2.999936569843003609e-02
2.890000000000000124e+00 2.999936569838072484e-02
2.899999999999999911e+00 2.999936569834387584e-02
2.910000000000000142e+00 2.999936569829592461e-02
2.919999999999999929e+00 2.999936569824025734e-02
2.930000000000000160e+00 2.999936569819421778e-02
2.939999999999999947e+00 2.999936569814566634e-02
2.950000000000000178e+00 2.999936569810690221e-02
2.959999999999999964e+00 2.999936569807341163e-02
2.970000000000000195e+00 2.999936569803995229e-02
2.979999999999999982e+00 2.999936569801934724e-02
2.990000000000000213e+00 2.999936569798826447e-02
3.000000000000000000e+00 2.999936569796337466e-02
3.010000000000000231e+00 2.999936569793665297e-02
3.020000000000000018e+00 2.999936569791260277e-02
3.030000000000000249e+00 2.999936569788764010e-02
3.040000000000000036e+00 2.999936569786139026e-02
3.050000000000000266e+00 2.999936569783694801e-02
3.060000000000000053e+00 2.999936569781479906e-02
3.070000000000000284e+00 2.999936569779509260e-02
3.080000000000000071e+00 2.999936569778129808e-02
3.089999999999999858e+00 2.999936569777425510e-02
3.100000000000000089e+00 2.999936569778575632e-02
3.109999999999999876e+00 2.999936569778499304e-02
3.120000000000000107e+00 2.999936569779070375e-02
3.129999999999999893e+00 2.999936569779699386e-02
3.140000000000000124e+00 2.999936569779823592e-02
3.149999999999999911e+00 2.999936569780250681e-02
3.160000000000000142e+00 2.999936569780432133e-02
3.169999999999999929e+00 2.999936569781057674e-02
3.180000000000000160e+00 2.999936569782170673e-02
3.189999999999999947e+00 2.999936569783878682e-02
3.200000000000000178e+00 2.999936569785399687e-02
3.209999999999999964e+00 2.999936569788870522e-02
3.220000000000000195e+00 2.999936569791894839e-02
3.229999999999999982e+00 2.999936569794153102e-02
3.240000000000000213e+00 2.999936569798170721e-02
3.250000000000000000e+00 2.999936569800655539e-02
3.260000000000000231e+00 2.999936569803275666e-02
3.270000000000000018e+00 2.999936569806185838e-02
3.280000000000000249e+00 2.999936569808532572e-02
3.290000000000000036e+00 2.999936569812095000e-02
3.300000000000000266e+00 2.999936569816254867e-02
3.310000000000000053e+00 2.999936569821350790e-02
3.320000000000000284e+00 2.999936569824573213e-02
3.330000000000000071e+00 2.999936569829601135e-02
3.339999999999999858e+00 2.999936569833503569e-02
3.350000000000000089e+00 2.999936569837153774e-02
3.359999999999999876e+00 2.999936569843232245e-02
3.370000000000000107e+00 2.999936569847629075e-02
3.379999999999999893e+00 2.999936569852289237e-02
3.390000000000000124e+00 2.999936569856698557e-02
3.399999999999999911e+00 2.999936569861443372e-02
3.410000000000000142e+00 2.999936569865605668e-02
3.419999999999999929e+00 2.999936569871448216e-02
3.430000000000000160e+00 2.999936569878730586e-02
3.439999999999999947e+00 2.999936569885025550e-02
3.450000000000000178e+00 2.999936569890539889e-02
3.459999999999999964e+00 2.999936569896868160e-02
3.470000000000000195e+00 2.999936569903351863e-02
3.479999999999999982e+00 2.999936569909412987e-02
3.490000000000000213e+00 2.999936569914876672e-02
3.500000000000000000e+00 2.999936569920578708e-02
3.510000000000000231e+00 2.999936569925988616e-02
3.520000000000000018e+00 2.999936569932028924e-02
3.530000000000000249e+00 2.999936569938113293e-02
3.540000000000000036e+00 2.999936569943566916e-02
3.550000000000000266e+00 2.999936569951427295e-02
3.560000000000000053e+00 2.999936569959706090e-02
3.570000000000000284e+00 2.999936569966455552e-02
3.580000000000000071e+00 2.999936569973629674e-02
3.589999999999999858e+00 2.999936569980840573e-02
3.600000000000000089e+00 2.999936569987737833e-02
3.609999999999999876e+00 2.999936569993890551e-02
3.620000000000000107e+00 2.999936569999588423e-02
3.629999999999999893e+00 2.999936570006024247e-02
3.640000000000000124e+00 2.999936570012773709e-02
3.649999999999999911e+00 2.999936570019345883e-02
3.660000000000000142e+00 2.999936570026672661e-02
3.669999999999999929e+00 2.999936570034374833e-02
3.680000000000000160e+00 2.999936570040996620e-02
3.689999999999999947e+00 2.999936570048629750e-02
3.700000000000000178e+00 2.999936570055462132e-02
3.709999999999999964e+00 2.999936570062743460e-02
3.720000000000000195e+00 2.999936570069495004e-02
3.729999999999999982e+00 2.999936570073993836e-02
3.740000000000000213e+00 2.999936570078672732e-02
3.750000000000000000e+00 2.999936570084450402e-02
3.760000000000000231e+00 2.999936570090673202e-02
3.770000000000000018e+00 2.999936570096877961e-02
3.780000000000000249e+00 2.999936570103318295e-02
3.790000000000000036e+00 2.999936570110357109e-02
3.800000000000000266e+00 2.999936570117309881e-02
3.810000000000000053e+00 2.999936570122471030e-02
3.820000000000000284e+00 2.999936570128513419e-02
3.830000000000000071e+00 2.999936570133612118e-02
3.839999999999999858e+00 2.999936570138908923e-02
3.850000000000000089e+00 2.999936570140150291e-02
3.859999999999999876e+00 2.999936570143999642e-02
3.870000000000000107e+00 2.999936570148198367e-02
3.879999999999999893e+00 2.999936570153160370e-02
3.890000000000000124e+00 2.999936570158947755e-02
3.899999999999999911e+00 2.999936570164263294e-02
3.910000000000000142e+00 2.999936570170327194e-02
3.919999999999999929e+00 2.999936570175749592e-02
3.930000000000000160e+00 2.999936570181731266e-02
3.939999999999999947e+00 2.999936570186421958e-02
3.950000000000000178e+00 2.999936570188291990e-02
3.959999999999999964e+00 2.999936570193867391e-02
3.970000000000000195e+00 2.999936570197072466e-02
3.979999999999999982e+00 2.999936570201809996e-02
3.990000000000000213e+00 2.999936570205597244e-02
4.000000000000000000e+00 2.999936570209981584e-02
4.009999999999999787e+00 2.999936570214391945e-02
4.020000000000000462e+00 2.999936570218912635e-02
4.030000000000000249e+00 2.999936570222928867e-02
4.040000000000000036e+00 2.999936570226872934e-02
4.049999999999999822e+00 2.999936570229925006e-02
4.060000000000000497e+00 2.999936570231813773e-02
4.070000000000000284e+00 2.999936570234933153e-02
4.080000000000000071e+00 2.999936570238091391e-02
4.089999999999999858e+00 2.999936570239535721e-02
4.099999999999999645e+00 2.999936570242001457e-02
4.110000000000000320e+00 2.999936570244000553e-02
4.120000000000000107e+00 2.999936570246004505e-02
4.129999999999999893e+00 2.999936570248795675e-02
4.139999999999999680e+00 2.999936570252029894e-02
4.150000000000000355e+00 2.999936570254815860e-02
4.160000000000000142e+00 2.999936570256693177e-02
4.169999999999999929e+00 2.999936570258018159e-02
4.179999999999999716e+00 2.999936570259940233e-02
4.190000000000000391e+00 2.999936570259369856e-02
4.200000000000000178e+00 2.999936570260773247e-02
4.209999999999999964e+00 2.999936570261583363e-02
4.219999999999999751e+00 2.999936570262702606e-02
4.230000000000000426e+00 2.999936570262956223e-02
4.240000000000000213e+00 2.999936570263980751e-02
4.250000000000000000e+00 2.999936570264687477e-02
4.259999999999999787e+00 2.999936570265551022e-02
4.270000000000000462e+00 2.999936570265834823e-02
4.280000000000000249e+00 2.999936570265365754e-02
4.290000000000000036e+00 2.999936570263846830e-02
4.299999999999999822e+00 2.999936570262536767e-02
4.310000000000000497e+00 2.999936570260960597e-02
4.320000000000000284e+00 2.999936570259343488e-02
4.330000000000000071e+00 2.999936570258399104e-02
4.339999999999999858e+00 2.999936570256266435e-02
4.350000000000000533e+00 2.999936570253734433e-02
4.360000000000000320e+00 2.999936570252815030e-02
4.370000000000000107e+00 2.999936570253283058e-02
4.379999999999999893e+00 2.999936570251518497e-02
4.389999999999999680e+00 2.999936570248026846e-02
4.400000000000000355e+00 2.999936570244823852e-02
4.410000000000000142e+00 2.999936570241260383e-02
4.419999999999999929e+00 2.999936570236953759e-02
4.429999999999999716e+00 2.999936570232602379e-02
4.440000000000000391e+00 2.999936570228270427e-02
4.450000000000000178e+00 2.999936570224783633e-02
4.459999999999999964e+00 2.999936570222232202e-02
4.469999999999999751e+00 2.999936570218864756e-02
4.480000000000000426e+00 2.999936570215156612e-02
4.490000000000000213e+00 2.999936570209216918e-02
4.500000000000000000e+00 2.999936570204400979e-02
4.509999999999999787e+00 2.999936570198668412e-02
4.520000000000000462e+00 2.999936570193033336e-02
4.530000000000000249e+00 2.999936570186116300e-02
4.540000000000000036e+00 2.999936570179476125e-02
4.549999999999999822e+00 2.999936570172340861e-02
4.560000000000000497e+00 2.999936570165809280e-02
4.570000000000000284e+00 2.999936570159130941e-02
4.580000000000000071e+00 2.999936570154033630e-02
4.589999999999999858e+00 2.999936570148560924e-02
4.600000000000000533e+00 2.999936570142414799e-02
4.610000000000000320e+00 2.999936570136068487e-02
4.620000000000000107e+00 2.999936570129213900e-02
4.629999999999999893e+00 2.999936570120679755e-02
4.639999999999999680e+00 2.999936570111553027e-02
4.650000000000000355e+00 2.999936570101839617e-02
4.660000000000000142e+00 2.999936570092235147e-02
4.669999999999999929e+00 2.999936570082660861e-02
4.679999999999999716e+00 2.999936570073325273e-02
4.690000000000000391e+00 2.999936570063433186e-02
4.700000000000000178e+00 2.999936570053518547e-02
4.709999999999999964e+00 2.999936570045487472e-02
4.719999999999999751e+00 2.999936570036056821e-02
4.730000000000000426e+00 2.999936570025081226e-02
4.740000000000000213e+00 2.999936570014424125e-02
4.750000000000000000e+00 2.999936570001601049e-02
4.759999999999999787e+00 2.999936569990362123e-02
4.770000000000000462e+00 2.999936569978590983e-02
4.780000000000000249e+00 2.999936569966108260e-02
4.790000000000000036e+00 2.999936569953330981e-02
4.799999999999999822e+00 2.999936569941272918e-02
4.810000000000000497e+00 2.999936569929340102e-02
4.820000000000000284e+00 2.999936569917908968e-02
4.830000000000000071e+00 2.999936569906190564e-02
4.839999999999999858e+00 2.999936569893496205e-02
4.850000000000000533e+00 2.999936569879612172e-02
4.860000000000000320e+00 2.999936569867634947e-02
4.870000000000000107e+00 2.999936569853387316e-02
4.879999999999999893e+00 2.999936569839988312e-02
4.889999999999999680e+00 2.999936569824230084e-02
4.900000000000000355e+00 2.999936569810379011e-02
4.910000000000000142e+00 2.999936569796932476e-02
4.919999999999999929e+00 2.999936569783493920e-02
4.929999999999999716e+00 2.999936569770143141e-02
4.940000000000000391e+00 2.999936569757018917e-02
4.950000000000000178e+00 2.999936569744123677e-02
4.959999999999999964e+00 2.999936569731247518e-02
4.969999999999999751e+00 2.999936569717485610e-02
4.980000000000000426e+00 2.999936569702096184e-02
4.990000000000000213e+00 2.999936569688935184e-02
5.000000000000000000e+00 2.999936569674449202e-02
5.009999999999999787e+00 2.999936569660979421e-02
5.020000000000000462e+00 2.999936569646576359e-02
5.030000000000000249e+00 2.999936569632023764e-02
5.040000000000000036e+00 2.999936569618345469e-02
5.049999999999999822e+00 2.999936569605032854e-02
5.060000000000000497e+00 2.999936569591391336e-02
5.070000000000000284e+00 2.999936569577850085e-02
5.080000000000000071e+00 2.999936569563610780e-02
5.089999999999999858e+00 2.999936569548930163e-02
5.100000000000000533e+00 2.999936569532953359e-02
5.110000000000000320e+00 2.999936569517837326e-02
5.120000000000000107e+00 2.999936569504995862e-02
5.129999999999999893e+00 2.999936569489510332e-02
5.139999999999999680e+00 2.999936569476246290e-02
5.150000000000000355e+00 2.999936569462531566e-02
5.160000000000000142e+00 2.999936569450821489e-02
5.169999999999999929e+00 2.999936569437443648e-02
5.179999999999999716e+00 2.999936569424738880e-02
5.190000000000000391e+00 2.999936569412122236e-02
5.200000000000000178e+00 2.999936569399477143e-02
5.209999999999999964e+00 2.999936569386430635e-02
5.219999999999999751e+00 2.999936569372435927e-02
5.230000000000000426e+00 2.999936569360129451e-02
5.240000000000000213e+00 2.999936569347150250e-02
5.250000000000000000e+00 2.999936569334185621e-02
5.259999999999999787e+00 2.999936569321687285e-02
5.270000000000000462e+00 2.999936569311109982e-02
5.280000000000000249e+00 2.999936569301064199e-02
5.290000000000000036e+00 2.999936569290372057e-02
5.299999999999999822e+00 2.999936569280416132e-02
5.310000000000000497e+00 2.999936569269461006e-02
5.320000000000000284e+00 2.999936569258733823e-02
5.330000000000000071e+00 2.999936569247700982e-02
5.339999999999999858e+00 2.999936569236506118e-02
5.350000000000000533e+00 2.999936569226903035e-02
5.360000000000000320e+00 2.999936569216260507e-02
5.370000000000000107e+00 2.999936569205821635e-02
5.379999999999999893e+00 2.999936569197346470e-02
5.389999999999999680e+00 2.999936569188488972e-02
5.400000000000000355e+00 2.999936569179815007e-02
5.410000000000000142e+00 2.999936569172179796e-02
5.419999999999999929e+00 2.999936569164003350e-02
5.429999999999999716e+00 2.999936569155219057e-02
5.440000000000000391e+00 2.999936569147124144e-02
5.450000000000000178e+00 2.999936569138730857e-02
5.459999999999999964e+00 2.999936569130672373e-02
5.469999999999999751e+00 2.999936569122586480e-02
5.480000000000000426e+00 2.999936569115180252e-02
5.490000000000000213e+00 2.999936569109332152e-02
5.500000000000000000e+00 2.999936569104853096e-02
5.509999999999999787e+00 2.999936569097554767e-02
5.520000000000000462e+00 2.999936569093572883e-02
5.530000000000000249e+00 2.999936569088969968e-02
5.540000000000000036e+00 2.999936569084849652e-02
5.549999999999999822e+00 2.999936569080559681e-02
5.560000000000000497e+00 2.999936569075364184e-02
5.570000000000000284e+00 2.999936569070047951e-02
5.580000000000000071e+00 2.999936569065111275e-02
5.589999999999999858e+00 2.999936569060513217e-02
5.600000000000000533e+00 2.999936569056796398e-02
5.610000000000000320e+00 2.999936569054600238e-02
5.620000000000000107e+00 2.999936569052821453e-02
5.629999999999999893e+00 2.999936569052196952e-02
5.639999999999999680e+00 2.999936569048578666e-02
5.650000000000000355e+00 2.999936569047020538e-02
5.660000000000000142e+00 2.999936569044979462e-02
5.669999999999999929e+00 2.999936569042597340e-02
5.679999999999999716e+00 2.999936569040243320e-02
5.690000000000000391e+00 2.999936569038470086e-02
5.700000000000000178e+00 2.999936569036727035e-02
5.709999999999999964e+00 2.999936569035149131e-02
5.719999999999999751e+00 2.999936569035293460e-02
5.730000000000000426e+00 2.999936569033477551e-02
5.740000000000000213e+00 2.999936569035186601e-02
5.750000000000000000e+00 2.999936569035629996e-02
5.759999999999999787e+00 2.999936569036382172e-02
5.770000000000000462e+00 2.999936569036747852e-02
5.780000000000000249e+00 2.999936569037746012e-02
5.790000000000000036e+00 2.999936569037701256e-02
5.799999999999999822e+00 2.999936569039446735e-02
5.810000000000000497e+00 2.999936569040666245e-02
5.820000000000000284e+00 2.999936569041252929e-02
5.830000000000000071e+00 2.999936569042851997e-02
5.839999999999999858e+00 2.999936569044961074e-02
5.850000000000000533e+00 2.999936569047926410e-02
5.860000000000000320e+00 2.999936569051795190e-02
5.870000000000000107e+00 2.999936569054385480e-02
5.879999999999999893e+00 2.999936569057393143e-02
5.889999999999999680e+00 2.999936569060837610e-02
5.900000000000000355e+00 2.999936569064288669e-02
5.910000000000000142e+00 2.999936569067164494e-02
5.919999999999999929e+00 2.999936569068091183e-02
5.929999999999999716e+00 2.999936569070995110e-02
5.940000000000000391e+00 2.999936569073345660e-02
5.950000000000000178e+00 2.999936569077051030e-02
5.959999999999999964e+00 2.999936569081454452e-02
5.969999999999999751e+00 2.999936569086428945e-02
5.980000000000000426e+00 2.999936569092366903e-02
5.990000000000000213e+00 2.999936569098200084e-02
6.000000000000000000e+00 2.999936569103479195e-02
6.009999999999999787e+00 2.999936569109110801e-02
6.020000000000000462e+00 2.999936569116147533e-02
6.030000000000000249e+00 2.999936569121517890e-02
6.040000000000000036e+00 2.999936569125601776e-02
6.049999999999999822e+00 2.999936569130485023e-02
6.060000000000000497e+00 2.999936569135279799e-02
6.070000000000000284e+00 2.999936569141140041e-02
6.080000000000000071e+00 2.999936569147787502e-02
6.089999999999999858e+00 2.999936569154437738e-02
6.100000000000000533e+00 2.999936569161113648e-02
6.110000000000000320e+00 2.999936569168415446e-02
6.120000000000000107e+00 2.999936569175367523e-02
6.129999999999999893e+00 2.999936569182531237e-02
6.140000000000000568e+00 2.999936569187764551e-02
6.150000000000000355e+00 2.999936569191451879e-02
6.160000000000000142e+00 2.999936569198121197e-02
6.169999999999999929e+00 2.999936569203774661e-02
6.179999999999999716e+00 2.999936569212037496e-02
6.190000000000000391e+00 2.999936569219516930e-02
6.200000000000000178e+00 2.999936569227601088e-02
6.209999999999999964e+00 2.999936569235345241e-02
6.219999999999999751e+00 2.999936569243046719e-02
6.230000000000000426e+00 2.999936569250775953e-02
6.240000000000000213e+00 2.999936569259064809e-02
6.250000000000000000e+00 2.999936569266754838e-02
6.259999999999999787e+00 2.999936569272376383e-02
6.270000000000000462e+00 2.999936569279770121e-02
6.280000000000000249e+00 2.999936569286480378e-02
6.290000000000000036e+00 2.999936569293941424e-02
6.299999999999999822e+00 2.999936569300855685e-02
6.310000000000000497e+00 2.999936569309014436e-02
6.320000000000000284e+00 2.999936569317712340e-02
6.330000000000000071e+00 2.999936569326314834e-02
6.339999999999999858e+00 2.999936569335336090e-02
6.350000000000000533e+00 2.999936569343118406e-02
6.360000000000000320e+00 2.999936569351385057e-02
6.370000000000000107e+00 2.999936569358607752e-02
6.379999999999999893e+00 2.999936569366061165e-02
6.390000000000000568e+00 2.999936569372799525e-02
6.400000000000000355e+00 2.999936569380801457e-02
6.410000000000000142e+00 2.999936569389711344e-02
6.419999999999999929e+00 2.999936569397766012e-02
6.429999999999999716e+00 2.999936569407232051e-02
6.440000000000000391e+00 2.999936569416198837e-02
6.450000000000000178e+00 2.999936569424587612e-02
6.459999999999999964e+00 2.999936569433689013e-02
6.469999999999999751e+00 2.999936569442034073e-02
6.480000000000000426e+00 2.999936569450481830e-02
6.490000000000000213e+00 2.999936569458172553e-02
6.500000000000000000e+00 2.999936569465761621e-02
6.509999999999999787e+00 2.999936569473210524e-02
6.520000000000000462e+00 2.999936569480646936e-02
6.530000000000000249e+00 2.999936569489138755e-02
6.540000000000000036e+00 2.999936569497031053e-02
6.549999999999999822e+00 2.999936569505250866e-02
6.560000000000000497e+00 2.999936569514978502e-02
6.570000000000000284e+00 2.999936569523329460e-02
6.580000000000000071e+00 2.999936569532136998e-02
6.589999999999999858e+00 2.999936569540265913e-02
6.600000000000000533e+00 2.999936569547782816e-02
6.610000000000000320e+00 2.999936569554577728e-02
6.620000000000000107e+00 2.999936569561999916e-02
6.629999999999999893e+00 2.999936569568237982e-02
6.640000000000000568e+00 2.999936569575570658e-02
6.650000000000000355e+00 2.999936569581875684e-02
6.660000000000000142e+00 2.999936569590180846e-02
6.669999999999999929e+00 2.999936569596859531e-02
6.679999999999999716e+00 2.999936569604024633e-02
6.690000000000000391e+00 2.999936569612541779e-02
6.700000000000000178e+00 2.999936569620017396e-02
6.709999999999999964e+00 2.999936569626813349e-02
6.719999999999999751e+00 2.999936569632416852e-02
6.730000000000000426e+00 2.999936569638003009e-02
6.740000000000000213e+00 2.999936569643114892e-02
6.750000000000000000e+00 2.999936569648665660e-02
6.759999999999999787e+00 2.999936569653912505e-02
6.770000000000000462e+00 2.999936569660008670e-02
6.780000000000000249e+00 2.999936569667387490e-02
6.790000000000000036e+00 2.999936569672799480e-02
6.799999999999999822e+00 2.999936569678217368e-02
6.810000000000000497e+00 2.999936569682420257e-02
6.820000000000000284e+00 2.999936569687606039e-02
6.830000000000000071e+00 2.999936569691683680e-02
6.839999999999999858e+00 2.999936569695252006e-02
6.850000000000000533e+00 2.999936569698661779e-02
6.860000000000000320e+00 2.999936569701217373e-02
6.870000000000000107e+00 2.999936569704693412e-02
6.879999999999999893e+00 2.999936569708862646e-02
6.890000000000000568e+00 2.999936569713091555e-02
6.900000000000000355e+00 2.999936569717356893e-02
6.910000000000000142e+00 2.999936569720732665e-02
6.919999999999999929e+00 2.999936569724143826e-02
6.929999999999999716e+00 2.999936569726295577e-02
6.940000000000000391e+00 2.999936569728349836e-02
6.950000000000000178e+00 2.999936569728980928e-02
6.959999999999999964e+00 2.999936569730139030e-02
6.969999999999999751e+00 2.999936569731005698e-02
6.980000000000000426e+00 2.999936569731607994e-02
6.990000000000000213e+00 2.999936569732014613e-02
7.000000000000000000e+00 2.999936569732343516e-02
7.009999999999999787e+00 2.999936569732535377e-02
7.020000000000000462e+00 2.999936569732497907e-02
7.030000000000000249e+00 2.999936569733069672e-02
7.040000000000000036e+00 2.999936569732900710e-02
7.049999999999999822e+00 2.999936569731831773e-02
7.060000000000000497e+00 2.999936569730994596e-02
7.070000000000000284e+00 2.999936569728826191e-02
7.080000000000000071e+00 2.999936569727218796e-02
7.089999999999999858e+00 2.999936569725074678e-02
7.100000000000000533e+00 2.999936569722877130e-02
7.110000000000000320e+00 2.999936569720563356e-02
7.120000000000000107e+00 2.999936569718527832e-02
7.129999999999999893e+00 2.999936569715659987e-02
7.140000000000000568e+00 2.999936569713178292e-02
7.150000000000000355e+00 2.999936569711417200e-02
7.160000000000000142e+00 2.999936569708655520e-02
7.169999999999999929e+00 2.999936569704690636e-02
7.179999999999999716e+00 2.999936569700862796e-02
7.190000000000000391e+00 2.999936569695568767e-02
7.200000000000000178e+00 2.999936569690951974e-02
7.209999999999999964e+00 2.999936569686148524e-02
7.219999999999999751e+00 2.999936569681276033e-02
7.230000000000000426e+00 2.999936569676228335e-02
7.240000000000000213e+00 2.999936569671246556e-02
7.250000000000000000e+00 2.999936569666244654e-02
7.259999999999999787e+00 2.999936569660881930e-02
7.270000000000000462e+00 2.999936569655494226e-02
7.280000000000000249e+00 2.999936569649454959e-02
7.290000000000000036e+00 2.999936569644241421e-02
7.299999999999999822e+00 2.999936569637871864e-02
7.310000000000000497e+00 2.999936569631071401e-02
7.320000000000000284e+00 2.999936569624015933e-02
7.330000000000000071e+00 2.999936569616391130e-02
7.339999999999999858e+00 2.999936569608679243e-02
7.350000000000000533e+00 2.999936569601324016e-02
7.360000000000000320e+00 2.999936569594104790e-02
7.370000000000000107e+00 2.999936569586892504e-02
7.379999999999999893e+00 2.999936569579553583e-02
7.390000000000000568e+00 2.999936569571047540e-02
7.400000000000000355e+00 2.999936569564211689e-02
7.410000000000000142e+00 2.999936569554791793e-02
7.419999999999999929e+00 2.999936569547610732e-02
7.429999999999999716e+00 2.999936569538355982e-02
7.440000000000000391e+00 2.999936569528772676e-02
7.450000000000000178e+00 2.999936569519751073e-02
7.459999999999999964e+00 2.999936569510593468e-02
7.469999999999999751e+00 2.999936569501614192e-02
7.480000000000000426e+00 2.999936569492632835e-02
7.490000000000000213e+00 2.999936569483511312e-02
7.500000000000000000e+00 2.999936569474251358e-02
7.509999999999999787e+00 2.999936569465087854e-02
7.520000000000000462e+00 2.999936569454592430e-02
7.530000000000000249e+00 2.999936569444475176e-02
7.540000000000000036e+00 2.999936569434019998e-02
7.549999999999999822e+00 2.999936569423040586e-02
7.560000000000000497e+00 2.999936569413644283e-02
7.570000000000000284e+00 2.999936569402943815e-02
7.580000000000000071e+00 2.999936569392661762e-02
7.589999999999999858e+00 2.999936569382266605e-02
7.600000000000000533e+00 2.999936569371840223e-02
7.610000000000000320e+00 2.999936569361679253e-02
7.620000000000000107e+00 2.999936569351201870e-02
7.629999999999999893e+00 2.999936569340189846e-02
7.640000000000000568e+00 2.999936569328570668e-02
7.650000000000000355e+00 2.999936569317573562e-02
7.660000000000000142e+00 2.999936569306862338e-02
7.669999999999999929e+00 2.999936569295638678e-02
7.679999999999999716e+00 2.999936569284893453e-02
7.690000000000000391e+00 2.999936569273685058e-02
7.700000000000000178e+00 2.999936569262052349e-02
7.709999999999999964e+00 2.999936569252282387e-02
7.719999999999999751e+00 2.999936569242188031e-02
7.730000000000000426e+00 2.999936569231068800e-02
7.740000000000000213e+00 2.999936569219648075e-02
7.750000000000000000e+00 2.999936569208096204e-02
7.759999999999999787e+00 2.999936569196053060e-02
7.770000000000000462e+00 2.999936569183893342e-02
7.780000000000000249e+00 2.999936569171706563e-02
7.790000000000000036e+00 2.999936569160180366e-02
7.799999999999999822e+00 2.999936569147966525e-02
7.810000000000000497e+00 2.999936569136344572e-02
7.820000000000000284e+00 2.999936569125169483e-02
7.830000000000000071e+00 2.999936569113310914e-02
7.839999999999999858e+00 2.999936569101117889e-02
7.850000000000000533e+00 2.999936569089110827e-02
7.860000000000000320e+00 2.999936569076816495e-02
7.870000000000000107e+00 2.999936569064515224e-02
7.879999999999999893e+00 2.999936569051931540e-02
7.890000000000000568e+00 2.999936569039175771e-02
7.900000000000000355e+00 2.999936569026748212e-02
7.910000000000000142e+00 2.999936569014738375e-02
7.919999999999999929e+00 2.999936569002147058e-02
7.930000000000000604e+00 2.999936568989522087e-02
7.940000000000000391e+00 2.999936568978410836e-02
7.950000000000000178e+00 2.999936568966839190e-02
7.959999999999999964e+00 2.999936568954110483e-02
7.969999999999999751e+00 2.999936568941967419e-02
7.980000000000000426e+00 2.999936568929803191e-02
7.990000000000000213e+00 2.999936568917182383e-02
8.000000000000000000e+00 2.999936568904311429e-02
8.009999999999999787e+00 2.999936568891447067e-02
8.019999999999999574e+00 2.999936568878300985e-02
8.029999999999999361e+00 2.999936568865588932e-02
8.040000000000000924e+00 2.999936568852849123e-02
8.050000000000000711e+00 2.999936568840484707e-02
8.060000000000000497e+00 2.999936568826561470e-02
8.070000000000000284e+00 2.999936568814473917e-02
8.080000000000000071e+00 2.999936568801922498e-02
8.089999999999999858e+00 2.999936568788132141e-02
8.099999999999999645e+00 2.999936568774707116e-02
8.109999999999999432e+00 2.999936568761385133e-02
8.120000000000000995e+00 2.999936568748452770e-02
8.130000000000000782e+00 2.999936568735397241e-02
8.140000000000000568e+00 2.999936568722295915e-02
8.150000000000000355e+00 2.999936568709866275e-02
8.160000000000000142e+00 2.999936568697338102e-02
8.169999999999999929e+00 2.999936568684061222e-02
8.179999999999999716e+00 2.999936568671278392e-02
8.189999999999999503e+00 2.999936568658080616e-02
8.199999999999999289e+00 2.999936568644539017e-02
8.210000000000000853e+00 2.999936568631095257e-02
8.220000000000000639e+00 2.999936568618027238e-02
8.230000000000000426e+00 2.999936568604610540e-02
8.240000000000000213e+00 2.999936568591495337e-02
8.250000000000000000e+00 2.999936568577958595e-02
8.259999999999999787e+00 2.999936568564876699e-02
8.269999999999999574e+00 2.999936568551602248e-02
8.279999999999999361e+00 2.999936568538761825e-02
8.290000000000000924e+00 2.999936568525558844e-02
8.300000000000000711e+00 2.999936568512530377e-02
8.310000000000000497e+00 2.999936568499750322e-02
8.320000000000000284e+00 2.999936568486635813e-02
8.330000000000000071e+00 2.999936568474054557e-02
8.339999999999999858e+00 2.999936568461103459e-02
8.349999999999999645e+00 2.999936568448764024e-02
8.359999999999999432e+00 2.999936568435321305e-02
8.370000000000000995e+00 2.999936568422309491e-02
8.380000000000000782e+00 2.999936568409344514e-02
8.390000000000000568e+00 2.999936568396217515e-02
8.400000000000000355e+00 2.999936568383417684e-02
8.410000000000000142e+00 2.999936568370149825e-02
8.419999999999999929e+00 2.999936568357330913e-02
8.429999999999999716e+00 2.999936568344512694e-02
8.439999999999999503e+00 2.999936568331708353e-02
8.449999999999999289e+00 2.999936568320099931e-02
8.460000000000000853e+00 2.999936568306744641e-02
8.470000000000000639e+00 2.999936568295468592e-02
8.480000000000000426e+00 2.999936568283106259e-02
8.490000000000000213e+00 2.999936568271153320e-02
8.500000000000000000e+00 2.999936568258913805e-02
8.509999999999999787e+00 2.999936568246729107e-02
8.519999999999999574e+00 2.999936568234303283e-02
8.529999999999999361e+00 2.999936568222343058e-02
8.540000000000000924e+00 2.999936568210165647e-02
8.550000000000000711e+00 2.999936568197881723e-02
8.560000000000000497e+00 2.999936568185072872e-02
8.570000000000000284e+00 2.999936568172160284e-02
8.580000000000000071e+00 2.999936568161500061e-02
8.589999999999999858e+00 2.999936568149573490e-02
8.599999999999999645e+00 2.999936568138665549e-02
8.609999999999999432e+00 2.999936568127318376e-02
8.620000000000000995e+00 2.999936568115572910e-02
8.630000000000000782e+00 2.999936568104235451e-02
8.640000000000000568e+00 2.999936568092619743e-02
8.650000000000000355e+00 2.999936568081459226e-02
8.660000000000000142e+00 2.999936568069926091e-02
8.669999999999999929e+00 2.999936568058797492e-02
8.679999999999999716e+00 2.999936568047551280e-02
8.689999999999999503e+00 2.999936568036671788e-02
8.700000000000001066e+00 2.999936568025245165e-02
8.710000000000000853e+00 2.999936568015412058e-02
8.720000000000000639e+00 2.999936568005105372e-02
8.730000000000000426e+00 2.999936567994570397e-02
8.740000000000000213e+00 2.999936567984672064e-02
8.750000000000000000e+00 2.999936567974339358e-02
8.759999999999999787e+00 2.999936567963912629e-02
8.769999999999999574e+00 2.999936567953875519e-02
8.779999999999999361e+00 2.999936567943446014e-02
8.790000000000000924e+00 2.999936567933351658e-02
8.800000000000000711e+00 2.999936567923854741e-02
8.810000000000000497e+00 2.999936567914635033e-02
8.820000000000000284e+00 2.999936567905388957e-02
8.830000000000000071e+00 2.999936567896166473e-02
8.839999999999999858e+00 2.999936567886839905e-02
8.849999999999999645e+00 2.999936567877634769e-02
8.859999999999999432e+00 2.999936567868875109e-02
8.870000000000000995e+00 2.999936567859633890e-02
8.880000000000000782e+00 2.999936567850708391e-02
8.890000000000000568e+00 2.999936567841510887e-02
8.900000000000000355e+00 2.999936567832392487e-02
8.910000000000000142e+00 2.999936567823797626e-02
8.919999999999999929e+00 2.999936567815562199e-02
8.929999999999999716e+00 2.999936567807529736e-02
8.939999999999999503e+00 2.999936567799232207e-02
8.950000000000001066e+00 2.999936567791518238e-02
8.960000000000000853e+00 2.999936567782973684e-02
8.970000000000000639e+00 2.999936567775284349e-02
8.980000000000000426e+00 2.999936567767801793e-02
8.990000000000000213e+00 2.999936567760871226e-02
9.000000000000000000e+00 2.999936567753173910e-02
9.009999999999999787e+00 2.999936567745984869e-02
9.019999999999999574e+00 2.999936567738421475e-02
9.029999999999999361e+00 2.999936567730988532e-02
9.040000000000000924e+00 2.999936567724045128e-02
9.050000000000000711e+00 2.999936567717082989e-02
9.060000000000000497e+00 2.999936567710229443e-02
9.070000000000000284e+00 2.999936567703884865e-02
9.080000000000000071e+00 2.999936567696820724e-02
9.089999999999999858e+00 2.999936567689662215e-02
9.099999999999999645e+00 2.999936567684067731e-02
9.109999999999999432e+00 2.999936567677804686e-02
9.120000000000000995e+00 2.999936567671709561e-02
9.130000000000000782e+00 2.999936567665133225e-02
9.140000000000000568e+00 2.999936567659033243e-02
9.150000000000000355e+00 2.999936567653119571e-02
9.160000000000000142e+00 2.999936567647423780e-02
9.169999999999999929e+00 2.999936567641647844e-02
9.179999999999999716e+00 2.999936567635822643e-02
9.189999999999999503e+00 2.999936567629881215e-02
9.200000000000001066e+00 2.999936567624492123e-02
9.210000000000000853e+00 2.999936567618618002e-02
9.220000000000000639e+00 2.999936567612529470e-02
9.230000000000000426e+00 2.999936567606902374e-02
9.240000000000000213e+00 2.999936567601278747e-02
9.250000000000000000e+00 2.999936567595748449e-02
9.259999999999999787e+00 2.999936567591102859e-02
9.269999999999999574e+00 2.999936567586337921e-02
9.279999999999999361e+00 2.999936567581674984e-02
9.290000000000000924e+00 2.999936567577093927e-02
9.300000000000000711e+00 2.999936567572698831e-02
9.310000000000000497e+00 2.999936567568443901e-02
9.320000000000000284e+00 2.999936567564134848e-02
9.330000000000000071e+00 2.999936567559850081e-02
9.339999999999999858e+00 2.999936567555485864e-02
9.349999999999999645e+00 2.999936567551203873e-02
9.359999999999999432e+00 2.999936567547161620e-02
9.370000000000000995e+00 2.999936567543330657e-02
9.380000000000000782e+00 2.999936567539369936e-02
9.390000000000000568e+00 2.999936567535960857e-02
9.400000000000000355e+00 2.999936567532466083e-02
9.410000000000000142e+00 2.999936567529111475e-02
9.419999999999999929e+00 2.999936567525983422e-02
9.429999999999999716e+00 2.999936567522894920e-02
9.439999999999999503e+00 2.999936567519293634e-02
9.450000000000001066e+00 2.999936567515920985e-02
9.460000000000000853e+00 2.999936567513106916e-02
9.470000000000000639e+00 2.999936567510178703e-02
9.480000000000000426e+00 2.999936567507448942e-02
9.490000000000000213e+00 2.999936567504177254e-02
9.500000000000000000e+00 2.999936567501815948e-02
9.509999999999999787e+00 2.999936567499412662e-02
9.519999999999999574e+00 2.999936567497426404e-02
9.529999999999999361e+00 2.999936567494782685e-02
9.540000000000000924e+00 2.999936567492965389e-02
9.550000000000000711e+00 2.999936567490201628e-02
9.560000000000000497e+00 2.999936567488376699e-02
9.570000000000000284e+00 2.999936567486297112e-02
9.580000000000000071e+00 2.999936567484395855e-02
9.589999999999999858e+00 2.999936567481957875e-02
9.599999999999999645e+00 2.999936567480454910e-02
9.609999999999999432e+00 2.999936567478481142e-02
9.620000000000000995e+00 2.999936567477202998e-02
9.630000000000000782e+00 2.999936567475866914e-02
9.640000000000000568e+00 2.999936567474554422e-02
9.650000000000000355e+00 2.999936567473568405e-02
9.660000000000000142e+00 2.999936567472203525e-02
9.669999999999999929e+00 2.999936567470752255e-02
9.679999999999999716e+00 2.999936567469811688e-02
9.689999999999999503e+00 2.999936567468700424e-02
9.700000000000001066e+00 2.999936567467657161e-02
9.710000000000000853e+00 2.999936567466626736e-02
9.720000000000000639e+00 2.999936567465729537e-02
9.730000000000000426e+00 2.999936567465676801e-02
9.740000000000000213e+00 2.999936567465284060e-02
9.750000000000000000e+00 2.999936567464419820e-02
9.759999999999999787e+00 2.999936567463826892e-02
9.769999999999999574e+00 2.999936567463429987e-02
9.779999999999999361e+00 2.999936567463090328e-02
9.790000000000000924e+00 2.999936567462541809e-02
9.800000000000000711e+00 2.999936567462505727e-02
9.810000000000000497e+00 2.999936567461583548e-02
9.820000000000000284e+00 2.999936567461500975e-02
9.830000000000000071e+00 2.999936567461550588e-02
9.839999999999999858e+00 2.999936567461180398e-02
9.849999999999999645e+00 2.999936567460834147e-02
9.859999999999999432e+00 2.999936567460981598e-02
9.870000000000000995e+00 2.999936567461111703e-02
9.880000000000000782e+00 2.999936567460943088e-02
9.890000000000000568e+00 2.999936567461246317e-02
9.900000000000000355e+00 2.999936567460467773e-02
9.910000000000000142e+00 2.999936567460891393e-02
9.919999999999999929e+00 2.999936567460683920e-02
9.929999999999999716e+00 2.999936567460710288e-02
9.939999999999999503e+00 2.999936567461018375e-02
9.950000000000001066e+00 2.999936567460245382e-02
9.960000000000000853e+00 2.999936567460593020e-02
9.970000000000000639e+00 2.999936567460973272e-02
