0.000000000000000000e+00 2.999935822731046586e-02
1.000000000000000021e-02 2.999935822730974075e-02
2.000000000000000042e-02 2.999935822730989340e-02
2.999999999999999889e-02 2.999935822731592330e-02
4.000000000000000083e-02 2.999935822731478532e-02
5.000000000000000278e-02 2.999935822731582269e-02
5.999999999999999778e-02 2.999935822731524676e-02
7.000000000000000666e-02 2.999935822731890356e-02
8.000000000000000167e-02 2.999935822732115176e-02
8.999999999999999667e-02 2.999935822732245627e-02
1.000000000000000056e-01 2.999935822733144214e-02
1.100000000000000006e-01 2.999935822732744187e-02
1.199999999999999956e-01 2.999935822733139357e-02
1.300000000000000044e-01 2.999935822733999780e-02
1.400000000000000133e-01 2.999935822734486543e-02
1.499999999999999944e-01 2.999935822735347313e-02
1.600000000000000033e-01 2.999935822735957242e-02
1.700000000000000122e-01 2.999935822737069546e-02
1.799999999999999933e-01 2.999935822737642699e-02
1.900000000000000022e-01 2.999935822738641206e-02
2.000000000000000111e-01 2.999935822739756286e-02
2.099999999999999922e-01 2.999935822740998695e-02
2.200000000000000011e-01 2.999935822742279615e-02
2.300000000000000100e-01 2.999935822742924585e-02
2.399999999999999911e-01 2.999935822743918235e-02
2.500000000000000000e-01 2.999935822744663819e-02
2.600000000000000089e-01 2.999935822745797634e-02
2.700000000000000178e-01 2.999935822746525524e-02
2.800000000000000266e-01 2.999935822747792913e-02
2.899999999999999800e-01 2.999935822748413944e-02
2.999999999999999889e-01 2.999935822748997158e-02
3.099999999999999978e-01 2.999935822750178505e-02
3.200000000000000067e-01 2.999935822750664227e-02
3.300000000000000155e-01 2.999935822751305034e-02
3.400000000000000244e-01 2.999935822752242479e-02
3.500000000000000333e-01 2.999935822752271622e-02
3.599999999999999867e-01 2.999935822752997777e-02
3.699999999999999956e-01 2.999935822753650380e-02
3.800000000000000044e-01 2.999935822753148004e-02
3.900000000000000133e-01 2.999935822753643788e-02
4.000000000000000222e-01 2.999935822752796549e-02
4.100000000000000311e-01 2.999935822752336501e-02
4.199999999999999845e-01 2.999935822752027720e-02
4.299999999999999933e-01 2.999935822751638795e-02
4.400000000000000022e-01 2.999935822751454567e-02
4.500000000000000111e-01 2.999935822751255421e-02
4.600000000000000200e-01 2.999935822750963640e-02
4.700000000000000289e-01 2.999935822750209036e-02
4.799999999999999822e-01 2.999935822749255285e-02
4.899999999999999911e-01 2.999935822749561984e-02
5.000000000000000000e-01 2.999935822749215386e-02
5.100000000000000089e-01 2.999935822748232839e-02
5.200000000000000178e-01 2.999935822747053921e-02
5.300000000000000266e-01 2.999935822746191416e-02
5.400000000000000355e-01 2.999935822745409403e-02
5.500000000000000444e-01 2.999935822745389974e-02
5.600000000000000533e-01 2.999935822746012740e-02
5.700000000000000622e-01 2.999935822746455094e-02
5.799999999999999600e-01 2.999935822743742680e-02
5.899999999999999689e-01 2.999935822744286690e-02
5.999999999999999778e-01 2.999935822744004277e-02
6.099999999999999867e-01 2.999935822744657921e-02
6.199999999999999956e-01 2.999935822744411590e-02
6.300000000000000044e-01 2.999935822743473451e-02
6.400000000000000133e-01 2.999935822742413882e-02
6.500000000000000222e-01 2.999935822741205127e-02
6.600000000000000311e-01 2.999935822739520364e-02
6.700000000000000400e-01 2.999935822736796154e-02
6.800000000000000488e-01 2.999935822736508884e-02
6.900000000000000577e-01 2.999935822736901625e-02
7.000000000000000666e-01 2.999935822734531646e-02
7.099999999999999645e-01 2.999935822732926680e-02
7.199999999999999734e-01 2.999935822732716778e-02
7.299999999999999822e-01 2.999935822732045787e-02
7.399999999999999911e-01 2.999935822732079441e-02
7.500000000000000000e-01 2.999935822731577412e-02
7.600000000000000089e-01 2.999935822731698842e-02
7.700000000000000178e-01 2.999935822731691903e-02
7.800000000000000266e-01 2.999935822731611412e-02
7.900000000000000355e-01 2.999935822730478291e-02
8.000000000000000444e-01 2.999935822729143942e-02
8.100000000000000533e-01 2.999935822727896328e-02
8.200000000000000622e-01 2.999935822727813756e-02
8.300000000000000711e-01 2.999935822727917492e-02
8.399999999999999689e-01 2.999935822726948823e-02
8.499999999999999778e-01 2.999935822726652185e-02
8.599999999999999867e-01 2.999935822726843004e-02
8.699999999999999956e-01 2.999935822726227524e-02
8.800000000000000044e-01 2.999935822725977030e-02
8.900000000000000133e-01 2.999935822725728618e-02
9.000000000000000222e-01 2.999935822725657147e-02
9.100000000000000311e-01 2.999935822725605453e-02
9.200000000000000400e-01 2.999935822727621895e-02
9.300000000000000488e-01 2.999935822728437215e-02
9.400000000000000577e-01 2.999935822728252641e-02
9.500000000000000666e-01 2.999935822727083437e-02
9.599999999999999645e-01 2.999935822727342605e-02
9.699999999999999734e-01 2.999935822727602813e-02
9.799999999999999822e-01 2.999935822725755333e-02
9.899999999999999911e-01 2.999935822724113590e-02
1.000000000000000000e+00 2.999935822724259654e-02
1.010000000000000009e+00 2.999935822725121465e-02
1.020000000000000018e+00 2.999935822726075216e-02
1.030000000000000027e+00 2.999935822726168197e-02
1.040000000000000036e+00 2.999935822726212259e-02
1.050000000000000044e+00 2.999935822726546367e-02
1.060000000000000053e+00 2.999935822725201262e-02
1.070000000000000062e+00 2.999935822724849113e-02
1.080000000000000071e+00 2.999935822724609374e-02
1.090000000000000080e+00 2.999935822724330431e-02
1.100000000000000089e+00 2.999935822723734380e-02
1.110000000000000098e+00 2.999935822723400272e-02
1.120000000000000107e+00 2.999935822723007184e-02
1.130000000000000115e+00 2.999935822721540302e-02
1.140000000000000124e+00 2.999935822721720366e-02
1.150000000000000133e+00 2.999935822722012840e-02
1.159999999999999920e+00 2.999935822722214762e-02
1.169999999999999929e+00 2.999935822721160050e-02
1.179999999999999938e+00 2.999935822722762588e-02
1.189999999999999947e+00 2.999935822724952850e-02
1.199999999999999956e+00 2.999935822726457896e-02
1.209999999999999964e+00 2.999935822726022133e-02
1.219999999999999973e+00 2.999935822728688056e-02
1.229999999999999982e+00 2.999935822729137003e-02
1.239999999999999991e+00 2.999935822728670015e-02
1.250000000000000000e+00 2.999935822728163823e-02
1.260000000000000009e+00 2.999935822728184293e-02
1.270000000000000018e+00 2.999935822728512155e-02
1.280000000000000027e+00 2.999935822726985946e-02
1.290000000000000036e+00 2.999935822727810286e-02
1.300000000000000044e+00 2.999935822729400334e-02
1.310000000000000053e+00 2.999935822723875239e-02
1.320000000000000062e+00 2.999935822723140758e-02
1.330000000000000071e+00 2.999935822725811885e-02
1.340000000000000080e+00 2.999935822724952850e-02
1.350000000000000089e+00 2.999935822722443399e-02
1.360000000000000098e+00 2.999935822723089410e-02
1.370000000000000107e+00 2.999935822723855811e-02
1.380000000000000115e+00 2.999935822723881484e-02
1.390000000000000124e+00 2.999935822723100165e-02
1.400000000000000133e+00 2.999935822724481005e-02
1.409999999999999920e+00 2.999935822723861362e-02
1.419999999999999929e+00 2.999935822722545747e-02
1.429999999999999938e+00 2.999935822721035844e-02
1.439999999999999947e+00 2.999935822719171363e-02
1.449999999999999956e+00 2.999935822717895301e-02
1.459999999999999964e+00 2.999935822718036854e-02
1.469999999999999973e+00 2.999935822717880382e-02
1.479999999999999982e+00 2.999935822718621456e-02
1.489999999999999991e+00 2.999935822719164424e-02
1.500000000000000000e+00 2.999935822720461998e-02
1.510000000000000009e+00 2.999935822720328424e-02
1.520000000000000018e+00 2.999935822720904005e-02
1.530000000000000027e+00 2.999935822721050069e-02
1.540000000000000036e+00 2.999935822722075984e-02
1.550000000000000044e+00 2.999935822726011725e-02
1.560000000000000053e+00 2.999935822727658671e-02
1.570000000000000062e+00 2.999935822727626406e-02
1.580000000000000071e+00 2.999935822728344928e-02
1.590000000000000080e+00 2.999935822728888590e-02
1.600000000000000089e+00 2.999935822728633239e-02
1.610000000000000098e+00 2.999935822726964782e-02
1.620000000000000107e+00 2.999935822727535853e-02
1.630000000000000115e+00 2.999935822730462331e-02
1.640000000000000124e+00 2.999935822727831450e-02
1.650000000000000133e+00 2.999935822731007729e-02
1.660000000000000142e+00 2.999935822729251494e-02
1.669999999999999929e+00 2.999935822727803000e-02
1.679999999999999938e+00 2.999935822726357282e-02
1.689999999999999947e+00 2.999935822725032300e-02
1.699999999999999956e+00 2.999935822724136489e-02
1.709999999999999964e+00 2.999935822723969608e-02
1.719999999999999973e+00 2.999935822723294454e-02
1.729999999999999982e+00 2.999935822722400031e-02
1.739999999999999991e+00 2.999935822720943904e-02
1.750000000000000000e+00 2.999935822720465467e-02
1.760000000000000009e+00 2.999935822720450895e-02
1.770000000000000018e+00 2.999935822721188847e-02
1.780000000000000027e+00 2.999935822721966350e-02
1.790000000000000036e+00 2.999935822722822609e-02
1.800000000000000044e+00 2.999935822723948792e-02
1.810000000000000053e+00 2.999935822723713563e-02
1.820000000000000062e+00 2.999935822727025497e-02
1.830000000000000071e+00 2.999935822727476525e-02
1.840000000000000080e+00 2.999935822726523121e-02
1.850000000000000089e+00 2.999935822727241991e-02
1.860000000000000098e+00 2.999935822725483675e-02
1.870000000000000107e+00 2.999935822724292961e-02
1.880000000000000115e+00 2.999935822721928186e-02
1.890000000000000124e+00 2.999935822720889433e-02
1.900000000000000133e+00 2.999935822719470777e-02
1.910000000000000142e+00 2.999935822719034320e-02
1.919999999999999929e+00 2.999935822719568268e-02
1.929999999999999938e+00 2.999935822718045875e-02
1.939999999999999947e+00 2.999935822718513556e-02
1.949999999999999956e+00 2.999935822717153533e-02
1.959999999999999964e+00 2.999935822716313233e-02
1.969999999999999973e+00 2.999935822714586142e-02
1.979999999999999982e+00 2.999935822714720063e-02
1.989999999999999991e+00 2.999935822713438102e-02
2.000000000000000000e+00 2.999935822712481576e-02
2.010000000000000231e+00 2.999935822711235697e-02
2.020000000000000018e+00 2.999935822709446503e-02
2.030000000000000249e+00 2.999935822707600064e-02
2.040000000000000036e+00 2.999935822706146712e-02
2.049999999999999822e+00 2.999935822704547991e-02
2.060000000000000053e+00 2.999935822702077398e-02
2.069999999999999840e+00 2.999935822700213611e-02
2.080000000000000071e+00 2.999935822699342433e-02
2.089999999999999858e+00 2.999935822698253721e-02
2.100000000000000089e+00 2.999935822698871282e-02
2.109999999999999876e+00 2.999935822700397492e-02
2.120000000000000107e+00 2.999935822703649058e-02
2.129999999999999893e+00 2.999935822702060051e-02
2.140000000000000124e+00 2.999935822703663282e-02
2.149999999999999911e+00 2.999935822704213884e-02
2.160000000000000142e+00 2.999935822706140467e-02
2.169999999999999929e+00 2.999935822706416289e-02
2.180000000000000160e+00 2.999935822706233102e-02
2.189999999999999947e+00 2.999935822707468572e-02
2.200000000000000178e+00 2.999935822704567767e-02
2.209999999999999964e+00 2.999935822703340971e-02
2.220000000000000195e+00 2.999935822702595040e-02
2.229999999999999982e+00 2.999935822702030908e-02
2.240000000000000213e+00 2.999935822700345450e-02
2.250000000000000000e+00 2.999935822699587723e-02
2.260000000000000231e+00 2.999935822698548971e-02
2.270000000000000018e+00 2.999935822698713422e-02
2.280000000000000249e+00 2.999935822698277660e-02
2.290000000000000036e+00 2.999935822698471602e-02
2.300000000000000266e+00 2.999935822697608057e-02
2.310000000000000053e+00 2.999935822696890575e-02
2.319999999999999840e+00 2.999935822696381607e-02
2.330000000000000071e+00 2.999935822696185236e-02
2.339999999999999858e+00 2.999935822696314647e-02
2.350000000000000089e+00 2.999935822695288384e-02
2.359999999999999876e+00 2.999935822694065751e-02
2.370000000000000107e+00 2.999935822693112000e-02
2.379999999999999893e+00 2.999935822692871568e-02
2.390000000000000124e+00 2.999935822692804260e-02
2.399999999999999911e+00 2.999935822693429802e-02
2.410000000000000142e+00 2.999935822694448084e-02
2.419999999999999929e+00 2.999935822693406903e-02
2.430000000000000160e+00 2.999935822693514803e-02
2.439999999999999947e+00 2.999935822692789689e-02
2.450000000000000178e+00 2.999935822695086463e-02
2.459999999999999964e+00 2.999935822694650006e-02
2.470000000000000195e+00 2.999935822695665513e-02
2.479999999999999982e+00 2.999935822697117477e-02
2.490000000000000213e+00 2.999935822694953236e-02
2.500000000000000000e+00 2.999935822694187529e-02
2.510000000000000231e+00 2.999935822694044935e-02
2.520000000000000018e+00 2.999935822694699966e-02
2.530000000000000249e+00 2.999935822694501514e-02
2.540000000000000036e+00 2.999935822694504289e-02
2.550000000000000266e+00 2.999935822694744375e-02
2.560000000000000053e+00 2.999935822696256360e-02
2.569999999999999840e+00 2.999935822696318463e-02
2.580000000000000071e+00 2.999935822696681714e-02
2.589999999999999858e+00 2.999935822696324708e-02
2.600000000000000089e+00 2.999935822696386117e-02
2.609999999999999876e+00 2.999935822696334770e-02
2.620000000000000107e+00 2.999935822696304932e-02
2.629999999999999893e+00 2.999935822695577042e-02
2.640000000000000124e+00 2.999935822695546164e-02
2.649999999999999911e+00 2.999935822696628285e-02
2.660000000000000142e+00 2.999935822697154947e-02
2.669999999999999929e+00 2.999935822696713633e-02
2.680000000000000160e+00 2.999935822695311630e-02
2.689999999999999947e+00 2.999935822695548593e-02
2.700000000000000178e+00 2.999935822696189747e-02
2.709999999999999964e+00 2.999935822696334423e-02
2.720000000000000195e+00 2.999935822697380114e-02
2.729999999999999982e+00 2.999935822697974083e-02
2.740000000000000213e+00 2.999935822699495089e-02
2.750000000000000000e+00 2.999935822700251775e-02
2.760000000000000231e+00 2.999935822702651939e-02
2.770000000000000018e+00 2.999935822702565549e-02
2.780000000000000249e+00 2.999935822705423333e-02
2.790000000000000036e+00 2.999935822707210792e-02
2.800000000000000266e+00 2.999935822706895766e-02
2.810000000000000053e+00 2.999935822707021707e-02
2.819999999999999840e+00 2.999935822706992911e-02
2.830000000000000071e+00 2.999935822707568839e-02
2.839999999999999858e+00 2.999935822707579247e-02
2.850000000000000089e+00 2.999935822707751332e-02
2.859999999999999876e+00 2.999935822707608390e-02
2.870000000000000107e+00 2.999935822706948849e-02
2.879999999999999893e+00 2.999935822707375244e-02
2.890000000000000124e+00 2.999935822706472494e-02
2.899999999999999911e+00 2.999935822706813887e-02
2.910000000000000142e+00 2.999935822706445779e-02
2.919999999999999929e+00 2.999935822706147406e-02
2.930000000000000160e+00 2.999935822705642602e-02
2.939999999999999947e+00 2.999935822705200594e-02
2.950000000000000178e+00 2.999935822705687358e-02
2.959999999999999964e+00 2.999935822704965366e-02
2.970000000000000195e+00 2.999935822703024557e-02
2.979999999999999982e+00 2.999935822703456156e-02
2.990000000000000213e+00 2.999935822704074412e-02
3.000000000000000000e+00 2.999935822703757998e-02
3.010000000000000231e+00 2.999935822703498484e-02
3.020000000000000018e+00 2.999935822703331950e-02
3.030000000000000249e+00 2.999935822703422156e-02
3.040000000000000036e+00 2.999935822703500218e-02
3.050000000000000266e+00 2.999935822703822530e-02
3.060000000000000053e+00 2.999935822703774305e-02
3.070000000000000284e+00 2.999935822703716365e-02
3.080000000000000071e+00 2.999935822703466565e-02
3.089999999999999858e+00 2.999935822703527627e-02
3.100000000000000089e+00 2.999935822703661548e-02
3.109999999999999876e+00 2.999935822703956798e-02
3.120000000000000107e+00 2.999935822704405050e-02
3.129999999999999893e+00 2.999935822704914018e-02
3.140000000000000124e+00 2.999935822705394536e-02
3.149999999999999911e+00 2.999935822706233102e-02
3.160000000000000142e+00 2.999935822706984584e-02
3.169999999999999929e+00 2.999935822707502572e-02
3.180000000000000160e+00 2.999935822708031663e-02
3.189999999999999947e+00 2.999935822708588162e-02
3.200000000000000178e+00 2.999935822709155417e-02
3.209999999999999964e+00 2.999935822709821204e-02
3.220000000000000195e+00 2.999935822710361397e-02
3.229999999999999982e+00 2.999935822711061184e-02
3.240000000000000213e+00 2.999935822711505273e-02
3.250000000000000000e+00 2.999935822711398414e-02
3.260000000000000231e+00 2.999935822712006608e-02
3.270000000000000018e+00 2.999935822712940237e-02
3.280000000000000249e+00 2.999935822713275038e-02
3.290000000000000036e+00 2.999935822713875599e-02
3.300000000000000266e+00 2.999935822714535488e-02
3.310000000000000053e+00 2.999935822715402850e-02
3.320000000000000284e+00 2.999935822716207762e-02
3.330000000000000071e+00 2.999935822716846140e-02
3.339999999999999858e+00 2.999935822717802666e-02
3.350000000000000089e+00 2.999935822718631170e-02
3.359999999999999876e+00 2.999935822719563758e-02
3.370000000000000107e+00 2.999935822720328424e-02
3.379999999999999893e+00 2.999935822721125009e-02
3.390000000000000124e+00 2.999935822722107903e-02
3.399999999999999911e+00 2.999935822722808038e-02
3.410000000000000142e+00 2.999935822723702808e-02
3.419999999999999929e+00 2.999935822724533047e-02
3.430000000000000160e+00 2.999935822725456613e-02
3.439999999999999947e+00 2.999935822726306281e-02
3.450000000000000178e+00 2.999935822727040416e-02
3.459999999999999964e+00 2.999935822727753387e-02
3.470000000000000195e+00 2.999935822728480583e-02
3.479999999999999982e+00 2.999935822729152268e-02
3.490000000000000213e+00 2.999935822729700788e-02
3.500000000000000000e+00 2.999935822730224327e-02
3.510000000000000231e+00 2.999935822730628865e-02
3.520000000000000018e+00 2.999935822731147200e-02
3.530000000000000249e+00 2.999935822731766150e-02
3.540000000000000036e+00 2.999935822732566898e-02
3.550000000000000266e+00 2.999935822733348217e-02
3.560000000000000053e+00 2.999935822734114271e-02
3.570000000000000284e+00 2.999935822734897672e-02
3.580000000000000071e+00 2.999935822735719931e-02
3.589999999999999858e+00 2.999935822736575497e-02
3.600000000000000089e+00 2.999935822737705149e-02
3.609999999999999876e+00 2.999935822738262342e-02
3.620000000000000107e+00 2.999935822738935415e-02
3.629999999999999893e+00 2.999935822739355565e-02
3.640000000000000124e+00 2.999935822739959596e-02
3.649999999999999911e+00 2.999935822740372807e-02
3.660000000000000142e+00 2.999935822740484176e-02
3.669999999999999929e+00 2.999935822741680788e-02
3.680000000000000160e+00 2.999935822742198777e-02
3.689999999999999947e+00 2.999935822742702540e-02
3.700000000000000178e+00 2.999935822742869768e-02
3.709999999999999964e+00 2.999935822743519248e-02
3.720000000000000195e+00 2.999935822744440039e-02
3.729999999999999982e+00 2.999935822745521813e-02
3.740000000000000213e+00 2.999935822745741776e-02
3.750000000000000000e+00 2.999935822745263686e-02
3.760000000000000231e+00 2.999935822745886452e-02
3.770000000000000018e+00 2.999935822746000944e-02
3.780000000000000249e+00 2.999935822745282074e-02
3.790000000000000036e+00 2.999935822744903557e-02
3.800000000000000266e+00 2.999935822744206199e-02
3.810000000000000053e+00 2.999935822744009828e-02
3.820000000000000284e+00 2.999935822744002195e-02
3.830000000000000071e+00 2.999935822744115993e-02
3.839999999999999858e+00 2.999935822744174974e-02
3.850000000000000089e+00 2.999935822744682554e-02
3.859999999999999876e+00 2.999935822745425015e-02
3.870000000000000107e+00 2.999935822745399341e-02
3.879999999999999893e+00 2.999935822745525976e-02
3.890000000000000124e+00 2.999935822745842737e-02
3.899999999999999911e+00 2.999935822745779593e-02
3.910000000000000142e+00 2.999935822746400277e-02
3.919999999999999929e+00 2.999935822746201131e-02
3.930000000000000160e+00 2.999935822745878125e-02
3.939999999999999947e+00 2.999935822745042335e-02
3.950000000000000178e+00 2.999935822743723252e-02
3.959999999999999964e+00 2.999935822743728456e-02
3.970000000000000195e+00 2.999935822743233366e-02
3.979999999999999982e+00 2.999935822742598457e-02
3.990000000000000213e+00 2.999935822741378946e-02
4.000000000000000000e+00 2.999935822741334190e-02
4.009999999999999787e+00 2.999935822741178759e-02
4.020000000000000462e+00 2.999935822741241209e-02
4.030000000000000249e+00 2.999935822740440461e-02
4.040000000000000036e+00 2.999935822739387831e-02
4.049999999999999822e+00 2.999935822738812943e-02
4.060000000000000497e+00 2.999935822738244995e-02
4.070000000000000284e+00 2.999935822737538615e-02
4.080000000000000071e+00 2.999935822737481717e-02
4.089999999999999858e+00 2.999935822735833382e-02
4.099999999999999645e+00 2.999935822732848617e-02
4.110000000000000320e+00 2.999935822732404528e-02
4.120000000000000107e+00 2.999935822729811463e-02
4.129999999999999893e+00 2.999935822730027957e-02
4.139999999999999680e+00 2.999935822728987816e-02
4.150000000000000355e+00 2.999935822728039964e-02
4.160000000000000142e+00 2.999935822727462301e-02
4.169999999999999929e+00 2.999935822726633450e-02
4.179999999999999716e+00 2.999935822726961659e-02
4.190000000000000391e+00 2.999935822727793633e-02
4.200000000000000178e+00 2.999935822730642049e-02
4.209999999999999964e+00 2.999935822731476104e-02
4.219999999999999751e+00 2.999935822732105462e-02
4.230000000000000426e+00 2.999935822732247709e-02
4.240000000000000213e+00 2.999935822731291876e-02
4.250000000000000000e+00 2.999935822731100710e-02
4.259999999999999787e+00 2.999935822729927343e-02
4.270000000000000462e+00 2.999935822729772258e-02
4.280000000000000249e+00 2.999935822729359741e-02
4.290000000000000036e+00 2.999935822728513890e-02
4.299999999999999822e+00 2.999935822726791657e-02
4.310000000000000497e+00 2.999935822727682264e-02
4.320000000000000284e+00 2.999935822727279114e-02
4.330000000000000071e+00 2.999935822725886131e-02
4.339999999999999858e+00 2.999935822725270998e-02
4.350000000000000533e+00 2.999935822724923706e-02
4.360000000000000320e+00 2.999935822723650072e-02
4.370000000000000107e+00 2.999935822722055168e-02
4.379999999999999893e+00 2.999935822720857515e-02
4.389999999999999680e+00 2.999935822721791837e-02
4.400000000000000355e+00 2.999935822718377207e-02
4.410000000000000142e+00 2.999935822718521883e-02
4.419999999999999929e+00 2.999935822717990710e-02
4.429999999999999716e+00 2.999935822717810299e-02
4.440000000000000391e+00 2.999935822716966183e-02
4.450000000000000178e+00 2.999935822716651504e-02
4.459999999999999964e+00 2.999935822716572054e-02
4.469999999999999751e+00 2.999935822716465889e-02
4.480000000000000426e+00 2.999935822717192044e-02
4.490000000000000213e+00 2.999935822715770264e-02
4.500000000000000000e+00 2.999935822715161030e-02
4.509999999999999787e+00 2.999935822716297967e-02
4.520000000000000462e+00 2.999935822714290545e-02
4.530000000000000249e+00 2.999935822716059616e-02
4.540000000000000036e+00 2.999935822714096603e-02
4.549999999999999822e+00 2.999935822713886008e-02
4.560000000000000497e+00 2.999935822713590064e-02
4.570000000000000284e+00 2.999935822712983258e-02
4.580000000000000071e+00 2.999935822713177547e-02
4.589999999999999858e+00 2.999935822713011013e-02
4.600000000000000533e+00 2.999935822713049177e-02
4.610000000000000320e+00 2.999935822713215711e-02
4.620000000000000107e+00 2.999935822713599085e-02
4.629999999999999893e+00 2.999935822715397993e-02
4.639999999999999680e+00 2.999935822715885103e-02
4.650000000000000355e+00 2.999935822715642242e-02
4.660000000000000142e+00 2.999935822715903144e-02
4.669999999999999929e+00 2.999935822715784489e-02
4.679999999999999716e+00 2.999935822715693590e-02
4.690000000000000391e+00 2.999935822715849368e-02
4.700000000000000178e+00 2.999935822716277845e-02
4.709999999999999964e+00 2.999935822713821476e-02
4.719999999999999751e+00 2.999935822713314243e-02
4.730000000000000426e+00 2.999935822712761560e-02
4.740000000000000213e+00 2.999935822711834524e-02
4.750000000000000000e+00 2.999935822712009037e-02
4.759999999999999787e+00 2.999935822711743971e-02
4.770000000000000462e+00 2.999935822710921712e-02
4.780000000000000249e+00 2.999935822709163050e-02
4.790000000000000036e+00 2.999935822711024755e-02
4.799999999999999822e+00 2.999935822713261507e-02
4.810000000000000497e+00 2.999935822719803497e-02
4.820000000000000284e+00 2.999935822719873926e-02
4.830000000000000071e+00 2.999935822717002612e-02
4.839999999999999858e+00 2.999935822719493328e-02
4.850000000000000533e+00 2.999935822718805337e-02
4.860000000000000320e+00 2.999935822720514386e-02
4.870000000000000107e+00 2.999935822718456310e-02
4.879999999999999893e+00 2.999935822719610248e-02
4.889999999999999680e+00 2.999935822721151377e-02
4.900000000000000355e+00 2.999935822722612361e-02
4.910000000000000142e+00 2.999935822720527223e-02
4.919999999999999929e+00 2.999935822721106968e-02
4.929999999999999716e+00 2.999935822722082923e-02
4.940000000000000391e+00 2.999935822722481216e-02
4.950000000000000178e+00 2.999935822723921383e-02
4.959999999999999964e+00 2.999935822724103182e-02
4.969999999999999751e+00 2.999935822724428269e-02
4.980000000000000426e+00 2.999935822725461124e-02
4.990000000000000213e+00 2.999935822726061685e-02
5.000000000000000000e+00 2.999935822726624429e-02
5.009999999999999787e+00 2.999935822726931822e-02
5.020000000000000462e+00 2.999935822725683862e-02
5.030000000000000249e+00 2.999935822726583837e-02
5.040000000000000036e+00 2.999935822727027579e-02
5.049999999999999822e+00 2.999935822727977860e-02
5.060000000000000497e+00 2.999935822730472046e-02
5.070000000000000284e+00 2.999935822730632681e-02
5.080000000000000071e+00 2.999935822731432389e-02
5.089999999999999858e+00 2.999935822732399324e-02
5.100000000000000533e+00 2.999935822733721530e-02
5.110000000000000320e+00 2.999935822734882060e-02
5.120000000000000107e+00 2.999935822735572133e-02
5.129999999999999893e+00 2.999935822735617930e-02
5.139999999999999680e+00 2.999935822735583235e-02
5.150000000000000355e+00 2.999935822735744564e-02
5.160000000000000142e+00 2.999935822735419477e-02
5.169999999999999929e+00 2.999935822735924976e-02
5.179999999999999716e+00 2.999935822735064553e-02
5.190000000000000391e+00 2.999935822735641522e-02
5.200000000000000178e+00 2.999935822736331595e-02
5.209999999999999964e+00 2.999935822737138241e-02
5.219999999999999751e+00 2.999935822738413610e-02
5.230000000000000426e+00 2.999935822740769364e-02
5.240000000000000213e+00 2.999935822743253835e-02
5.250000000000000000e+00 2.999935822745732061e-02
5.259999999999999787e+00 2.999935822745947514e-02
5.270000000000000462e+00 2.999935822746856162e-02
5.280000000000000249e+00 2.999935822746536973e-02
5.290000000000000036e+00 2.999935822747509112e-02
5.299999999999999822e+00 2.999935822747726299e-02
5.310000000000000497e+00 2.999935822747416825e-02
5.320000000000000284e+00 2.999935822744391814e-02
5.330000000000000071e+00 2.999935822744067074e-02
5.339999999999999858e+00 2.999935822743884928e-02
5.350000000000000533e+00 2.999935822739295890e-02
5.360000000000000320e+00 2.999935822742394800e-02
5.370000000000000107e+00 2.999935822742107877e-02
5.379999999999999893e+00 2.999935822743994215e-02
5.389999999999999680e+00 2.999935822744601369e-02
5.400000000000000355e+00 2.999935822745141908e-02
5.410000000000000142e+00 2.999935822747325231e-02
5.419999999999999929e+00 2.999935822747796035e-02
5.429999999999999716e+00 2.999935822748583253e-02
5.440000000000000391e+00 2.999935822748098918e-02
5.450000000000000178e+00 2.999935822749399267e-02
5.459999999999999964e+00 2.999935822749253203e-02
5.469999999999999751e+00 2.999935822749013811e-02
5.480000000000000426e+00 2.999935822749754538e-02
5.490000000000000213e+00 2.999935822750790862e-02
5.500000000000000000e+00 2.999935822749824274e-02
5.509999999999999787e+00 2.999935822750409570e-02
5.520000000000000462e+00 2.999935822751094439e-02
5.530000000000000249e+00 2.999935822751503139e-02
5.540000000000000036e+00 2.999935822752233111e-02
5.549999999999999822e+00 2.999935822752703915e-02
5.560000000000000497e+00 2.999935822752865244e-02
5.570000000000000284e+00 2.999935822753631992e-02
5.580000000000000071e+00 2.999935822753078962e-02
5.589999999999999858e+00 2.999935822752830203e-02
5.600000000000000533e+00 2.999935822752363562e-02
5.610000000000000320e+00 2.999935822752734793e-02
5.620000000000000107e+00 2.999935822753128922e-02
5.629999999999999893e+00 2.999935822752862816e-02
5.639999999999999680e+00 2.999935822752613709e-02
5.650000000000000355e+00 2.999935822749152589e-02
5.660000000000000142e+00 2.999935822748667560e-02
5.669999999999999929e+00 2.999935822747262781e-02
5.679999999999999716e+00 2.999935822746466196e-02
5.690000000000000391e+00 2.999935822745952371e-02
5.700000000000000178e+00 2.999935822744279404e-02
5.709999999999999964e+00 2.999935822741482683e-02
5.719999999999999751e+00 2.999935822740601790e-02
5.730000000000000426e+00 2.999935822739784042e-02
5.740000000000000213e+00 2.999935822739158500e-02
5.750000000000000000e+00 2.999935822737231222e-02
5.759999999999999787e+00 2.999935822736033569e-02
5.770000000000000462e+00 2.999935822735087451e-02
5.780000000000000249e+00 2.999935822734074720e-02
5.790000000000000036e+00 2.999935822734064311e-02
5.799999999999999822e+00 2.999935822734283580e-02
5.810000000000000497e+00 2.999935822734264845e-02
5.820000000000000284e+00 2.999935822734372745e-02
5.830000000000000071e+00 2.999935822735448968e-02
5.839999999999999858e+00 2.999935822734016433e-02
5.850000000000000533e+00 2.999935822734242641e-02
5.860000000000000320e+00 2.999935822734224600e-02
5.870000000000000107e+00 2.999935822734756119e-02
5.879999999999999893e+00 2.999935822734427562e-02
5.889999999999999680e+00 2.999935822733633406e-02
5.900000000000000355e+00 2.999935822732273383e-02
5.910000000000000142e+00 2.999935822730577517e-02
5.919999999999999929e+00 2.999935822727507057e-02
5.929999999999999716e+00 2.999935822726717063e-02
5.940000000000000391e+00 2.999935822722703260e-02
5.950000000000000178e+00 2.999935822722663709e-02
5.959999999999999964e+00 2.999935822722700485e-02
5.969999999999999751e+00 2.999935822721534057e-02
5.980000000000000426e+00 2.999935822720724982e-02
5.990000000000000213e+00 2.999935822719432613e-02
6.000000000000000000e+00 2.999935822717868586e-02
6.009999999999999787e+00 2.999935822717347822e-02
6.020000000000000462e+00 2.999935822717477232e-02
6.030000000000000249e+00 2.999935822717042164e-02
6.040000000000000036e+00 2.999935822716499889e-02
6.049999999999999822e+00 2.999935822715450381e-02
6.060000000000000497e+00 2.999935822713682004e-02
6.070000000000000284e+00 2.999935822712749417e-02
6.080000000000000071e+00 2.999935822710943223e-02
6.089999999999999858e+00 2.999935822710103270e-02
6.100000000000000533e+00 2.999935822709413544e-02
6.110000000000000320e+00 2.999935822708532651e-02
6.120000000000000107e+00 2.999935822708189523e-02
6.129999999999999893e+00 2.999935822707545247e-02
6.140000000000000568e+00 2.999935822707376631e-02
6.150000000000000355e+00 2.999935822707395713e-02
6.160000000000000142e+00 2.999935822706749702e-02
6.169999999999999929e+00 2.999935822705926056e-02
6.179999999999999716e+00 2.999935822706710151e-02
6.190000000000000391e+00 2.999935822707686800e-02
6.200000000000000178e+00 2.999935822708616612e-02
6.209999999999999964e+00 2.999935822710324967e-02
6.219999999999999751e+00 2.999935822709919736e-02
6.230000000000000426e+00 2.999935822709883654e-02
6.240000000000000213e+00 2.999935822710011676e-02
6.250000000000000000e+00 2.999935822710372152e-02
6.259999999999999787e+00 2.999935822710321845e-02
6.270000000000000462e+00 2.999935822710385336e-02
6.280000000000000249e+00 2.999935822709979411e-02
6.290000000000000036e+00 2.999935822710040473e-02
6.299999999999999822e+00 2.999935822710730199e-02
6.310000000000000497e+00 2.999935822711741890e-02
6.320000000000000284e+00 2.999935822711573621e-02
6.330000000000000071e+00 2.999935822711314801e-02
6.339999999999999858e+00 2.999935822711550029e-02
6.350000000000000533e+00 2.999935822711437619e-02
6.360000000000000320e+00 2.999935822711524008e-02
6.370000000000000107e+00 2.999935822711707889e-02
6.379999999999999893e+00 2.999935822711562172e-02
6.390000000000000568e+00 2.999935822711628092e-02
6.400000000000000355e+00 2.999935822711672154e-02
6.410000000000000142e+00 2.999935822713014483e-02
6.419999999999999929e+00 2.999935822713565431e-02
6.429999999999999716e+00 2.999935822715162417e-02
6.440000000000000391e+00 2.999935822715174213e-02
6.450000000000000178e+00 2.999935822716310457e-02
6.459999999999999964e+00 2.999935822716855854e-02
6.469999999999999751e+00 2.999935822717571948e-02
6.480000000000000426e+00 2.999935822718199224e-02
6.490000000000000213e+00 2.999935822719176221e-02
6.500000000000000000e+00 2.999935822719920070e-02
6.509999999999999787e+00 2.999935822720658368e-02
6.520000000000000462e+00 2.999935822721454259e-02
6.530000000000000249e+00 2.999935822721883083e-02
6.540000000000000036e+00 2.999935822722854875e-02
6.549999999999999822e+00 2.999935822723284046e-02
6.560000000000000497e+00 2.999935822724061202e-02
6.570000000000000284e+00 2.999935822724640599e-02
6.580000000000000071e+00 2.999935822725635984e-02
6.589999999999999858e+00 2.999935822726453385e-02
6.600000000000000533e+00 2.999935822727509832e-02
6.610000000000000320e+00 2.999935822728366092e-02
6.620000000000000107e+00 2.999935822729121043e-02
6.629999999999999893e+00 2.999935822730183388e-02
6.640000000000000568e+00 2.999935822730936605e-02
6.650000000000000355e+00 2.999935822731844212e-02
6.660000000000000142e+00 2.999935822732711921e-02
6.669999999999999929e+00 2.999935822733624038e-02
6.679999999999999716e+00 2.999935822734258253e-02
6.690000000000000391e+00 2.999935822734923346e-02
6.700000000000000178e+00 2.999935822736047100e-02
6.709999999999999964e+00 2.999935822736759031e-02
6.719999999999999751e+00 2.999935822737673924e-02
6.730000000000000426e+00 2.999935822738272057e-02
6.740000000000000213e+00 2.999935822739198399e-02
6.750000000000000000e+00 2.999935822740052924e-02
6.759999999999999787e+00 2.999935822740717323e-02
6.770000000000000462e+00 2.999935822741094799e-02
6.780000000000000249e+00 2.999935822741567337e-02
6.790000000000000036e+00 2.999935822742239369e-02
6.799999999999999822e+00 2.999935822742597763e-02
6.810000000000000497e+00 2.999935822743357572e-02
6.820000000000000284e+00 2.999935822743860295e-02
6.830000000000000071e+00 2.999935822744525735e-02
6.839999999999999858e+00 2.999935822745189440e-02
6.850000000000000533e+00 2.999935822745701530e-02
6.860000000000000320e+00 2.999935822746538361e-02
6.870000000000000107e+00 2.999935822746966838e-02
6.879999999999999893e+00 2.999935822747834546e-02
6.890000000000000568e+00 2.999935822748163103e-02
6.900000000000000355e+00 2.999935822748301534e-02
6.910000000000000142e+00 2.999935822748424352e-02
6.919999999999999929e+00 2.999935822749211917e-02
6.929999999999999716e+00 2.999935822749810743e-02
6.940000000000000391e+00 2.999935822750123340e-02
6.950000000000000178e+00 2.999935822750937620e-02
6.959999999999999964e+00 2.999935822751333830e-02
6.969999999999999751e+00 2.999935822751734205e-02
6.980000000000000426e+00 2.999935822752495401e-02
6.990000000000000213e+00 2.999935822752468340e-02
7.000000000000000000e+00 2.999935822752234499e-02
7.009999999999999787e+00 2.999935822752182457e-02
7.020000000000000462e+00 2.999935822752243172e-02
7.030000000000000249e+00 2.999935822751969086e-02
7.040000000000000036e+00 2.999935822751570794e-02
7.049999999999999822e+00 2.999935822751206155e-02
7.060000000000000497e+00 2.999935822750419284e-02
7.070000000000000284e+00 2.999935822750138259e-02
7.080000000000000071e+00 2.999935822748337963e-02
7.089999999999999858e+00 2.999935822748454189e-02
7.100000000000000533e+00 2.999935822748019815e-02
7.110000000000000320e+00 2.999935822747879649e-02
7.120000000000000107e+00 2.999935822747763423e-02
7.129999999999999893e+00 2.999935822748291125e-02
7.140000000000000568e+00 2.999935822748367453e-02
7.150000000000000355e+00 2.999935822748135694e-02
7.160000000000000142e+00 2.999935822748410821e-02
7.169999999999999929e+00 2.999935822748370923e-02
7.179999999999999716e+00 2.999935822748409781e-02
7.190000000000000391e+00 2.999935822747473030e-02
7.200000000000000178e+00 2.999935822747924405e-02
7.209999999999999964e+00 2.999935822747746769e-02
7.219999999999999751e+00 2.999935822747527847e-02
7.230000000000000426e+00 2.999935822747704789e-02
7.240000000000000213e+00 2.999935822747888670e-02
7.250000000000000000e+00 2.999935822747962222e-02
7.259999999999999787e+00 2.999935822747314823e-02
7.270000000000000462e+00 2.999935822748899666e-02
7.280000000000000249e+00 2.999935822749311143e-02
7.290000000000000036e+00 2.999935822751096520e-02
7.299999999999999822e+00 2.999935822751790757e-02
7.310000000000000497e+00 2.999935822752656384e-02
7.320000000000000284e+00 2.999935822753924120e-02
7.330000000000000071e+00 2.999935822753915099e-02
7.339999999999999858e+00 2.999935822754870238e-02
7.350000000000000533e+00 2.999935822754510456e-02
7.360000000000000320e+00 2.999935822754747072e-02
7.370000000000000107e+00 2.999935822755481207e-02
7.379999999999999893e+00 2.999935822754359882e-02
7.390000000000000568e+00 2.999935822752476319e-02
7.400000000000000355e+00 2.999935822754849421e-02
7.410000000000000142e+00 2.999935822753683340e-02
7.419999999999999929e+00 2.999935822755358736e-02
7.429999999999999716e+00 2.999935822753895670e-02
7.440000000000000391e+00 2.999935822756228526e-02
7.450000000000000178e+00 2.999935822755137038e-02
7.459999999999999964e+00 2.999935822756145953e-02
7.469999999999999751e+00 2.999935822756373549e-02
7.480000000000000426e+00 2.999935822756333303e-02
7.490000000000000213e+00 2.999935822756858578e-02
7.500000000000000000e+00 2.999935822757724205e-02
7.509999999999999787e+00 2.999935822757945902e-02
7.520000000000000462e+00 2.999935822758038884e-02
7.530000000000000249e+00 2.999935822757323137e-02
7.540000000000000036e+00 2.999935822757548998e-02
7.549999999999999822e+00 2.999935822757287054e-02
7.560000000000000497e+00 2.999935822757228421e-02
7.570000000000000284e+00 2.999935822756783638e-02
7.580000000000000071e+00 2.999935822755948195e-02
7.589999999999999858e+00 2.999935822755808029e-02
7.600000000000000533e+00 2.999935822755305653e-02
7.610000000000000320e+00 2.999935822755275122e-02
7.620000000000000107e+00 2.999935822756285425e-02
7.629999999999999893e+00 2.999935822755146753e-02
7.640000000000000568e+00 2.999935822754658948e-02
7.650000000000000355e+00 2.999935822754263431e-02
7.660000000000000142e+00 2.999935822753498071e-02
7.669999999999999929e+00 2.999935822752445094e-02
7.679999999999999716e+00 2.999935822750593103e-02
7.690000000000000391e+00 2.999935822752138742e-02
7.700000000000000178e+00 2.999935822751306769e-02
7.709999999999999964e+00 2.999935822749279918e-02
7.719999999999999751e+00 2.999935822748674152e-02
7.730000000000000426e+00 2.999935822748727582e-02
7.740000000000000213e+00 2.999935822746630648e-02
7.750000000000000000e+00 2.999935822746604627e-02
7.759999999999999787e+00 2.999935822745835451e-02
7.770000000000000462e+00 2.999935822744834168e-02
7.780000000000000249e+00 2.999935822744757841e-02
7.790000000000000036e+00 2.999935822744432060e-02
7.799999999999999822e+00 2.999935822741688768e-02
7.810000000000000497e+00 2.999935822741009797e-02
7.820000000000000284e+00 2.999935822739629304e-02
7.830000000000000071e+00 2.999935822738767841e-02
7.839999999999999858e+00 2.999935822737347449e-02
7.850000000000000533e+00 2.999935822737075791e-02
7.860000000000000320e+00 2.999935822737530289e-02
7.870000000000000107e+00 2.999935822737886254e-02
7.879999999999999893e+00 2.999935822737993113e-02
7.890000000000000568e+00 2.999935822739478730e-02
7.900000000000000355e+00 2.999935822739268482e-02
7.910000000000000142e+00 2.999935822740812386e-02
7.919999999999999929e+00 2.999935822739594610e-02
7.930000000000000604e+00 2.999935822739052335e-02
7.940000000000000391e+00 2.999935822738002827e-02
7.950000000000000178e+00 2.999935822738276220e-02
7.959999999999999964e+00 2.999935822736828420e-02
7.969999999999999751e+00 2.999935822736282676e-02
7.980000000000000426e+00 2.999935822734698526e-02
7.990000000000000213e+00 2.999935822732078400e-02
8.000000000000000000e+00 2.999935822733431484e-02
8.009999999999999787e+00 2.999935822729828810e-02
8.019999999999999574e+00 2.999935822725995765e-02
8.029999999999999361e+00 2.999935822723778789e-02
8.040000000000000924e+00 2.999935822725666168e-02
8.050000000000000711e+00 2.999935822723888423e-02
8.060000000000000497e+00 2.999935822724951809e-02
8.070000000000000284e+00 2.999935822724172224e-02
8.080000000000000071e+00 2.999935822724502515e-02
8.089999999999999858e+00 2.999935822723670542e-02
8.099999999999999645e+00 2.999935822723052981e-02
8.109999999999999432e+00 2.999935822722957918e-02
8.120000000000000995e+00 2.999935822720562958e-02
8.130000000000000782e+00 2.999935822719488471e-02
8.140000000000000568e+00 2.999935822717784278e-02
8.150000000000000355e+00 2.999935822716435357e-02
8.160000000000000142e+00 2.999935822714862657e-02
8.169999999999999929e+00 2.999935822715068048e-02
8.179999999999999716e+00 2.999935822714350914e-02
8.189999999999999503e+00 2.999935822713109546e-02
8.199999999999999289e+00 2.999935822712807704e-02
8.210000000000000853e+00 2.999935822713003380e-02
8.220000000000000639e+00 2.999935822713361427e-02
8.230000000000000426e+00 2.999935822714159400e-02
8.240000000000000213e+00 2.999935822714900127e-02
8.250000000000000000e+00 2.999935822715082273e-02
8.259999999999999787e+00 2.999935822714029643e-02
8.269999999999999574e+00 2.999935822713102607e-02
8.279999999999999361e+00 2.999935822713423877e-02
8.290000000000000924e+00 2.999935822714928230e-02
8.300000000000000711e+00 2.999935822715306052e-02
8.310000000000000497e+00 2.999935822714827616e-02
8.320000000000000284e+00 2.999935822713590064e-02
8.330000000000000071e+00 2.999935822714233299e-02
8.339999999999999858e+00 2.999935822712043731e-02
8.349999999999999645e+00 2.999935822708058031e-02
8.359999999999999432e+00 2.999935822706909644e-02
8.370000000000000995e+00 2.999935822706809030e-02
8.380000000000000782e+00 2.999935822706497474e-02
8.390000000000000568e+00 2.999935822707116423e-02
8.400000000000000355e+00 2.999935822706644925e-02
8.410000000000000142e+00 2.999935822705979832e-02
8.419999999999999929e+00 2.999935822703132804e-02
8.429999999999999716e+00 2.999935822701495919e-02
8.439999999999999503e+00 2.999935822701398774e-02
8.449999999999999289e+00 2.999935822700988686e-02
8.460000000000000853e+00 2.999935822700913746e-02
8.470000000000000639e+00 2.999935822701700616e-02
8.480000000000000426e+00 2.999935822701936192e-02
8.490000000000000213e+00 2.999935822703605343e-02
8.500000000000000000e+00 2.999935822705605826e-02
8.509999999999999787e+00 2.999935822701633656e-02
8.519999999999999574e+00 2.999935822698734239e-02
8.529999999999999361e+00 2.999935822696717103e-02
8.540000000000000924e+00 2.999935822695821291e-02
8.550000000000000711e+00 2.999935822696104051e-02
8.560000000000000497e+00 2.999935822696624815e-02
8.570000000000000284e+00 2.999935822697236132e-02
8.580000000000000071e+00 2.999935822698590257e-02
8.589999999999999858e+00 2.999935822697521320e-02
8.599999999999999645e+00 2.999935822698431703e-02
8.609999999999999432e+00 2.999935822697698609e-02
8.620000000000000995e+00 2.999935822696250809e-02
8.630000000000000782e+00 2.999935822696352117e-02
8.640000000000000568e+00 2.999935822695765780e-02
8.650000000000000355e+00 2.999935822696947474e-02
8.660000000000000142e+00 2.999935822696895779e-02
8.669999999999999929e+00 2.999935822697484544e-02
8.679999999999999716e+00 2.999935822697315582e-02
8.689999999999999503e+00 2.999935822698127780e-02
8.700000000000001066e+00 2.999935822698106616e-02
8.710000000000000853e+00 2.999935822697492871e-02
8.720000000000000639e+00 2.999935822697106722e-02
8.730000000000000426e+00 2.999935822698101759e-02
8.740000000000000213e+00 2.999935822698610380e-02
8.750000000000000000e+00 2.999935822697044618e-02
8.759999999999999787e+00 2.999935822694796417e-02
8.769999999999999574e+00 2.999935822693273330e-02
8.779999999999999361e+00 2.999935822691154191e-02
8.790000000000000924e+00 2.999935822690688592e-02
8.800000000000000711e+00 2.999935822691712425e-02
8.810000000000000497e+00 2.999935822691756487e-02
8.820000000000000284e+00 2.999935822693060999e-02
8.830000000000000071e+00 2.999935822695476081e-02
8.839999999999999858e+00 2.999935822695778964e-02
8.849999999999999645e+00 2.999935822696238666e-02
8.859999999999999432e+00 2.999935822697221213e-02
8.870000000000000995e+00 2.999935822695947232e-02
8.880000000000000782e+00 2.999935822694448084e-02
8.890000000000000568e+00 2.999935822696998128e-02
8.900000000000000355e+00 2.999935822696712939e-02
8.910000000000000142e+00 2.999935822696169624e-02
8.919999999999999929e+00 2.999935822696461404e-02
8.929999999999999716e+00 2.999935822696882248e-02
8.939999999999999503e+00 2.999935822697210458e-02
8.950000000000001066e+00 2.999935822696515875e-02
8.960000000000000853e+00 2.999935822696184889e-02
8.970000000000000639e+00 2.999935822694968848e-02
8.980000000000000426e+00 2.999935822695095483e-02
8.990000000000000213e+00 2.999935822692435458e-02
9.000000000000000000e+00 2.999935822691388726e-02
9.009999999999999787e+00 2.999935822691555259e-02
9.019999999999999574e+00 2.999935822691090354e-02
9.029999999999999361e+00 2.999935822689910742e-02
9.040000000000000924e+00 2.999935822688885867e-02
9.050000000000000711e+00 2.999935822688708925e-02
9.060000000000000497e+00 2.999935822690601162e-02
9.070000000000000284e+00 2.999935822690029744e-02
9.080000000000000071e+00 2.999935822689283119e-02
9.089999999999999858e+00 2.999935822689941620e-02
9.099999999999999645e+00 2.999935822691196519e-02
9.109999999999999432e+00 2.999935822694140344e-02
9.120000000000000995e+00 2.999935822692621767e-02
9.130000000000000782e+00 2.999935822693914136e-02
9.140000000000000568e+00 2.999935822692098575e-02
9.150000000000000355e+00 2.999935822691759957e-02
9.160000000000000142e+00 2.999935822691341195e-02
9.169999999999999929e+00 2.999935822690757981e-02
9.179999999999999716e+00 2.999935822688753334e-02
9.189999999999999503e+00 2.999935822688129874e-02
9.200000000000001066e+00 2.999935822688561127e-02
9.210000000000000853e+00 2.999935822686349701e-02
9.220000000000000639e+00 2.999935822687140041e-02
9.230000000000000426e+00 2.999935822687007508e-02
9.240000000000000213e+00 2.999935822687257309e-02
9.250000000000000000e+00 2.999935822687043244e-02
9.259999999999999787e+00 2.999935822687675030e-02
9.269999999999999574e+00 2.999935822687128245e-02
9.279999999999999361e+00 2.999935822686868037e-02
9.290000000000000924e+00 2.999935822687541109e-02
9.300000000000000711e+00 2.999935822687103959e-02
9.310000000000000497e+00 2.999935822686921813e-02
9.320000000000000284e+00 2.999935822685644363e-02
9.330000000000000071e+00 2.999935822684537262e-02
9.339999999999999858e+00 2.999935822683538061e-02
9.349999999999999645e+00 2.999935822683227199e-02
9.359999999999999432e+00 2.999935822680331599e-02
9.370000000000000995e+00 2.999935822679303948e-02
9.380000000000000782e+00 2.999935822677023828e-02
9.390000000000000568e+00 2.999935822675823052e-02
9.400000000000000355e+00 2.999935822675039651e-02
9.410000000000000142e+00 2.999935822673771568e-02
9.419999999999999929e+00 2.999935822673494359e-02
9.429999999999999716e+00 2.999935822672825450e-02
9.439999999999999503e+00 2.999935822672841756e-02
9.450000000000001066e+00 2.999935822671329078e-02
9.460000000000000853e+00 2.999935822672059049e-02
9.470000000000000639e+00 2.999935822671870658e-02
9.480000000000000426e+00 2.999935822670442287e-02
9.490000000000000213e+00 2.999935822669543006e-02
9.500000000000000000e+00 2.999935822669965585e-02
9.509999999999999787e+00 2.999935822669659580e-02
9.519999999999999574e+00 2.999935822669651253e-02
9.529999999999999361e+00 2.999935822668709645e-02
9.540000000000000924e+00 2.999935822668645460e-02
9.550000000000000711e+00 2.999935822668409538e-02
9.560000000000000497e+00 2.999935822667882876e-02
9.570000000000000284e+00 2.999935822667152210e-02
9.580000000000000071e+00 2.999935822667147700e-02
9.589999999999999858e+00 2.999935822666307053e-02
9.599999999999999645e+00 2.999935822666434382e-02
9.609999999999999432e+00 2.999935822666257440e-02
9.620000000000000995e+00 2.999935822665858454e-02
9.630000000000000782e+00 2.999935822665728696e-02
9.640000000000000568e+00 2.999935822665151380e-02
9.650000000000000355e+00 2.999935822664201446e-02
9.660000000000000142e+00 2.999935822663858664e-02
9.669999999999999929e+00 2.999935822663818419e-02
9.679999999999999716e+00 2.999935822663375717e-02
9.689999999999999503e+00 2.999935822663279614e-02
9.700000000000001066e+00 2.999935822663476678e-02
9.710000000000000853e+00 2.999935822663885726e-02
9.720000000000000639e+00 2.999935822663354901e-02
9.730000000000000426e+00 2.999935822663920768e-02
9.740000000000000213e+00 2.999935822663809051e-02
9.750000000000000000e+00 2.999935822664176119e-02
9.759999999999999787e+00 2.999935822664973051e-02
9.769999999999999574e+00 2.999935822665419222e-02
9.779999999999999361e+00 2.999935822665852209e-02
9.790000000000000924e+00 2.999935822665872331e-02
9.800000000000000711e+00 2.999935822667054372e-02
9.810000000000000497e+00 2.999935822667250743e-02
9.820000000000000284e+00 2.999935822667955387e-02
9.830000000000000071e+00 2.999935822668230861e-02
9.839999999999999858e+00 2.999935822668959792e-02
9.849999999999999645e+00 2.999935822669456964e-02
9.859999999999999432e+00 2.999935822670276794e-02
9.870000000000000995e+00 2.999935822670889846e-02
9.880000000000000782e+00 2.999935822671510877e-02
9.890000000000000568e+00 2.999935822672231481e-02
9.900000000000000355e+00 2.999935822672918084e-02
9.910000000000000142e+00 2.999935822673297642e-02
9.919999999999999929e+00 2.999935822673707730e-02
9.929999999999999716e+00 2.999935822674063349e-02
9.939999999999999503e+00 2.999935822674082431e-02
9.950000000000001066e+00 2.999935822674277067e-02
9.960000000000000853e+00 2.999935822674968874e-02
9.970000000000000639e+00 2.999935822675353636e-02
