0.000000000000000000e+00 2.999925691709943651e-02
1.000000000000000021e-02 2.999925691709521766e-02
2.000000000000000042e-02 2.999925691709900630e-02
2.999999999999999889e-02 2.999925691709858649e-02
4.000000000000000083e-02 2.999925691710278106e-02
5.000000000000000278e-02 2.999925691709741035e-02
5.999999999999999778e-02 2.999925691710065428e-02
7.000000000000000666e-02 2.999925691709702524e-02
8.000000000000000167e-02 2.999925691709859343e-02
8.999999999999999667e-02 2.999925691709776077e-02
1.000000000000000056e-01 2.999925691709845466e-02
1.100000000000000006e-01 2.999925691709920406e-02
1.199999999999999956e-01 2.999925691709876344e-02
1.300000000000000044e-01 2.999925691709388886e-02
1.400000000000000133e-01 2.999925691710068204e-02
1.499999999999999944e-01 2.999925691709670258e-02
1.600000000000000033e-01 2.999925691709546052e-02
1.700000000000000122e-01 2.999925691709938100e-02
1.799999999999999933e-01 2.999925691709838180e-02
1.900000000000000022e-01 2.999925691709894385e-02
2.000000000000000111e-01 2.999925691709742423e-02
2.099999999999999922e-01 2.999925691709837486e-02
2.200000000000000011e-01 2.999925691709854139e-02
2.300000000000000100e-01 2.999925691709715708e-02
2.399999999999999911e-01 2.999925691709793771e-02
2.500000000000000000e-01 2.999925691710239248e-02
2.600000000000000089e-01 2.999925691709913120e-02
2.700000000000000178e-01 2.999925691710088674e-02
2.800000000000000266e-01 2.999925691709993958e-02
2.899999999999999800e-01 2.999925691710167083e-02
2.999999999999999889e-01 2.999925691709936018e-02
3.099999999999999978e-01 2.999925691709776424e-02
3.200000000000000067e-01 2.999925691709651177e-02
3.300000000000000155e-01 2.999925691709853098e-02
3.400000000000000244e-01 2.999925691709928038e-02
3.500000000000000333e-01 2.999925691709481174e-02
3.599999999999999867e-01 2.999925691709635217e-02
3.699999999999999956e-01 2.999925691709711545e-02
3.800000000000000044e-01 2.999925691709744505e-02
3.900000000000000133e-01 2.999925691709920406e-02
4.000000000000000222e-01 2.999925691709486031e-02
4.100000000000000311e-01 2.999925691710004019e-02
4.199999999999999845e-01 2.999925691709814587e-02
4.299999999999999933e-01 2.999925691710278106e-02
4.400000000000000022e-01 2.999925691709666442e-02
4.500000000000000111e-01 2.999925691709597747e-02
4.600000000000000200e-01 2.999925691709835751e-02
4.700000000000000289e-01 2.999925691709751444e-02
4.799999999999999822e-01 2.999925691709922140e-02
4.899999999999999911e-01 2.999925691709735137e-02
5.000000000000000000e-01 2.999925691710051551e-02
5.100000000000000089e-01 2.999925691709472847e-02
5.200000000000000178e-01 2.999925691709810771e-02
5.300000000000000266e-01 2.999925691709760811e-02
5.400000000000000355e-01 2.999925691709783709e-02
5.500000000000000444e-01 2.999925691709888140e-02
5.600000000000000533e-01 2.999925691709994999e-02
5.700000000000000622e-01 2.999925691710092143e-02
5.799999999999999600e-01 2.999925691709728892e-02
5.899999999999999689e-01 2.999925691709665748e-02
5.999999999999999778e-01 2.999925691709733749e-02
6.099999999999999867e-01 2.999925691709752484e-02
6.199999999999999956e-01 2.999925691710056061e-02
6.300000000000000044e-01 2.999925691710104286e-02
6.400000000000000133e-01 2.999925691710124409e-02
6.500000000000000222e-01 2.999925691709875303e-02
6.600000000000000311e-01 2.999925691710047734e-02
6.700000000000000400e-01 2.999925691709951978e-02
6.800000000000000488e-01 2.999925691710152165e-02
6.900000000000000577e-01 2.999925691709746933e-02
7.000000000000000666e-01 2.999925691709797240e-02
7.099999999999999645e-01 2.999925691709871139e-02
7.199999999999999734e-01 2.999925691709855527e-02
7.299999999999999822e-01 2.999925691709873568e-02
7.399999999999999911e-01 2.999925691709938447e-02
7.500000000000000000e-01 2.999925691709564787e-02
7.600000000000000089e-01 2.999925691709753178e-02
7.700000000000000178e-01 2.999925691709854486e-02
7.800000000000000266e-01 2.999925691709872527e-02
7.900000000000000355e-01 2.999925691709700443e-02
8.000000000000000444e-01 2.999925691709795506e-02
8.100000000000000533e-01 2.999925691709877038e-02
8.200000000000000622e-01 2.999925691709779546e-02
8.300000000000000711e-01 2.999925691710090409e-02
8.399999999999999689e-01 2.999925691709965161e-02
8.499999999999999778e-01 2.999925691709796893e-02
8.599999999999999867e-01 2.999925691709939141e-02
8.699999999999999956e-01 2.999925691709677544e-02
8.800000000000000044e-01 2.999925691709939141e-02
8.900000000000000133e-01 2.999925691709897507e-02
9.000000000000000222e-01 2.999925691710038020e-02
9.100000000000000311e-01 2.999925691709772954e-02
9.200000000000000400e-01 2.999925691709944345e-02
9.300000000000000488e-01 2.999925691709783362e-02
9.400000000000000577e-01 2.999925691710008530e-02
9.500000000000000666e-01 2.999925691709816322e-02
9.599999999999999645e-01 2.999925691709843037e-02
9.699999999999999734e-01 2.999925691709916242e-02
9.799999999999999822e-01 2.999925691709814934e-02
9.899999999999999911e-01 2.999925691709815975e-02
1.000000000000000000e+00 2.999925691709730627e-02
1.010000000000000009e+00 2.999925691709921100e-02
1.020000000000000018e+00 2.999925691709581094e-02
1.030000000000000027e+00 2.999925691709713974e-02
1.040000000000000036e+00 2.999925691709831588e-02
1.050000000000000044e+00 2.999925691709778158e-02
1.060000000000000053e+00 2.999925691710020326e-02
1.070000000000000062e+00 2.999925691709883629e-02
1.080000000000000071e+00 2.999925691709822567e-02
1.090000000000000080e+00 2.999925691709961345e-02
1.100000000000000089e+00 2.999925691709923875e-02
1.110000000000000098e+00 2.999925691709982162e-02
1.120000000000000107e+00 2.999925691709839914e-02
1.130000000000000115e+00 2.999925691709769832e-02
1.140000000000000124e+00 2.999925691709899936e-02
1.150000000000000133e+00 2.999925691709906875e-02
1.159999999999999920e+00 2.999925691709951284e-02
1.169999999999999929e+00 2.999925691709933590e-02
1.179999999999999938e+00 2.999925691709922487e-02
1.189999999999999947e+00 2.999925691709780587e-02
1.199999999999999956e+00 2.999925691709925957e-02
1.209999999999999964e+00 2.999925691709841996e-02
1.219999999999999973e+00 2.999925691709810077e-02
1.229999999999999982e+00 2.999925691709894732e-02
1.239999999999999991e+00 2.999925691709667136e-02
1.250000000000000000e+00 2.999925691709878425e-02
1.260000000000000009e+00 2.999925691709831588e-02
1.270000000000000018e+00 2.999925691709813894e-02
1.280000000000000027e+00 2.999925691709766709e-02
1.290000000000000036e+00 2.999925691709774689e-02
1.300000000000000044e+00 2.999925691709845466e-02
1.310000000000000053e+00 2.999925691709970366e-02
1.320000000000000062e+00 2.999925691709794812e-02
1.330000000000000071e+00 2.999925691709749362e-02
1.340000000000000080e+00 2.999925691709842690e-02
1.350000000000000089e+00 2.999925691709946080e-02
1.360000000000000098e+00 2.999925691709799669e-02
1.370000000000000107e+00 2.999925691709960651e-02
1.380000000000000115e+00 2.999925691709828118e-02
1.390000000000000124e+00 2.999925691709692810e-02
1.400000000000000133e+00 2.999925691709830894e-02
1.409999999999999920e+00 2.999925691709920059e-02
1.419999999999999929e+00 2.999925691709872180e-02
1.429999999999999938e+00 2.999925691709703218e-02
1.439999999999999947e+00 2.999925691709737913e-02
1.449999999999999956e+00 2.999925691709941222e-02
1.459999999999999964e+00 2.999925691709829506e-02
1.469999999999999973e+00 2.999925691709796546e-02
1.479999999999999982e+00 2.999925691709690034e-02
1.489999999999999991e+00 2.999925691709878078e-02
1.500000000000000000e+00 2.999925691709711198e-02
1.510000000000000009e+00 2.999925691709919018e-02
1.520000000000000018e+00 2.999925691709867670e-02
1.530000000000000027e+00 2.999925691709941222e-02
1.540000000000000036e+00 2.999925691709922487e-02
1.550000000000000044e+00 2.999925691709911385e-02
1.560000000000000053e+00 2.999925691710002978e-02
1.570000000000000062e+00 2.999925691709912773e-02
1.580000000000000071e+00 2.999925691709946426e-02
1.590000000000000080e+00 2.999925691709909997e-02
1.600000000000000089e+00 2.999925691709902364e-02
1.610000000000000098e+00 2.999925691709721259e-02
1.620000000000000107e+00 2.999925691709761505e-02
1.630000000000000115e+00 2.999925691709839221e-02
1.640000000000000124e+00 2.999925691709715014e-02
1.650000000000000133e+00 2.999925691709959957e-02
1.660000000000000142e+00 2.999925691709790648e-02
1.669999999999999929e+00 2.999925691709776077e-02
1.679999999999999938e+00 2.999925691709962039e-02
1.689999999999999947e+00 2.999925691710019979e-02
1.699999999999999956e+00 2.999925691709790995e-02
1.709999999999999964e+00 2.999925691709916242e-02
1.719999999999999973e+00 2.999925691709859343e-02
1.729999999999999982e+00 2.999925691709888487e-02
1.739999999999999991e+00 2.999925691709724729e-02
1.750000000000000000e+00 2.999925691709953018e-02
1.760000000000000009e+00 2.999925691709926651e-02
1.770000000000000018e+00 2.999925691709907222e-02
1.780000000000000027e+00 2.999925691709841996e-02
1.790000000000000036e+00 2.999925691709826384e-02
1.800000000000000044e+00 2.999925691709941916e-02
1.810000000000000053e+00 2.999925691709790648e-02
1.820000000000000062e+00 2.999925691709750403e-02
1.830000000000000071e+00 2.999925691709821873e-02
1.840000000000000080e+00 2.999925691709940875e-02
1.850000000000000089e+00 2.999925691709840955e-02
1.860000000000000098e+00 2.999925691709834363e-02
1.870000000000000107e+00 2.999925691709965508e-02
1.880000000000000115e+00 2.999925691709962733e-02
1.890000000000000124e+00 2.999925691709777464e-02
1.900000000000000133e+00 2.999925691709951631e-02
1.910000000000000142e+00 2.999925691709971060e-02
1.919999999999999929e+00 2.999925691709903058e-02
1.929999999999999938e+00 2.999925691709830894e-02
1.939999999999999947e+00 2.999925691709882242e-02
1.949999999999999956e+00 2.999925691709863854e-02
1.959999999999999964e+00 2.999925691709768791e-02
1.969999999999999973e+00 2.999925691709866282e-02
1.979999999999999982e+00 2.999925691709849629e-02
1.989999999999999991e+00 2.999925691709771219e-02
2.000000000000000000e+00 2.999925691709630707e-02
2.010000000000000231e+00 2.999925691709792730e-02
2.020000000000000018e+00 2.999925691709863160e-02
2.030000000000000249e+00 2.999925691709747280e-02
2.040000000000000036e+00 2.999925691709851711e-02
2.049999999999999822e+00 2.999925691709852751e-02
2.060000000000000053e+00 2.999925691709790648e-02
2.069999999999999840e+00 2.999925691709968631e-02
2.080000000000000071e+00 2.999925691709805567e-02
2.089999999999999858e+00 2.999925691709849629e-02
2.100000000000000089e+00 2.999925691709819792e-02
2.109999999999999876e+00 2.999925691709774342e-02
2.120000000000000107e+00 2.999925691709840261e-02
2.129999999999999893e+00 2.999925691709776771e-02
2.140000000000000124e+00 2.999925691709953712e-02
2.149999999999999911e+00 2.999925691709880160e-02
2.160000000000000142e+00 2.999925691709767056e-02
2.169999999999999929e+00 2.999925691709882936e-02
2.180000000000000160e+00 2.999925691709875997e-02
2.189999999999999947e+00 2.999925691709835751e-02
2.200000000000000178e+00 2.999925691709904446e-02
2.209999999999999964e+00 2.999925691709853792e-02
2.220000000000000195e+00 2.999925691709830200e-02
2.229999999999999982e+00 2.999925691709903752e-02
2.240000000000000213e+00 2.999925691709785444e-02
2.250000000000000000e+00 2.999925691709787179e-02
2.260000000000000231e+00 2.999925691709737566e-02
2.270000000000000018e+00 2.999925691709803138e-02
2.280000000000000249e+00 2.999925691709742770e-02
2.290000000000000036e+00 2.999925691709859690e-02
2.300000000000000266e+00 2.999925691709845119e-02
2.310000000000000053e+00 2.999925691709772607e-02
2.319999999999999840e+00 2.999925691709843037e-02
2.330000000000000071e+00 2.999925691709773995e-02
2.339999999999999858e+00 2.999925691709790648e-02
2.350000000000000089e+00 2.999925691709999162e-02
2.359999999999999876e+00 2.999925691709725423e-02
2.370000000000000107e+00 2.999925691709737913e-02
2.379999999999999893e+00 2.999925691709703218e-02
2.390000000000000124e+00 2.999925691709815975e-02
2.399999999999999911e+00 2.999925691709854833e-02
2.410000000000000142e+00 2.999925691709906181e-02
2.419999999999999929e+00 2.999925691709830894e-02
2.430000000000000160e+00 2.999925691709911038e-02
2.439999999999999947e+00 2.999925691709851711e-02
2.450000000000000178e+00 2.999925691709929773e-02
2.459999999999999964e+00 2.999925691709787873e-02
2.470000000000000195e+00 2.999925691709885711e-02
2.479999999999999982e+00 2.999925691709858649e-02
2.490000000000000213e+00 2.999925691709812853e-02
2.500000000000000000e+00 2.999925691709822567e-02
2.510000000000000231e+00 2.999925691709854486e-02
2.520000000000000018e+00 2.999925691709870446e-02
2.530000000000000249e+00 2.999925691709870099e-02
2.540000000000000036e+00 2.999925691709819098e-02
2.550000000000000266e+00 2.999925691709905140e-02
2.560000000000000053e+00 2.999925691709822567e-02
2.569999999999999840e+00 2.999925691709835751e-02
2.580000000000000071e+00 2.999925691709818404e-02
2.589999999999999858e+00 2.999925691709824996e-02
2.600000000000000089e+00 2.999925691709757342e-02
2.609999999999999876e+00 2.999925691709790648e-02
2.620000000000000107e+00 2.999925691709996040e-02
2.629999999999999893e+00 2.999925691709776077e-02
2.640000000000000124e+00 2.999925691709750056e-02
2.649999999999999911e+00 2.999925691709854139e-02
2.660000000000000142e+00 2.999925691709883976e-02
2.669999999999999929e+00 2.999925691709818404e-02
2.680000000000000160e+00 2.999925691709800710e-02
2.689999999999999947e+00 2.999925691709776771e-02
2.700000000000000178e+00 2.999925691709786485e-02
2.709999999999999964e+00 2.999925691709865588e-02
2.720000000000000195e+00 2.999925691709811812e-02
2.729999999999999982e+00 2.999925691709957876e-02
2.740000000000000213e+00 2.999925691709938447e-02
2.750000000000000000e+00 2.999925691709832282e-02
2.760000000000000231e+00 2.999925691709815281e-02
2.770000000000000018e+00 2.999925691709803485e-02
2.780000000000000249e+00 2.999925691709759423e-02
2.790000000000000036e+00 2.999925691709835057e-02
2.800000000000000266e+00 2.999925691709843037e-02
2.810000000000000053e+00 2.999925691709839221e-02
2.819999999999999840e+00 2.999925691709930467e-02
2.830000000000000071e+00 2.999925691709855180e-02
2.839999999999999858e+00 2.999925691709834363e-02
2.850000000000000089e+00 2.999925691709925263e-02
2.859999999999999876e+00 2.999925691710061959e-02
2.870000000000000107e+00 2.999925691709781628e-02
2.879999999999999893e+00 2.999925691709787526e-02
2.890000000000000124e+00 2.999925691709816669e-02
2.899999999999999911e+00 2.999925691709832629e-02
2.910000000000000142e+00 2.999925691709730627e-02
2.919999999999999929e+00 2.999925691709715014e-02
2.930000000000000160e+00 2.999925691709801404e-02
2.939999999999999947e+00 2.999925691709771913e-02
2.950000000000000178e+00 2.999925691709767056e-02
2.959999999999999964e+00 2.999925691709795852e-02
2.970000000000000195e+00 2.999925691709937406e-02
2.979999999999999982e+00 2.999925691709835404e-02
2.990000000000000213e+00 2.999925691709949202e-02
3.000000000000000000e+00 2.999925691709822914e-02
3.010000000000000231e+00 2.999925691709875997e-02
3.020000000000000018e+00 2.999925691709980080e-02
3.030000000000000249e+00 2.999925691709783709e-02
3.040000000000000036e+00 2.999925691709797240e-02
3.050000000000000266e+00 2.999925691709655340e-02
3.060000000000000053e+00 2.999925691709834016e-02
3.070000000000000284e+00 2.999925691709837833e-02
3.080000000000000071e+00 2.999925691709755954e-02
3.089999999999999858e+00 2.999925691709676157e-02
3.100000000000000089e+00 2.999925691709755954e-02
3.109999999999999876e+00 2.999925691709765668e-02
3.120000000000000107e+00 2.999925691709816669e-02
3.129999999999999893e+00 2.999925691709766709e-02
3.140000000000000124e+00 2.999925691709803485e-02
3.149999999999999911e+00 2.999925691709735831e-02
3.160000000000000142e+00 2.999925691709729586e-02
3.169999999999999929e+00 2.999925691709809383e-02
3.180000000000000160e+00 2.999925691709837833e-02
3.189999999999999947e+00 2.999925691709821179e-02
3.200000000000000178e+00 2.999925691709860037e-02
3.209999999999999964e+00 2.999925691709842343e-02
3.220000000000000195e+00 2.999925691709703565e-02
3.229999999999999982e+00 2.999925691709836445e-02
3.240000000000000213e+00 2.999925691709836445e-02
3.250000000000000000e+00 2.999925691709897160e-02
3.260000000000000231e+00 2.999925691709800363e-02
3.270000000000000018e+00 2.999925691709798281e-02
3.280000000000000249e+00 2.999925691709905834e-02
3.290000000000000036e+00 2.999925691709609543e-02
3.300000000000000266e+00 2.999925691709865588e-02
3.310000000000000053e+00 2.999925691709728892e-02
3.320000000000000284e+00 2.999925691709723341e-02
3.330000000000000071e+00 2.999925691709859343e-02
3.339999999999999858e+00 2.999925691709755260e-02
3.350000000000000089e+00 2.999925691709739300e-02
3.359999999999999876e+00 2.999925691709848935e-02
3.370000000000000107e+00 2.999925691709779199e-02
3.379999999999999893e+00 2.999925691709780240e-02
3.390000000000000124e+00 2.999925691709826384e-02
3.399999999999999911e+00 2.999925691709904446e-02
3.410000000000000142e+00 2.999925691709779546e-02
3.419999999999999929e+00 2.999925691709801057e-02
3.430000000000000160e+00 2.999925691709714320e-02
3.439999999999999947e+00 2.999925691709746586e-02
3.450000000000000178e+00 2.999925691709829159e-02
3.459999999999999964e+00 2.999925691709805914e-02
3.470000000000000195e+00 2.999925691709777811e-02
3.479999999999999982e+00 2.999925691709797587e-02
3.490000000000000213e+00 2.999925691709698361e-02
3.500000000000000000e+00 2.999925691709826037e-02
3.510000000000000231e+00 2.999925691709762893e-02
3.520000000000000018e+00 2.999925691709797587e-02
3.530000000000000249e+00 2.999925691709698361e-02
3.540000000000000036e+00 2.999925691709767403e-02
3.550000000000000266e+00 2.999925691709822220e-02
3.560000000000000053e+00 2.999925691709736872e-02
3.570000000000000284e+00 2.999925691709818057e-02
3.580000000000000071e+00 2.999925691709748668e-02
3.589999999999999858e+00 2.999925691709836445e-02
3.600000000000000089e+00 2.999925691709683789e-02
3.609999999999999876e+00 2.999925691709906528e-02
3.620000000000000107e+00 2.999925691709798281e-02
3.629999999999999893e+00 2.999925691709717790e-02
3.640000000000000124e+00 2.999925691709822220e-02
3.649999999999999911e+00 2.999925691709787526e-02
3.660000000000000142e+00 2.999925691709719178e-02
3.669999999999999929e+00 2.999925691709735831e-02
3.680000000000000160e+00 2.999925691709828465e-02
3.689999999999999947e+00 2.999925691709802097e-02
3.700000000000000178e+00 2.999925691709782669e-02
3.709999999999999964e+00 2.999925691709736525e-02
3.720000000000000195e+00 2.999925691709688300e-02
3.729999999999999982e+00 2.999925691709759423e-02
3.740000000000000213e+00 2.999925691709785791e-02
3.750000000000000000e+00 2.999925691709770526e-02
3.760000000000000231e+00 2.999925691709755260e-02
3.770000000000000018e+00 2.999925691709800710e-02
3.780000000000000249e+00 2.999925691709716055e-02
3.790000000000000036e+00 2.999925691709757689e-02
3.800000000000000266e+00 2.999925691709768097e-02
3.810000000000000053e+00 2.999925691709788914e-02
3.820000000000000284e+00 2.999925691709768791e-02
3.830000000000000071e+00 2.999925691709792730e-02
3.839999999999999858e+00 2.999925691709808689e-02
3.850000000000000089e+00 2.999925691709739300e-02
3.859999999999999876e+00 2.999925691709795852e-02
3.870000000000000107e+00 2.999925691709818057e-02
3.879999999999999893e+00 2.999925691709795506e-02
3.890000000000000124e+00 2.999925691709772260e-02
3.899999999999999911e+00 2.999925691709784750e-02
3.910000000000000142e+00 2.999925691709804526e-02
3.919999999999999929e+00 2.999925691709758035e-02
3.930000000000000160e+00 2.999925691709781281e-02
3.939999999999999947e+00 2.999925691709755607e-02
3.950000000000000178e+00 2.999925691709765321e-02
3.959999999999999964e+00 2.999925691709808342e-02
3.970000000000000195e+00 2.999925691709787873e-02
3.979999999999999982e+00 2.999925691709817016e-02
3.990000000000000213e+00 2.999925691709765668e-02
4.000000000000000000e+00 2.999925691709760811e-02
4.009999999999999787e+00 2.999925691709818404e-02
4.020000000000000462e+00 2.999925691709764281e-02
4.030000000000000249e+00 2.999925691709773301e-02
4.040000000000000036e+00 2.999925691709781628e-02
4.049999999999999822e+00 2.999925691709774689e-02
4.060000000000000497e+00 2.999925691709770526e-02
4.070000000000000284e+00 2.999925691709780587e-02
4.080000000000000071e+00 2.999925691709769138e-02
4.089999999999999858e+00 2.999925691709792036e-02
4.099999999999999645e+00 2.999925691709772260e-02
4.110000000000000320e+00 2.999925691709786832e-02
4.120000000000000107e+00 2.999925691709779546e-02
4.129999999999999893e+00 2.999925691709762199e-02
4.139999999999999680e+00 2.999925691709778158e-02
4.150000000000000355e+00 2.999925691709809730e-02
4.160000000000000142e+00 2.999925691709791342e-02
4.169999999999999929e+00 2.999925691709779546e-02
4.179999999999999716e+00 2.999925691709831588e-02
4.190000000000000391e+00 2.999925691709793424e-02
4.200000000000000178e+00 2.999925691709801057e-02
4.209999999999999964e+00 2.999925691709776771e-02
4.219999999999999751e+00 2.999925691709830894e-02
4.230000000000000426e+00 2.999925691709773301e-02
4.240000000000000213e+00 2.999925691709808689e-02
4.250000000000000000e+00 2.999925691709784750e-02
4.259999999999999787e+00 2.999925691709781628e-02
4.270000000000000462e+00 2.999925691709789954e-02
4.280000000000000249e+00 2.999925691709834016e-02
4.290000000000000036e+00 2.999925691709797934e-02
4.299999999999999822e+00 2.999925691709794812e-02
4.310000000000000497e+00 2.999925691709828812e-02
4.320000000000000284e+00 2.999925691709796199e-02
4.330000000000000071e+00 2.999925691709807996e-02
4.339999999999999858e+00 2.999925691709789261e-02
4.350000000000000533e+00 2.999925691709793077e-02
4.360000000000000320e+00 2.999925691709793424e-02
4.370000000000000107e+00 2.999925691709788567e-02
4.379999999999999893e+00 2.999925691709787526e-02
4.389999999999999680e+00 2.999925691709804526e-02
4.400000000000000355e+00 2.999925691709779199e-02
4.410000000000000142e+00 2.999925691709817710e-02
4.419999999999999929e+00 2.999925691709807996e-02
4.429999999999999716e+00 2.999925691709789607e-02
4.440000000000000391e+00 2.999925691709804526e-02
4.450000000000000178e+00 2.999925691709798975e-02
4.459999999999999964e+00 2.999925691709797240e-02
4.469999999999999751e+00 2.999925691709796893e-02
4.480000000000000426e+00 2.999925691709810771e-02
4.490000000000000213e+00 2.999925691709796546e-02
4.500000000000000000e+00 2.999925691709806955e-02
4.509999999999999787e+00 2.999925691709802791e-02
4.520000000000000462e+00 2.999925691709794465e-02
4.530000000000000249e+00 2.999925691709792036e-02
4.540000000000000036e+00 2.999925691709810771e-02
4.549999999999999822e+00 2.999925691709802444e-02
4.560000000000000497e+00 2.999925691709802097e-02
4.570000000000000284e+00 2.999925691709798628e-02
4.580000000000000071e+00 2.999925691709792730e-02
4.589999999999999858e+00 2.999925691709800363e-02
4.600000000000000533e+00 2.999925691709800710e-02
4.610000000000000320e+00 2.999925691709795506e-02
4.620000000000000107e+00 2.999925691709796546e-02
4.629999999999999893e+00 2.999925691709798628e-02
4.639999999999999680e+00 2.999925691709803485e-02
4.650000000000000355e+00 2.999925691709811118e-02
4.660000000000000142e+00 2.999925691709808342e-02
4.669999999999999929e+00 2.999925691709817016e-02
4.679999999999999716e+00 2.999925691709808689e-02
4.690000000000000391e+00 2.999925691709805914e-02
4.700000000000000178e+00 2.999925691709805914e-02
4.709999999999999964e+00 2.999925691709804526e-02
4.719999999999999751e+00 2.999925691709802791e-02
4.730000000000000426e+00 2.999925691709810424e-02
4.740000000000000213e+00 2.999925691709803832e-02
4.750000000000000000e+00 2.999925691709806608e-02
4.759999999999999787e+00 2.999925691709809383e-02
4.770000000000000462e+00 2.999925691709809730e-02
4.780000000000000249e+00 2.999925691709810077e-02
4.790000000000000036e+00 2.999925691709810077e-02
4.799999999999999822e+00 2.999925691709807649e-02
4.810000000000000497e+00 2.999925691709810771e-02
4.820000000000000284e+00 2.999925691709813200e-02
4.830000000000000071e+00 2.999925691709810424e-02
4.839999999999999858e+00 2.999925691709812159e-02
4.850000000000000533e+00 2.999925691709814241e-02
4.860000000000000320e+00 2.999925691709815628e-02
4.870000000000000107e+00 2.999925691709815628e-02
4.879999999999999893e+00 2.999925691709815628e-02
4.889999999999999680e+00 2.999925691709816322e-02
4.900000000000000355e+00 2.999925691709817363e-02
4.910000000000000142e+00 2.999925691709818404e-02
4.919999999999999929e+00 2.999925691709818404e-02
4.929999999999999716e+00 2.999925691709817710e-02
4.940000000000000391e+00 2.999925691709818751e-02
4.950000000000000178e+00 2.999925691709820139e-02
4.959999999999999964e+00 2.999925691709820486e-02
4.969999999999999751e+00 2.999925691709820486e-02
4.980000000000000426e+00 2.999925691709821179e-02
4.990000000000000213e+00 2.999925691709821526e-02
5.000000000000000000e+00 2.999925691709822220e-02
5.009999999999999787e+00 2.999925691709822914e-02
5.020000000000000462e+00 2.999925691709823608e-02
5.030000000000000249e+00 2.999925691709823608e-02
5.040000000000000036e+00 2.999925691709824649e-02
5.049999999999999822e+00 2.999925691709824996e-02
5.060000000000000497e+00 2.999925691709825343e-02
5.070000000000000284e+00 2.999925691709827077e-02
5.080000000000000071e+00 2.999925691709827424e-02
5.089999999999999858e+00 2.999925691709827077e-02
5.100000000000000533e+00 2.999925691709827771e-02
5.110000000000000320e+00 2.999925691709828465e-02
5.120000000000000107e+00 2.999925691709829506e-02
5.129999999999999893e+00 2.999925691709830200e-02
5.139999999999999680e+00 2.999925691709831588e-02
5.150000000000000355e+00 2.999925691709831935e-02
5.160000000000000142e+00 2.999925691709831241e-02
5.169999999999999929e+00 2.999925691709831935e-02
5.179999999999999716e+00 2.999925691709834363e-02
5.190000000000000391e+00 2.999925691709833669e-02
5.200000000000000178e+00 2.999925691709835404e-02
5.209999999999999964e+00 2.999925691709835404e-02
5.219999999999999751e+00 2.999925691709835057e-02
5.230000000000000426e+00 2.999925691709836792e-02
5.240000000000000213e+00 2.999925691709836445e-02
5.250000000000000000e+00 2.999925691709836445e-02
5.259999999999999787e+00 2.999925691709837139e-02
5.270000000000000462e+00 2.999925691709841302e-02
5.280000000000000249e+00 2.999925691709839221e-02
5.290000000000000036e+00 2.999925691709837139e-02
5.299999999999999822e+00 2.999925691709845119e-02
5.310000000000000497e+00 2.999925691709844772e-02
5.320000000000000284e+00 2.999925691709845119e-02
5.330000000000000071e+00 2.999925691709847200e-02
5.339999999999999858e+00 2.999925691709848588e-02
5.350000000000000533e+00 2.999925691709846506e-02
5.360000000000000320e+00 2.999925691709846853e-02
5.370000000000000107e+00 2.999925691709848241e-02
5.379999999999999893e+00 2.999925691709850670e-02
5.389999999999999680e+00 2.999925691709839914e-02
5.400000000000000355e+00 2.999925691709843731e-02
5.410000000000000142e+00 2.999925691709847200e-02
5.419999999999999929e+00 2.999925691709855180e-02
5.429999999999999716e+00 2.999925691709858996e-02
5.440000000000000391e+00 2.999925691709851364e-02
5.450000000000000178e+00 2.999925691709850323e-02
5.459999999999999964e+00 2.999925691709860037e-02
5.469999999999999751e+00 2.999925691709854833e-02
5.480000000000000426e+00 2.999925691709858649e-02
5.490000000000000213e+00 2.999925691709870446e-02
5.500000000000000000e+00 2.999925691709856568e-02
5.509999999999999787e+00 2.999925691709856915e-02
5.520000000000000462e+00 2.999925691709860037e-02
5.530000000000000249e+00 2.999925691709853792e-02
5.540000000000000036e+00 2.999925691709865588e-02
5.549999999999999822e+00 2.999925691709879813e-02
5.560000000000000497e+00 2.999925691709848588e-02
5.570000000000000284e+00 2.999925691709855180e-02
5.580000000000000071e+00 2.999925691709867323e-02
5.589999999999999858e+00 2.999925691709865935e-02
5.600000000000000533e+00 2.999925691709851364e-02
5.610000000000000320e+00 2.999925691709876691e-02
5.620000000000000107e+00 2.999925691709879466e-02
5.629999999999999893e+00 2.999925691709877038e-02
5.639999999999999680e+00 2.999925691709843731e-02
5.650000000000000355e+00 2.999925691709870446e-02
5.660000000000000142e+00 2.999925691709878078e-02
5.669999999999999929e+00 2.999925691709853792e-02
5.679999999999999716e+00 2.999925691709862466e-02
5.690000000000000391e+00 2.999925691709885017e-02
5.700000000000000178e+00 2.999925691709878772e-02
5.709999999999999964e+00 2.999925691709860731e-02
5.719999999999999751e+00 2.999925691709879466e-02
5.730000000000000426e+00 2.999925691709864548e-02
5.740000000000000213e+00 2.999925691709894732e-02
5.750000000000000000e+00 2.999925691709884670e-02
5.759999999999999787e+00 2.999925691709871139e-02
5.770000000000000462e+00 2.999925691709883629e-02
5.780000000000000249e+00 2.999925691709834363e-02
5.790000000000000036e+00 2.999925691709864201e-02
5.799999999999999822e+00 2.999925691709900283e-02
5.810000000000000497e+00 2.999925691709841996e-02
5.820000000000000284e+00 2.999925691709864201e-02
5.830000000000000071e+00 2.999925691709817016e-02
5.839999999999999858e+00 2.999925691709880854e-02
5.850000000000000533e+00 2.999925691709857262e-02
5.860000000000000320e+00 2.999925691709889181e-02
5.870000000000000107e+00 2.999925691709827424e-02
5.879999999999999893e+00 2.999925691709887099e-02
5.889999999999999680e+00 2.999925691709868017e-02
5.900000000000000355e+00 2.999925691709887099e-02
5.910000000000000142e+00 2.999925691709843384e-02
5.919999999999999929e+00 2.999925691709919018e-02
5.929999999999999716e+00 2.999925691709882936e-02
5.940000000000000391e+00 2.999925691709923181e-02
5.950000000000000178e+00 2.999925691709909303e-02
5.959999999999999964e+00 2.999925691709882242e-02
5.969999999999999751e+00 2.999925691709853792e-02
5.980000000000000426e+00 2.999925691709892650e-02
5.990000000000000213e+00 2.999925691709912079e-02
6.000000000000000000e+00 2.999925691709901671e-02
6.009999999999999787e+00 2.999925691709902018e-02
6.020000000000000462e+00 2.999925691709893344e-02
6.030000000000000249e+00 2.999925691709903058e-02
6.040000000000000036e+00 2.999925691709886405e-02
6.049999999999999822e+00 2.999925691709864894e-02
6.060000000000000497e+00 2.999925691709880160e-02
6.070000000000000284e+00 2.999925691709882936e-02
6.080000000000000071e+00 2.999925691709905834e-02
6.089999999999999858e+00 2.999925691709869752e-02
6.100000000000000533e+00 2.999925691709868364e-02
6.110000000000000320e+00 2.999925691709941222e-02
6.120000000000000107e+00 2.999925691709889874e-02
6.129999999999999893e+00 2.999925691709900283e-02
6.140000000000000568e+00 2.999925691709833669e-02
6.150000000000000355e+00 2.999925691709921793e-02
6.160000000000000142e+00 2.999925691709870793e-02
6.169999999999999929e+00 2.999925691709882936e-02
6.179999999999999716e+00 2.999925691709905834e-02
6.190000000000000391e+00 2.999925691709899589e-02
6.200000000000000178e+00 2.999925691709907916e-02
6.209999999999999964e+00 2.999925691709908609e-02
6.219999999999999751e+00 2.999925691709919018e-02
6.230000000000000426e+00 2.999925691709858996e-02
6.240000000000000213e+00 2.999925691709931855e-02
6.250000000000000000e+00 2.999925691709848241e-02
6.259999999999999787e+00 2.999925691709930467e-02
6.270000000000000462e+00 2.999925691709921446e-02
6.280000000000000249e+00 2.999925691709869058e-02
6.290000000000000036e+00 2.999925691709918671e-02
6.299999999999999822e+00 2.999925691709888487e-02
6.310000000000000497e+00 2.999925691709937059e-02
6.320000000000000284e+00 2.999925691709927345e-02
6.330000000000000071e+00 2.999925691709863854e-02
6.339999999999999858e+00 2.999925691709892303e-02
6.350000000000000533e+00 2.999925691709910344e-02
6.360000000000000320e+00 2.999925691709933243e-02
6.370000000000000107e+00 2.999925691709863160e-02
6.379999999999999893e+00 2.999925691709885711e-02
6.390000000000000568e+00 2.999925691709921100e-02
6.400000000000000355e+00 2.999925691709905834e-02
6.410000000000000142e+00 2.999925691709920406e-02
6.419999999999999929e+00 2.999925691709974876e-02
6.429999999999999716e+00 2.999925691709934977e-02
6.440000000000000391e+00 2.999925691709939835e-02
6.450000000000000178e+00 2.999925691709862119e-02
6.459999999999999964e+00 2.999925691709856568e-02
6.469999999999999751e+00 2.999925691709913467e-02
6.480000000000000426e+00 2.999925691709914508e-02
6.490000000000000213e+00 2.999925691709901324e-02
6.500000000000000000e+00 2.999925691709832976e-02
6.509999999999999787e+00 2.999925691709943304e-02
6.520000000000000462e+00 2.999925691709977651e-02
6.530000000000000249e+00 2.999925691709885364e-02
6.540000000000000036e+00 2.999925691709946426e-02
6.549999999999999822e+00 2.999925691709928732e-02
6.560000000000000497e+00 2.999925691709935324e-02
6.570000000000000284e+00 2.999925691709936018e-02
6.580000000000000071e+00 2.999925691709945386e-02
6.589999999999999858e+00 2.999925691709984243e-02
6.600000000000000533e+00 2.999925691709946426e-02
6.610000000000000320e+00 2.999925691709853792e-02
6.620000000000000107e+00 2.999925691709927345e-02
6.629999999999999893e+00 2.999925691709982856e-02
6.640000000000000568e+00 2.999925691709916242e-02
6.650000000000000355e+00 2.999925691709957182e-02
6.660000000000000142e+00 2.999925691709958570e-02
6.669999999999999929e+00 2.999925691709972447e-02
6.679999999999999716e+00 2.999925691709933590e-02
6.690000000000000391e+00 2.999925691709968978e-02
6.700000000000000178e+00 2.999925691709966896e-02
6.709999999999999964e+00 2.999925691709943998e-02
6.719999999999999751e+00 2.999925691709926651e-02
6.730000000000000426e+00 2.999925691710034203e-02
6.740000000000000213e+00 2.999925691710043918e-02
6.750000000000000000e+00 2.999925691710000897e-02
6.759999999999999787e+00 2.999925691709855874e-02
6.770000000000000462e+00 2.999925691709863507e-02
6.780000000000000249e+00 2.999925691709805567e-02
6.790000000000000036e+00 2.999925691709930120e-02
6.799999999999999822e+00 2.999925691709987019e-02
6.810000000000000497e+00 2.999925691709888487e-02
6.820000000000000284e+00 2.999925691709936365e-02
6.830000000000000071e+00 2.999925691709922834e-02
6.839999999999999858e+00 2.999925691709916242e-02
6.850000000000000533e+00 2.999925691709806608e-02
6.860000000000000320e+00 2.999925691710004366e-02
6.870000000000000107e+00 2.999925691709956141e-02
6.879999999999999893e+00 2.999925691709823608e-02
6.890000000000000568e+00 2.999925691710053632e-02
6.900000000000000355e+00 2.999925691710048775e-02
6.910000000000000142e+00 2.999925691709895426e-02
6.919999999999999929e+00 2.999925691709827424e-02
6.929999999999999716e+00 2.999925691709888834e-02
6.940000000000000391e+00 2.999925691709891262e-02
6.950000000000000178e+00 2.999925691710066469e-02
6.959999999999999964e+00 2.999925691709986325e-02
6.969999999999999751e+00 2.999925691709906181e-02
6.980000000000000426e+00 2.999925691710075143e-02
6.990000000000000213e+00 2.999925691709949549e-02
7.000000000000000000e+00 2.999925691709839914e-02
7.009999999999999787e+00 2.999925691709960998e-02
7.020000000000000462e+00 2.999925691709955447e-02
7.030000000000000249e+00 2.999925691709975223e-02
7.040000000000000036e+00 2.999925691710021367e-02
7.049999999999999822e+00 2.999925691710010264e-02
7.060000000000000497e+00 2.999925691710001938e-02
7.070000000000000284e+00 2.999925691709932549e-02
7.080000000000000071e+00 2.999925691710034203e-02
7.089999999999999858e+00 2.999925691709905834e-02
7.100000000000000533e+00 2.999925691709872874e-02
7.110000000000000320e+00 2.999925691709998815e-02
7.120000000000000107e+00 2.999925691709936712e-02
7.129999999999999893e+00 2.999925691709947814e-02
7.140000000000000568e+00 2.999925691709965161e-02
7.150000000000000355e+00 2.999925691710017550e-02
7.160000000000000142e+00 2.999925691709934977e-02
7.169999999999999929e+00 2.999925691710032122e-02
7.179999999999999716e+00 2.999925691709986325e-02
7.190000000000000391e+00 2.999925691710027265e-02
7.200000000000000178e+00 2.999925691710048081e-02
7.209999999999999964e+00 2.999925691709975223e-02
7.219999999999999751e+00 2.999925691709847547e-02
7.230000000000000426e+00 2.999925691709876691e-02
7.240000000000000213e+00 2.999925691710038714e-02
7.250000000000000000e+00 2.999925691709984243e-02
7.259999999999999787e+00 2.999925691709978692e-02
7.270000000000000462e+00 2.999925691709930467e-02
7.280000000000000249e+00 2.999925691709981468e-02
7.290000000000000036e+00 2.999925691709995346e-02
7.299999999999999822e+00 2.999925691710094572e-02
7.310000000000000497e+00 2.999925691710005754e-02
7.320000000000000284e+00 2.999925691710051204e-02
7.330000000000000071e+00 2.999925691709989795e-02
7.339999999999999858e+00 2.999925691709958223e-02
7.350000000000000533e+00 2.999925691709911385e-02
7.360000000000000320e+00 2.999925691709943998e-02
7.370000000000000107e+00 2.999925691709868711e-02
7.379999999999999893e+00 2.999925691709981468e-02
7.390000000000000568e+00 2.999925691709952671e-02
7.400000000000000355e+00 2.999925691710183043e-02
7.410000000000000142e+00 2.999925691710023795e-02
7.419999999999999929e+00 2.999925691710040448e-02
7.429999999999999716e+00 2.999925691709918324e-02
7.440000000000000391e+00 2.999925691710009223e-02
7.450000000000000178e+00 2.999925691709987713e-02
7.459999999999999964e+00 2.999925691709970713e-02
7.469999999999999751e+00 2.999925691710041489e-02
7.480000000000000426e+00 2.999925691709846159e-02
7.490000000000000213e+00 2.999925691709998815e-02
7.500000000000000000e+00 2.999925691710021713e-02
7.509999999999999787e+00 2.999925691709971406e-02
7.520000000000000462e+00 2.999925691710096654e-02
7.530000000000000249e+00 2.999925691709953365e-02
7.540000000000000036e+00 2.999925691710009223e-02
7.549999999999999822e+00 2.999925691710059877e-02
7.560000000000000497e+00 2.999925691710082776e-02
7.570000000000000284e+00 2.999925691710118858e-02
7.580000000000000071e+00 2.999925691710185124e-02
7.589999999999999858e+00 2.999925691710150083e-02
7.600000000000000533e+00 2.999925691710056408e-02
7.610000000000000320e+00 2.999925691710014775e-02
7.620000000000000107e+00 2.999925691710041142e-02
7.629999999999999893e+00 2.999925691710082776e-02
7.640000000000000568e+00 2.999925691710124409e-02
7.650000000000000355e+00 2.999925691709956488e-02
7.660000000000000142e+00 2.999925691710071327e-02
7.669999999999999929e+00 2.999925691709992570e-02
7.679999999999999716e+00 2.999925691710089368e-02
7.690000000000000391e+00 2.999925691710002978e-02
7.700000000000000178e+00 2.999925691709979039e-02
7.709999999999999964e+00 2.999925691710054326e-02
7.719999999999999751e+00 2.999925691710179226e-02
7.730000000000000426e+00 2.999925691710074449e-02
7.740000000000000213e+00 2.999925691709977305e-02
7.750000000000000000e+00 2.999925691710074102e-02
7.759999999999999787e+00 2.999925691710066122e-02
7.770000000000000462e+00 2.999925691709928038e-02
7.780000000000000249e+00 2.999925691709973141e-02
7.790000000000000036e+00 2.999925691710037673e-02
7.799999999999999822e+00 2.999925691710002632e-02
7.810000000000000497e+00 2.999925691709921793e-02
7.820000000000000284e+00 2.999925691710077919e-02
7.830000000000000071e+00 2.999925691709971060e-02
7.839999999999999858e+00 2.999925691710016856e-02
7.850000000000000533e+00 2.999925691709914161e-02
7.860000000000000320e+00 2.999925691709994652e-02
7.870000000000000107e+00 2.999925691710114001e-02
7.879999999999999893e+00 2.999925691709984243e-02
7.890000000000000568e+00 2.999925691710015468e-02
7.900000000000000355e+00 2.999925691709941916e-02
7.910000000000000142e+00 2.999925691710133430e-02
7.919999999999999929e+00 2.999925691710059183e-02
7.930000000000000604e+00 2.999925691710102899e-02
7.940000000000000391e+00 2.999925691710193798e-02
7.950000000000000178e+00 2.999925691710017203e-02
7.959999999999999964e+00 2.999925691710167430e-02
7.969999999999999751e+00 2.999925691710001244e-02
7.980000000000000426e+00 2.999925691710078612e-02
7.990000000000000213e+00 2.999925691709973141e-02
8.000000000000000000e+00 2.999925691710181308e-02
8.009999999999999787e+00 2.999925691709968978e-02
8.019999999999999574e+00 2.999925691710081388e-02
8.029999999999999361e+00 2.999925691710052938e-02
8.040000000000000924e+00 2.999925691710048428e-02
8.050000000000000711e+00 2.999925691710240289e-02
8.060000000000000497e+00 2.999925691710020326e-02
8.070000000000000284e+00 2.999925691709881548e-02
8.080000000000000071e+00 2.999925691710310025e-02
8.089999999999999858e+00 2.999925691710000203e-02
8.099999999999999645e+00 2.999925691710152512e-02
8.109999999999999432e+00 2.999925691709861425e-02
8.120000000000000995e+00 2.999925691710118164e-02
8.130000000000000782e+00 2.999925691710072367e-02
8.140000000000000568e+00 2.999925691710119552e-02
8.150000000000000355e+00 2.999925691709901671e-02
8.160000000000000142e+00 2.999925691709934630e-02
8.169999999999999929e+00 2.999925691709964121e-02
8.179999999999999716e+00 2.999925691709991876e-02
8.189999999999999503e+00 2.999925691710222594e-02
8.199999999999999289e+00 2.999925691710339515e-02
8.210000000000000853e+00 2.999925691710127879e-02
8.220000000000000639e+00 2.999925691710130307e-02
8.230000000000000426e+00 2.999925691710150083e-02
8.240000000000000213e+00 2.999925691710104980e-02
8.250000000000000000e+00 2.999925691710109490e-02
8.259999999999999787e+00 2.999925691710007836e-02
8.269999999999999574e+00 2.999925691710074449e-02
8.279999999999999361e+00 2.999925691710141756e-02
8.290000000000000924e+00 2.999925691710188247e-02
8.300000000000000711e+00 2.999925691710241676e-02
8.310000000000000497e+00 2.999925691710156328e-02
8.320000000000000284e+00 2.999925691710061612e-02
8.330000000000000071e+00 2.999925691710233350e-02
8.339999999999999858e+00 2.999925691710016162e-02
8.349999999999999645e+00 2.999925691710106368e-02
8.359999999999999432e+00 2.999925691710245146e-02
8.370000000000000995e+00 2.999925691710028652e-02
8.380000000000000782e+00 2.999925691710169165e-02
8.390000000000000568e+00 2.999925691710036979e-02
8.400000000000000355e+00 2.999925691710039755e-02
8.410000000000000142e+00 2.999925691710152165e-02
8.419999999999999929e+00 2.999925691710036979e-02
8.429999999999999716e+00 2.999925691710125103e-02
8.439999999999999503e+00 2.999925691710032122e-02
8.449999999999999289e+00 2.999925691710103592e-02
8.460000000000000853e+00 2.999925691710120246e-02
8.470000000000000639e+00 2.999925691710196921e-02
8.480000000000000426e+00 2.999925691710160838e-02
8.490000000000000213e+00 2.999925691710251391e-02
8.500000000000000000e+00 2.999925691709910691e-02
8.509999999999999787e+00 2.999925691710104980e-02
8.519999999999999574e+00 2.999925691710247228e-02
8.529999999999999361e+00 2.999925691710193104e-02
8.540000000000000924e+00 2.999925691710184431e-02
8.550000000000000711e+00 2.999925691710297188e-02
8.560000000000000497e+00 2.999925691710322861e-02
8.570000000000000284e+00 2.999925691710240289e-02
8.580000000000000071e+00 2.999925691710039755e-02
8.589999999999999858e+00 2.999925691710094225e-02
8.599999999999999645e+00 2.999925691710243758e-02
8.609999999999999432e+00 2.999925691709991876e-02
8.620000000000000995e+00 2.999925691710194839e-02
8.630000000000000782e+00 2.999925691710035938e-02
8.640000000000000568e+00 2.999925691710202125e-02
8.650000000000000355e+00 2.999925691710127185e-02
8.660000000000000142e+00 2.999925691709980774e-02
8.669999999999999929e+00 2.999925691710311065e-02
8.679999999999999716e+00 2.999925691710302045e-02
8.689999999999999503e+00 2.999925691710056408e-02
8.700000000000001066e+00 2.999925691710168818e-02
8.710000000000000853e+00 2.999925691710075837e-02
8.720000000000000639e+00 2.999925691710131348e-02
8.730000000000000426e+00 2.999925691710162573e-02
8.740000000000000213e+00 2.999925691710123368e-02
8.750000000000000000e+00 2.999925691710011305e-02
8.759999999999999787e+00 2.999925691710203512e-02
8.769999999999999574e+00 2.999925691710055020e-02
8.779999999999999361e+00 2.999925691710294065e-02
8.790000000000000924e+00 2.999925691710192757e-02
8.800000000000000711e+00 2.999925691710259718e-02
8.810000000000000497e+00 2.999925691709910691e-02
8.820000000000000284e+00 2.999925691710184084e-02
8.830000000000000071e+00 2.999925691710082776e-02
8.839999999999999858e+00 2.999925691710028652e-02
8.849999999999999645e+00 2.999925691710138634e-02
8.859999999999999432e+00 2.999925691710317310e-02
8.870000000000000995e+00 2.999925691710073408e-02
8.880000000000000782e+00 2.999925691710256248e-02
8.890000000000000568e+00 2.999925691710080694e-02
8.900000000000000355e+00 2.999925691710138634e-02
8.910000000000000142e+00 2.999925691710235431e-02
8.919999999999999929e+00 2.999925691710143838e-02
8.929999999999999716e+00 2.999925691710124409e-02
8.939999999999999503e+00 2.999925691710064735e-02
8.950000000000001066e+00 2.999925691710312453e-02
8.960000000000000853e+00 2.999925691709939488e-02
8.970000000000000639e+00 2.999925691710372821e-02
8.980000000000000426e+00 2.999925691710118858e-02
8.990000000000000213e+00 2.999925691710278453e-02
9.000000000000000000e+00 2.999925691710022060e-02
9.009999999999999787e+00 2.999925691710175063e-02
9.019999999999999574e+00 2.999925691710254166e-02
9.029999999999999361e+00 2.999925691710341596e-02
9.040000000000000924e+00 2.999925691710106021e-02
9.050000000000000711e+00 2.999925691710218778e-02
9.060000000000000497e+00 2.999925691710441170e-02
9.070000000000000284e+00 2.999925691710141062e-02
9.080000000000000071e+00 2.999925691710233350e-02
9.089999999999999858e+00 2.999925691710123715e-02
9.099999999999999645e+00 2.999925691710342290e-02
9.109999999999999432e+00 2.999925691710072367e-02
9.120000000000000995e+00 2.999925691710187900e-02
9.130000000000000782e+00 2.999925691710299963e-02
9.140000000000000568e+00 2.999925691710204206e-02
9.150000000000000355e+00 2.999925691709970019e-02
9.160000000000000142e+00 2.999925691710546988e-02
9.169999999999999929e+00 2.999925691710103592e-02
9.179999999999999716e+00 2.999925691710229186e-02
9.189999999999999503e+00 2.999925691710060918e-02
9.200000000000001066e+00 2.999925691710243411e-02
9.210000000000000853e+00 2.999925691710682990e-02
9.220000000000000639e+00 2.999925691710327025e-02
9.230000000000000426e+00 2.999925691709968978e-02
9.240000000000000213e+00 2.999925691710109490e-02
9.250000000000000000e+00 2.999925691709968631e-02
9.259999999999999787e+00 2.999925691709983550e-02
9.269999999999999574e+00 2.999925691710243064e-02
9.279999999999999361e+00 2.999925691710566070e-02
9.290000000000000924e+00 2.999925691710261799e-02
9.300000000000000711e+00 2.999925691710309678e-02
9.310000000000000497e+00 2.999925691710365536e-02
9.320000000000000284e+00 2.999925691710387393e-02
9.330000000000000071e+00 2.999925691710324596e-02
9.339999999999999858e+00 2.999925691710261799e-02
9.349999999999999645e+00 2.999925691709874609e-02
9.359999999999999432e+00 2.999925691710254166e-02
9.370000000000000995e+00 2.999925691710424169e-02
9.380000000000000782e+00 2.999925691710172287e-02
9.390000000000000568e+00 2.999925691710393985e-02
9.400000000000000355e+00 2.999925691710417924e-02
9.410000000000000142e+00 2.999925691710438394e-02
9.419999999999999929e+00 2.999925691710343678e-02
9.429999999999999716e+00 2.999925691710081735e-02
9.439999999999999503e+00 2.999925691710036632e-02
9.450000000000001066e+00 2.999925691710215656e-02
9.460000000000000853e+00 2.999925691710227452e-02
9.470000000000000639e+00 2.999925691710293024e-02
9.480000000000000426e+00 2.999925691710127185e-02
9.490000000000000213e+00 2.999925691709984243e-02
9.500000000000000000e+00 2.999925691710063694e-02
9.509999999999999787e+00 2.999925691710211145e-02
9.519999999999999574e+00 2.999925691710349576e-02
9.529999999999999361e+00 2.999925691710407516e-02
9.540000000000000924e+00 2.999925691710251044e-02
9.550000000000000711e+00 2.999925691710333270e-02
9.560000000000000497e+00 2.999925691710295800e-02
9.570000000000000284e+00 2.999925691710523049e-02
9.580000000000000071e+00 2.999925691710465109e-02
9.589999999999999858e+00 2.999925691710306208e-02
9.599999999999999645e+00 2.999925691710302739e-02
9.609999999999999432e+00 2.999925691710225023e-02
9.620000000000000995e+00 2.999925691710271861e-02
9.630000000000000782e+00 2.999925691710308984e-02
9.640000000000000568e+00 2.999925691710006448e-02
9.650000000000000355e+00 2.999925691710157716e-02
9.660000000000000142e+00 2.999925691710141062e-02
9.669999999999999929e+00 2.999925691710212533e-02
9.679999999999999716e+00 2.999925691710372821e-02
9.689999999999999503e+00 2.999925691710346801e-02
9.700000000000001066e+00 2.999925691710126838e-02
9.710000000000000853e+00 2.999925691710228146e-02
9.720000000000000639e+00 2.999925691710113654e-02
9.730000000000000426e+00 2.999925691710276718e-02
9.740000000000000213e+00 2.999925691710007142e-02
9.750000000000000000e+00 2.999925691710048775e-02
9.759999999999999787e+00 2.999925691710259024e-02
9.769999999999999574e+00 2.999925691710327372e-02
9.779999999999999361e+00 2.999925691710342637e-02
9.790000000000000924e+00 2.999925691710532763e-02
9.800000000000000711e+00 2.999925691710198655e-02
9.810000000000000497e+00 2.999925691710343678e-02
9.820000000000000284e+00 2.999925691710347841e-02
9.830000000000000071e+00 2.999925691710023101e-02
9.839999999999999858e+00 2.999925691710070980e-02
9.849999999999999645e+00 2.999925691709932549e-02
9.859999999999999432e+00 2.999925691709952325e-02
9.870000000000000995e+00 2.999925691710323902e-02
9.880000000000000782e+00 2.999925691710204206e-02
9.890000000000000568e+00 2.999925691710381842e-02
9.900000000000000355e+00 2.999925691710137940e-02
9.910000000000000142e+00 2.999925691710013734e-02
9.919999999999999929e+00 2.999925691710641357e-02
9.929999999999999716e+00 2.999925691710439782e-02
9.939999999999999503e+00 2.999925691710051898e-02
9.950000000000001066e+00 2.999925691710200043e-02
9.960000000000000853e+00 2.999925691710157369e-02
9.970000000000000639e+00 2.999925691710478293e-02
