0.000000000000000000e+00 3.333178700828392398e-04
1.000000000000000056e-01 1.194405093124493653e-02
2.000000000000000111e-01 1.339131308925044055e-02
2.999999999999999889e-01 6.539731040633492247e-03
4.000000000000000222e-01 1.573049487053355738e-03
5.000000000000000000e-01 2.310902565764388433e-06
5.999999999999999778e-01 1.639996662047370820e-03
7.000000000000000666e-01 6.673786434214653077e-03
8.000000000000000444e-01 1.346287637229693669e-02
9.000000000000000222e-01 1.181203313416497036e-02
9.979999999999999982e-01 3.333178700912865300e-04
