5.000000000000000278e-02 7.424220852636987528e-03
1.499999999999999944e-01 1.395245433589380711e-02
2.500000000000000000e-01 1.031181934559897463e-02
3.500000000000000333e-01 3.637914560897451653e-03
4.500000000000000111e-01 3.588585713624392799e-04
5.500000000000000444e-01 3.874566534346888971e-04
6.500000000000000222e-01 3.739653155744079860e-03
7.500000000000000000e-01 1.047953091714675343e-02
8.499999999999999778e-01 1.392245933819094388e-02
9.500000000000000666e-01 7.189722542324953128e-03
