0.000000000000000000e+00 3.381147199995923722e-04
1.000000000000000056e-01 1.194799520916052342e-02
2.000000000000000111e-01 1.339912834517779580e-02
2.999999999999999889e-01 6.539603448513566300e-03
4.000000000000000222e-01 1.576878542278335607e-03
5.000000000000000000e-01 -1.008888430420587126e-05
5.999999999999999778e-01 1.643123930823525486e-03
7.000000000000000666e-01 6.673434020556255272e-03
8.000000000000000444e-01 1.346935102581653214e-02
9.000000000000000222e-01 1.181566827326404473e-02
9.979999999999999982e-01 3.381147199997519125e-04
