0.000000000000000000e+00 3.368049201119185238e-04
2.000000000000000042e-03 6.725140765771736714e-04
4.000000000000000083e-03 1.005658488330731090e-03
6.000000000000000125e-03 1.334726749958264165e-03
8.000000000000000167e-03 1.658843449181196267e-03
1.000000000000000021e-02 1.977812801074486926e-03
1.200000000000000025e-02 2.291739965316498279e-03
1.400000000000000029e-02 2.600575110210589288e-03
1.600000000000000033e-02 2.904008309904825783e-03
1.800000000000000211e-02 3.202012718769359743e-03
2.000000000000000042e-02 3.495033209231108821e-03
2.199999999999999872e-02 3.783729908836814398e-03
2.400000000000000050e-02 4.068469390411139953e-03
2.600000000000000228e-02 4.349074647047300804e-03
2.800000000000000058e-02 4.625392854710998897e-03
2.999999999999999889e-02 4.897730426361874070e-03
3.200000000000000067e-02 5.166705253899043018e-03
3.400000000000000244e-02 5.432672857785912982e-03
3.600000000000000422e-02 5.695413161797575202e-03
3.799999999999999906e-02 5.954502192101074169e-03
4.000000000000000083e-02 6.209677382295306775e-03
4.200000000000000261e-02 6.461079236818410149e-03
4.399999999999999745e-02 6.708899840699379842e-03
4.599999999999999922e-02 6.952750076280427016e-03
4.800000000000000100e-02 7.191960483988580830e-03
5.000000000000000278e-02 7.426281116705954650e-03
5.200000000000000455e-02 7.655980471641239682e-03
5.399999999999999939e-02 7.881487960496254969e-03
5.600000000000000117e-02 8.103170144930936861e-03
5.800000000000000294e-02 8.321144340045723287e-03
5.999999999999999778e-02 8.535257712635904367e-03
6.199999999999999956e-02 8.745328282938641395e-03
6.400000000000000133e-02 8.951242467590075913e-03
6.600000000000000311e-02 9.152911311087582463e-03
6.800000000000000488e-02 9.350313750428721621e-03
7.000000000000000666e-02 9.543564888489026315e-03
7.200000000000000844e-02 9.732611295832856863e-03
7.399999999999999634e-02 9.917161426572500271e-03
7.599999999999999811e-02 1.009714182556991843e-02
7.799999999999999989e-02 1.027290575727260284e-02
8.000000000000000167e-02 1.044509924696118176e-02
8.200000000000000344e-02 1.061396676624824439e-02
8.400000000000000522e-02 1.077912542059694841e-02
8.600000000000000699e-02 1.094022841109961765e-02
8.799999999999999489e-02 1.109724714107238400e-02
8.999999999999999667e-02 1.125026241988074348e-02
9.199999999999999845e-02 1.139933723138020563e-02
9.400000000000000022e-02 1.154445483631177244e-02
9.600000000000000200e-02 1.168541962792291229e-02
9.800000000000000377e-02 1.182206143641749765e-02
1.000000000000000056e-01 1.195427725855279476e-02
1.020000000000000073e-01 1.208208773481773621e-02
1.040000000000000091e-01 1.220571313157549527e-02
1.059999999999999970e-01 1.232536721530792453e-02
1.079999999999999988e-01 1.244120600734076147e-02
1.100000000000000006e-01 1.255323810208158926e-02
1.120000000000000023e-01 1.266126085925059659e-02
1.140000000000000041e-01 1.276505522413128382e-02
1.160000000000000059e-01 1.286468043759305714e-02
1.180000000000000077e-01 1.296033214962113468e-02
1.199999999999999956e-01 1.305207292609854818e-02
1.219999999999999973e-01 1.313974616410464036e-02
1.239999999999999991e-01 1.322306307867432418e-02
1.260000000000000009e-01 1.330190990156247637e-02
1.280000000000000027e-01 1.337634966286314724e-02
1.300000000000000044e-01 1.344651679462476913e-02
1.320000000000000062e-01 1.351260853646996975e-02
1.340000000000000080e-01 1.357490981748033995e-02
1.360000000000000098e-01 1.363369276469640450e-02
1.380000000000000115e-01 1.368911080443251625e-02
1.400000000000000133e-01 1.374099850375566471e-02
1.420000000000000151e-01 1.378888838743387579e-02
1.440000000000000169e-01 1.383237598120627340e-02
1.459999999999999909e-01 1.387130225700285331e-02
1.479999999999999927e-01 1.390590202638179208e-02
1.499999999999999944e-01 1.393663203463446111e-02
1.519999999999999962e-01 1.396374441337528381e-02
1.539999999999999980e-01 1.398707861743372916e-02
1.559999999999999998e-01 1.400622251362654107e-02
1.580000000000000016e-01 1.402066673914874675e-02
1.600000000000000033e-01 1.403019129908358864e-02
1.620000000000000051e-01 1.403505419216037955e-02
1.640000000000000069e-01 1.403594319240788341e-02
1.660000000000000087e-01 1.403378437367709675e-02
1.680000000000000104e-01 1.402888969639338665e-02
1.700000000000000122e-01 1.402053734780146603e-02
1.720000000000000140e-01 1.400768611318397791e-02
1.740000000000000158e-01 1.398991075654063172e-02
1.759999999999999898e-01 1.396752921865990031e-02
1.779999999999999916e-01 1.394115837055060793e-02
1.799999999999999933e-01 1.391105380658572838e-02
1.819999999999999951e-01 1.387718536760739439e-02
1.839999999999999969e-01 1.383948087476023422e-02
1.859999999999999987e-01 1.379785873024140692e-02
1.880000000000000004e-01 1.375238692642998493e-02
1.900000000000000022e-01 1.370333421832567455e-02
1.920000000000000040e-01 1.365093058125235563e-02
1.940000000000000058e-01 1.359501853400378081e-02
1.960000000000000075e-01 1.353495660993500084e-02
1.980000000000000093e-01 1.347000076995214304e-02
2.000000000000000111e-01 1.339988477618355399e-02
2.020000000000000129e-01 1.332513985177243183e-02
2.040000000000000147e-01 1.324669792445463609e-02
2.060000000000000164e-01 1.316488569122667603e-02
2.080000000000000182e-01 1.307932611624317183e-02
2.099999999999999922e-01 1.298953391840295020e-02
2.119999999999999940e-01 1.289531300543040986e-02
2.139999999999999958e-01 1.279670820415067072e-02
2.159999999999999976e-01 1.269380866741736009e-02
2.179999999999999993e-01 1.258661118754738663e-02
2.200000000000000011e-01 1.247533495660067132e-02
2.220000000000000029e-01 1.236048505844580814e-02
2.240000000000000047e-01 1.224257265053940551e-02
2.260000000000000064e-01 1.212156745062649248e-02
2.280000000000000082e-01 1.199687887774207769e-02
2.300000000000000100e-01 1.186794926638540248e-02
2.320000000000000118e-01 1.173465962437978370e-02
2.340000000000000135e-01 1.159709520595207481e-02
2.360000000000000153e-01 1.145495589746125913e-02
2.380000000000000171e-01 1.130721173050566568e-02
2.399999999999999911e-01 1.115281191725107923e-02
2.419999999999999929e-01 1.099160601215502971e-02
2.439999999999999947e-01 1.082485115342751193e-02
2.459999999999999964e-01 1.065474924180577314e-02
2.479999999999999982e-01 1.048336350489787079e-02
2.500000000000000000e-01 1.031196400018228460e-02
2.520000000000000018e-01 1.014123956683037238e-02
2.540000000000000036e-01 9.971770934850328685e-03
2.560000000000000053e-01 9.803741364251956220e-03
2.580000000000000071e-01 9.637000576914474259e-03
2.600000000000000089e-01 9.471573848701000595e-03
2.620000000000000107e-01 9.307924422052976307e-03
2.640000000000000124e-01 9.146840232191666767e-03
2.660000000000000142e-01 8.988844180731340658e-03
2.680000000000000160e-01 8.833649479508567243e-03
2.700000000000000178e-01 8.680395379513882598e-03
2.720000000000000195e-01 8.528358082696181272e-03
2.740000000000000213e-01 8.377488618889874020e-03
2.760000000000000231e-01 8.228251588090569960e-03
2.780000000000000249e-01 8.080803951210122071e-03
2.800000000000000266e-01 7.934670592364138214e-03
2.820000000000000284e-01 7.789089550610120774e-03
2.840000000000000302e-01 7.643757309758776076e-03
2.860000000000000320e-01 7.499011261868390558e-03
2.880000000000000338e-01 7.355553155991244145e-03
2.899999999999999800e-01 7.213986486287080405e-03
2.919999999999999818e-01 7.074534056862071853e-03
2.939999999999999836e-01 6.937190079437836714e-03
2.959999999999999853e-01 6.801956506106139264e-03
2.979999999999999871e-01 6.668624445516942514e-03
2.999999999999999889e-01 6.536692551599872746e-03
3.019999999999999907e-01 6.405675186500427512e-03
3.039999999999999925e-01 6.275435271450734501e-03
3.059999999999999942e-01 6.145991001739160853e-03
3.079999999999999960e-01 6.017477285641046648e-03
3.099999999999999978e-01 5.889996703567698666e-03
3.119999999999999996e-01 5.763629759658187197e-03
3.140000000000000013e-01 5.638574397391417012e-03
3.160000000000000031e-01 5.515150199463482970e-03
3.180000000000000049e-01 5.393598460701596979e-03
3.200000000000000067e-01 5.273895294646530930e-03
3.220000000000000084e-01 5.155898531143571738e-03
3.240000000000000102e-01 5.039396029007716174e-03
3.260000000000000120e-01 4.924090893219339529e-03
3.280000000000000138e-01 4.809718018258812150e-03
3.300000000000000155e-01 4.696276040511962804e-03
3.320000000000000173e-01 4.584196338454855739e-03
3.340000000000000191e-01 4.473962926528406679e-03
3.360000000000000209e-01 4.365499056017525803e-03
3.380000000000000226e-01 4.258283357056687896e-03
3.400000000000000244e-01 4.151872276918216684e-03
3.420000000000000262e-01 4.046259317931359158e-03
3.440000000000000280e-01 3.941865473015184439e-03
3.460000000000000298e-01 3.839335673291389365e-03
3.480000000000000315e-01 3.738990980003612744e-03
3.500000000000000333e-01 3.640695840415704692e-03
3.519999999999999796e-01 3.543900813410900703e-03
3.539999999999999813e-01 3.447913927486067048e-03
3.559999999999999831e-01 3.352328656213553019e-03
3.579999999999999849e-01 3.257161918740472326e-03
3.599999999999999867e-01 3.162849914901395658e-03
3.619999999999999885e-01 3.069994423580920707e-03
3.639999999999999902e-01 2.978977615344590660e-03
3.659999999999999920e-01 2.889626503622504984e-03
3.679999999999999938e-01 2.801574583805612612e-03
3.699999999999999956e-01 2.714564054338591392e-03
3.719999999999999973e-01 2.628653229228219632e-03
3.739999999999999991e-01 2.544138749530544443e-03
3.760000000000000009e-01 2.461300322119293511e-03
3.780000000000000027e-01 2.380335460995954434e-03
3.800000000000000044e-01 2.301275249382032147e-03
3.820000000000000062e-01 2.223886533350719064e-03
3.840000000000000080e-01 2.147664434923211678e-03
3.860000000000000098e-01 2.072163693688029891e-03
3.880000000000000115e-01 1.997185132270920625e-03
3.900000000000000133e-01 1.923063679123048191e-03
3.920000000000000151e-01 1.850468848383905523e-03
3.940000000000000169e-01 1.779945298912583712e-03
3.960000000000000187e-01 1.711599968491154091e-03
3.980000000000000204e-01 1.644964296295081630e-03
4.000000000000000222e-01 1.579306202484998759e-03
4.020000000000000240e-01 1.514125829541854542e-03
4.040000000000000258e-01 1.449460775515161708e-03
4.060000000000000275e-01 1.385771389227840981e-03
4.080000000000000293e-01 1.323767735887572015e-03
4.100000000000000311e-01 1.263860459484098669e-03
4.120000000000000329e-01 1.205878218992521454e-03
4.140000000000000346e-01 1.149109130945615833e-03
4.160000000000000364e-01 1.092739702166748697e-03
4.179999999999999827e-01 1.036700808090169857e-03
4.199999999999999845e-01 9.818130919095010602e-04
4.219999999999999862e-01 9.290850107046117433e-04
4.239999999999999880e-01 8.789449411306660132e-04
4.259999999999999898e-01 8.311191854694014022e-04
4.279999999999999916e-01 7.850319148164084434e-04
4.299999999999999933e-01 7.402411132523165852e-04
4.319999999999999951e-01 6.965024554747544774e-04
4.339999999999999969e-01 6.537448286588362590e-04
4.359999999999999987e-01 6.120765220809646408e-04
4.380000000000000004e-01 5.715657370759079110e-04
4.400000000000000022e-01 5.321283990376715969e-04
4.420000000000000040e-01 4.936390439848654813e-04
4.440000000000000058e-01 4.562210094712136166e-04
4.460000000000000075e-01 4.204297557943964102e-04
4.480000000000000093e-01 3.868375474012583919e-04
4.500000000000000111e-01 3.556230913630314050e-04
4.520000000000000129e-01 3.262789817339251065e-04
4.540000000000000147e-01 2.979969309322458119e-04
4.560000000000000164e-01 2.703675973262913298e-04
4.580000000000000182e-01 2.434345816715764114e-04
4.600000000000000200e-01 2.174574656330440056e-04
4.620000000000000218e-01 1.927326844100176026e-04
4.640000000000000235e-01 1.696011746577716893e-04
4.660000000000000253e-01 1.484021024859495837e-04
4.680000000000000271e-01 1.291957063126730342e-04
4.700000000000000289e-01 1.115700168439428842e-04
4.720000000000000306e-01 9.482783228294117931e-05
4.740000000000000324e-01 7.858387314844840347e-05
4.760000000000000342e-01 6.319408341007433057e-05
4.780000000000000360e-01 4.943930397613855034e-05
4.799999999999999822e-01 3.775160033102395831e-05
4.819999999999999840e-01 2.785924151523135937e-05
4.839999999999999858e-01 1.923441140637018908e-05
4.859999999999999876e-01 1.185905682407590237e-05
4.879999999999999893e-01 6.515894853649465494e-06
4.899999999999999911e-01 4.122026739884036636e-06
4.919999999999999929e-01 4.817846633794881050e-06
4.939999999999999947e-01 7.569566061329517777e-06
4.959999999999999964e-01 1.061566652425513984e-05
4.979999999999999982e-01 1.244326694403707494e-05
5.000000000000000000e-01 1.244326694229733025e-05
5.020000000000000018e-01 1.061566652320913208e-05
5.040000000000000036e-01 7.569566057949131257e-06
5.060000000000000053e-01 4.817846630342870271e-06
5.080000000000000071e-01 4.122026733342418972e-06
5.100000000000000089e-01 6.515894847603090207e-06
5.120000000000000107e-01 1.185905681788743731e-05
5.140000000000000124e-01 1.923441140302906762e-05
5.160000000000000142e-01 2.785924151446578727e-05
5.180000000000000160e-01 3.775160033525757806e-05
5.200000000000000178e-01 4.943930398362180183e-05
5.220000000000000195e-01 6.319408341952782813e-05
5.240000000000000213e-01 7.858387315894384642e-05
5.260000000000000231e-01 9.482783229962192788e-05
5.280000000000000249e-01 1.115700168594236784e-04
5.300000000000000266e-01 1.291957063307266809e-04
5.320000000000000284e-01 1.484021025098440443e-04
5.340000000000000302e-01 1.696011746751415025e-04
5.360000000000000320e-01 1.927326844271790051e-04
5.380000000000000338e-01 2.174574656491712148e-04
5.400000000000000355e-01 2.434345816867075098e-04
5.420000000000000373e-01 2.703675973399778643e-04
5.440000000000000391e-01 2.979969309488422367e-04
5.460000000000000409e-01 3.262789817430114796e-04
5.480000000000000426e-01 3.556230913617803983e-04
5.500000000000000444e-01 3.868375473910501947e-04
5.520000000000000462e-01 4.204297557856017959e-04
5.540000000000000480e-01 4.562210094663569871e-04
5.560000000000000497e-01 4.936390439820145717e-04
5.580000000000000515e-01 5.321283990370899225e-04
5.600000000000000533e-01 5.715657370678604203e-04
5.620000000000000551e-01 6.120765220689531987e-04
5.640000000000000568e-01 6.537448286470495720e-04
5.660000000000000586e-01 6.965024554710653711e-04
5.680000000000000604e-01 7.402411132425495499e-04
5.700000000000000622e-01 7.850319148104255990e-04
5.720000000000000639e-01 8.311191854693220386e-04
5.740000000000000657e-01 8.789449411407747889e-04
5.760000000000000675e-01 9.290850107218971785e-04
5.779999999999999583e-01 9.818130919354674854e-04
5.799999999999999600e-01 1.036700808117782101e-03
5.819999999999999618e-01 1.092739702194947494e-03
5.839999999999999636e-01 1.149109130976980067e-03
5.859999999999999654e-01 1.205878219028808616e-03
5.879999999999999671e-01 1.263860459525396364e-03
5.899999999999999689e-01 1.323767735920705667e-03
5.919999999999999707e-01 1.385771389249326399e-03
5.939999999999999725e-01 1.449460775525797515e-03
5.959999999999999742e-01 1.514125829544809860e-03
5.979999999999999760e-01 1.579306202484765222e-03
5.999999999999999778e-01 1.644964296286045022e-03
6.019999999999999796e-01 1.711599968480591143e-03
6.039999999999999813e-01 1.779945298901263991e-03
6.059999999999999831e-01 1.850468848374844629e-03
6.079999999999999849e-01 1.923063679100745719e-03
6.099999999999999867e-01 1.997185132250825588e-03
6.119999999999999885e-01 2.072163693669541208e-03
6.139999999999999902e-01 2.147664434911937710e-03
6.159999999999999920e-01 2.223886533343296616e-03
6.179999999999999938e-01 2.301275249389493627e-03
6.199999999999999956e-01 2.380335460996547709e-03
6.219999999999999973e-01 2.461300322117717081e-03
6.239999999999999991e-01 2.544138749529467614e-03
6.260000000000000009e-01 2.628653229222531907e-03
6.280000000000000027e-01 2.714564054343101673e-03
6.300000000000000044e-01 2.801574583808212528e-03
6.320000000000000062e-01 2.889626503633948521e-03
6.340000000000000080e-01 2.978977615354072659e-03
6.360000000000000098e-01 3.069994423587820570e-03
6.380000000000000115e-01 3.162849914907376984e-03
6.400000000000000133e-01 3.257161918747195680e-03
6.420000000000000151e-01 3.352328656215665045e-03
6.440000000000000169e-01 3.447913927488774517e-03
6.460000000000000187e-01 3.543900813414500688e-03
6.480000000000000204e-01 3.640695840411982843e-03
6.500000000000000222e-01 3.738990979989735824e-03
6.520000000000000240e-01 3.839335673264436533e-03
6.540000000000000258e-01 3.941865472991428268e-03
6.560000000000000275e-01 4.046259317903317353e-03
6.580000000000000293e-01 4.151872276895740739e-03
6.600000000000000311e-01 4.258283357033962151e-03
6.620000000000000329e-01 4.365499055994318672e-03
6.640000000000000346e-01 4.473962926503540286e-03
6.660000000000000364e-01 4.584196338430868850e-03
6.680000000000000382e-01 4.696276040500685367e-03
6.700000000000000400e-01 4.809718018251044926e-03
6.720000000000000417e-01 4.924090893223791697e-03
6.740000000000000435e-01 5.039396029021749220e-03
6.760000000000000453e-01 5.155898531155027852e-03
6.780000000000000471e-01 5.273895294649693331e-03
6.800000000000000488e-01 5.393598460702319491e-03
6.820000000000000506e-01 5.515150199456402696e-03
6.840000000000000524e-01 5.638574397383073859e-03
6.860000000000000542e-01 5.763629759646391078e-03
6.880000000000000560e-01 5.889996703551249151e-03
6.900000000000000577e-01 6.017477285614191394e-03
6.920000000000000595e-01 6.145991001712249220e-03
6.940000000000000613e-01 6.275435271423350156e-03
6.960000000000000631e-01 6.405675186473749200e-03
6.980000000000000648e-01 6.536692551582514235e-03
7.000000000000000666e-01 6.668624445502049913e-03
7.020000000000000684e-01 6.801956506097849887e-03
7.039999999999999591e-01 6.937190079426880200e-03
7.059999999999999609e-01 7.074534056849802154e-03
7.079999999999999627e-01 7.213986486280308044e-03
7.099999999999999645e-01 7.355553155987923884e-03
7.119999999999999662e-01 7.499011261865032134e-03
7.139999999999999680e-01 7.643757309754543351e-03
7.159999999999999698e-01 7.789089550603405659e-03
7.179999999999999716e-01 7.934670592360776320e-03
7.199999999999999734e-01 8.080803951209332772e-03
7.219999999999999751e-01 8.228251588093232760e-03
7.239999999999999769e-01 8.377488618892236713e-03
7.259999999999999787e-01 8.528358082692762132e-03
7.279999999999999805e-01 8.680395379505186429e-03
7.299999999999999822e-01 8.833649479494335571e-03
7.319999999999999840e-01 8.988844180724467683e-03
7.339999999999999858e-01 9.146840232185919628e-03
7.359999999999999876e-01 9.307924422053871424e-03
7.379999999999999893e-01 9.471573848698743719e-03
7.399999999999999911e-01 9.637000576897531215e-03
7.419999999999999929e-01 9.803741364226448846e-03
7.439999999999999947e-01 9.971770934816758317e-03
7.459999999999999964e-01 1.014123956679610292e-02
7.479999999999999982e-01 1.031196400014344761e-02
7.500000000000000000e-01 1.048336350485831389e-02
7.520000000000000018e-01 1.065474924177321932e-02
7.540000000000000036e-01 1.082485115339965574e-02
7.560000000000000053e-01 1.099160601212895334e-02
7.580000000000000071e-01 1.115281191722216139e-02
7.600000000000000089e-01 1.130721173048011147e-02
7.620000000000000107e-01 1.145495589744339494e-02
7.640000000000000124e-01 1.159709520594696085e-02
7.660000000000000142e-01 1.173465962437930839e-02
7.680000000000000160e-01 1.186794926638297734e-02
7.700000000000000178e-01 1.199687887773474501e-02
7.720000000000000195e-01 1.212156745061852316e-02
7.740000000000000213e-01 1.224257265053011953e-02
7.760000000000000231e-01 1.236048505842911663e-02
7.780000000000000249e-01 1.247533495657670959e-02
7.800000000000000266e-01 1.258661118752248641e-02
7.820000000000000284e-01 1.269380866738670059e-02
7.840000000000000302e-01 1.279670820411226914e-02
7.860000000000000320e-01 1.289531300538975488e-02
7.880000000000000338e-01 1.298953391835605889e-02
7.900000000000000355e-01 1.307932611619483723e-02
7.920000000000000373e-01 1.316488569118283609e-02
7.940000000000000391e-01 1.324669792441704810e-02
7.960000000000000409e-01 1.332513985174449585e-02
7.980000000000000426e-01 1.339988477616537582e-02
8.000000000000000444e-01 1.347000076994128367e-02
8.020000000000000462e-01 1.353495660992731602e-02
8.040000000000000480e-01 1.359501853399608211e-02
8.060000000000000497e-01 1.365093058124584001e-02
8.080000000000000515e-01 1.370333421832005578e-02
8.100000000000000533e-01 1.375238692642366013e-02
8.120000000000000551e-01 1.379785873023071409e-02
8.140000000000000568e-01 1.383948087474449508e-02
8.160000000000000586e-01 1.387718536759333099e-02
8.180000000000000604e-01 1.391105380656647815e-02
8.200000000000000622e-01 1.394115837053251823e-02
8.220000000000000639e-01 1.396752921864582477e-02
8.240000000000000657e-01 1.398991075653142728e-02
8.260000000000000675e-01 1.400768611317657064e-02
8.280000000000000693e-01 1.402053734780197083e-02
8.300000000000000711e-01 1.402888969639986237e-02
8.320000000000000728e-01 1.403378437368643823e-02
8.339999999999999636e-01 1.403594319241559078e-02
8.359999999999999654e-01 1.403505419216779723e-02
8.379999999999999671e-01 1.403019129908360599e-02
8.399999999999999689e-01 1.402066673913371017e-02
8.419999999999999707e-01 1.400622251359909948e-02
8.439999999999999725e-01 1.398707861739825579e-02
8.459999999999999742e-01 1.396374441333237543e-02
8.479999999999999760e-01 1.393663203459154405e-02
8.499999999999999778e-01 1.390590202634730578e-02
8.519999999999999796e-01 1.387130225697238289e-02
8.539999999999999813e-01 1.383237598117994724e-02
8.559999999999999831e-01 1.378888838741057672e-02
8.579999999999999849e-01 1.374099850374307930e-02
8.599999999999999867e-01 1.368911080443329341e-02
8.619999999999999885e-01 1.363369276470765938e-02
8.639999999999999902e-01 1.357490981749370600e-02
8.659999999999999920e-01 1.351260853648997805e-02
8.679999999999999938e-01 1.344651679464525795e-02
8.699999999999999956e-01 1.337634966287430845e-02
8.719999999999999973e-01 1.330190990155751332e-02
8.739999999999999991e-01 1.322306307865819992e-02
8.760000000000000009e-01 1.313974616407849634e-02
8.780000000000000027e-01 1.305207292606910471e-02
8.800000000000000044e-01 1.296033214958631358e-02
8.820000000000000062e-01 1.286468043754990069e-02
8.840000000000000080e-01 1.276505522407931324e-02
8.860000000000000098e-01 1.266126085918974770e-02
8.880000000000000115e-01 1.255323810202663842e-02
8.900000000000000133e-01 1.244120600729481906e-02
8.920000000000000151e-01 1.232536721527093156e-02
8.940000000000000169e-01 1.220571313154673529e-02
8.960000000000000187e-01 1.208208773479611635e-02
8.980000000000000204e-01 1.195427725853722735e-02
9.000000000000000222e-01 1.182206143640479601e-02
9.020000000000000240e-01 1.168541962790795030e-02
9.040000000000000258e-01 1.154445483629200006e-02
9.060000000000000275e-01 1.139933723136363902e-02
9.080000000000000293e-01 1.125026241986253582e-02
9.100000000000000311e-01 1.109724714105051607e-02
9.120000000000000329e-01 1.094022841107945496e-02
9.140000000000000346e-01 1.077912542058146947e-02
9.160000000000000364e-01 1.061396676623415150e-02
9.180000000000000382e-01 1.044509924694570109e-02
9.200000000000000400e-01 1.027290575725104890e-02
9.220000000000000417e-01 1.009714182555185476e-02
9.240000000000000435e-01 9.917161426563292359e-03
9.260000000000000453e-01 9.732611295823999364e-03
9.280000000000000471e-01 9.543564888477084479e-03
9.300000000000000488e-01 9.350313750407951777e-03
9.320000000000000506e-01 9.152911311057422561e-03
9.340000000000000524e-01 8.951242467554501939e-03
9.360000000000000542e-01 8.745328282889477597e-03
9.380000000000000560e-01 8.535257712578949926e-03
9.400000000000000577e-01 8.321144339980709320e-03
9.420000000000000595e-01 8.103170144859941568e-03
9.440000000000000613e-01 7.881487960433235934e-03
9.460000000000000631e-01 7.655980471589927429e-03
9.480000000000000648e-01 7.426281116664959665e-03
9.500000000000000666e-01 7.191960483960729844e-03
9.520000000000000684e-01 6.952750076264876955e-03
9.540000000000000702e-01 6.708899840694497463e-03
9.560000000000000719e-01 6.461079236818585356e-03
9.580000000000000737e-01 6.209677382299710370e-03
9.599999999999999645e-01 5.954502192112416659e-03
9.619999999999999662e-01 5.695413161807376390e-03
9.639999999999999680e-01 5.432672857795266610e-03
9.659999999999999698e-01 5.166705253905387769e-03
9.679999999999999716e-01 4.897730426360935585e-03
9.699999999999999734e-01 4.625392854694072332e-03
9.719999999999999751e-01 4.349074647019832325e-03
9.739999999999999769e-01 4.068469390381991395e-03
9.759999999999999787e-01 3.783729908811186027e-03
9.779999999999999805e-01 3.495033209203332429e-03
9.799999999999999822e-01 3.202012718736178386e-03
9.819999999999999840e-01 2.904008309873904771e-03
9.839999999999999858e-01 2.600575110175532261e-03
9.859999999999999876e-01 2.291739965279547368e-03
9.879999999999999893e-01 1.977812801045487120e-03
9.899999999999999911e-01 1.658843449156073785e-03
9.919999999999999929e-01 1.334726749933783530e-03
9.939999999999999947e-01 1.005658488311887873e-03
9.959999999999999964e-01 6.725140765688668396e-04
9.979999999999999982e-01 3.368049201097168886e-04
