0.000000000000000000e+00 3.333178700828392398e-04
2.000000000000000042e-03 6.658489819722209022e-04
4.000000000000000083e-03 9.967299062188144168e-04
6.000000000000000125e-03 1.325029532675990910e-03
8.000000000000000167e-03 1.649851788886679211e-03
1.000000000000000021e-02 1.970487112143715688e-03
1.200000000000000025e-02 2.286510707394500460e-03
1.400000000000000029e-02 2.597775423626473828e-03
1.600000000000000033e-02 2.904306407430355674e-03
1.800000000000000211e-02 3.206133820600534472e-03
2.000000000000000042e-02 3.503158111159504050e-03
2.199999999999999872e-02 3.795145811690917373e-03
2.400000000000000050e-02 4.081854327248555722e-03
2.600000000000000228e-02 4.363210190854675992e-03
2.800000000000000058e-02 4.639448864052510973e-03
2.999999999999999889e-02 4.911116554401621925e-03
3.200000000000000067e-02 5.178889229242717579e-03
3.400000000000000244e-02 5.443305383018227223e-03
3.600000000000000422e-02 5.704563593728165759e-03
3.799999999999999906e-02 5.962473234258999603e-03
4.000000000000000083e-02 6.216590519036216053e-03
4.200000000000000261e-02 6.466470941486898195e-03
4.399999999999999745e-02 6.711903687721861196e-03
4.599999999999999922e-02 6.953010256059175519e-03
4.800000000000000100e-02 7.190159149644820627e-03
5.000000000000000278e-02 7.423748744153051658e-03
5.200000000000000455e-02 7.653961905177872685e-03
5.399999999999999939e-02 7.880635536243222120e-03
5.600000000000000117e-02 8.103326956480439228e-03
5.800000000000000294e-02 8.321532677287595339e-03
5.999999999999999778e-02 8.534946941543579066e-03
6.199999999999999956e-02 8.743603401377572637e-03
6.400000000000000133e-02 8.947838761595817286e-03
6.600000000000000311e-02 9.148113035967839202e-03
6.800000000000000488e-02 9.344762983018017194e-03
7.000000000000000666e-02 9.537833378890364297e-03
7.200000000000000844e-02 9.727087017765317575e-03
7.399999999999999634e-02 9.912166862312754220e-03
7.599999999999999811e-02 1.009280424182611331e-02
7.799999999999999989e-02 1.026896926639862644e-02
8.000000000000000167e-02 1.044087841119506130e-02
8.200000000000000344e-02 1.060886100620467287e-02
8.400000000000000522e-02 1.077317520049032688e-02
8.600000000000000699e-02 1.093387423278888333e-02
8.799999999999999489e-02 1.109079085199115092e-02
8.999999999999999667e-02 1.124363706272233157e-02
9.199999999999999845e-02 1.139216743656845145e-02
9.400000000000000022e-02 1.153630943630993590e-02
9.600000000000000200e-02 1.167618681772162811e-02
9.800000000000000377e-02 1.181203313417365612e-02
1.000000000000000056e-01 1.194405093124493653e-02
1.020000000000000073e-01 1.207231244632775771e-02
1.040000000000000091e-01 1.219673730947589720e-02
1.059999999999999970e-01 1.231714988353293551e-02
1.079999999999999988e-01 1.243339729448594659e-02
1.100000000000000006e-01 1.254545102118119829e-02
1.120000000000000023e-01 1.265341581971025919e-02
1.140000000000000041e-01 1.275745641431045782e-02
1.160000000000000059e-01 1.285770009617710589e-02
1.180000000000000077e-01 1.295416612620070400e-02
1.199999999999999956e-01 1.304676789139697785e-02
1.219999999999999973e-01 1.313536795529075818e-02
1.239999999999999991e-01 1.321986569264449289e-02
1.260000000000000009e-01 1.330026562263436456e-02
1.280000000000000027e-01 1.337665838793761046e-02
1.300000000000000044e-01 1.344913602731052753e-02
1.320000000000000062e-01 1.351771401607162852e-02
1.340000000000000080e-01 1.358230009087893139e-02
1.360000000000000098e-01 1.364272298967145712e-02
1.380000000000000115e-01 1.369881565331766693e-02
1.400000000000000133e-01 1.375049684234167131e-02
1.420000000000000151e-01 1.379781264669262611e-02
1.440000000000000169e-01 1.384089206106749355e-02
1.459999999999999909e-01 1.387984061396177644e-02
1.479999999999999927e-01 1.391466265648374535e-02
1.499999999999999944e-01 1.394525769421390941e-02
1.519999999999999962e-01 1.397148564619410914e-02
1.539999999999999980e-01 1.399327470043781364e-02
1.559999999999999998e-01 1.401071324428996082e-02
1.580000000000000016e-01 1.402405677004774261e-02
1.600000000000000033e-01 1.403363404037596095e-02
1.620000000000000051e-01 1.403968771470986109e-02
1.640000000000000069e-01 1.404225362484588964e-02
1.660000000000000087e-01 1.404114979451648662e-02
1.680000000000000104e-01 1.403608383647237529e-02
1.700000000000000122e-01 1.402682545954993948e-02
1.720000000000000140e-01 1.401335156516198867e-02
1.740000000000000158e-01 1.399587607475573196e-02
1.759999999999999898e-01 1.397473280347010655e-02
1.779999999999999916e-01 1.395016059140625521e-02
1.799999999999999933e-01 1.392211133597291879e-02
1.819999999999999951e-01 1.389018850785925414e-02
1.839999999999999969e-01 1.385376959101305289e-02
1.859999999999999987e-01 1.381227115414109148e-02
1.880000000000000004e-01 1.376540171018816351e-02
1.900000000000000022e-01 1.371328816915814292e-02
1.920000000000000040e-01 1.365642338495971081e-02
1.940000000000000058e-01 1.359544810975725840e-02
1.960000000000000075e-01 1.353087059473152137e-02
1.980000000000000093e-01 1.346287637231534037e-02
2.000000000000000111e-01 1.339131308925044055e-02
2.020000000000000129e-01 1.331585966196860774e-02
2.040000000000000147e-01 1.323626462542356122e-02
2.060000000000000164e-01 1.315252654419234515e-02
2.080000000000000182e-01 1.306493822186316142e-02
2.099999999999999922e-01 1.297397582559011581e-02
2.119999999999999940e-01 1.288009446794487721e-02
2.139999999999999958e-01 1.278353203148259627e-02
2.159999999999999976e-01 1.268421126655099561e-02
2.179999999999999993e-01 1.258177743014118888e-02
2.200000000000000011e-01 1.247572701839089020e-02
2.220000000000000029e-01 1.236555478949285386e-02
2.240000000000000047e-01 1.225082793849301306e-02
2.260000000000000064e-01 1.213116450924400964e-02
2.280000000000000082e-01 1.200619500863535187e-02
2.300000000000000100e-01 1.187555756522072625e-02
2.320000000000000118e-01 1.173895679881799443e-02
2.340000000000000135e-01 1.159628001087155587e-02
2.360000000000000153e-01 1.144771499839997674e-02
2.380000000000000171e-01 1.129379479423490117e-02
2.399999999999999911e-01 1.113533545923826168e-02
2.419999999999999929e-01 1.097329237461217716e-02
2.439999999999999947e-01 1.080859116652671016e-02
2.459999999999999964e-01 1.064200593839934907e-02
2.479999999999999982e-01 1.047416459121179762e-02
2.500000000000000000e-01 1.030564069335161183e-02
2.520000000000000018e-01 1.013707480739063985e-02
2.540000000000000036e-01 9.969218282282693924e-03
2.560000000000000053e-01 9.802786162189595920e-03
2.580000000000000071e-01 9.638282922959741372e-03
2.600000000000000089e-01 9.475863805124842831e-03
2.620000000000000107e-01 9.315323353634476222e-03
2.640000000000000124e-01 9.156232184594399054e-03
2.660000000000000142e-01 8.998163589478656854e-03
2.680000000000000160e-01 8.840934125327050766e-03
2.700000000000000178e-01 8.684723988651422977e-03
2.720000000000000195e-01 8.530009547437752970e-03
2.740000000000000213e-01 8.377344051602840166e-03
2.760000000000000231e-01 8.227094617967323914e-03
2.780000000000000249e-01 8.079263690131021497e-03
2.800000000000000266e-01 7.933490384179337288e-03
2.820000000000000284e-01 7.789233905234588251e-03
2.840000000000000302e-01 7.646022757559783715e-03
2.860000000000000320e-01 7.503630896861055756e-03
2.880000000000000338e-01 7.362119032851562050e-03
2.899999999999999800e-01 7.221725474349710572e-03
2.919999999999999818e-01 7.082687126014361977e-03
2.939999999999999836e-01 6.945095327783385591e-03
2.959999999999999853e-01 6.808858757798892311e-03
2.979999999999999871e-01 6.673786434227063288e-03
2.999999999999999889e-01 6.539731040633492247e-03
3.019999999999999907e-01 6.406712430073143935e-03
3.039999999999999925e-01 6.274933651967933533e-03
3.059999999999999942e-01 6.144678036722721857e-03
3.079999999999999960e-01 6.016147281984842062e-03
3.099999999999999978e-01 5.889341802343297898e-03
3.119999999999999996e-01 5.764064927127144321e-03
3.140000000000000013e-01 5.640044849746960604e-03
3.160000000000000031e-01 5.517103862402973451e-03
3.180000000000000049e-01 5.395287376130175963e-03
3.200000000000000067e-01 5.274859714674282225e-03
3.220000000000000084e-01 5.156160782310768159e-03
3.240000000000000102e-01 5.039408986333981932e-03
3.260000000000000120e-01 4.924568470159952464e-03
3.280000000000000138e-01 4.811336143854328881e-03
3.300000000000000155e-01 4.699272050182778937e-03
3.320000000000000173e-01 4.587995335017935362e-03
3.340000000000000191e-01 4.477340856296949806e-03
3.360000000000000209e-01 4.367402834029036202e-03
3.380000000000000226e-01 4.258452369407152681e-03
3.400000000000000244e-01 4.150784795909578072e-03
3.420000000000000262e-01 4.044575646873475698e-03
3.440000000000000280e-01 3.939823836506911765e-03
3.460000000000000298e-01 3.836399679032367980e-03
3.480000000000000315e-01 3.734169092468652383e-03
3.500000000000000333e-01 3.633106816594250214e-03
3.519999999999999796e-01 3.533337822808826825e-03
3.539999999999999813e-01 3.435096286698400593e-03
3.559999999999999831e-01 3.338627211186761048e-03
3.579999999999999849e-01 3.244076709635781812e-03
3.599999999999999867e-01 3.151437768397154920e-03
3.619999999999999885e-01 3.060581757792914508e-03
3.639999999999999902e-01 2.971340133773586658e-03
3.659999999999999920e-01 2.883582866737705464e-03
3.679999999999999938e-01 2.797248800987228810e-03
3.699999999999999956e-01 2.712320747790793532e-03
3.719999999999999973e-01 2.628771198254756594e-03
3.739999999999999991e-01 2.546510843815717046e-03
3.760000000000000009e-01 2.465379449900008922e-03
3.780000000000000027e-01 2.385201832462041562e-03
3.800000000000000044e-01 2.305864025878161510e-03
3.820000000000000062e-01 2.227356902139104519e-03
3.840000000000000080e-01 2.149768135332163262e-03
3.860000000000000098e-01 2.073229588656004801e-03
3.880000000000000115e-01 1.997853048556172493e-03
3.900000000000000133e-01 1.923692326810704433e-03
3.920000000000000151e-01 1.850756043211638537e-03
3.940000000000000169e-01 1.779071056642509818e-03
3.960000000000000187e-01 1.708749655111440214e-03
3.980000000000000204e-01 1.639996662033016200e-03
4.000000000000000222e-01 1.573049487053355738e-03
4.020000000000000240e-01 1.508080611108903466e-03
4.040000000000000258e-01 1.445110883947817171e-03
4.060000000000000275e-01 1.383987383991298111e-03
4.080000000000000293e-01 1.324443728478015342e-03
4.100000000000000311e-01 1.266228655202223524e-03
4.120000000000000329e-01 1.209228550655798862e-03
4.140000000000000346e-01 1.153507085548968747e-03
4.160000000000000364e-01 1.099233424570562109e-03
4.179999999999999827e-01 1.046535303297513320e-03
4.199999999999999845e-01 9.953565232512561010e-04
4.219999999999999862e-01 9.454038518920296168e-04
4.239999999999999880e-01 8.962262835432857145e-04
4.259999999999999898e-01 8.473992486673641343e-04
4.279999999999999916e-01 7.987355248490451542e-04
4.299999999999999933e-01 7.503981769882892526e-04
4.319999999999999951e-01 7.028626885588542010e-04
4.339999999999999969e-01 6.567318017923709115e-04
4.359999999999999987e-01 6.124950548143812340e-04
4.380000000000000004e-01 5.703660217750238350e-04
4.400000000000000022e-01 5.302579397475071493e-04
4.420000000000000040e-01 4.918969170214996644e-04
4.440000000000000058e-01 4.550084570030675144e-04
4.460000000000000075e-01 4.194775537709472522e-04
4.480000000000000093e-01 3.853990303455872364e-04
4.500000000000000111e-01 3.530026844667459693e-04
4.520000000000000129e-01 3.225059549168989752e-04
4.540000000000000147e-01 2.939868281816968736e-04
4.560000000000000164e-01 2.673399055113127518e-04
4.580000000000000182e-01 2.423188125942248928e-04
4.600000000000000200e-01 2.186332473248948363e-04
4.620000000000000218e-01 1.960389206922589188e-04
4.640000000000000235e-01 1.743771805118807261e-04
4.660000000000000253e-01 1.535555648890260072e-04
4.680000000000000271e-01 1.334942005843556636e-04
4.700000000000000289e-01 1.141061674842230048e-04
4.720000000000000306e-01 9.533756182950258405e-05
4.740000000000000324e-01 7.727046304358189531e-05
4.760000000000000342e-01 6.022044655728277230e-05
4.780000000000000360e-01 4.473033145120524116e-05
4.799999999999999822e-01 3.144228576359165144e-05
4.819999999999999840e-01 2.088287578063536726e-05
4.839999999999999858e-01 1.325726032388417901e-05
4.859999999999999876e-01 8.349874649249530964e-06
4.879999999999999893e-01 5.577856848897566669e-06
4.899999999999999911e-01 4.184351395608285794e-06
4.919999999999999929e-01 3.471586448444207270e-06
4.939999999999999947e-01 2.985835334379510911e-06
4.959999999999999964e-01 2.577334506176589321e-06
4.979999999999999982e-01 2.310902565330851983e-06
5.000000000000000000e-01 2.310902565764388433e-06
5.020000000000000018e-01 2.577334508798155022e-06
5.040000000000000036e-01 2.985835336938234391e-06
5.060000000000000053e-01 3.471586453620461187e-06
5.080000000000000071e-01 4.184351403539715965e-06
5.100000000000000089e-01 5.577856859483778514e-06
5.120000000000000107e-01 8.349874657462797795e-06
5.140000000000000124e-01 1.325726032829222995e-05
5.160000000000000142e-01 2.088287578386980662e-05
5.180000000000000160e-01 3.144228576169978641e-05
5.200000000000000178e-01 4.473033144606983625e-05
5.220000000000000195e-01 6.022044654919482738e-05
5.240000000000000213e-01 7.727046303249966860e-05
5.260000000000000231e-01 9.533756181730708499e-05
5.280000000000000249e-01 1.141061674682675332e-04
5.300000000000000266e-01 1.334942005654942321e-04
5.320000000000000284e-01 1.535555648670273825e-04
5.340000000000000302e-01 1.743771804878705811e-04
5.360000000000000320e-01 1.960389206687785963e-04
5.380000000000000338e-01 2.186332473014692389e-04
5.400000000000000355e-01 2.423188125757775181e-04
5.420000000000000373e-01 2.673399055005747592e-04
5.440000000000000391e-01 2.939868281753091339e-04
5.460000000000000409e-01 3.225059549178271065e-04
5.480000000000000426e-01 3.530026844731071461e-04
5.500000000000000444e-01 3.853990303583612522e-04
5.520000000000000462e-01 4.194775537885684648e-04
5.540000000000000480e-01 4.550084570281921108e-04
5.560000000000000497e-01 4.918969170504870021e-04
5.580000000000000515e-01 5.302579397786826238e-04
5.600000000000000533e-01 5.703660218019271193e-04
5.620000000000000551e-01 6.124950548393724194e-04
5.640000000000000568e-01 6.567318018092831644e-04
5.660000000000000586e-01 7.028626885672474437e-04
5.680000000000000604e-01 7.503981769891803584e-04
5.700000000000000622e-01 7.987355248425924165e-04
5.720000000000000639e-01 8.473992486596127393e-04
5.740000000000000657e-01 8.962262835295862779e-04
5.760000000000000675e-01 9.454038518752126653e-04
5.779999999999999583e-01 9.953565232306874847e-04
5.799999999999999600e-01 1.046535303275320569e-03
5.819999999999999618e-01 1.099233424549442934e-03
5.839999999999999636e-01 1.153507085528068798e-03
5.859999999999999654e-01 1.209228550640367630e-03
5.879999999999999671e-01 1.266228655189439696e-03
5.899999999999999689e-01 1.324443728468811766e-03
5.919999999999999707e-01 1.383987383985515627e-03
5.939999999999999725e-01 1.445110883948622516e-03
5.959999999999999742e-01 1.508080611113642080e-03
5.979999999999999760e-01 1.573049487062319705e-03
5.999999999999999778e-01 1.639996662047370820e-03
6.019999999999999796e-01 1.708749655131290221e-03
6.039999999999999813e-01 1.779071056667771945e-03
6.059999999999999831e-01 1.850756043238458879e-03
6.079999999999999849e-01 1.923692326837718632e-03
6.099999999999999867e-01 1.997853048580212291e-03
6.119999999999999885e-01 2.073229588675257629e-03
6.139999999999999902e-01 2.149768135342709080e-03
6.159999999999999920e-01 2.227356902140824498e-03
6.179999999999999938e-01 2.305864025870105020e-03
6.199999999999999956e-01 2.385201832446007513e-03
6.219999999999999973e-01 2.465379449874941301e-03
6.239999999999999991e-01 2.546510843783521012e-03
6.260000000000000009e-01 2.628771198217399324e-03
6.280000000000000027e-01 2.712320747747256310e-03
6.300000000000000044e-01 2.797248800943858121e-03
6.320000000000000062e-01 2.883582866696069932e-03
6.340000000000000080e-01 2.971340133735708971e-03
6.360000000000000098e-01 3.060581757759868893e-03
6.380000000000000115e-01 3.151437768370479210e-03
6.400000000000000133e-01 3.244076709617154785e-03
6.420000000000000151e-01 3.338627211173321712e-03
6.440000000000000169e-01 3.435096286688220368e-03
6.460000000000000187e-01 3.533337822801152408e-03
6.480000000000000204e-01 3.633106816590062158e-03
6.500000000000000222e-01 3.734169092466507831e-03
6.520000000000000240e-01 3.836399679032651607e-03
6.540000000000000258e-01 3.939823836508018519e-03
6.560000000000000275e-01 4.044575646873236306e-03
6.580000000000000293e-01 4.150784795904807582e-03
6.600000000000000311e-01 4.258452369396294179e-03
6.620000000000000329e-01 4.367402834010527569e-03
6.640000000000000346e-01 4.477340856273517161e-03
6.660000000000000364e-01 4.587995334989431254e-03
6.680000000000000382e-01 4.699272050149720312e-03
6.700000000000000400e-01 4.811336143817923107e-03
6.720000000000000417e-01 4.924568470120297553e-03
6.740000000000000435e-01 5.039408986289904344e-03
6.760000000000000453e-01 5.156160782265314067e-03
6.780000000000000471e-01 5.274859714628310318e-03
6.800000000000000488e-01 5.395287376083872724e-03
6.820000000000000506e-01 5.517103862361677491e-03
6.840000000000000524e-01 5.640044849708311832e-03
6.860000000000000542e-01 5.764064927093746557e-03
6.880000000000000560e-01 5.889341802314987211e-03
6.900000000000000577e-01 6.016147281959689438e-03
6.920000000000000595e-01 6.144678036701267665e-03
6.940000000000000613e-01 6.274933651947220935e-03
6.960000000000000631e-01 6.406712430055637973e-03
6.980000000000000648e-01 6.539731040618393214e-03
7.000000000000000666e-01 6.673786434214653077e-03
7.020000000000000684e-01 6.808858757786872412e-03
7.039999999999999591e-01 6.945095327771829731e-03
7.059999999999999609e-01 7.082687126000728785e-03
7.079999999999999627e-01 7.221725474334524802e-03
7.099999999999999645e-01 7.362119032832637085e-03
7.119999999999999662e-01 7.503630896836862435e-03
7.139999999999999680e-01 7.646022757532781010e-03
7.159999999999999698e-01 7.789233905203795175e-03
7.179999999999999716e-01 7.933490384143721680e-03
7.199999999999999734e-01 8.079263690091384800e-03
7.219999999999999751e-01 8.227094617925390443e-03
7.239999999999999769e-01 8.377344051559111257e-03
7.259999999999999787e-01 8.530009547394778666e-03
7.279999999999999805e-01 8.684723988611964957e-03
7.299999999999999822e-01 8.840934125292637322e-03
7.319999999999999840e-01 8.998163589448620117e-03
7.339999999999999858e-01 9.156232184571842445e-03
7.359999999999999876e-01 9.315323353616710919e-03
7.379999999999999893e-01 9.475863805108926743e-03
7.399999999999999911e-01 9.638282922945285922e-03
7.419999999999999929e-01 9.802786162174793524e-03
7.439999999999999947e-01 9.969218282267357234e-03
7.459999999999999964e-01 1.013707480737413395e-02
7.479999999999999982e-01 1.030564069333285773e-02
7.500000000000000000e-01 1.047416459118926182e-02
7.520000000000000018e-01 1.064200593837178258e-02
7.540000000000000036e-01 1.080859116649264713e-02
7.560000000000000053e-01 1.097329237457048481e-02
7.580000000000000071e-01 1.113533545918966167e-02
7.600000000000000089e-01 1.129379479418002666e-02
7.620000000000000107e-01 1.144771499834351322e-02
7.640000000000000124e-01 1.159628001081379478e-02
7.660000000000000142e-01 1.173895679875901904e-02
7.680000000000000160e-01 1.187555756516162769e-02
7.700000000000000178e-01 1.200619500857741731e-02
7.720000000000000195e-01 1.213116450918787226e-02
7.740000000000000213e-01 1.225082793843940490e-02
7.760000000000000231e-01 1.236555478944451579e-02
7.780000000000000249e-01 1.247572701834826978e-02
7.800000000000000266e-01 1.258177743010665400e-02
7.820000000000000284e-01 1.268421126652522282e-02
7.840000000000000302e-01 1.278353203146323849e-02
7.860000000000000320e-01 1.288009446792980420e-02
7.880000000000000338e-01 1.297397582557887480e-02
7.900000000000000355e-01 1.306493822185322493e-02
7.920000000000000373e-01 1.315252654418235315e-02
7.940000000000000391e-01 1.323626462541367330e-02
7.960000000000000409e-01 1.331585966195706836e-02
7.980000000000000426e-01 1.339131308923664429e-02
8.000000000000000444e-01 1.346287637229693669e-02
8.020000000000000462e-01 1.353087059470819455e-02
8.040000000000000480e-01 1.359544810972752697e-02
8.060000000000000497e-01 1.365642338492320355e-02
8.080000000000000515e-01 1.371328816911523626e-02
8.100000000000000533e-01 1.376540171013964330e-02
8.120000000000000551e-01 1.381227115408915906e-02
8.140000000000000568e-01 1.385376959095770827e-02
8.160000000000000586e-01 1.389018850780177755e-02
8.180000000000000604e-01 1.392211133591361380e-02
8.200000000000000622e-01 1.395016059134631531e-02
8.220000000000000639e-01 1.397473280341192566e-02
8.240000000000000657e-01 1.399587607470190176e-02
8.260000000000000675e-01 1.401335156511415887e-02
8.280000000000000693e-01 1.402682545950999921e-02
8.300000000000000711e-01 1.403608383644112598e-02
8.320000000000000728e-01 1.404114979449464298e-02
8.339999999999999636e-01 1.404225362483134225e-02
8.359999999999999654e-01 1.403968771470155176e-02
8.379999999999999671e-01 1.403363404037182537e-02
8.399999999999999689e-01 1.402405677004727770e-02
8.419999999999999707e-01 1.401071324429138155e-02
8.439999999999999725e-01 1.399327470044059440e-02
8.459999999999999742e-01 1.397148564619535294e-02
8.479999999999999760e-01 1.394525769421270552e-02
8.499999999999999778e-01 1.391466265647662084e-02
8.519999999999999796e-01 1.387984061394538331e-02
8.539999999999999813e-01 1.384089206104234526e-02
8.559999999999999831e-01 1.379781264665702958e-02
8.579999999999999849e-01 1.375049684229789036e-02
8.599999999999999867e-01 1.369881565326521930e-02
8.619999999999999885e-01 1.364272298961307847e-02
8.639999999999999902e-01 1.358230009081566429e-02
8.659999999999999920e-01 1.351771401600494402e-02
8.679999999999999938e-01 1.344913602724193309e-02
8.699999999999999956e-01 1.337665838787034482e-02
8.719999999999999973e-01 1.330026562257085807e-02
8.739999999999999991e-01 1.321986569258714467e-02
8.760000000000000009e-01 1.313536795524352860e-02
8.780000000000000027e-01 1.304676789136188439e-02
8.800000000000000044e-01 1.295416612617794963e-02
8.820000000000000062e-01 1.285770009616502875e-02
8.840000000000000080e-01 1.275745641430700746e-02
8.860000000000000098e-01 1.265341581971190892e-02
8.880000000000000115e-01 1.254545102118540846e-02
8.900000000000000133e-01 1.243339729449231129e-02
8.920000000000000151e-01 1.231714988354018492e-02
8.940000000000000169e-01 1.219673730948222373e-02
8.960000000000000187e-01 1.207231244633167472e-02
8.980000000000000204e-01 1.194405093124348803e-02
9.000000000000000222e-01 1.181203313416497036e-02
9.020000000000000240e-01 1.167618681770306137e-02
9.040000000000000258e-01 1.153630943628095040e-02
9.060000000000000275e-01 1.139216743652924496e-02
9.080000000000000293e-01 1.124363706267463361e-02
9.100000000000000311e-01 1.109079085193699979e-02
9.120000000000000329e-01 1.093387423272987671e-02
9.140000000000000346e-01 1.077317520042913972e-02
9.160000000000000364e-01 1.060886100614246395e-02
9.180000000000000382e-01 1.044087841113333810e-02
9.200000000000000400e-01 1.026896926634006564e-02
9.220000000000000417e-01 1.009280424177237331e-02
9.240000000000000435e-01 9.912166862266865580e-03
9.260000000000000453e-01 9.727087017729103488e-03
9.280000000000000471e-01 9.537833378864813555e-03
9.300000000000000488e-01 9.344762983003549600e-03
9.320000000000000506e-01 9.148113035962255127e-03
9.340000000000000524e-01 8.947838761596564952e-03
9.360000000000000542e-01 8.743603401382096796e-03
9.380000000000000560e-01 8.534946941549638455e-03
9.400000000000000577e-01 8.321532677294237595e-03
9.420000000000000595e-01 8.103326956486566271e-03
9.440000000000000613e-01 7.880635536246445236e-03
9.460000000000000631e-01 7.653961905176016531e-03
9.480000000000000648e-01 7.423748744143954768e-03
9.500000000000000666e-01 7.190159149626671083e-03
9.520000000000000684e-01 6.953010256030942027e-03
9.540000000000000702e-01 6.711903687684731175e-03
9.560000000000000719e-01 6.466470941442293251e-03
9.580000000000000737e-01 6.216590518985614169e-03
9.599999999999999645e-01 5.962473234203884837e-03
9.619999999999999662e-01 5.704563593670051655e-03
9.639999999999999680e-01 5.443305382958361915e-03
9.659999999999999698e-01 5.178889229182206087e-03
9.679999999999999716e-01 4.911116554342614439e-03
9.699999999999999734e-01 4.639448863997927032e-03
9.719999999999999751e-01 4.363210190807148905e-03
9.739999999999999769e-01 4.081854327211175901e-03
9.759999999999999787e-01 3.795145811665122035e-03
9.779999999999999805e-01 3.503158111144965333e-03
9.799999999999999822e-01 3.206133820595720614e-03
9.819999999999999840e-01 2.904306407433462564e-03
9.839999999999999858e-01 2.597775423635333061e-03
9.859999999999999876e-01 2.286510707407389889e-03
9.879999999999999893e-01 1.970487112159770553e-03
9.899999999999999911e-01 1.649851788905123224e-03
9.919999999999999929e-01 1.325029532695603477e-03
9.939999999999999947e-01 9.967299062374184587e-04
9.959999999999999964e-01 6.658489819871987216e-04
9.979999999999999982e-01 3.333178700912865300e-04
