0.000000000000000000e+00 3.368049201119185238e-04
1.000000000000000056e-01 1.195427725855279476e-02
2.000000000000000111e-01 1.339988477618355399e-02
2.999999999999999889e-01 6.536692551599872746e-03
4.000000000000000222e-01 1.579306202484998759e-03
5.000000000000000000e-01 1.244326694229733025e-05
5.999999999999999778e-01 1.644964296286045022e-03
7.000000000000000666e-01 6.668624445502049913e-03
8.000000000000000444e-01 1.347000076994128367e-02
9.000000000000000222e-01 1.182206143640479601e-02
9.979999999999999982e-01 3.368049201097168886e-04
