0.000000000000000000e+00 3.340424135898365844e-04
2.000000000000000042e-03 6.670715489228072571e-04
4.000000000000000083e-03 9.981403803588759140e-04
6.000000000000000125e-03 1.326423507022463045e-03
8.000000000000000167e-03 1.651238376264146327e-03
1.000000000000000021e-02 1.972036498117555811e-03
1.200000000000000025e-02 2.288383777228943268e-03
1.400000000000000029e-02 2.599945086026350747e-03
1.600000000000000033e-02 2.906481064395846983e-03
1.800000000000000211e-02 3.207858995057868198e-03
2.000000000000000042e-02 3.504064201171392789e-03
2.199999999999999872e-02 3.795186054443259668e-03
2.400000000000000050e-02 4.081384726274628512e-03
2.600000000000000228e-02 4.362855192903376984e-03
2.800000000000000058e-02 4.639790113225816283e-03
2.999999999999999889e-02 4.912356602097971842e-03
3.200000000000000067e-02 5.180699677471352002e-03
3.400000000000000244e-02 5.444957528360738243e-03
3.600000000000000422e-02 5.705269161852213715e-03
3.799999999999999906e-02 5.961773017283141136e-03
4.000000000000000083e-02 6.214591731875479703e-03
4.200000000000000261e-02 6.463804644359083529e-03
4.399999999999999745e-02 6.709429742900303167e-03
4.599999999999999922e-02 6.951428111050052781e-03
4.800000000000000100e-02 7.189722542354652461e-03
5.000000000000000278e-02 7.424220852636987528e-03
5.200000000000000455e-02 7.654841884832384348e-03
5.399999999999999939e-02 7.881523351578550649e-03
5.600000000000000117e-02 8.104202828935789388e-03
5.800000000000000294e-02 8.322794666895477755e-03
5.999999999999999778e-02 8.537177600419753806e-03
6.199999999999999956e-02 8.747211055589934961e-03
6.400000000000000133e-02 8.952771778037146855e-03
6.600000000000000311e-02 9.153786235467614718e-03
6.800000000000000488e-02 9.350247337706424355e-03
7.000000000000000666e-02 9.542202492421675980e-03
7.200000000000000844e-02 9.729721952617873676e-03
7.399999999999999634e-02 9.912870870260026210e-03
7.599999999999999811e-02 1.009170470259621900e-02
7.799999999999999989e-02 1.026629015128607131e-02
8.000000000000000167e-02 1.043674235037780548e-02
8.200000000000000344e-02 1.060325791018480908e-02
8.400000000000000522e-02 1.076610678675331972e-02
8.600000000000000699e-02 1.092557269985277614e-02
8.799999999999999489e-02 1.108186853499209222e-02
8.999999999999999667e-02 1.123506088985160890e-02
9.199999999999999845e-02 1.138503048228135632e-02
9.400000000000000022e-02 1.153149780248509393e-02
9.600000000000000200e-02 1.167411315559024713e-02
9.800000000000000377e-02 1.181256738277113895e-02
1.000000000000000056e-01 1.194667499402088384e-02
1.020000000000000073e-01 1.207638439479872226e-02
1.040000000000000091e-01 1.220172404103201866e-02
1.059999999999999970e-01 1.232272272642730669e-02
1.079999999999999988e-01 1.243933997681383359e-02
1.100000000000000006e-01 1.255145497300178860e-02
1.120000000000000023e-01 1.265893374690755732e-02
1.140000000000000041e-01 1.276173295893825478e-02
1.160000000000000059e-01 1.285997709111832629e-02
1.180000000000000077e-01 1.295396811344653488e-02
1.199999999999999956e-01 1.304410867238565801e-02
1.219999999999999973e-01 1.313077682442684128e-02
1.239999999999999991e-01 1.321420387984923936e-02
1.260000000000000009e-01 1.329440918426079768e-02
1.280000000000000027e-01 1.337123404957911432e-02
1.300000000000000044e-01 1.344444687453595806e-02
1.320000000000000062e-01 1.351385371954144828e-02
1.340000000000000080e-01 1.357936257269964225e-02
1.360000000000000098e-01 1.364097365222076766e-02
1.380000000000000115e-01 1.369869894891740346e-02
1.400000000000000133e-01 1.375246547778928401e-02
1.420000000000000151e-01 1.380205545448611945e-02
1.440000000000000169e-01 1.384713126798700275e-02
1.459999999999999909e-01 1.388734359116093088e-02
1.479999999999999927e-01 1.392245933820853918e-02
1.499999999999999944e-01 1.395245433589380711e-02
1.519999999999999962e-01 1.397753370660484440e-02
1.539999999999999980e-01 1.399806281234905123e-02
1.559999999999999998e-01 1.401443674684073153e-02
1.580000000000000016e-01 1.402695477858656448e-02
1.600000000000000033e-01 1.403575212604580603e-02
1.620000000000000051e-01 1.404081925679306030e-02
1.640000000000000069e-01 1.404208012859139987e-02
1.660000000000000087e-01 1.403948439449699895e-02
1.680000000000000104e-01 1.403307694084384230e-02
1.700000000000000122e-01 1.402300762959721170e-02
1.720000000000000140e-01 1.400947193421780979e-02
1.740000000000000158e-01 1.399261518895255837e-02
1.759999999999999898e-01 1.397244780241255376e-02
1.779999999999999916e-01 1.394880480168224531e-02
1.799999999999999933e-01 1.392136054059489592e-02
1.819999999999999951e-01 1.388968881571140193e-02
1.839999999999999969e-01 1.385334964544076945e-02
1.859999999999999987e-01 1.381197259873492324e-02
1.880000000000000004e-01 1.376532435044315779e-02
1.900000000000000022e-01 1.371334845903938310e-02
1.920000000000000040e-01 1.365617575413220763e-02
1.940000000000000058e-01 1.359411364198664582e-02
1.960000000000000075e-01 1.352761493938068986e-02
1.980000000000000093e-01 1.345721701181954930e-02
2.000000000000000111e-01 1.338345963987614198e-02
2.020000000000000129e-01 1.330679048986358089e-02
2.040000000000000147e-01 1.322749219823892916e-02
2.060000000000000164e-01 1.314565255518832312e-02
2.080000000000000182e-01 1.306117118974782672e-02
2.099999999999999922e-01 1.297380253497035750e-02
2.119999999999999940e-01 1.288322122363500834e-02
2.139999999999999958e-01 1.278908205567789481e-02
2.159999999999999976e-01 1.269105313437419655e-02
2.179999999999999993e-01 1.258882036394894273e-02
2.200000000000000011e-01 1.248207777167184562e-02
2.220000000000000029e-01 1.237052074795858686e-02
2.240000000000000047e-01 1.225386109835109767e-02
2.260000000000000064e-01 1.213186924713882328e-02
2.280000000000000082e-01 1.200441542922315273e-02
2.300000000000000100e-01 1.187150049020339881e-02
2.320000000000000118e-01 1.173326699184200697e-02
2.340000000000000135e-01 1.158998018449763218e-02
2.360000000000000153e-01 1.144198642931756188e-02
2.380000000000000171e-01 1.128967557219401861e-02
2.399999999999999911e-01 1.113346352214753844e-02
2.419999999999999929e-01 1.097380019707186113e-02
2.439999999999999947e-01 1.081119112386029826e-02
2.459999999999999964e-01 1.064621788905987382e-02
2.479999999999999982e-01 1.047953091717459574e-02
2.500000000000000000e-01 1.031181934559897463e-02
2.520000000000000018e-01 1.014376910783634615e-02
2.540000000000000036e-01 9.976015672837923801e-03
2.560000000000000053e-01 9.809103079885105048e-03
2.580000000000000071e-01 9.643461630156580436e-03
2.600000000000000089e-01 9.479402479605505971e-03
2.620000000000000107e-01 9.317124000303539724e-03
2.640000000000000124e-01 9.156721998138729265e-03
2.660000000000000142e-01 8.998204226417874999e-03
2.680000000000000160e-01 8.841500764716989785e-03
2.700000000000000178e-01 8.686485570792388047e-03
2.720000000000000195e-01 8.533013860940477646e-03
2.740000000000000213e-01 8.380961272048088190e-03
2.760000000000000231e-01 8.230250356399154699e-03
2.780000000000000249e-01 8.080861107278604349e-03
2.800000000000000266e-01 7.932821259080510140e-03
2.820000000000000284e-01 7.786184009001257886e-03
2.840000000000000302e-01 7.641011611149928044e-03
2.860000000000000320e-01 7.497376736291855651e-03
2.880000000000000338e-01 7.355365381324347092e-03
2.899999999999999800e-01 7.215080362715768462e-03
2.919999999999999818e-01 7.076632066052699135e-03
2.939999999999999836e-01 6.940105923341906638e-03
2.959999999999999853e-01 6.805512974887953023e-03
2.979999999999999871e-01 6.672744060796156722e-03
2.999999999999999889e-01 6.541548814307745693e-03
3.019999999999999907e-01 6.411552889120507304e-03
3.039999999999999925e-01 6.282327032110224946e-03
3.059999999999999942e-01 6.153492600953662690e-03
3.079999999999999960e-01 6.024822607540018284e-03
3.099999999999999978e-01 5.896305448086493380e-03
3.119999999999999996e-01 5.768147527283377929e-03
3.140000000000000013e-01 5.640723016869796623e-03
3.160000000000000031e-01 5.514496137084158936e-03
3.180000000000000049e-01 5.389937751400258881e-03
3.200000000000000067e-01 5.267459132631645627e-03
3.220000000000000084e-01 5.147364538988606110e-03
3.240000000000000102e-01 5.029818352058458043e-03
3.260000000000000120e-01 4.914820536990239901e-03
3.280000000000000138e-01 4.802203263375903232e-03
3.300000000000000155e-01 4.691647494775586999e-03
3.320000000000000173e-01 4.582729977041580249e-03
3.340000000000000191e-01 4.475002696785567238e-03
3.360000000000000209e-01 4.368085182607045654e-03
3.380000000000000226e-01 4.261736814377782567e-03
3.400000000000000244e-01 4.155885594531815927e-03
3.420000000000000262e-01 4.050606522618166623e-03
3.440000000000000280e-01 3.946053119545886792e-03
3.460000000000000298e-01 3.842373604451624226e-03
3.480000000000000315e-01 3.739653155748485624e-03
3.500000000000000333e-01 3.637914560897451653e-03
3.519999999999999796e-01 3.537178792766283806e-03
3.539999999999999813e-01 3.437546952029558577e-03
3.559999999999999831e-01 3.339254241842001120e-03
3.579999999999999849e-01 3.242662598784959872e-03
3.599999999999999867e-01 3.148174766583063632e-03
3.619999999999999885e-01 3.056098584986263137e-03
3.639999999999999902e-01 2.966528786862428040e-03
3.659999999999999920e-01 2.879306246809003236e-03
3.679999999999999938e-01 2.794073756737457202e-03
3.699999999999999956e-01 2.710406744460075890e-03
3.719999999999999973e-01 2.627953820442927284e-03
3.739999999999999991e-01 2.546525394007282533e-03
3.760000000000000009e-01 2.466091864727344100e-03
3.780000000000000027e-01 2.386693977968699573e-03
3.800000000000000044e-01 2.308328821278219159e-03
3.820000000000000062e-01 2.230881515017981050e-03
3.840000000000000080e-01 2.154140786001249898e-03
3.860000000000000098e-01 2.077893394331795443e-03
3.880000000000000115e-01 2.002053378104036961e-03
3.900000000000000133e-01 1.926754443806747352e-03
3.920000000000000151e-01 1.852356395304360524e-03
3.940000000000000169e-01 1.779351342047891726e-03
3.960000000000000187e-01 1.708210540018067743e-03
3.980000000000000204e-01 1.639247870528212159e-03
4.000000000000000222e-01 1.572550628983293867e-03
4.020000000000000240e-01 1.507999911854298767e-03
4.040000000000000258e-01 1.445365989842932984e-03
4.060000000000000275e-01 1.384427950925676883e-03
4.080000000000000293e-01 1.325058328331337864e-03
4.100000000000000311e-01 1.267235334495050384e-03
4.120000000000000329e-01 1.210984938466166993e-03
4.140000000000000346e-01 1.156291982886325760e-03
4.160000000000000364e-01 1.103025527389415008e-03
4.179999999999999827e-01 1.050909727856048914e-03
4.199999999999999845e-01 9.995610507211938941e-04
4.219999999999999862e-01 9.485810235025232684e-04
4.239999999999999880e-01 8.976687737508509462e-04
4.259999999999999898e-01 8.467143952233061608e-04
4.279999999999999916e-01 7.958427403087956582e-04
4.299999999999999933e-01 7.454081400004951676e-04
4.319999999999999951e-01 6.959411625597294003e-04
4.339999999999999969e-01 6.480644997713086008e-04
4.359999999999999987e-01 6.023950990622833684e-04
4.380000000000000004e-01 5.594429693539987097e-04
4.400000000000000022e-01 5.195235147891618527e-04
4.420000000000000040e-01 4.826963601402086313e-04
4.440000000000000058e-01 4.487439527996590861e-04
4.460000000000000075e-01 4.172033110503006390e-04
4.480000000000000093e-01 3.874566534300472108e-04
4.500000000000000111e-01 3.588585713624392799e-04
4.520000000000000129e-01 3.308676902136087491e-04
4.540000000000000147e-01 3.031391224759147308e-04
4.560000000000000164e-01 2.755561105694662779e-04
4.580000000000000182e-01 2.482087999672421131e-04
4.600000000000000200e-01 2.213312044392460893e-04
4.620000000000000218e-01 1.952244372511206458e-04
4.640000000000000235e-01 1.701931126437706556e-04
4.660000000000000253e-01 1.465112939865479628e-04
4.680000000000000271e-01 1.244200550981644526e-04
4.700000000000000289e-01 1.041346695054235562e-04
4.720000000000000306e-01 8.584958076084129783e-05
4.740000000000000324e-01 6.972261530052023212e-05
4.760000000000000342e-01 5.584154955231503435e-05
4.780000000000000360e-01 4.419630396033045870e-05
4.799999999999999822e-01 3.466560682493777300e-05
4.819999999999999840e-01 2.702995493427660345e-05
4.839999999999999858e-01 2.100937579248512735e-05
4.859999999999999876e-01 1.631239868395029671e-05
4.879999999999999893e-01 1.267865467479989890e-05
4.899999999999999911e-01 9.899531842102409602e-06
4.919999999999999929e-01 7.822819415806203102e-06
4.939999999999999947e-01 6.343940334076155391e-06
4.959999999999999964e-01 5.392862194920187307e-06
4.979999999999999982e-01 4.927398339983820768e-06
5.000000000000000000e-01 4.927398339703484203e-06
5.020000000000000018e-01 5.392862195054238741e-06
5.040000000000000036e-01 6.343940332735366610e-06
5.060000000000000053e-01 7.822819414278475844e-06
5.080000000000000071e-01 9.899531840384718264e-06
5.100000000000000089e-01 1.267865467446189718e-05
5.120000000000000107e-01 1.631239868370101153e-05
5.140000000000000124e-01 2.100937579242298224e-05
5.160000000000000142e-01 2.702995493601706642e-05
5.180000000000000160e-01 3.466560682830226918e-05
5.200000000000000178e-01 4.419630396405957207e-05
5.220000000000000195e-01 5.584154955672628707e-05
5.240000000000000213e-01 6.972261530541819675e-05
5.260000000000000231e-01 8.584958076709837765e-05
5.280000000000000249e-01 1.041346695113971714e-04
5.300000000000000266e-01 1.244200551065324063e-04
5.320000000000000284e-01 1.465112939949141276e-04
5.340000000000000302e-01 1.701931126523927463e-04
5.360000000000000320e-01 1.952244372598692628e-04
5.380000000000000338e-01 2.213312044450572232e-04
5.400000000000000355e-01 2.482087999728491731e-04
5.420000000000000373e-01 2.755561105751977500e-04
5.440000000000000391e-01 3.031391224794767686e-04
5.460000000000000409e-01 3.308676902173166663e-04
5.480000000000000426e-01 3.588585713656207627e-04
5.500000000000000444e-01 3.874566534346888971e-04
5.520000000000000462e-01 4.172033110555972918e-04
5.540000000000000480e-01 4.487439528050819401e-04
5.560000000000000497e-01 4.826963601456894901e-04
5.580000000000000515e-01 5.195235147947982945e-04
5.600000000000000533e-01 5.594429693576795761e-04
5.620000000000000551e-01 6.023950990689353824e-04
5.640000000000000568e-01 6.480644997775538221e-04
5.660000000000000586e-01 6.959411625652374726e-04
5.680000000000000604e-01 7.454081400056751603e-04
5.700000000000000622e-01 7.958427403137742061e-04
5.720000000000000639e-01 8.467143952288796105e-04
5.740000000000000657e-01 8.976687737540697256e-04
5.760000000000000675e-01 9.485810235063036645e-04
5.779999999999999583e-01 9.995610507230979699e-04
5.799999999999999600e-01 1.050909727856497557e-03
5.819999999999999618e-01 1.103025527390278033e-03
5.839999999999999636e-01 1.156291982887021601e-03
5.859999999999999654e-01 1.210984938469866507e-03
5.879999999999999671e-01 1.267235334498481667e-03
5.899999999999999689e-01 1.325058328335522451e-03
5.919999999999999707e-01 1.384427950930137942e-03
5.939999999999999725e-01 1.445365989847610232e-03
5.959999999999999742e-01 1.507999911858356502e-03
5.979999999999999760e-01 1.572550628985298774e-03
5.999999999999999778e-01 1.639247870529297012e-03
6.019999999999999796e-01 1.708210540017600018e-03
6.039999999999999813e-01 1.779351342046826606e-03
6.059999999999999831e-01 1.852356395303713906e-03
6.079999999999999849e-01 1.926754443807115981e-03
6.099999999999999867e-01 2.002053378106130339e-03
6.119999999999999885e-01 2.077893394334364135e-03
6.139999999999999902e-01 2.154140786003214039e-03
6.159999999999999920e-01 2.230881515019166299e-03
6.179999999999999938e-01 2.308328821277854000e-03
6.199999999999999956e-01 2.386693977967204675e-03
6.219999999999999973e-01 2.466091864723875086e-03
6.239999999999999991e-01 2.546525394003016415e-03
6.260000000000000009e-01 2.627953820438329400e-03
6.280000000000000027e-01 2.710406744453857340e-03
6.300000000000000044e-01 2.794073756731658455e-03
6.320000000000000062e-01 2.879306246802760400e-03
6.340000000000000080e-01 2.966528786856935905e-03
6.360000000000000098e-01 3.056098584980058465e-03
6.380000000000000115e-01 3.148174766576799979e-03
6.400000000000000133e-01 3.242662598779524116e-03
6.420000000000000151e-01 3.339254241836905803e-03
6.440000000000000169e-01 3.437546952025190977e-03
6.460000000000000187e-01 3.537178792763003010e-03
6.480000000000000204e-01 3.637914560893685135e-03
6.500000000000000222e-01 3.739653155744079860e-03
6.520000000000000240e-01 3.842373604446976468e-03
6.540000000000000258e-01 3.946053119539127442e-03
6.560000000000000275e-01 4.050606522611132319e-03
6.580000000000000293e-01 4.155885594523689615e-03
6.600000000000000311e-01 4.261736814368879966e-03
6.620000000000000329e-01 4.368085182597544573e-03
6.640000000000000346e-01 4.475002696775301145e-03
6.660000000000000364e-01 4.582729977030202198e-03
6.680000000000000382e-01 4.691647494762161107e-03
6.700000000000000400e-01 4.802203263361172828e-03
6.720000000000000417e-01 4.914820536974035849e-03
6.740000000000000435e-01 5.029818352039879155e-03
6.760000000000000453e-01 5.147364538970885910e-03
6.780000000000000471e-01 5.267459132613732872e-03
6.800000000000000488e-01 5.389937751380934929e-03
6.820000000000000506e-01 5.514496137065445606e-03
6.840000000000000524e-01 5.640723016849810874e-03
6.860000000000000542e-01 5.768147527264720978e-03
6.880000000000000560e-01 5.896305448069618857e-03
6.900000000000000577e-01 6.024822607524542815e-03
6.920000000000000595e-01 6.153492600939942762e-03
6.940000000000000613e-01 6.282327032095532705e-03
6.960000000000000631e-01 6.411552889105932157e-03
6.980000000000000648e-01 6.541548814291699501e-03
7.000000000000000666e-01 6.672744060778629076e-03
7.020000000000000684e-01 6.805512974868717542e-03
7.039999999999999591e-01 6.940105923322383193e-03
7.059999999999999609e-01 7.076632066033548656e-03
7.079999999999999627e-01 7.215080362697989282e-03
7.099999999999999645e-01 7.355365381307418793e-03
7.119999999999999662e-01 7.497376736274323668e-03
7.139999999999999680e-01 7.641011611133633787e-03
7.159999999999999698e-01 7.786184008984237646e-03
7.179999999999999716e-01 7.932821259062224420e-03
7.199999999999999734e-01 8.080861107259388817e-03
7.219999999999999751e-01 8.230250356381790117e-03
7.239999999999999769e-01 8.380961272032161694e-03
7.259999999999999787e-01 8.533013860926582511e-03
7.279999999999999805e-01 8.686485570780302229e-03
7.299999999999999822e-01 8.841500764706664711e-03
7.319999999999999840e-01 8.998204226407227266e-03
7.339999999999999858e-01 9.156721998128529091e-03
7.359999999999999876e-01 9.317124000292083610e-03
7.379999999999999893e-01 9.479402479591727063e-03
7.399999999999999911e-01 9.643461630140905474e-03
7.419999999999999929e-01 9.809103079866982391e-03
7.439999999999999947e-01 9.976015672817518248e-03
7.459999999999999964e-01 1.014376910781377046e-02
7.479999999999999982e-01 1.031181934557350542e-02
7.500000000000000000e-01 1.047953091714675343e-02
7.520000000000000018e-01 1.064621788903036617e-02
7.540000000000000036e-01 1.081119112382987989e-02
7.560000000000000053e-01 1.097380019704204124e-02
7.580000000000000071e-01 1.113346352211872815e-02
7.600000000000000089e-01 1.128967557216616936e-02
7.620000000000000107e-01 1.144198642929169715e-02
7.640000000000000124e-01 1.158998018447288288e-02
7.660000000000000142e-01 1.173326699181739298e-02
7.680000000000000160e-01 1.187150049017994709e-02
7.700000000000000178e-01 1.200441542920040183e-02
7.720000000000000195e-01 1.213186924711782966e-02
7.740000000000000213e-01 1.225386109833057416e-02
7.760000000000000231e-01 1.237052074793927071e-02
7.780000000000000249e-01 1.248207777165281571e-02
7.800000000000000266e-01 1.258882036393031353e-02
7.820000000000000284e-01 1.269105313435517531e-02
7.840000000000000302e-01 1.278908205565778590e-02
7.860000000000000320e-01 1.288322122361356889e-02
7.880000000000000338e-01 1.297380253494853468e-02
7.900000000000000355e-01 1.306117118972564828e-02
7.920000000000000373e-01 1.314565255516576305e-02
7.940000000000000391e-01 1.322749219821668133e-02
7.960000000000000409e-01 1.330679048984149612e-02
7.980000000000000426e-01 1.338345963985451519e-02
8.000000000000000444e-01 1.345721701179777678e-02
8.020000000000000462e-01 1.352761493935980379e-02
8.040000000000000480e-01 1.359411364196718916e-02
8.060000000000000497e-01 1.365617575411405896e-02
8.080000000000000515e-01 1.371334845902270373e-02
8.100000000000000533e-01 1.376532435042726252e-02
8.120000000000000551e-01 1.381197259871913552e-02
8.140000000000000568e-01 1.385334964542437979e-02
8.160000000000000586e-01 1.388968881569430276e-02
8.180000000000000604e-01 1.392136054057588161e-02
8.200000000000000622e-01 1.394880480166245905e-02
8.220000000000000639e-01 1.397244780239199555e-02
8.240000000000000657e-01 1.399261518893268365e-02
8.260000000000000675e-01 1.400947193419815363e-02
8.280000000000000693e-01 1.402300762957832750e-02
8.300000000000000711e-01 1.403307694082474300e-02
8.320000000000000728e-01 1.403948439447803842e-02
8.339999999999999636e-01 1.404208012857142626e-02
8.359999999999999654e-01 1.404081925677214127e-02
8.379999999999999671e-01 1.403575212602394158e-02
8.399999999999999689e-01 1.402695477856502095e-02
8.419999999999999707e-01 1.401443674681846809e-02
8.439999999999999725e-01 1.399806281232834383e-02
8.459999999999999742e-01 1.397753370658491590e-02
8.479999999999999760e-01 1.395245433587512934e-02
8.499999999999999778e-01 1.392245933819094388e-02
8.519999999999999796e-01 1.388734359114271281e-02
8.539999999999999813e-01 1.384713126796904836e-02
8.559999999999999831e-01 1.380205545446641646e-02
8.579999999999999849e-01 1.375246547776907795e-02
8.599999999999999867e-01 1.369869894889621034e-02
8.619999999999999885e-01 1.364097365219909749e-02
8.639999999999999902e-01 1.357936257267711513e-02
8.659999999999999920e-01 1.351385371951860197e-02
8.679999999999999938e-01 1.344444687451182459e-02
8.699999999999999956e-01 1.337123404955439798e-02
8.719999999999999973e-01 1.329440918423581072e-02
8.739999999999999991e-01 1.321420387982344402e-02
8.760000000000000009e-01 1.313077682440073717e-02
8.780000000000000027e-01 1.304410867236044380e-02
8.800000000000000044e-01 1.295396811342265815e-02
8.820000000000000062e-01 1.285997709109611316e-02
8.840000000000000080e-01 1.276173295891765494e-02
8.860000000000000098e-01 1.265893374688788903e-02
8.880000000000000115e-01 1.255145497298256439e-02
8.900000000000000133e-01 1.243933997679469439e-02
8.920000000000000151e-01 1.232272272640793330e-02
8.940000000000000169e-01 1.220172404101258108e-02
8.960000000000000187e-01 1.207638439477915111e-02
8.980000000000000204e-01 1.194667499400124330e-02
9.000000000000000222e-01 1.181256738275239526e-02
9.020000000000000240e-01 1.167411315557169774e-02
9.040000000000000258e-01 1.153149780246693484e-02
9.060000000000000275e-01 1.138503048226277743e-02
9.080000000000000293e-01 1.123506088983240551e-02
9.100000000000000311e-01 1.108186853497115064e-02
9.120000000000000329e-01 1.092557269983023688e-02
9.140000000000000346e-01 1.076610678673013861e-02
9.160000000000000364e-01 1.060325791016189859e-02
9.180000000000000382e-01 1.043674235035501989e-02
9.200000000000000400e-01 1.026629015126428665e-02
9.220000000000000417e-01 1.009170470257447771e-02
9.240000000000000435e-01 9.912870870238314411e-03
9.260000000000000453e-01 9.729721952595977996e-03
9.280000000000000471e-01 9.542202492398817529e-03
9.300000000000000488e-01 9.350247337682898036e-03
9.320000000000000506e-01 9.153786235443195016e-03
9.340000000000000524e-01 8.952771778011786932e-03
9.360000000000000542e-01 8.747211055563815230e-03
9.380000000000000560e-01 8.537177600392433646e-03
9.400000000000000577e-01 8.322794666866922472e-03
9.420000000000000595e-01 8.104202828906477765e-03
9.440000000000000613e-01 7.881523351548087170e-03
9.460000000000000631e-01 7.654841884801736988e-03
9.480000000000000648e-01 7.424220852606449456e-03
9.500000000000000666e-01 7.189722542324953128e-03
9.520000000000000684e-01 6.951428111021008306e-03
9.540000000000000702e-01 6.709429742871978603e-03
9.560000000000000719e-01 6.463804644331058204e-03
9.580000000000000737e-01 6.214591731847621779e-03
9.599999999999999645e-01 5.961773017255299692e-03
9.619999999999999662e-01 5.705269161824698398e-03
9.639999999999999680e-01 5.444957528334062533e-03
9.659999999999999698e-01 5.180699677445529776e-03
9.679999999999999716e-01 4.912356602072750697e-03
9.699999999999999734e-01 4.639790113200620292e-03
9.719999999999999751e-01 4.362855192877659709e-03
9.739999999999999769e-01 4.081384726247929383e-03
9.759999999999999787e-01 3.795186054415692744e-03
9.779999999999999805e-01 3.504064201143657596e-03
9.799999999999999822e-01 3.207858995030781358e-03
9.819999999999999840e-01 2.906481064370137948e-03
9.839999999999999858e-01 2.599945086002548172e-03
9.859999999999999876e-01 2.288383777207077512e-03
9.879999999999999893e-01 1.972036498097461208e-03
9.899999999999999911e-01 1.651238376245680196e-03
9.919999999999999929e-01 1.326423507005991195e-03
9.939999999999999947e-01 9.981403803450564563e-04
9.959999999999999964e-01 6.670715489125535235e-04
9.979999999999999982e-01 3.340424135843194048e-04
