0.000000000000000000e+00 3.381147199995923722e-04
2.000000000000000042e-03 6.748367035833401908e-04
4.000000000000000083e-03 1.008845243340687195e-03
6.000000000000000125e-03 1.338965666004785079e-03
8.000000000000000167e-03 1.664237774733470353e-03
1.000000000000000021e-02 1.983973790619960979e-03
1.200000000000000025e-02 2.297798275712665140e-03
1.400000000000000029e-02 2.605660109951362345e-03
1.600000000000000033e-02 2.907807357424303796e-03
1.800000000000000211e-02 3.204720695329157411e-03
2.000000000000000042e-02 3.497009478545526264e-03
2.199999999999999872e-02 3.785284687656419525e-03
2.400000000000000050e-02 4.070034225722623036e-03
2.600000000000000228e-02 4.351530113989596563e-03
2.800000000000000058e-02 4.629791133013438226e-03
2.999999999999999889e-02 4.904611839720640805e-03
3.200000000000000067e-02 5.175649957574321100e-03
3.400000000000000244e-02 5.442544886811498048e-03
3.600000000000000422e-02 5.705029805322428017e-03
3.799999999999999906e-02 5.963002897275229176e-03
4.000000000000000083e-02 6.216537213603995013e-03
4.200000000000000261e-02 6.465830032329606541e-03
4.399999999999999745e-02 6.711114730554527258e-03
4.599999999999999922e-02 6.952570191283935670e-03
4.800000000000000100e-02 7.190260810870157011e-03
5.000000000000000278e-02 7.424127106283331078e-03
5.200000000000000455e-02 7.654026392081361707e-03
5.399999999999999939e-02 7.879801869133961495e-03
5.600000000000000117e-02 8.101348700610151027e-03
5.800000000000000294e-02 8.318650771687351522e-03
5.999999999999999778e-02 8.531776031142458000e-03
6.199999999999999956e-02 8.740837268709354679e-03
6.400000000000000133e-02 8.945938749041523752e-03
6.600000000000000311e-02 9.147132827288500384e-03
6.800000000000000488e-02 9.344404398266335440e-03
7.000000000000000666e-02 9.537686556658046128e-03
7.200000000000000844e-02 9.726897032210685481e-03
7.399999999999999634e-02 9.911976768425059120e-03
7.599999999999999811e-02 1.009291285643479190e-02
7.799999999999999989e-02 1.026973697617107606e-02
8.000000000000000167e-02 1.044250299787206036e-02
8.200000000000000344e-02 1.061125721603016839e-02
8.400000000000000522e-02 1.077601600487964120e-02
8.600000000000000699e-02 1.093676108089614019e-02
8.799999999999999489e-02 1.109345358798707708e-02
8.999999999999999667e-02 1.124605771880392985e-02
9.199999999999999845e-02 1.139455992171240981e-02
9.400000000000000022e-02 1.153897430952462166e-02
9.600000000000000200e-02 1.167933310011250517e-02
9.800000000000000377e-02 1.181566827326405687e-02
1.000000000000000056e-01 1.194799520916052342e-02
1.020000000000000073e-01 1.207630660789546853e-02
1.040000000000000091e-01 1.220057956058063532e-02
1.059999999999999970e-01 1.232079085188776332e-02
1.079999999999999988e-01 1.243693025236201205e-02
1.100000000000000006e-01 1.254900457535921762e-02
1.120000000000000023e-01 1.265703136162669822e-02
1.140000000000000041e-01 1.276102615341469931e-02
1.160000000000000059e-01 1.286099097472521817e-02
1.180000000000000077e-01 1.295691150134012024e-02
1.199999999999999956e-01 1.304876458768692953e-02
1.219999999999999973e-01 1.313653215809410142e-02
1.239999999999999991e-01 1.322021296768585708e-02
1.260000000000000009e-01 1.329982491057172568e-02
1.280000000000000027e-01 1.337539681805006292e-02
1.300000000000000044e-01 1.344695346566802605e-02
1.320000000000000062e-01 1.351450144000605411e-02
1.340000000000000080e-01 1.357802437600199273e-02
1.360000000000000098e-01 1.363749110423239166e-02
1.380000000000000115e-01 1.369287244796427334e-02
1.400000000000000133e-01 1.374415793388717930e-02
1.420000000000000151e-01 1.379136273618214795e-02
1.440000000000000169e-01 1.383452076680789095e-02
1.459999999999999909e-01 1.387366692556378858e-02
1.479999999999999927e-01 1.390881665211301209e-02
1.499999999999999944e-01 1.393995443151409448e-02
1.519999999999999962e-01 1.396703899788383392e-02
1.539999999999999980e-01 1.399002338005226297e-02
1.559999999999999998e-01 1.400887983182226917e-02
1.580000000000000016e-01 1.402361706774391328e-02
1.600000000000000033e-01 1.403427989602755097e-02
1.620000000000000051e-01 1.404093029842760042e-02
1.640000000000000069e-01 1.404361764588661111e-02
1.660000000000000087e-01 1.404235259562548049e-02
1.680000000000000104e-01 1.403709923549983050e-02
1.700000000000000122e-01 1.402779039533268851e-02
1.720000000000000140e-01 1.401435933434424207e-02
1.740000000000000158e-01 1.399677314643999783e-02
1.759999999999999898e-01 1.397505153225373463e-02
1.779999999999999916e-01 1.394926034589877295e-02
1.799999999999999933e-01 1.391948120072098415e-02
1.819999999999999951e-01 1.388577028273172385e-02
1.839999999999999969e-01 1.384812628855962117e-02
1.859999999999999987e-01 1.380648398180341595e-02
1.880000000000000004e-01 1.376073896149787416e-02
1.900000000000000022e-01 1.371079428518759066e-02
1.920000000000000040e-01 1.365660857555344235e-02
1.940000000000000058e-01 1.359822334771314256e-02
1.960000000000000075e-01 1.353575493586145310e-02
1.980000000000000093e-01 1.346935102582051853e-02
2.000000000000000111e-01 1.339912834517779580e-02
2.020000000000000129e-01 1.332511731353592556e-02
2.040000000000000147e-01 1.324723894800333181e-02
2.060000000000000164e-01 1.316532633272920506e-02
2.080000000000000182e-01 1.307918382868608100e-02
2.099999999999999922e-01 1.298866296380777642e-02
2.119999999999999940e-01 1.289372672689543739e-02
2.139999999999999958e-01 1.279447707219365064e-02
2.159999999999999976e-01 1.269113353854636229e-02
2.179999999999999993e-01 1.258396867405597690e-02
2.200000000000000011e-01 1.247322087355355602e-02
2.220000000000000029e-01 1.235901234732284318e-02
2.240000000000000047e-01 1.224129740443216825e-02
2.260000000000000064e-01 1.211985550931129682e-02
2.280000000000000082e-01 1.199432859127420002e-02
2.300000000000000100e-01 1.186429168289216719e-02
2.320000000000000118e-01 1.172933928063433530e-02
2.340000000000000135e-01 1.158916838094740075e-02
2.360000000000000153e-01 1.144364358369128441e-02
2.380000000000000171e-01 1.129283694073392359e-02
2.399999999999999911e-01 1.113704103831896115e-02
2.419999999999999929e-01 1.097675839485346208e-02
2.439999999999999947e-01 1.081267217440913357e-02
2.459999999999999964e-01 1.064560408436727654e-02
2.479999999999999982e-01 1.047646442387349316e-02
2.500000000000000000e-01 1.030619957951506467e-02
2.520000000000000018e-01 1.013574380019380793e-02
2.540000000000000036e-01 9.965973091573944107e-03
2.560000000000000053e-01 9.797653103618185130e-03
2.580000000000000071e-01 9.631395203889746293e-03
2.600000000000000089e-01 9.467619075310039489e-03
2.620000000000000107e-01 9.306526673639962249e-03
2.640000000000000124e-01 9.148095338116508934e-03
2.660000000000000142e-01 8.992098167091641323e-03
2.680000000000000160e-01 8.838155403582688419e-03
2.700000000000000178e-01 8.685814247935925297e-03
2.720000000000000195e-01 8.534644704475085122e-03
2.740000000000000213e-01 8.384330095934587265e-03
2.760000000000000231e-01 8.234728563925439518e-03
2.780000000000000249e-01 8.085887990275568080e-03
2.800000000000000266e-01 7.938009183723794202e-03
2.820000000000000284e-01 7.791368851837493677e-03
2.840000000000000302e-01 7.646227576005497871e-03
2.860000000000000320e-01 7.502752813325243644e-03
2.880000000000000338e-01 7.360980057602002635e-03
2.899999999999999800e-01 7.220822364289283639e-03
2.919999999999999818e-01 7.082120511950749063e-03
2.939999999999999836e-01 6.944711667986937578e-03
2.959999999999999853e-01 6.808489472017187523e-03
2.979999999999999871e-01 6.673434020558322195e-03
2.999999999999999889e-01 6.539603448513566300e-03
3.019999999999999907e-01 6.407095092420880648e-03
3.039999999999999925e-01 6.275996824457690318e-03
3.059999999999999942e-01 6.146350792801606559e-03
3.079999999999999960e-01 6.018143064137833169e-03
3.099999999999999978e-01 5.891320098767543860e-03
3.119999999999999996e-01 5.765820512965143946e-03
3.140000000000000013e-01 5.641605583043738346e-03
3.160000000000000031e-01 5.518674691530458219e-03
3.180000000000000049e-01 5.397060313497631899e-03
3.200000000000000067e-01 5.276807735200713355e-03
3.220000000000000084e-01 5.157950962538944938e-03
3.240000000000000102e-01 5.040497058773005246e-03
3.260000000000000120e-01 4.924425707237395020e-03
3.280000000000000138e-01 4.809703150741094328e-03
3.300000000000000155e-01 4.696301637068184612e-03
3.320000000000000173e-01 4.584213682232566624e-03
3.340000000000000191e-01 4.473454004463475568e-03
3.360000000000000209e-01 4.364048629668685828e-03
3.380000000000000226e-01 4.256017607135086957e-03
3.400000000000000244e-01 4.149361874592526721e-03
3.420000000000000262e-01 4.044062347061215014e-03
3.440000000000000280e-01 3.940091522058601810e-03
3.460000000000000298e-01 3.837430771155021098e-03
3.480000000000000315e-01 3.736083287605491791e-03
3.500000000000000333e-01 3.636074879971041771e-03
3.519999999999999796e-01 3.537441708650388046e-03
3.539999999999999813e-01 3.440211136029850455e-03
3.559999999999999831e-01 3.344386373827894395e-03
3.579999999999999849e-01 3.249944136002966971e-03
3.599999999999999867e-01 3.156846489987335906e-03
3.619999999999999885e-01 3.065060499900036824e-03
3.639999999999999902e-01 2.974575396194860041e-03
3.659999999999999920e-01 2.885408053970227055e-03
3.679999999999999938e-01 2.797593314183405549e-03
3.699999999999999956e-01 2.711164419029447707e-03
3.719999999999999973e-01 2.626133853317537403e-03
3.739999999999999991e-01 2.542485296471667672e-03
3.760000000000000009e-01 2.460181271274987369e-03
3.780000000000000027e-01 2.379182341676582945e-03
3.800000000000000044e-01 2.299468391856094272e-03
3.820000000000000062e-01 2.221050850606752589e-03
3.840000000000000080e-01 2.143968784859800851e-03
3.860000000000000098e-01 2.068270255048953836e-03
3.880000000000000115e-01 1.993988566477359736e-03
3.900000000000000133e-01 1.921125395192574067e-03
3.920000000000000151e-01 1.849649831494891471e-03
3.940000000000000169e-01 1.779513791459637556e-03
3.960000000000000187e-01 1.710676178638745673e-03
3.980000000000000204e-01 1.643123930823385407e-03
4.000000000000000222e-01 1.576878542278335607e-03
4.020000000000000240e-01 1.511984415309609690e-03
4.040000000000000258e-01 1.448485267801146717e-03
4.060000000000000275e-01 1.386400953809258010e-03
4.080000000000000293e-01 1.325716585321780197e-03
4.100000000000000311e-01 1.266389667090335154e-03
4.120000000000000329e-01 1.208371687492403252e-03
4.140000000000000346e-01 1.151633521327093254e-03
4.160000000000000364e-01 1.096181506853710153e-03
4.179999999999999827e-01 1.042055407043066852e-03
4.199999999999999845e-01 9.893094726359742599e-04
4.219999999999999862e-01 9.379860957551364870e-04
4.239999999999999880e-01 8.880949071744974940e-04
4.259999999999999898e-01 8.396075267736965216e-04
4.279999999999999916e-01 7.924705457831492323e-04
4.299999999999999933e-01 7.466309823849886498e-04
4.319999999999999951e-01 7.020617118047951452e-04
4.339999999999999969e-01 6.587743994004286287e-04
4.359999999999999987e-01 6.168133482000306761e-04
4.380000000000000004e-01 5.762328324274121382e-04
4.400000000000000022e-01 5.370689644251069698e-04
4.420000000000000040e-01 4.993200151213757600e-04
4.440000000000000058e-01 4.629452953990557279e-04
4.460000000000000075e-01 4.278840859258742292e-04
4.480000000000000093e-01 3.940865330131167513e-04
4.500000000000000111e-01 3.615415355326043190e-04
4.520000000000000129e-01 3.302878076931383550e-04
4.540000000000000147e-01 3.004013569625175410e-04
4.560000000000000164e-01 2.719641818084367140e-04
4.580000000000000182e-01 2.450282587499744624e-04
4.600000000000000200e-01 2.195902086013610686e-04
4.620000000000000218e-01 1.955877552804555241e-04
4.640000000000000235e-01 1.729199233264413214e-04
4.660000000000000253e-01 1.514833036853566195e-04
4.680000000000000271e-01 1.312104222871196188e-04
4.700000000000000289e-01 1.120952174194388877e-04
4.720000000000000306e-01 9.419675917596486770e-05
4.740000000000000324e-01 7.762048222296242682e-05
4.760000000000000342e-01 6.248510147552662614e-05
4.780000000000000360e-01 4.888817313481733844e-05
4.799999999999999822e-01 3.688113923493848773e-05
4.819999999999999840e-01 2.645979500288849753e-05
4.839999999999999858e-01 1.756963659373328104e-05
4.859999999999999876e-01 1.012072312513624892e-05
4.879999999999999893e-01 4.005122387526403014e-06
4.899999999999999911e-01 -8.883737459469265994e-07
4.919999999999999929e-01 -4.663876538593222653e-06
4.939999999999999947e-01 -7.411764386575381122e-06
4.959999999999999964e-01 -9.203861278509444175e-06
4.979999999999999982e-01 -1.008888430379295455e-05
5.000000000000000000e-01 -1.008888430420587126e-05
5.020000000000000018e-01 -9.203861279890644898e-06
5.040000000000000036e-01 -7.411764388457911847e-06
5.060000000000000053e-01 -4.663876540675576074e-06
5.080000000000000071e-01 -8.883737480922466496e-07
5.100000000000000089e-01 4.005122385510960961e-06
5.120000000000000107e-01 1.012072312349353863e-05
5.140000000000000124e-01 1.756963659259327972e-05
5.160000000000000142e-01 2.645979500204208122e-05
5.180000000000000160e-01 3.688113923426895901e-05
5.200000000000000178e-01 4.888817313415871272e-05
5.220000000000000195e-01 6.248510147503115930e-05
5.240000000000000213e-01 7.762048222239324778e-05
5.260000000000000231e-01 9.419675917511791607e-05
5.280000000000000249e-01 1.120952174183365523e-04
5.300000000000000266e-01 1.312104222854893040e-04
5.320000000000000284e-01 1.514833036833500594e-04
5.340000000000000302e-01 1.729199233240903645e-04
5.360000000000000320e-01 1.955877552780160692e-04
5.380000000000000338e-01 2.195902085988577271e-04
5.400000000000000355e-01 2.450282587480791144e-04
5.420000000000000373e-01 2.719641818071358340e-04
5.440000000000000391e-01 3.004013569620574056e-04
5.460000000000000409e-01 3.302878076933879925e-04
5.480000000000000426e-01 3.615415355334743370e-04
5.500000000000000444e-01 3.940865330141937435e-04
5.520000000000000462e-01 4.278840859267989453e-04
5.540000000000000480e-01 4.629452953997491294e-04
5.560000000000000497e-01 4.993200151214830960e-04
5.580000000000000515e-01 5.370689644246933467e-04
5.600000000000000533e-01 5.762328324266784586e-04
5.620000000000000551e-01 6.168133481988125749e-04
5.640000000000000568e-01 6.587743993989643053e-04
5.660000000000000586e-01 7.020617118033390617e-04
5.680000000000000604e-01 7.466309823834230619e-04
5.700000000000000622e-01 7.924705457817009550e-04
5.720000000000000639e-01 8.396075267724869857e-04
5.740000000000000657e-01 8.880949071736364206e-04
5.760000000000000675e-01 9.379860957549145508e-04
5.779999999999999583e-01 9.893094726362114833e-04
5.799999999999999600e-01 1.042055407043834467e-03
5.819999999999999618e-01 1.096181506854759227e-03
5.839999999999999636e-01 1.151633521328252700e-03
5.859999999999999654e-01 1.208371687493345423e-03
5.879999999999999671e-01 1.266389667091119683e-03
5.899999999999999689e-01 1.325716585322373473e-03
5.919999999999999707e-01 1.386400953809711857e-03
5.939999999999999725e-01 1.448485267801459617e-03
5.959999999999999742e-01 1.511984415309874886e-03
5.979999999999999760e-01 1.576878542278366832e-03
5.999999999999999778e-01 1.643123930823525486e-03
6.019999999999999796e-01 1.710676178638801618e-03
6.039999999999999813e-01 1.779513791459503115e-03
6.059999999999999831e-01 1.849649831494637117e-03
6.079999999999999849e-01 1.921125395192355709e-03
6.099999999999999867e-01 1.993988566477118609e-03
6.119999999999999885e-01 2.068270255048773425e-03
6.139999999999999902e-01 2.143968784859299082e-03
6.159999999999999920e-01 2.221050850605981938e-03
6.179999999999999938e-01 2.299468391854849175e-03
6.199999999999999956e-01 2.379182341674835211e-03
6.219999999999999973e-01 2.460181271272846287e-03
6.239999999999999991e-01 2.542485296469272019e-03
6.260000000000000009e-01 2.626133853315207236e-03
6.280000000000000027e-01 2.711164419027255017e-03
6.300000000000000044e-01 2.797593314181461791e-03
6.320000000000000062e-01 2.885408053968641084e-03
6.340000000000000080e-01 2.974575396193401573e-03
6.360000000000000098e-01 3.065060499898731444e-03
6.380000000000000115e-01 3.156846489986258643e-03
6.400000000000000133e-01 3.249944136001853712e-03
6.420000000000000151e-01 3.344386373826667078e-03
6.440000000000000169e-01 3.440211136028731558e-03
6.460000000000000187e-01 3.537441708649384075e-03
6.480000000000000204e-01 3.636074879970422908e-03
6.500000000000000222e-01 3.736083287605032090e-03
6.520000000000000240e-01 3.837430771154714051e-03
6.540000000000000258e-01 3.940091522058211497e-03
6.560000000000000275e-01 4.044062347060548013e-03
6.580000000000000293e-01 4.149361874591589970e-03
6.600000000000000311e-01 4.256017607133961121e-03
6.620000000000000329e-01 4.364048629667435092e-03
6.640000000000000346e-01 4.473454004462230904e-03
6.660000000000000364e-01 4.584213682231544004e-03
6.680000000000000382e-01 4.696301637067283423e-03
6.700000000000000400e-01 4.809703150740292886e-03
6.720000000000000417e-01 4.924425707236560618e-03
6.740000000000000435e-01 5.040497058772023392e-03
6.760000000000000453e-01 5.157950962537878083e-03
6.780000000000000471e-01 5.276807735199317770e-03
6.800000000000000488e-01 5.397060313495899778e-03
6.820000000000000506e-01 5.518674691528611606e-03
6.840000000000000524e-01 5.641605583041638464e-03
6.860000000000000542e-01 5.765820512962687577e-03
6.880000000000000560e-01 5.891320098764795191e-03
6.900000000000000577e-01 6.018143064134730616e-03
6.920000000000000595e-01 6.146350792798209103e-03
6.940000000000000613e-01 6.275996824454044797e-03
6.960000000000000631e-01 6.407095092417363497e-03
6.980000000000000648e-01 6.539603448510658903e-03
7.000000000000000666e-01 6.673434020556255272e-03
7.020000000000000684e-01 6.808489472016064289e-03
7.039999999999999591e-01 6.944711667986787525e-03
7.059999999999999609e-01 7.082120511951437748e-03
7.079999999999999627e-01 7.220822364290567334e-03
7.099999999999999645e-01 7.360980057603580366e-03
7.119999999999999662e-01 7.502752813327061635e-03
7.139999999999999680e-01 7.646227576007398261e-03
7.159999999999999698e-01 7.791368851839316004e-03
7.179999999999999716e-01 7.938009183725426576e-03
7.199999999999999734e-01 8.085887990276889939e-03
7.219999999999999751e-01 8.234728563926190653e-03
7.239999999999999769e-01 8.384330095934641042e-03
7.259999999999999787e-01 8.534644704474365212e-03
7.279999999999999805e-01 8.685814247934457721e-03
7.299999999999999822e-01 8.838155403580570321e-03
7.319999999999999840e-01 8.992098167089053115e-03
7.339999999999999858e-01 9.148095338113714295e-03
7.359999999999999876e-01 9.306526673637108629e-03
7.379999999999999893e-01 9.467619075307411383e-03
7.399999999999999911e-01 9.631395203887395742e-03
7.419999999999999929e-01 9.797653103616143361e-03
7.439999999999999947e-01 9.965973091572450510e-03
7.459999999999999964e-01 1.013574380019274281e-02
7.479999999999999982e-01 1.030619957951460844e-02
7.500000000000000000e-01 1.047646442387351745e-02
7.520000000000000018e-01 1.064560408436768593e-02
7.540000000000000036e-01 1.081267217440973032e-02
7.560000000000000053e-01 1.097675839485401546e-02
7.580000000000000071e-01 1.113704103831927340e-02
7.600000000000000089e-01 1.129283694073402594e-02
7.620000000000000107e-01 1.144364358369142666e-02
7.640000000000000124e-01 1.158916838094768871e-02
7.660000000000000142e-01 1.172933928063513674e-02
7.680000000000000160e-01 1.186429168289326180e-02
7.700000000000000178e-01 1.199432859127556351e-02
7.720000000000000195e-01 1.211985550931240531e-02
7.740000000000000213e-01 1.224129740443291765e-02
7.760000000000000231e-01 1.235901234732328206e-02
7.780000000000000249e-01 1.247322087355371215e-02
7.800000000000000266e-01 1.258396867405606710e-02
7.820000000000000284e-01 1.269113353854661036e-02
7.840000000000000302e-01 1.279447707219419361e-02
7.860000000000000320e-01 1.289372672689595607e-02
7.880000000000000338e-01 1.298866296380790306e-02
7.900000000000000355e-01 1.307918382868544262e-02
7.920000000000000373e-01 1.316532633272754840e-02
7.940000000000000391e-01 1.324723894800063952e-02
7.960000000000000409e-01 1.332511731353235376e-02
7.980000000000000426e-01 1.339912834517378165e-02
8.000000000000000444e-01 1.346935102581653214e-02
8.020000000000000462e-01 1.353575493585792468e-02
8.040000000000000480e-01 1.359822334771023170e-02
8.060000000000000497e-01 1.365660857555097904e-02
8.080000000000000515e-01 1.371079428518544134e-02
8.100000000000000533e-01 1.376073896149564504e-02
8.120000000000000551e-01 1.380648398180104111e-02
8.140000000000000568e-01 1.384812628855689072e-02
8.160000000000000586e-01 1.388577028272877482e-02
8.180000000000000604e-01 1.391948120071806808e-02
8.200000000000000622e-01 1.394926034589599392e-02
8.220000000000000639e-01 1.397505153225108224e-02
8.240000000000000657e-01 1.399677314643746166e-02
8.260000000000000675e-01 1.401435933434173019e-02
8.280000000000000693e-01 1.402779039533008122e-02
8.300000000000000711e-01 1.403709923549707229e-02
8.320000000000000728e-01 1.404235259562267371e-02
8.339999999999999636e-01 1.404361764588393617e-02
8.359999999999999654e-01 1.404093029842512150e-02
8.379999999999999671e-01 1.403427989602523858e-02
8.399999999999999689e-01 1.402361706774166161e-02
8.419999999999999707e-01 1.400887983181990822e-02
8.439999999999999725e-01 1.399002338004962098e-02
8.459999999999999742e-01 1.396703899788075479e-02
8.479999999999999760e-01 1.393995443151042728e-02
8.499999999999999778e-01 1.390881665210876028e-02
8.519999999999999796e-01 1.387366692555909962e-02
8.539999999999999813e-01 1.383452076680305280e-02
8.559999999999999831e-01 1.379136273617730807e-02
8.579999999999999849e-01 1.374415793388273320e-02
8.599999999999999867e-01 1.369287244796037369e-02
8.619999999999999885e-01 1.363749110422933335e-02
8.639999999999999902e-01 1.357802437599987463e-02
8.659999999999999920e-01 1.351450144000485194e-02
8.679999999999999938e-01 1.344695346566770512e-02
8.699999999999999956e-01 1.337539681805038905e-02
8.719999999999999973e-01 1.329982491057245426e-02
8.739999999999999991e-01 1.322021296768658739e-02
8.760000000000000009e-01 1.313653215809464266e-02
8.780000000000000027e-01 1.304876458768701453e-02
8.800000000000000044e-01 1.295691150133974380e-02
8.820000000000000062e-01 1.286099097472463530e-02
8.840000000000000080e-01 1.276102615341399328e-02
8.860000000000000098e-01 1.265703136162611535e-02
8.880000000000000115e-01 1.254900457535869721e-02
8.900000000000000133e-01 1.243693025236170500e-02
8.920000000000000151e-01 1.232079085188742852e-02
8.940000000000000169e-01 1.220057956058025542e-02
8.960000000000000187e-01 1.207630660789498975e-02
8.980000000000000204e-01 1.194799520916011402e-02
9.000000000000000222e-01 1.181566827326404473e-02
9.020000000000000240e-01 1.167933310011311232e-02
9.040000000000000258e-01 1.153897430952577352e-02
9.060000000000000275e-01 1.139455992171395718e-02
9.080000000000000293e-01 1.124605771880552232e-02
9.100000000000000311e-01 1.109345358798821332e-02
9.120000000000000329e-01 1.093676108089645417e-02
9.140000000000000346e-01 1.077601600487901844e-02
9.160000000000000364e-01 1.061125721602869561e-02
9.180000000000000382e-01 1.044250299786990237e-02
9.200000000000000400e-01 1.026973697616842193e-02
9.220000000000000417e-01 1.009291285643164338e-02
9.240000000000000435e-01 9.911976768421417935e-03
9.260000000000000453e-01 9.726897032206350407e-03
9.280000000000000471e-01 9.537686556652855835e-03
9.300000000000000488e-01 9.344404398260343705e-03
9.320000000000000506e-01 9.147132827282052417e-03
9.340000000000000524e-01 8.945938749035211093e-03
9.360000000000000542e-01 8.740837268703890300e-03
9.380000000000000560e-01 8.531776031138428237e-03
9.400000000000000577e-01 8.318650771684954134e-03
9.420000000000000595e-01 8.101348700609261114e-03
9.440000000000000613e-01 7.879801869134119355e-03
9.460000000000000631e-01 7.654026392081847430e-03
9.480000000000000648e-01 7.424127106283593021e-03
9.500000000000000666e-01 7.190260810869792719e-03
9.520000000000000684e-01 6.952570191282881826e-03
9.540000000000000702e-01 6.711114730552935649e-03
9.560000000000000719e-01 6.465830032327805031e-03
9.580000000000000737e-01 6.216537213602212585e-03
9.599999999999999645e-01 5.963002897273561240e-03
9.619999999999999662e-01 5.705029805320772224e-03
9.639999999999999680e-01 5.442544886809615873e-03
9.659999999999999698e-01 5.175649957572043408e-03
9.679999999999999716e-01 4.904611839717892136e-03
9.699999999999999734e-01 4.629791133010364296e-03
9.719999999999999751e-01 4.351530113986546919e-03
9.739999999999999769e-01 4.070034225719998400e-03
9.759999999999999787e-01 3.785284687654567274e-03
9.779999999999999805e-01 3.497009478544600789e-03
9.799999999999999822e-01 3.204720695329092359e-03
9.819999999999999840e-01 2.907807357424877989e-03
9.839999999999999858e-01 2.605660109952305601e-03
9.859999999999999876e-01 2.297798275713718117e-03
9.879999999999999893e-01 1.983973790620942399e-03
9.899999999999999911e-01 1.664237774734299551e-03
9.919999999999999929e-01 1.338965666005450346e-03
9.939999999999999947e-01 1.008845243341185494e-03
9.959999999999999964e-01 6.748367035836674030e-04
9.979999999999999982e-01 3.381147199997519125e-04
