0.000000000000000000e+00 1.000000000000000000e+00
8.000000000000000000e+00 9.598282964802955274e-04
1.600000000000000000e+01 3.389808556371851788e-05
2.400000000000000000e+01 1.220027840939308409e-05
3.200000000000000000e+01 5.124247540054580341e-06
4.400000000000000000e+01 2.341259243312475956e-06
5.200000000000000000e+01 2.169487433691973599e-06
6.000000000000000000e+01 8.977031595221509418e-07
6.800000000000000000e+01 8.208905645660429176e-07
8.000000000000000000e+01 3.212580436451369807e-07
