0.000000000000000000e+00 1.000000000000000000e+00
8.000000000000000000e+00 1.374668920324602750e+00
1.600000000000000000e+01 3.605869510618827430e-03
2.400000000000000000e+01 1.784791489549178520e-03
3.200000000000000000e+01 6.916401205302078695e-04
4.400000000000000000e+01 6.435637878389079266e-04
5.200000000000000000e+01 6.117816178693868826e-04
6.000000000000000000e+01 1.692711975298793071e-04
6.800000000000000000e+01 1.792803591923848247e-04
8.000000000000000000e+01 3.575537943019745188e-05
