0.000000000000000000e+00 1.000000000000000000e+00
8.000000000000000000e+00 1.268360294898205958e-03
1.600000000000000000e+01 1.491657711948200934e-04
2.400000000000000000e+01 3.171685382704487311e-05
3.200000000000000000e+01 1.227834435451098405e-05
4.400000000000000000e+01 3.701462804252935698e-06
5.200000000000000000e+01 2.089322616723109841e-06
6.000000000000000000e+01 1.256568452086085736e-06
6.800000000000000000e+01 8.331966670320558587e-07
8.000000000000000000e+01 4.641378345795909797e-07
