0.000000000000000000e+00 1.000000000000000000e+00
8.000000000000000000e+00 1.268401641948625931e-03
1.600000000000000000e+01 1.492006877962815119e-04
2.400000000000000000e+01 3.188376155381616978e-05
3.200000000000000000e+01 1.684314745203696062e-05
4.400000000000000000e+01 3.715720901884465625e-06
5.200000000000000000e+01 2.114943179068700197e-06
6.000000000000000000e+01 1.262901358745936669e-06
6.800000000000000000e+01 8.847060414949729913e-07
8.000000000000000000e+01 4.668953124940654968e-07
