0.000000000000000000e+00 2.999935021184722481e-02
1.000000000000000021e-02 2.999935021184579539e-02
2.000000000000000042e-02 2.999935021184747808e-02
2.999999999999999889e-02 2.999935021184761338e-02
4.000000000000000083e-02 2.999935021185020506e-02
5.000000000000000278e-02 2.999935021184690909e-02
5.999999999999999778e-02 2.999935021184964995e-02
7.000000000000000666e-02 2.999935021184715542e-02
8.000000000000000167e-02 2.999935021184886239e-02
8.999999999999999667e-02 2.999935021184550049e-02
1.000000000000000056e-01 2.999935021185244632e-02
1.100000000000000006e-01 2.999935021184517089e-02
1.199999999999999956e-01 2.999935021184641643e-02
1.300000000000000044e-01 2.999935021184737399e-02
1.400000000000000133e-01 2.999935021184369291e-02
1.499999999999999944e-01 2.999935021185107936e-02
1.600000000000000033e-01 2.999935021184666969e-02
1.700000000000000122e-01 2.999935021184369985e-02
1.799999999999999933e-01 2.999935021184377618e-02
1.900000000000000022e-01 2.999935021184315515e-02
2.000000000000000111e-01 2.999935021184738440e-02
2.099999999999999922e-01 2.999935021184639214e-02
2.200000000000000011e-01 2.999935021184332515e-02
2.300000000000000100e-01 2.999935021184760298e-02
2.399999999999999911e-01 2.999935021185106201e-02
2.500000000000000000e-01 2.999935021184632622e-02
2.600000000000000089e-01 2.999935021184640602e-02
2.700000000000000178e-01 2.999935021184896647e-02
2.800000000000000266e-01 2.999935021184866463e-02
2.899999999999999800e-01 2.999935021184570866e-02
2.999999999999999889e-01 2.999935021184625683e-02
3.099999999999999978e-01 2.999935021184696807e-02
3.200000000000000067e-01 2.999935021184653786e-02
3.300000000000000155e-01 2.999935021184589601e-02
3.400000000000000244e-01 2.999935021184844952e-02
3.500000000000000333e-01 2.999935021184912259e-02
3.599999999999999867e-01 2.999935021184521600e-02
3.699999999999999956e-01 2.999935021184834197e-02
3.800000000000000044e-01 2.999935021184530273e-02
3.900000000000000133e-01 2.999935021184958750e-02
4.000000000000000222e-01 2.999935021185040282e-02
4.100000000000000311e-01 2.999935021184734277e-02
4.199999999999999845e-01 2.999935021184593417e-02
4.299999999999999933e-01 2.999935021184830033e-02
4.400000000000000022e-01 2.999935021184637479e-02
4.500000000000000111e-01 2.999935021184804013e-02
4.600000000000000200e-01 2.999935021184629499e-02
4.700000000000000289e-01 2.999935021185032302e-02
4.799999999999999822e-01 2.999935021184471640e-02
4.899999999999999911e-01 2.999935021184828299e-02
5.000000000000000000e-01 2.999935021184264167e-02
5.100000000000000089e-01 2.999935021184517089e-02
5.200000000000000178e-01 2.999935021184466089e-02
5.300000000000000266e-01 2.999935021184670786e-02
5.400000000000000355e-01 2.999935021184226697e-02
5.500000000000000444e-01 2.999935021184406414e-02
5.600000000000000533e-01 2.999935021184206574e-02
5.700000000000000622e-01 2.999935021184556641e-02
5.799999999999999600e-01 2.999935021184669745e-02
5.899999999999999689e-01 2.999935021184674602e-02
5.999999999999999778e-01 2.999935021184722134e-02
6.099999999999999867e-01 2.999935021184441455e-02
6.199999999999999956e-01 2.999935021184368250e-02
6.300000000000000044e-01 2.999935021184530967e-02
6.400000000000000133e-01 2.999935021184574335e-02
6.500000000000000222e-01 2.999935021184622908e-02
6.600000000000000311e-01 2.999935021184381434e-02
6.700000000000000400e-01 2.999935021184733236e-02
6.800000000000000488e-01 2.999935021184578846e-02
6.900000000000000577e-01 2.999935021184751624e-02
7.000000000000000666e-01 2.999935021184239187e-02
7.099999999999999645e-01 2.999935021184798462e-02
7.199999999999999734e-01 2.999935021184246126e-02
7.299999999999999822e-01 2.999935021184785278e-02
7.399999999999999911e-01 2.999935021184345352e-02
7.500000000000000000e-01 2.999935021184882422e-02
7.600000000000000089e-01 2.999935021185010792e-02
7.700000000000000178e-01 2.999935021184411271e-02
7.800000000000000266e-01 2.999935021184692643e-02
7.900000000000000355e-01 2.999935021184657602e-02
8.000000000000000444e-01 2.999935021184673561e-02
8.100000000000000533e-01 2.999935021184539641e-02
8.200000000000000622e-01 2.999935021184634704e-02
8.300000000000000711e-01 2.999935021184544151e-02
8.399999999999999689e-01 2.999935021184893177e-02
8.499999999999999778e-01 2.999935021184409883e-02
8.599999999999999867e-01 2.999935021184773482e-02
8.699999999999999956e-01 2.999935021184773482e-02
8.800000000000000044e-01 2.999935021184669051e-02
8.900000000000000133e-01 2.999935021184831074e-02
9.000000000000000222e-01 2.999935021184881381e-02
9.100000000000000311e-01 2.999935021184835238e-02
9.200000000000000400e-01 2.999935021184433476e-02
9.300000000000000488e-01 2.999935021184625336e-02
9.400000000000000577e-01 2.999935021184628806e-02
9.500000000000000666e-01 2.999935021184722828e-02
9.599999999999999645e-01 2.999935021184809911e-02
9.699999999999999734e-01 2.999935021184475803e-02
9.799999999999999822e-01 2.999935021184653439e-02
9.899999999999999911e-01 2.999935021184663500e-02
1.000000000000000000e+00 2.999935021184681888e-02
1.010000000000000009e+00 2.999935021184732889e-02
1.020000000000000018e+00 2.999935021184657602e-02
1.030000000000000027e+00 2.999935021184810258e-02
1.040000000000000036e+00 2.999935021184498007e-02
1.050000000000000044e+00 2.999935021184576417e-02
1.060000000000000053e+00 2.999935021184592723e-02
1.070000000000000062e+00 2.999935021184625336e-02
1.080000000000000071e+00 2.999935021184568784e-02
1.090000000000000080e+00 2.999935021184501477e-02
1.100000000000000089e+00 2.999935021184561845e-02
1.110000000000000098e+00 2.999935021184612499e-02
1.120000000000000107e+00 2.999935021184581968e-02
1.130000000000000115e+00 2.999935021184562539e-02
1.140000000000000124e+00 2.999935021184479272e-02
1.150000000000000133e+00 2.999935021184679113e-02
1.159999999999999920e+00 2.999935021184546580e-02
1.169999999999999929e+00 2.999935021184408496e-02
1.179999999999999938e+00 2.999935021184631928e-02
1.189999999999999947e+00 2.999935021184854320e-02
1.199999999999999956e+00 2.999935021184485864e-02
1.209999999999999964e+00 2.999935021184584744e-02
1.219999999999999973e+00 2.999935021184449435e-02
1.229999999999999982e+00 2.999935021184581274e-02
1.239999999999999991e+00 2.999935021184640602e-02
1.250000000000000000e+00 2.999935021184572601e-02
1.260000000000000009e+00 2.999935021184662459e-02
1.270000000000000018e+00 2.999935021184553519e-02
1.280000000000000027e+00 2.999935021184564274e-02
1.290000000000000036e+00 2.999935021184703399e-02
1.300000000000000044e+00 2.999935021184702011e-02
1.310000000000000053e+00 2.999935021184620826e-02
1.320000000000000062e+00 2.999935021184644418e-02
1.330000000000000071e+00 2.999935021184531314e-02
1.340000000000000080e+00 2.999935021184542416e-02
1.350000000000000089e+00 2.999935021184575723e-02
1.360000000000000098e+00 2.999935021184628806e-02
1.370000000000000107e+00 2.999935021184443884e-02
1.380000000000000115e+00 2.999935021184529232e-02
1.390000000000000124e+00 2.999935021184707562e-02
1.400000000000000133e+00 2.999935021184496967e-02
1.409999999999999920e+00 2.999935021184695766e-02
1.419999999999999929e+00 2.999935021184663153e-02
1.429999999999999938e+00 2.999935021184577111e-02
1.439999999999999947e+00 2.999935021184742950e-02
1.449999999999999956e+00 2.999935021184588907e-02
1.459999999999999964e+00 2.999935021184594458e-02
1.469999999999999973e+00 2.999935021184400516e-02
1.479999999999999982e+00 2.999935021184508416e-02
1.489999999999999991e+00 2.999935021184613193e-02
1.500000000000000000e+00 2.999935021184656214e-02
1.510000000000000009e+00 2.999935021184636785e-02
1.520000000000000018e+00 2.999935021184577805e-02
1.530000000000000027e+00 2.999935021184486211e-02
1.540000000000000036e+00 2.999935021184666969e-02
1.550000000000000044e+00 2.999935021184508416e-02
1.560000000000000053e+00 2.999935021184602091e-02
1.570000000000000062e+00 2.999935021184576764e-02
1.580000000000000071e+00 2.999935021184722481e-02
1.590000000000000080e+00 2.999935021184697848e-02
1.600000000000000089e+00 2.999935021184575723e-02
1.610000000000000098e+00 2.999935021184534090e-02
1.620000000000000107e+00 2.999935021184567049e-02
1.630000000000000115e+00 2.999935021184649969e-02
1.640000000000000124e+00 2.999935021184678766e-02
1.650000000000000133e+00 2.999935021184535824e-02
1.660000000000000142e+00 2.999935021184627071e-02
1.669999999999999929e+00 2.999935021184801237e-02
1.679999999999999938e+00 2.999935021184489334e-02
1.689999999999999947e+00 2.999935021184657602e-02
1.699999999999999956e+00 2.999935021184574335e-02
1.709999999999999964e+00 2.999935021184609377e-02
1.719999999999999973e+00 2.999935021184635744e-02
1.729999999999999982e+00 2.999935021184488987e-02
1.739999999999999991e+00 2.999935021184570172e-02
1.750000000000000000e+00 2.999935021184595152e-02
1.760000000000000009e+00 2.999935021184531314e-02
1.770000000000000018e+00 2.999935021184498354e-02
1.780000000000000027e+00 2.999935021184533396e-02
1.790000000000000036e+00 2.999935021184597234e-02
1.800000000000000044e+00 2.999935021184460537e-02
1.810000000000000053e+00 2.999935021184525763e-02
1.820000000000000062e+00 2.999935021184382128e-02
1.830000000000000071e+00 2.999935021184661765e-02
1.840000000000000080e+00 2.999935021184660031e-02
1.850000000000000089e+00 2.999935021184414741e-02
1.860000000000000098e+00 2.999935021184668010e-02
1.870000000000000107e+00 2.999935021184468170e-02
1.880000000000000115e+00 2.999935021184773482e-02
1.890000000000000124e+00 2.999935021184629153e-02
1.900000000000000133e+00 2.999935021184653439e-02
1.910000000000000142e+00 2.999935021184572947e-02
1.919999999999999929e+00 2.999935021184496620e-02
1.929999999999999938e+00 2.999935021184516049e-02
1.939999999999999947e+00 2.999935021184495579e-02
1.949999999999999956e+00 2.999935021184585437e-02
1.959999999999999964e+00 2.999935021184563927e-02
1.969999999999999973e+00 2.999935021184520212e-02
1.979999999999999982e+00 2.999935021184578499e-02
1.989999999999999991e+00 2.999935021184526457e-02
2.000000000000000000e+00 2.999935021184406414e-02
2.010000000000000231e+00 2.999935021184632622e-02
2.020000000000000018e+00 2.999935021184568090e-02
2.030000000000000249e+00 2.999935021184643030e-02
2.040000000000000036e+00 2.999935021184579886e-02
2.049999999999999822e+00 2.999935021184495926e-02
2.060000000000000053e+00 2.999935021184606254e-02
2.069999999999999840e+00 2.999935021184521600e-02
2.080000000000000071e+00 2.999935021184571560e-02
2.089999999999999858e+00 2.999935021184623601e-02
2.100000000000000089e+00 2.999935021184573641e-02
2.109999999999999876e+00 2.999935021184695766e-02
2.120000000000000107e+00 2.999935021184729766e-02
2.129999999999999893e+00 2.999935021184601397e-02
2.140000000000000124e+00 2.999935021184618744e-02
2.149999999999999911e+00 2.999935021184594111e-02
2.160000000000000142e+00 2.999935021184513967e-02
2.169999999999999929e+00 2.999935021184553866e-02
2.180000000000000160e+00 2.999935021184595846e-02
2.189999999999999947e+00 2.999935021184654826e-02
2.200000000000000178e+00 2.999935021184583703e-02
2.209999999999999964e+00 2.999935021184541722e-02
2.220000000000000195e+00 2.999935021184536171e-02
2.229999999999999982e+00 2.999935021184537906e-02
2.240000000000000213e+00 2.999935021184558723e-02
2.250000000000000000e+00 2.999935021184669398e-02
2.260000000000000231e+00 2.999935021184555600e-02
2.270000000000000018e+00 2.999935021184607989e-02
2.280000000000000249e+00 2.999935021184457068e-02
2.290000000000000036e+00 2.999935021184495232e-02
2.300000000000000266e+00 2.999935021184629153e-02
2.310000000000000053e+00 2.999935021184442496e-02
2.319999999999999840e+00 2.999935021184604172e-02
2.330000000000000071e+00 2.999935021184518477e-02
2.339999999999999858e+00 2.999935021184568437e-02
2.350000000000000089e+00 2.999935021184563233e-02
2.359999999999999876e+00 2.999935021184477885e-02
2.370000000000000107e+00 2.999935021184646500e-02
2.379999999999999893e+00 2.999935021184607295e-02
2.390000000000000124e+00 2.999935021184604519e-02
2.399999999999999911e+00 2.999935021184559417e-02
2.410000000000000142e+00 2.999935021184622908e-02
2.419999999999999929e+00 2.999935021184594458e-02
2.430000000000000160e+00 2.999935021184632622e-02
2.439999999999999947e+00 2.999935021184365475e-02
2.450000000000000178e+00 2.999935021184487946e-02
2.459999999999999964e+00 2.999935021184527151e-02
2.470000000000000195e+00 2.999935021184488293e-02
2.479999999999999982e+00 2.999935021184606254e-02
2.490000000000000213e+00 2.999935021184501824e-02
2.500000000000000000e+00 2.999935021184687439e-02
2.510000000000000231e+00 2.999935021184578499e-02
2.520000000000000018e+00 2.999935021184595846e-02
2.530000000000000249e+00 2.999935021184683276e-02
2.540000000000000036e+00 2.999935021184608683e-02
2.550000000000000266e+00 2.999935021184481354e-02
2.560000000000000053e+00 2.999935021184448741e-02
2.569999999999999840e+00 2.999935021184491415e-02
2.580000000000000071e+00 2.999935021184686745e-02
2.589999999999999858e+00 2.999935021184545192e-02
2.600000000000000089e+00 2.999935021184532702e-02
2.609999999999999876e+00 2.999935021184545192e-02
2.620000000000000107e+00 2.999935021184600009e-02
2.629999999999999893e+00 2.999935021184455680e-02
2.640000000000000124e+00 2.999935021184546580e-02
2.649999999999999911e+00 2.999935021184562192e-02
2.660000000000000142e+00 2.999935021184440415e-02
2.669999999999999929e+00 2.999935021184463660e-02
2.680000000000000160e+00 2.999935021184434863e-02
2.689999999999999947e+00 2.999935021184437639e-02
2.700000000000000178e+00 2.999935021184561498e-02
2.709999999999999964e+00 2.999935021184572947e-02
2.720000000000000195e+00 2.999935021184525069e-02
2.729999999999999982e+00 2.999935021184595499e-02
2.740000000000000213e+00 2.999935021184632275e-02
2.750000000000000000e+00 2.999935021184447700e-02
2.760000000000000231e+00 2.999935021184483089e-02
2.770000000000000018e+00 2.999935021184632622e-02
2.780000000000000249e+00 2.999935021184628112e-02
2.790000000000000036e+00 2.999935021184496620e-02
2.800000000000000266e+00 2.999935021184641989e-02
2.810000000000000053e+00 2.999935021184573988e-02
2.819999999999999840e+00 2.999935021184626724e-02
2.830000000000000071e+00 2.999935021184533049e-02
2.839999999999999858e+00 2.999935021184631234e-02
2.850000000000000089e+00 2.999935021184675643e-02
2.859999999999999876e+00 2.999935021184628806e-02
2.870000000000000107e+00 2.999935021184548661e-02
2.879999999999999893e+00 2.999935021184521600e-02
2.890000000000000124e+00 2.999935021184617356e-02
2.899999999999999911e+00 2.999935021184535477e-02
2.910000000000000142e+00 2.999935021184574682e-02
2.919999999999999929e+00 2.999935021184585437e-02
2.930000000000000160e+00 2.999935021184634010e-02
2.939999999999999947e+00 2.999935021184582662e-02
2.950000000000000178e+00 2.999935021184589601e-02
2.959999999999999964e+00 2.999935021184566009e-02
2.970000000000000195e+00 2.999935021184504252e-02
2.979999999999999982e+00 2.999935021184651010e-02
2.990000000000000213e+00 2.999935021184509110e-02
3.000000000000000000e+00 2.999935021184647888e-02
3.010000000000000231e+00 2.999935021184697848e-02
3.020000000000000018e+00 2.999935021184614928e-02
3.030000000000000249e+00 2.999935021184548661e-02
3.040000000000000036e+00 2.999935021184657949e-02
3.050000000000000266e+00 2.999935021184628806e-02
3.060000000000000053e+00 2.999935021184595152e-02
3.070000000000000284e+00 2.999935021184540682e-02
3.080000000000000071e+00 2.999935021184585784e-02
3.089999999999999858e+00 2.999935021184679459e-02
3.100000000000000089e+00 2.999935021184646500e-02
3.109999999999999876e+00 2.999935021184666276e-02
3.120000000000000107e+00 2.999935021184549355e-02
3.129999999999999893e+00 2.999935021184626377e-02
3.140000000000000124e+00 2.999935021184560457e-02
3.149999999999999911e+00 2.999935021184653786e-02
3.160000000000000142e+00 2.999935021184609724e-02
3.169999999999999929e+00 2.999935021184773482e-02
3.180000000000000160e+00 2.999935021184583356e-02
3.189999999999999947e+00 2.999935021184476150e-02
3.200000000000000178e+00 2.999935021184621173e-02
3.209999999999999964e+00 2.999935021184561845e-02
3.220000000000000195e+00 2.999935021184642336e-02
3.229999999999999982e+00 2.999935021184613540e-02
3.240000000000000213e+00 2.999935021184610417e-02
3.250000000000000000e+00 2.999935021184624295e-02
3.260000000000000231e+00 2.999935021184517436e-02
3.270000000000000018e+00 2.999935021184490375e-02
3.280000000000000249e+00 2.999935021184621867e-02
3.290000000000000036e+00 2.999935021184622214e-02
3.300000000000000266e+00 2.999935021184578846e-02
3.310000000000000053e+00 2.999935021184631928e-02
3.320000000000000284e+00 2.999935021184632622e-02
3.330000000000000071e+00 2.999935021184709991e-02
3.339999999999999858e+00 2.999935021184651010e-02
3.350000000000000089e+00 2.999935021184656214e-02
3.359999999999999876e+00 2.999935021184526110e-02
3.370000000000000107e+00 2.999935021184578152e-02
3.379999999999999893e+00 2.999935021184636438e-02
3.390000000000000124e+00 2.999935021184690909e-02
3.399999999999999911e+00 2.999935021184596193e-02
3.410000000000000142e+00 2.999935021184579192e-02
3.419999999999999929e+00 2.999935021184644418e-02
3.430000000000000160e+00 2.999935021184706174e-02
3.439999999999999947e+00 2.999935021184557682e-02
3.450000000000000178e+00 2.999935021184681194e-02
3.459999999999999964e+00 2.999935021184716930e-02
3.470000000000000195e+00 2.999935021184635744e-02
3.479999999999999982e+00 2.999935021184580580e-02
3.490000000000000213e+00 2.999935021184657255e-02
3.500000000000000000e+00 2.999935021184546233e-02
3.510000000000000231e+00 2.999935021184589601e-02
3.520000000000000018e+00 2.999935021184631928e-02
3.530000000000000249e+00 2.999935021184536171e-02
3.540000000000000036e+00 2.999935021184559070e-02
3.550000000000000266e+00 2.999935021184563233e-02
3.560000000000000053e+00 2.999935021184625336e-02
3.570000000000000284e+00 2.999935021184685704e-02
3.580000000000000071e+00 2.999935021184766543e-02
3.589999999999999858e+00 2.999935021184628459e-02
3.600000000000000089e+00 2.999935021184649969e-02
3.609999999999999876e+00 2.999935021184687786e-02
3.620000000000000107e+00 2.999935021184573641e-02
3.629999999999999893e+00 2.999935021184649622e-02
3.640000000000000124e+00 2.999935021184665235e-02
3.649999999999999911e+00 2.999935021184624642e-02
3.660000000000000142e+00 2.999935021184606254e-02
3.669999999999999929e+00 2.999935021184642336e-02
3.680000000000000160e+00 2.999935021184682582e-02
3.689999999999999947e+00 2.999935021184635398e-02
3.700000000000000178e+00 2.999935021184635398e-02
3.709999999999999964e+00 2.999935021184660378e-02
3.720000000000000195e+00 2.999935021184498701e-02
3.729999999999999982e+00 2.999935021184643030e-02
3.740000000000000213e+00 2.999935021184645806e-02
3.750000000000000000e+00 2.999935021184567743e-02
3.760000000000000231e+00 2.999935021184668704e-02
3.770000000000000018e+00 2.999935021184597581e-02
3.780000000000000249e+00 2.999935021184605907e-02
3.790000000000000036e+00 2.999935021184639908e-02
3.800000000000000266e+00 2.999935021184627765e-02
3.810000000000000053e+00 2.999935021184605560e-02
3.820000000000000284e+00 2.999935021184644418e-02
3.830000000000000071e+00 2.999935021184597581e-02
3.839999999999999858e+00 2.999935021184644765e-02
3.850000000000000089e+00 2.999935021184631928e-02
3.859999999999999876e+00 2.999935021184606948e-02
3.870000000000000107e+00 2.999935021184676337e-02
3.879999999999999893e+00 2.999935021184587519e-02
3.890000000000000124e+00 2.999935021184609724e-02
3.899999999999999911e+00 2.999935021184634704e-02
3.910000000000000142e+00 2.999935021184625683e-02
3.919999999999999929e+00 2.999935021184601397e-02
3.930000000000000160e+00 2.999935021184647888e-02
3.939999999999999947e+00 2.999935021184652745e-02
3.950000000000000178e+00 2.999935021184624295e-02
3.959999999999999964e+00 2.999935021184638173e-02
3.970000000000000195e+00 2.999935021184622908e-02
3.979999999999999982e+00 2.999935021184621520e-02
3.990000000000000213e+00 2.999935021184659684e-02
4.000000000000000000e+00 2.999935021184631581e-02
4.009999999999999787e+00 2.999935021184595499e-02
4.020000000000000462e+00 2.999935021184644418e-02
4.030000000000000249e+00 2.999935021184614581e-02
4.040000000000000036e+00 2.999935021184600703e-02
4.049999999999999822e+00 2.999935021184646500e-02
4.060000000000000497e+00 2.999935021184657255e-02
4.070000000000000284e+00 2.999935021184641643e-02
4.080000000000000071e+00 2.999935021184650316e-02
4.089999999999999858e+00 2.999935021184654133e-02
4.099999999999999645e+00 2.999935021184602091e-02
4.110000000000000320e+00 2.999935021184612152e-02
4.120000000000000107e+00 2.999935021184625683e-02
4.129999999999999893e+00 2.999935021184671827e-02
4.139999999999999680e+00 2.999935021184652745e-02
4.150000000000000355e+00 2.999935021184636438e-02
4.160000000000000142e+00 2.999935021184638173e-02
4.169999999999999929e+00 2.999935021184601397e-02
4.179999999999999716e+00 2.999935021184590989e-02
4.190000000000000391e+00 2.999935021184633316e-02
4.200000000000000178e+00 2.999935021184617356e-02
4.209999999999999964e+00 2.999935021184642336e-02
4.219999999999999751e+00 2.999935021184626724e-02
4.230000000000000426e+00 2.999935021184616316e-02
4.240000000000000213e+00 2.999935021184653439e-02
4.250000000000000000e+00 2.999935021184614234e-02
4.259999999999999787e+00 2.999935021184638173e-02
4.270000000000000462e+00 2.999935021184620132e-02
4.280000000000000249e+00 2.999935021184656908e-02
4.290000000000000036e+00 2.999935021184641989e-02
4.299999999999999822e+00 2.999935021184636785e-02
4.310000000000000497e+00 2.999935021184636785e-02
4.320000000000000284e+00 2.999935021184607295e-02
4.330000000000000071e+00 2.999935021184596540e-02
4.339999999999999858e+00 2.999935021184626377e-02
4.350000000000000533e+00 2.999935021184627418e-02
4.360000000000000320e+00 2.999935021184657602e-02
4.370000000000000107e+00 2.999935021184643724e-02
4.379999999999999893e+00 2.999935021184637479e-02
4.389999999999999680e+00 2.999935021184626377e-02
4.400000000000000355e+00 2.999935021184643030e-02
4.410000000000000142e+00 2.999935021184620132e-02
4.419999999999999929e+00 2.999935021184629846e-02
4.429999999999999716e+00 2.999935021184613193e-02
4.440000000000000391e+00 2.999935021184658296e-02
4.450000000000000178e+00 2.999935021184644071e-02
4.459999999999999964e+00 2.999935021184631928e-02
4.469999999999999751e+00 2.999935021184635398e-02
4.480000000000000426e+00 2.999935021184642683e-02
4.490000000000000213e+00 2.999935021184639561e-02
4.500000000000000000e+00 2.999935021184641989e-02
4.509999999999999787e+00 2.999935021184636091e-02
4.520000000000000462e+00 2.999935021184638173e-02
4.530000000000000249e+00 2.999935021184642336e-02
4.540000000000000036e+00 2.999935021184640255e-02
4.549999999999999822e+00 2.999935021184637826e-02
4.560000000000000497e+00 2.999935021184633663e-02
4.570000000000000284e+00 2.999935021184639214e-02
4.580000000000000071e+00 2.999935021184643724e-02
4.589999999999999858e+00 2.999935021184633316e-02
4.600000000000000533e+00 2.999935021184630193e-02
4.610000000000000320e+00 2.999935021184632275e-02
4.620000000000000107e+00 2.999935021184628806e-02
4.629999999999999893e+00 2.999935021184639561e-02
4.639999999999999680e+00 2.999935021184635051e-02
4.650000000000000355e+00 2.999935021184635398e-02
4.660000000000000142e+00 2.999935021184636785e-02
4.669999999999999929e+00 2.999935021184636091e-02
4.679999999999999716e+00 2.999935021184632622e-02
4.690000000000000391e+00 2.999935021184638520e-02
4.700000000000000178e+00 2.999935021184627418e-02
4.709999999999999964e+00 2.999935021184630193e-02
4.719999999999999751e+00 2.999935021184629153e-02
4.730000000000000426e+00 2.999935021184633316e-02
4.740000000000000213e+00 2.999935021184629499e-02
4.750000000000000000e+00 2.999935021184635051e-02
4.759999999999999787e+00 2.999935021184631581e-02
4.770000000000000462e+00 2.999935021184629846e-02
4.780000000000000249e+00 2.999935021184629499e-02
4.790000000000000036e+00 2.999935021184629153e-02
4.799999999999999822e+00 2.999935021184627765e-02
4.810000000000000497e+00 2.999935021184627765e-02
4.820000000000000284e+00 2.999935021184628112e-02
4.830000000000000071e+00 2.999935021184627418e-02
4.839999999999999858e+00 2.999935021184625336e-02
4.850000000000000533e+00 2.999935021184626724e-02
4.860000000000000320e+00 2.999935021184625336e-02
4.870000000000000107e+00 2.999935021184624989e-02
4.879999999999999893e+00 2.999935021184624642e-02
4.889999999999999680e+00 2.999935021184626377e-02
4.900000000000000355e+00 2.999935021184624989e-02
4.910000000000000142e+00 2.999935021184623601e-02
4.919999999999999929e+00 2.999935021184622214e-02
4.929999999999999716e+00 2.999935021184622561e-02
4.940000000000000391e+00 2.999935021184623601e-02
4.950000000000000178e+00 2.999935021184622214e-02
4.959999999999999964e+00 2.999935021184621520e-02
4.969999999999999751e+00 2.999935021184622214e-02
4.980000000000000426e+00 2.999935021184622561e-02
4.990000000000000213e+00 2.999935021184623601e-02
5.000000000000000000e+00 2.999935021184623948e-02
5.009999999999999787e+00 2.999935021184623948e-02
5.020000000000000462e+00 2.999935021184623601e-02
5.030000000000000249e+00 2.999935021184623601e-02
5.040000000000000036e+00 2.999935021184623254e-02
5.049999999999999822e+00 2.999935021184623948e-02
5.060000000000000497e+00 2.999935021184623948e-02
5.070000000000000284e+00 2.999935021184623601e-02
5.080000000000000071e+00 2.999935021184622214e-02
5.089999999999999858e+00 2.999935021184622908e-02
5.100000000000000533e+00 2.999935021184621867e-02
5.110000000000000320e+00 2.999935021184622214e-02
5.120000000000000107e+00 2.999935021184621867e-02
5.129999999999999893e+00 2.999935021184622214e-02
5.139999999999999680e+00 2.999935021184621520e-02
5.150000000000000355e+00 2.999935021184621173e-02
5.160000000000000142e+00 2.999935021184620826e-02
5.169999999999999929e+00 2.999935021184621173e-02
5.179999999999999716e+00 2.999935021184619785e-02
5.190000000000000391e+00 2.999935021184620479e-02
5.200000000000000178e+00 2.999935021184619785e-02
5.209999999999999964e+00 2.999935021184618050e-02
5.219999999999999751e+00 2.999935021184617009e-02
5.230000000000000426e+00 2.999935021184619438e-02
5.240000000000000213e+00 2.999935021184613540e-02
5.250000000000000000e+00 2.999935021184615622e-02
5.259999999999999787e+00 2.999935021184617356e-02
5.270000000000000462e+00 2.999935021184612499e-02
5.280000000000000249e+00 2.999935021184611111e-02
5.290000000000000036e+00 2.999935021184615275e-02
5.299999999999999822e+00 2.999935021184610417e-02
5.310000000000000497e+00 2.999935021184614581e-02
5.320000000000000284e+00 2.999935021184609724e-02
5.330000000000000071e+00 2.999935021184610764e-02
5.339999999999999858e+00 2.999935021184609724e-02
5.350000000000000533e+00 2.999935021184613887e-02
5.360000000000000320e+00 2.999935021184611805e-02
5.370000000000000107e+00 2.999935021184619438e-02
5.379999999999999893e+00 2.999935021184615275e-02
5.389999999999999680e+00 2.999935021184617703e-02
5.400000000000000355e+00 2.999935021184611458e-02
5.410000000000000142e+00 2.999935021184612499e-02
5.419999999999999929e+00 2.999935021184616316e-02
5.429999999999999716e+00 2.999935021184613540e-02
5.440000000000000391e+00 2.999935021184615275e-02
5.450000000000000178e+00 2.999935021184610764e-02
5.459999999999999964e+00 2.999935021184607642e-02
5.469999999999999751e+00 2.999935021184609377e-02
5.480000000000000426e+00 2.999935021184609030e-02
5.490000000000000213e+00 2.999935021184615969e-02
5.500000000000000000e+00 2.999935021184614928e-02
5.509999999999999787e+00 2.999935021184620132e-02
5.520000000000000462e+00 2.999935021184612152e-02
5.530000000000000249e+00 2.999935021184609724e-02
5.540000000000000036e+00 2.999935021184611805e-02
5.549999999999999822e+00 2.999935021184608683e-02
5.560000000000000497e+00 2.999935021184587519e-02
5.570000000000000284e+00 2.999935021184600009e-02
5.580000000000000071e+00 2.999935021184601050e-02
5.589999999999999858e+00 2.999935021184613540e-02
5.600000000000000533e+00 2.999935021184628806e-02
5.610000000000000320e+00 2.999935021184622908e-02
5.620000000000000107e+00 2.999935021184620132e-02
5.629999999999999893e+00 2.999935021184601744e-02
5.639999999999999680e+00 2.999935021184629153e-02
5.650000000000000355e+00 2.999935021184600009e-02
5.660000000000000142e+00 2.999935021184619438e-02
5.669999999999999929e+00 2.999935021184591336e-02
5.679999999999999716e+00 2.999935021184629499e-02
5.690000000000000391e+00 2.999935021184622908e-02
5.700000000000000178e+00 2.999935021184559764e-02
5.709999999999999964e+00 2.999935021184622214e-02
5.719999999999999751e+00 2.999935021184629846e-02
5.730000000000000426e+00 2.999935021184592029e-02
5.740000000000000213e+00 2.999935021184610417e-02
5.750000000000000000e+00 2.999935021184604172e-02
5.759999999999999787e+00 2.999935021184621520e-02
5.770000000000000462e+00 2.999935021184611805e-02
5.780000000000000249e+00 2.999935021184648928e-02
5.790000000000000036e+00 2.999935021184656908e-02
5.799999999999999822e+00 2.999935021184615275e-02
5.810000000000000497e+00 2.999935021184588213e-02
5.820000000000000284e+00 2.999935021184593764e-02
5.830000000000000071e+00 2.999935021184612499e-02
5.839999999999999858e+00 2.999935021184581968e-02
5.850000000000000533e+00 2.999935021184649275e-02
5.860000000000000320e+00 2.999935021184611805e-02
5.870000000000000107e+00 2.999935021184595152e-02
5.879999999999999893e+00 2.999935021184618050e-02
5.889999999999999680e+00 2.999935021184627071e-02
5.900000000000000355e+00 2.999935021184587866e-02
5.910000000000000142e+00 2.999935021184661071e-02
5.919999999999999929e+00 2.999935021184591682e-02
5.929999999999999716e+00 2.999935021184622908e-02
5.940000000000000391e+00 2.999935021184606948e-02
5.950000000000000178e+00 2.999935021184610071e-02
5.959999999999999964e+00 2.999935021184575723e-02
5.969999999999999751e+00 2.999935021184596540e-02
5.980000000000000426e+00 2.999935021184631234e-02
5.990000000000000213e+00 2.999935021184626377e-02
6.000000000000000000e+00 2.999935021184670786e-02
6.009999999999999787e+00 2.999935021184635051e-02
6.020000000000000462e+00 2.999935021184624295e-02
6.030000000000000249e+00 2.999935021184627418e-02
6.040000000000000036e+00 2.999935021184626377e-02
6.049999999999999822e+00 2.999935021184644071e-02
6.060000000000000497e+00 2.999935021184617703e-02
6.070000000000000284e+00 2.999935021184602785e-02
6.080000000000000071e+00 2.999935021184576417e-02
6.089999999999999858e+00 2.999935021184603479e-02
6.100000000000000533e+00 2.999935021184600703e-02
6.110000000000000320e+00 2.999935021184554212e-02
6.120000000000000107e+00 2.999935021184583356e-02
6.129999999999999893e+00 2.999935021184621867e-02
6.140000000000000568e+00 2.999935021184642336e-02
6.150000000000000355e+00 2.999935021184599662e-02
6.160000000000000142e+00 2.999935021184602785e-02
6.169999999999999929e+00 2.999935021184583703e-02
6.179999999999999716e+00 2.999935021184653439e-02
6.190000000000000391e+00 2.999935021184643724e-02
6.200000000000000178e+00 2.999935021184611111e-02
6.209999999999999964e+00 2.999935021184633316e-02
6.219999999999999751e+00 2.999935021184543804e-02
6.230000000000000426e+00 2.999935021184632969e-02
6.240000000000000213e+00 2.999935021184628112e-02
6.250000000000000000e+00 2.999935021184574335e-02
6.259999999999999787e+00 2.999935021184627765e-02
6.270000000000000462e+00 2.999935021184597234e-02
6.280000000000000249e+00 2.999935021184598968e-02
6.290000000000000036e+00 2.999935021184614581e-02
6.299999999999999822e+00 2.999935021184687092e-02
6.310000000000000497e+00 2.999935021184648928e-02
6.320000000000000284e+00 2.999935021184568784e-02
6.330000000000000071e+00 2.999935021184623948e-02
6.339999999999999858e+00 2.999935021184659684e-02
6.350000000000000533e+00 2.999935021184584050e-02
6.360000000000000320e+00 2.999935021184568784e-02
6.370000000000000107e+00 2.999935021184702705e-02
6.379999999999999893e+00 2.999935021184635398e-02
6.390000000000000568e+00 2.999935021184561151e-02
6.400000000000000355e+00 2.999935021184590295e-02
6.410000000000000142e+00 2.999935021184570172e-02
6.419999999999999929e+00 2.999935021184624295e-02
6.429999999999999716e+00 2.999935021184581968e-02
6.440000000000000391e+00 2.999935021184725603e-02
6.450000000000000178e+00 2.999935021184614234e-02
6.459999999999999964e+00 2.999935021184695419e-02
6.469999999999999751e+00 2.999935021184658296e-02
6.480000000000000426e+00 2.999935021184593417e-02
6.490000000000000213e+00 2.999935021184581968e-02
6.500000000000000000e+00 2.999935021184618744e-02
6.509999999999999787e+00 2.999935021184698541e-02
6.520000000000000462e+00 2.999935021184658296e-02
6.530000000000000249e+00 2.999935021184660031e-02
6.540000000000000036e+00 2.999935021184685358e-02
6.549999999999999822e+00 2.999935021184581968e-02
6.560000000000000497e+00 2.999935021184459844e-02
6.570000000000000284e+00 2.999935021184587172e-02
6.580000000000000071e+00 2.999935021184639908e-02
6.589999999999999858e+00 2.999935021184621867e-02
6.600000000000000533e+00 2.999935021184618397e-02
6.610000000000000320e+00 2.999935021184504599e-02
6.620000000000000107e+00 2.999935021184647194e-02
6.629999999999999893e+00 2.999935021184557335e-02
6.640000000000000568e+00 2.999935021184699235e-02
6.650000000000000355e+00 2.999935021184617356e-02
6.660000000000000142e+00 2.999935021184645459e-02
6.669999999999999929e+00 2.999935021184573294e-02
6.679999999999999716e+00 2.999935021184704093e-02
6.690000000000000391e+00 2.999935021184507375e-02
6.700000000000000178e+00 2.999935021184588560e-02
6.709999999999999964e+00 2.999935021184552825e-02
6.719999999999999751e+00 2.999935021184542416e-02
6.730000000000000426e+00 2.999935021184663847e-02
6.740000000000000213e+00 2.999935021184660378e-02
6.750000000000000000e+00 2.999935021184648234e-02
6.759999999999999787e+00 2.999935021184602091e-02
6.770000000000000462e+00 2.999935021184659684e-02
6.780000000000000249e+00 2.999935021184712766e-02
6.790000000000000036e+00 2.999935021184676684e-02
6.799999999999999822e+00 2.999935021184728726e-02
6.810000000000000497e+00 2.999935021184692643e-02
6.820000000000000284e+00 2.999935021184515355e-02
6.830000000000000071e+00 2.999935021184740175e-02
6.839999999999999858e+00 2.999935021184584744e-02
6.850000000000000533e+00 2.999935021184661071e-02
6.860000000000000320e+00 2.999935021184722481e-02
6.870000000000000107e+00 2.999935021184783543e-02
6.879999999999999893e+00 2.999935021184660724e-02
6.890000000000000568e+00 2.999935021184681194e-02
6.900000000000000355e+00 2.999935021184611111e-02
6.910000000000000142e+00 2.999935021184497660e-02
6.919999999999999929e+00 2.999935021184647194e-02
6.929999999999999716e+00 2.999935021184602091e-02
6.940000000000000391e+00 2.999935021184561151e-02
6.950000000000000178e+00 2.999935021184583703e-02
6.959999999999999964e+00 2.999935021184624295e-02
6.969999999999999751e+00 2.999935021184748155e-02
6.980000000000000426e+00 2.999935021184637479e-02
6.990000000000000213e+00 2.999935021184605213e-02
7.000000000000000000e+00 2.999935021184608336e-02
7.009999999999999787e+00 2.999935021184740869e-02
7.020000000000000462e+00 2.999935021184664888e-02
7.030000000000000249e+00 2.999935021184616316e-02
7.040000000000000036e+00 2.999935021184596887e-02
7.049999999999999822e+00 2.999935021184612499e-02
7.060000000000000497e+00 2.999935021184617703e-02
7.070000000000000284e+00 2.999935021184669398e-02
7.080000000000000071e+00 2.999935021184618397e-02
7.089999999999999858e+00 2.999935021184528885e-02
7.100000000000000533e+00 2.999935021184694725e-02
7.110000000000000320e+00 2.999935021184756481e-02
7.120000000000000107e+00 2.999935021184584744e-02
7.129999999999999893e+00 2.999935021184614928e-02
7.140000000000000568e+00 2.999935021184624295e-02
7.150000000000000355e+00 2.999935021184771400e-02
7.160000000000000142e+00 2.999935021184607989e-02
7.169999999999999929e+00 2.999935021184725603e-02
7.179999999999999716e+00 2.999935021184687439e-02
7.190000000000000391e+00 2.999935021184577805e-02
7.200000000000000178e+00 2.999935021184598274e-02
7.209999999999999964e+00 2.999935021184653786e-02
7.219999999999999751e+00 2.999935021184714848e-02
7.230000000000000426e+00 2.999935021184637132e-02
7.240000000000000213e+00 2.999935021184681541e-02
7.250000000000000000e+00 2.999935021184665235e-02
7.259999999999999787e+00 2.999935021184581968e-02
7.270000000000000462e+00 2.999935021184597927e-02
7.280000000000000249e+00 2.999935021184685704e-02
7.290000000000000036e+00 2.999935021184552131e-02
7.299999999999999822e+00 2.999935021184501477e-02
7.310000000000000497e+00 2.999935021184667663e-02
7.320000000000000284e+00 2.999935021184559764e-02
7.330000000000000071e+00 2.999935021184641296e-02
7.339999999999999858e+00 2.999935021184644765e-02
7.350000000000000533e+00 2.999935021184618050e-02
7.360000000000000320e+00 2.999935021184617356e-02
7.370000000000000107e+00 2.999935021184687786e-02
7.379999999999999893e+00 2.999935021184743644e-02
7.390000000000000568e+00 2.999935021184700276e-02
7.400000000000000355e+00 2.999935021184548314e-02
7.410000000000000142e+00 2.999935021184712419e-02
7.419999999999999929e+00 2.999935021184624989e-02
7.429999999999999716e+00 2.999935021184606948e-02
7.440000000000000391e+00 2.999935021184584744e-02
7.450000000000000178e+00 2.999935021184546233e-02
7.459999999999999964e+00 2.999935021184630193e-02
7.469999999999999751e+00 2.999935021184686745e-02
7.480000000000000426e+00 2.999935021184660378e-02
7.490000000000000213e+00 2.999935021184727685e-02
7.500000000000000000e+00 2.999935021184632622e-02
7.509999999999999787e+00 2.999935021184604866e-02
7.520000000000000462e+00 2.999935021184589601e-02
7.530000000000000249e+00 2.999935021184534784e-02
7.540000000000000036e+00 2.999935021184514661e-02
7.549999999999999822e+00 2.999935021184743991e-02
7.560000000000000497e+00 2.999935021184576417e-02
7.570000000000000284e+00 2.999935021184624295e-02
7.580000000000000071e+00 2.999935021184693684e-02
7.589999999999999858e+00 2.999935021184416822e-02
7.600000000000000533e+00 2.999935021184639908e-02
7.610000000000000320e+00 2.999935021184575723e-02
7.620000000000000107e+00 2.999935021184706174e-02
7.629999999999999893e+00 2.999935021184748501e-02
7.640000000000000568e+00 2.999935021184660031e-02
7.650000000000000355e+00 2.999935021184592029e-02
7.660000000000000142e+00 2.999935021184618744e-02
7.669999999999999929e+00 2.999935021184805400e-02
7.679999999999999716e+00 2.999935021184698541e-02
7.690000000000000391e+00 2.999935021184582662e-02
7.700000000000000178e+00 2.999935021184683276e-02
7.709999999999999964e+00 2.999935021184463660e-02
7.719999999999999751e+00 2.999935021184633316e-02
7.730000000000000426e+00 2.999935021184590989e-02
7.740000000000000213e+00 2.999935021184743644e-02
7.750000000000000000e+00 2.999935021184714501e-02
7.759999999999999787e+00 2.999935021184651357e-02
7.770000000000000462e+00 2.999935021184562539e-02
7.780000000000000249e+00 2.999935021184554212e-02
7.790000000000000036e+00 2.999935021184747114e-02
7.799999999999999822e+00 2.999935021184537559e-02
7.810000000000000497e+00 2.999935021184790829e-02
7.820000000000000284e+00 2.999935021184681888e-02
7.830000000000000071e+00 2.999935021184685358e-02
7.839999999999999858e+00 2.999935021184558376e-02
7.850000000000000533e+00 2.999935021184736705e-02
7.860000000000000320e+00 2.999935021184579192e-02
7.870000000000000107e+00 2.999935021184606254e-02
7.879999999999999893e+00 2.999935021184654133e-02
7.890000000000000568e+00 2.999935021184646847e-02
7.900000000000000355e+00 2.999935021184661071e-02
7.910000000000000142e+00 2.999935021184609377e-02
7.919999999999999929e+00 2.999935021184535131e-02
7.930000000000000604e+00 2.999935021184653439e-02
7.940000000000000391e+00 2.999935021184746073e-02
7.950000000000000178e+00 2.999935021184688133e-02
7.959999999999999964e+00 2.999935021184788747e-02
7.969999999999999751e+00 2.999935021184646500e-02
7.980000000000000426e+00 2.999935021184735318e-02
7.990000000000000213e+00 2.999935021184682582e-02
8.000000000000000000e+00 2.999935021184695766e-02
8.009999999999999787e+00 2.999935021184570866e-02
8.019999999999999574e+00 2.999935021184536865e-02
8.029999999999999361e+00 2.999935021184664888e-02
8.040000000000000924e+00 2.999935021184784584e-02
8.050000000000000711e+00 2.999935021184760298e-02
8.060000000000000497e+00 2.999935021184454986e-02
8.070000000000000284e+00 2.999935021184658643e-02
8.080000000000000071e+00 2.999935021184690909e-02
8.089999999999999858e+00 2.999935021184719358e-02
8.099999999999999645e+00 2.999935021184620132e-02
8.109999999999999432e+00 2.999935021184706174e-02
8.120000000000000995e+00 2.999935021184670786e-02
8.130000000000000782e+00 2.999935021184544498e-02
8.140000000000000568e+00 2.999935021184598621e-02
8.150000000000000355e+00 2.999935021184669398e-02
8.160000000000000142e+00 2.999935021184540335e-02
8.169999999999999929e+00 2.999935021184521600e-02
8.179999999999999716e+00 2.999935021184576417e-02
8.189999999999999503e+00 2.999935021184689521e-02
8.199999999999999289e+00 2.999935021184489334e-02
8.210000000000000853e+00 2.999935021184509804e-02
8.220000000000000639e+00 2.999935021184580580e-02
8.230000000000000426e+00 2.999935021184689868e-02
8.240000000000000213e+00 2.999935021184663153e-02
8.250000000000000000e+00 2.999935021184652745e-02
8.259999999999999787e+00 2.999935021184605560e-02
8.269999999999999574e+00 2.999935021184524722e-02
8.279999999999999361e+00 2.999935021184634010e-02
8.290000000000000924e+00 2.999935021184641296e-02
8.300000000000000711e+00 2.999935021184713113e-02
8.310000000000000497e+00 2.999935021184525763e-02
8.320000000000000284e+00 2.999935021184536518e-02
8.330000000000000071e+00 2.999935021184576417e-02
8.339999999999999858e+00 2.999935021184629153e-02
8.349999999999999645e+00 2.999935021184479619e-02
8.359999999999999432e+00 2.999935021184710338e-02
8.370000000000000995e+00 2.999935021184655867e-02
8.380000000000000782e+00 2.999935021184580580e-02
8.390000000000000568e+00 2.999935021184601397e-02
8.400000000000000355e+00 2.999935021184567743e-02
8.410000000000000142e+00 2.999935021184652051e-02
8.419999999999999929e+00 2.999935021184704440e-02
8.429999999999999716e+00 2.999935021184538947e-02
8.439999999999999503e+00 2.999935021184665929e-02
8.449999999999999289e+00 2.999935021184557682e-02
8.460000000000000853e+00 2.999935021184645459e-02
8.470000000000000639e+00 2.999935021184579886e-02
8.480000000000000426e+00 2.999935021184769318e-02
8.490000000000000213e+00 2.999935021184727338e-02
8.500000000000000000e+00 2.999935021184522294e-02
8.509999999999999787e+00 2.999935021184765502e-02
8.519999999999999574e+00 2.999935021184608336e-02
8.529999999999999361e+00 2.999935021184653786e-02
8.540000000000000924e+00 2.999935021184727685e-02
8.550000000000000711e+00 2.999935021184549008e-02
8.560000000000000497e+00 2.999935021184638867e-02
8.570000000000000284e+00 2.999935021184613540e-02
8.580000000000000071e+00 2.999935021184652051e-02
8.589999999999999858e+00 2.999935021184663847e-02
8.599999999999999645e+00 2.999935021184520906e-02
8.609999999999999432e+00 2.999935021184581968e-02
8.620000000000000995e+00 2.999935021184663153e-02
8.630000000000000782e+00 2.999935021184512232e-02
8.640000000000000568e+00 2.999935021184398434e-02
8.650000000000000355e+00 2.999935021184754053e-02
8.660000000000000142e+00 2.999935021184566702e-02
8.669999999999999929e+00 2.999935021184572947e-02
8.679999999999999716e+00 2.999935021184577111e-02
8.689999999999999503e+00 2.999935021184679113e-02
8.700000000000001066e+00 2.999935021184554212e-02
8.710000000000000853e+00 2.999935021184745379e-02
8.720000000000000639e+00 2.999935021184565315e-02
8.730000000000000426e+00 2.999935021184568437e-02
8.740000000000000213e+00 2.999935021184575376e-02
8.750000000000000000e+00 2.999935021184647194e-02
8.759999999999999787e+00 2.999935021184760298e-02
8.769999999999999574e+00 2.999935021184746420e-02
8.779999999999999361e+00 2.999935021184567396e-02
8.790000000000000924e+00 2.999935021184606254e-02
8.800000000000000711e+00 2.999935021184675643e-02
8.810000000000000497e+00 2.999935021184567396e-02
8.820000000000000284e+00 2.999935021184638867e-02
8.830000000000000071e+00 2.999935021184664541e-02
8.839999999999999858e+00 2.999935021184579539e-02
8.849999999999999645e+00 2.999935021184662459e-02
8.859999999999999432e+00 2.999935021184700970e-02
8.870000000000000995e+00 2.999935021184474415e-02
8.880000000000000782e+00 2.999935021184701317e-02
8.890000000000000568e+00 2.999935021184645806e-02
8.900000000000000355e+00 2.999935021184516742e-02
8.910000000000000142e+00 2.999935021184566702e-02
8.919999999999999929e+00 2.999935021184731154e-02
8.929999999999999716e+00 2.999935021184531314e-02
8.939999999999999503e+00 2.999935021184568784e-02
8.950000000000001066e+00 2.999935021184613193e-02
8.960000000000000853e+00 2.999935021184492803e-02
8.970000000000000639e+00 2.999935021184510844e-02
8.980000000000000426e+00 2.999935021184686398e-02
8.990000000000000213e+00 2.999935021184623601e-02
9.000000000000000000e+00 2.999935021184496620e-02
9.009999999999999787e+00 2.999935021184788747e-02
9.019999999999999574e+00 2.999935021184620826e-02
9.029999999999999361e+00 2.999935021184670092e-02
9.040000000000000924e+00 2.999935021184754053e-02
9.050000000000000711e+00 2.999935021184480660e-02
9.060000000000000497e+00 2.999935021184494191e-02
9.070000000000000284e+00 2.999935021184652398e-02
9.080000000000000071e+00 2.999935021184459844e-02
9.089999999999999858e+00 2.999935021184920933e-02
9.099999999999999645e+00 2.999935021184638173e-02
9.109999999999999432e+00 2.999935021184765849e-02
9.120000000000000995e+00 2.999935021184623601e-02
9.130000000000000782e+00 2.999935021184573294e-02
9.140000000000000568e+00 2.999935021184750930e-02
9.150000000000000355e+00 2.999935021184662112e-02
9.160000000000000142e+00 2.999935021184542416e-02
9.169999999999999929e+00 2.999935021184552478e-02
9.179999999999999716e+00 2.999935021184826564e-02
9.189999999999999503e+00 2.999935021184332168e-02
9.200000000000001066e+00 2.999935021184384903e-02
9.210000000000000853e+00 2.999935021184557335e-02
9.220000000000000639e+00 2.999935021184418904e-02
9.230000000000000426e+00 2.999935021184488293e-02
9.240000000000000213e+00 2.999935021184618397e-02
9.250000000000000000e+00 2.999935021184530273e-02
9.259999999999999787e+00 2.999935021184798808e-02
9.269999999999999574e+00 2.999935021184668010e-02
9.279999999999999361e+00 2.999935021184772441e-02
9.290000000000000924e+00 2.999935021184525763e-02
9.300000000000000711e+00 2.999935021184231207e-02
9.310000000000000497e+00 2.999935021184455680e-02
9.320000000000000284e+00 2.999935021184648234e-02
9.330000000000000071e+00 2.999935021184764114e-02
9.339999999999999858e+00 2.999935021184807482e-02
9.349999999999999645e+00 2.999935021185052425e-02
9.359999999999999432e+00 2.999935021184400863e-02
9.370000000000000995e+00 2.999935021184272840e-02
9.380000000000000782e+00 2.999935021184525763e-02
9.390000000000000568e+00 2.999935021184738440e-02
9.400000000000000355e+00 2.999935021184647888e-02
9.410000000000000142e+00 2.999935021184758910e-02
9.419999999999999929e+00 2.999935021184667316e-02
9.429999999999999716e+00 2.999935021184515355e-02
9.439999999999999503e+00 2.999935021184629846e-02
9.450000000000001066e+00 2.999935021184548661e-02
9.460000000000000853e+00 2.999935021184235717e-02
9.470000000000000639e+00 2.999935021184566702e-02
9.480000000000000426e+00 2.999935021184496620e-02
9.490000000000000213e+00 2.999935021184515702e-02
9.500000000000000000e+00 2.999935021184774869e-02
9.509999999999999787e+00 2.999935021184714848e-02
9.519999999999999574e+00 2.999935021184867850e-02
9.529999999999999361e+00 2.999935021184637132e-02
9.540000000000000924e+00 2.999935021184744338e-02
9.550000000000000711e+00 2.999935021184698541e-02
9.560000000000000497e+00 2.999935021184584744e-02
9.570000000000000284e+00 2.999935021184564621e-02
9.580000000000000071e+00 2.999935021184580927e-02
9.589999999999999858e+00 2.999935021184709644e-02
9.599999999999999645e+00 2.999935021184477191e-02
9.609999999999999432e+00 2.999935021184071612e-02
9.620000000000000995e+00 2.999935021184636785e-02
9.630000000000000782e+00 2.999935021184859524e-02
9.640000000000000568e+00 2.999935021184871667e-02
9.650000000000000355e+00 2.999935021184611111e-02
9.660000000000000142e+00 2.999935021184766543e-02
9.669999999999999929e+00 2.999935021184756134e-02
9.679999999999999716e+00 2.999935021184681194e-02
9.689999999999999503e+00 2.999935021184427231e-02
9.700000000000001066e+00 2.999935021184303024e-02
9.710000000000000853e+00 2.999935021184553172e-02
9.720000000000000639e+00 2.999935021184882769e-02
9.730000000000000426e+00 2.999935021184594111e-02
9.740000000000000213e+00 2.999935021184589948e-02
9.750000000000000000e+00 2.999935021184379699e-02
9.759999999999999787e+00 2.999935021184539988e-02
9.769999999999999574e+00 2.999935021184509804e-02
9.779999999999999361e+00 2.999935021184765155e-02
9.790000000000000924e+00 2.999935021184690562e-02
9.800000000000000711e+00 2.999935021184540335e-02
9.810000000000000497e+00 2.999935021184869585e-02
9.820000000000000284e+00 2.999935021184757522e-02
9.830000000000000071e+00 2.999935021184706174e-02
9.839999999999999858e+00 2.999935021184390108e-02
9.849999999999999645e+00 2.999935021184749195e-02
9.859999999999999432e+00 2.999935021184518477e-02
9.870000000000000995e+00 2.999935021184612846e-02
9.880000000000000782e+00 2.999935021184678419e-02
9.890000000000000568e+00 2.999935021184882769e-02
9.900000000000000355e+00 2.999935021184558029e-02
9.910000000000000142e+00 2.999935021184287412e-02
9.919999999999999929e+00 2.999935021184126083e-02
9.929999999999999716e+00 2.999935021184689868e-02
9.939999999999999503e+00 2.999935021184829687e-02
9.950000000000001066e+00 2.999935021184696460e-02
9.960000000000000853e+00 2.999935021184765849e-02
9.970000000000000639e+00 2.999935021184491069e-02
