0.000000000000000000e+00 2.999935839871102627e-02
1.000000000000000021e-02 2.999935839871097423e-02
2.000000000000000042e-02 2.999935839871094995e-02
2.999999999999999889e-02 2.999935839870907298e-02
4.000000000000000083e-02 2.999935839870801479e-02
5.000000000000000278e-02 2.999935839870868440e-02
5.999999999999999778e-02 2.999935839870895155e-02
7.000000000000000666e-02 2.999935839870742499e-02
8.000000000000000167e-02 2.999935839870939910e-02
8.999999999999999667e-02 2.999935839871169241e-02
1.000000000000000056e-01 2.999935839871289284e-02
1.100000000000000006e-01 2.999935839870868787e-02
1.199999999999999956e-01 2.999935839871350346e-02
1.300000000000000044e-01 2.999935839870891338e-02
1.400000000000000133e-01 2.999935839870751172e-02
1.499999999999999944e-01 2.999935839870842419e-02
1.600000000000000033e-01 2.999935839870893420e-02
1.700000000000000122e-01 2.999935839871030463e-02
1.799999999999999933e-01 2.999935839870803214e-02
1.900000000000000022e-01 2.999935839871065504e-02
2.000000000000000111e-01 2.999935839870939910e-02
2.099999999999999922e-01 2.999935839871150159e-02
2.200000000000000011e-01 2.999935839870533291e-02
2.300000000000000100e-01 2.999935839871076260e-02
2.399999999999999911e-01 2.999935839871228568e-02
2.500000000000000000e-01 2.999935839871005136e-02
2.600000000000000089e-01 2.999935839871107138e-02
2.700000000000000178e-01 2.999935839870756377e-02
2.800000000000000266e-01 2.999935839870905910e-02
2.899999999999999800e-01 2.999935839871075566e-02
2.999999999999999889e-01 2.999935839870876073e-02
3.099999999999999978e-01 2.999935839871187282e-02
3.200000000000000067e-01 2.999935839871227528e-02
3.300000000000000155e-01 2.999935839870812929e-02
3.400000000000000244e-01 2.999935839870702600e-02
3.500000000000000333e-01 2.999935839870778581e-02
3.599999999999999867e-01 2.999935839871120669e-02
3.699999999999999956e-01 2.999935839871474552e-02
3.800000000000000044e-01 2.999935839870888216e-02
3.900000000000000133e-01 2.999935839870684906e-02
4.000000000000000222e-01 2.999935839870975299e-02
4.100000000000000311e-01 2.999935839871016238e-02
4.199999999999999845e-01 2.999935839871149465e-02
4.299999999999999933e-01 2.999935839871282692e-02
4.400000000000000022e-01 2.999935839871010340e-02
4.500000000000000111e-01 2.999935839871190058e-02
4.600000000000000200e-01 2.999935839871101240e-02
4.700000000000000289e-01 2.999935839870854562e-02
4.799999999999999822e-01 2.999935839870934359e-02
4.899999999999999911e-01 2.999935839870728274e-02
5.000000000000000000e-01 2.999935839871020749e-02
5.100000000000000089e-01 2.999935839870876766e-02
5.200000000000000178e-01 2.999935839871203935e-02
5.300000000000000266e-01 2.999935839870867052e-02
5.400000000000000355e-01 2.999935839871017279e-02
5.500000000000000444e-01 2.999935839871103668e-02
5.600000000000000533e-01 2.999935839870634946e-02
5.700000000000000622e-01 2.999935839870785867e-02
5.799999999999999600e-01 2.999935839871012769e-02
5.899999999999999689e-01 2.999935839870988136e-02
5.999999999999999778e-01 2.999935839870970788e-02
6.099999999999999867e-01 2.999935839870784826e-02
6.199999999999999956e-01 2.999935839870909379e-02
6.300000000000000044e-01 2.999935839870801479e-02
6.400000000000000133e-01 2.999935839870894461e-02
6.500000000000000222e-01 2.999935839871062382e-02
6.600000000000000311e-01 2.999935839870833398e-02
6.700000000000000400e-01 2.999935839871013116e-02
6.800000000000000488e-01 2.999935839871093607e-02
6.900000000000000577e-01 2.999935839870781357e-02
7.000000000000000666e-01 2.999935839871099852e-02
7.099999999999999645e-01 2.999935839870818133e-02
7.199999999999999734e-01 2.999935839870712662e-02
7.299999999999999822e-01 2.999935839871213997e-02
7.399999999999999911e-01 2.999935839870866705e-02
7.500000000000000000e-01 2.999935839870975993e-02
7.600000000000000089e-01 2.999935839870874338e-02
7.700000000000000178e-01 2.999935839871133506e-02
7.800000000000000266e-01 2.999935839870570067e-02
7.900000000000000355e-01 2.999935839870842419e-02
8.000000000000000444e-01 2.999935839870932971e-02
8.100000000000000533e-01 2.999935839871115117e-02
8.200000000000000622e-01 2.999935839870840684e-02
8.300000000000000711e-01 2.999935839871125526e-02
8.399999999999999689e-01 2.999935839871156751e-02
8.499999999999999778e-01 2.999935839870953441e-02
8.599999999999999867e-01 2.999935839871206364e-02
8.699999999999999956e-01 2.999935839870972870e-02
8.800000000000000044e-01 2.999935839870985360e-02
8.900000000000000133e-01 2.999935839871199078e-02
9.000000000000000222e-01 2.999935839870764703e-02
9.100000000000000311e-01 2.999935839871042606e-02
9.200000000000000400e-01 2.999935839870677273e-02
9.300000000000000488e-01 2.999935839870710233e-02
9.400000000000000577e-01 2.999935839871124832e-02
9.500000000000000666e-01 2.999935839871022136e-02
9.599999999999999645e-01 2.999935839870740070e-02
9.699999999999999734e-01 2.999935839871098117e-02
9.799999999999999822e-01 2.999935839870876420e-02
9.899999999999999911e-01 2.999935839870765744e-02
1.000000000000000000e+00 2.999935839870816745e-02
1.010000000000000009e+00 2.999935839870884052e-02
1.020000000000000018e+00 2.999935839871021095e-02
1.030000000000000027e+00 2.999935839870910073e-02
1.040000000000000036e+00 2.999935839870815704e-02
1.050000000000000044e+00 2.999935839870905563e-02
1.060000000000000053e+00 2.999935839870899665e-02
1.070000000000000062e+00 2.999935839870907645e-02
1.080000000000000071e+00 2.999935839870966972e-02
1.090000000000000080e+00 2.999935839870913543e-02
1.100000000000000089e+00 2.999935839870750132e-02
1.110000000000000098e+00 2.999935839871136628e-02
1.120000000000000107e+00 2.999935839870967319e-02
1.130000000000000115e+00 2.999935839870929502e-02
1.140000000000000124e+00 2.999935839871079035e-02
1.150000000000000133e+00 2.999935839871006177e-02
1.159999999999999920e+00 2.999935839870970788e-02
1.169999999999999929e+00 2.999935839870804255e-02
1.179999999999999938e+00 2.999935839870957605e-02
1.189999999999999947e+00 2.999935839870735213e-02
1.199999999999999956e+00 2.999935839870868093e-02
1.209999999999999964e+00 2.999935839870979809e-02
1.219999999999999973e+00 2.999935839870912155e-02
1.229999999999999982e+00 2.999935839871001320e-02
1.239999999999999991e+00 2.999935839871025606e-02
1.250000000000000000e+00 2.999935839871165424e-02
1.260000000000000009e+00 2.999935839870951360e-02
1.270000000000000018e+00 2.999935839871021442e-02
1.280000000000000027e+00 2.999935839870938176e-02
1.290000000000000036e+00 2.999935839870786908e-02
1.300000000000000044e+00 2.999935839871035320e-02
1.310000000000000053e+00 2.999935839871109566e-02
1.320000000000000062e+00 2.999935839870893073e-02
1.330000000000000071e+00 2.999935839871031851e-02
1.340000000000000080e+00 2.999935839870931237e-02
1.350000000000000089e+00 2.999935839870943727e-02
1.360000000000000098e+00 2.999935839870915277e-02
1.370000000000000107e+00 2.999935839870935400e-02
1.380000000000000115e+00 2.999935839871051974e-02
1.390000000000000124e+00 2.999935839870730703e-02
1.400000000000000133e+00 2.999935839871051280e-02
1.409999999999999920e+00 2.999935839871035320e-02
1.419999999999999929e+00 2.999935839870884052e-02
1.429999999999999938e+00 2.999935839870924992e-02
1.439999999999999947e+00 2.999935839870923604e-02
1.449999999999999956e+00 2.999935839870877807e-02
1.459999999999999964e+00 2.999935839870960727e-02
1.469999999999999973e+00 2.999935839870963156e-02
1.479999999999999982e+00 2.999935839870907645e-02
1.489999999999999991e+00 2.999935839870879889e-02
1.500000000000000000e+00 2.999935839871081464e-02
1.510000000000000009e+00 2.999935839871068280e-02
1.520000000000000018e+00 2.999935839870996462e-02
1.530000000000000027e+00 2.999935839871141485e-02
1.540000000000000036e+00 2.999935839870905910e-02
1.550000000000000044e+00 2.999935839870902093e-02
1.560000000000000053e+00 2.999935839870936094e-02
1.570000000000000062e+00 2.999935839870892032e-02
1.580000000000000071e+00 2.999935839870820908e-02
1.590000000000000080e+00 2.999935839870845888e-02
1.600000000000000089e+00 2.999935839871019361e-02
1.610000000000000098e+00 2.999935839870886828e-02
1.620000000000000107e+00 2.999935839871019361e-02
1.630000000000000115e+00 2.999935839870968707e-02
1.640000000000000124e+00 2.999935839871024218e-02
1.650000000000000133e+00 2.999935839871023524e-02
1.660000000000000142e+00 2.999935839871004442e-02
1.669999999999999929e+00 2.999935839870879195e-02
1.679999999999999938e+00 2.999935839871008952e-02
1.689999999999999947e+00 2.999935839870904175e-02
1.699999999999999956e+00 2.999935839870940257e-02
1.709999999999999964e+00 2.999935839871003401e-02
1.719999999999999973e+00 2.999935839870881277e-02
1.729999999999999982e+00 2.999935839870961768e-02
1.739999999999999991e+00 2.999935839871029075e-02
1.750000000000000000e+00 2.999935839870965931e-02
1.760000000000000009e+00 2.999935839870886481e-02
1.770000000000000018e+00 2.999935839870935053e-02
1.780000000000000027e+00 2.999935839871043647e-02
1.790000000000000036e+00 2.999935839870732784e-02
1.800000000000000044e+00 2.999935839870927767e-02
1.810000000000000053e+00 2.999935839871047463e-02
1.820000000000000062e+00 2.999935839870833398e-02
1.830000000000000071e+00 2.999935839870988830e-02
1.840000000000000080e+00 2.999935839871094301e-02
1.850000000000000089e+00 2.999935839871037402e-02
1.860000000000000098e+00 2.999935839870946155e-02
1.870000000000000107e+00 2.999935839871064464e-02
1.880000000000000115e+00 2.999935839870988830e-02
1.890000000000000124e+00 2.999935839870851439e-02
1.900000000000000133e+00 2.999935839870974605e-02
1.910000000000000142e+00 2.999935839870992993e-02
1.919999999999999929e+00 2.999935839870964197e-02
1.929999999999999938e+00 2.999935839870981891e-02
1.939999999999999947e+00 2.999935839870996809e-02
1.949999999999999956e+00 2.999935839871115464e-02
1.959999999999999964e+00 2.999935839870998544e-02
1.969999999999999973e+00 2.999935839871038790e-02
1.979999999999999982e+00 2.999935839870956911e-02
1.989999999999999991e+00 2.999935839870977033e-02
2.000000000000000000e+00 2.999935839870919094e-02
2.010000000000000231e+00 2.999935839870982585e-02
2.020000000000000018e+00 2.999935839871060300e-02
2.030000000000000249e+00 2.999935839870974605e-02
2.040000000000000036e+00 2.999935839871079382e-02
2.049999999999999822e+00 2.999935839870930543e-02
2.060000000000000053e+00 2.999935839871025606e-02
2.069999999999999840e+00 2.999935839870975646e-02
2.080000000000000071e+00 2.999935839871012075e-02
2.089999999999999858e+00 2.999935839870915277e-02
2.100000000000000089e+00 2.999935839871054055e-02
2.109999999999999876e+00 2.999935839871085974e-02
2.120000000000000107e+00 2.999935839870965584e-02
2.129999999999999893e+00 2.999935839870877113e-02
2.140000000000000124e+00 2.999935839871022136e-02
2.149999999999999911e+00 2.999935839871106097e-02
2.160000000000000142e+00 2.999935839870909726e-02
2.169999999999999929e+00 2.999935839870976340e-02
2.180000000000000160e+00 2.999935839870909032e-02
2.189999999999999947e+00 2.999935839871015891e-02
2.200000000000000178e+00 2.999935839871072096e-02
2.209999999999999964e+00 2.999935839870945115e-02
2.220000000000000195e+00 2.999935839870923951e-02
2.229999999999999982e+00 2.999935839871042953e-02
2.240000000000000213e+00 2.999935839870956564e-02
2.250000000000000000e+00 2.999935839870961074e-02
2.260000000000000231e+00 2.999935839871020055e-02
2.270000000000000018e+00 2.999935839870959686e-02
2.280000000000000249e+00 2.999935839870884052e-02
2.290000000000000036e+00 2.999935839871060647e-02
2.300000000000000266e+00 2.999935839870999585e-02
2.310000000000000053e+00 2.999935839870920135e-02
2.319999999999999840e+00 2.999935839870910073e-02
2.330000000000000071e+00 2.999935839870995768e-02
2.339999999999999858e+00 2.999935839871122750e-02
2.350000000000000089e+00 2.999935839871009646e-02
2.359999999999999876e+00 2.999935839871024218e-02
2.370000000000000107e+00 2.999935839871064464e-02
2.379999999999999893e+00 2.999935839870992993e-02
2.390000000000000124e+00 2.999935839870963850e-02
2.399999999999999911e+00 2.999935839871063770e-02
2.410000000000000142e+00 2.999935839870981197e-02
2.419999999999999929e+00 2.999935839870868787e-02
2.430000000000000160e+00 2.999935839871001320e-02
2.439999999999999947e+00 2.999935839870988136e-02
2.450000000000000178e+00 2.999935839871067933e-02
2.459999999999999964e+00 2.999935839870868093e-02
2.470000000000000195e+00 2.999935839871047116e-02
2.479999999999999982e+00 2.999935839870867052e-02
2.490000000000000213e+00 2.999935839871071402e-02
2.500000000000000000e+00 2.999935839871022136e-02
2.510000000000000231e+00 2.999935839870895501e-02
2.520000000000000018e+00 2.999935839870973911e-02
2.530000000000000249e+00 2.999935839871004095e-02
2.540000000000000036e+00 2.999935839870938176e-02
2.550000000000000266e+00 2.999935839871082505e-02
2.560000000000000053e+00 2.999935839870975299e-02
2.569999999999999840e+00 2.999935839870960380e-02
2.580000000000000071e+00 2.999935839871065504e-02
2.589999999999999858e+00 2.999935839870998544e-02
2.600000000000000089e+00 2.999935839870986748e-02
2.609999999999999876e+00 2.999935839871019361e-02
2.620000000000000107e+00 2.999935839870983625e-02
2.629999999999999893e+00 2.999935839870908685e-02
2.640000000000000124e+00 2.999935839871011381e-02
2.649999999999999911e+00 2.999935839871028381e-02
2.660000000000000142e+00 2.999935839870940951e-02
2.669999999999999929e+00 2.999935839871015891e-02
2.680000000000000160e+00 2.999935839870983278e-02
2.689999999999999947e+00 2.999935839870961768e-02
2.700000000000000178e+00 2.999935839871011381e-02
2.709999999999999964e+00 2.999935839870954829e-02
2.720000000000000195e+00 2.999935839871080423e-02
2.729999999999999982e+00 2.999935839870963503e-02
2.740000000000000213e+00 2.999935839871046769e-02
2.750000000000000000e+00 2.999935839870888216e-02
2.760000000000000231e+00 2.999935839871072096e-02
2.770000000000000018e+00 2.999935839871017626e-02
2.780000000000000249e+00 2.999935839870986748e-02
2.790000000000000036e+00 2.999935839871050933e-02
2.800000000000000266e+00 2.999935839871009299e-02
2.810000000000000053e+00 2.999935839870996462e-02
2.819999999999999840e+00 2.999935839871085280e-02
2.830000000000000071e+00 2.999935839870970442e-02
2.839999999999999858e+00 2.999935839870883358e-02
2.850000000000000089e+00 2.999935839871104709e-02
2.859999999999999876e+00 2.999935839871026994e-02
2.870000000000000107e+00 2.999935839870996115e-02
2.879999999999999893e+00 2.999935839870949278e-02
2.890000000000000124e+00 2.999935839870987442e-02
2.899999999999999911e+00 2.999935839871025606e-02
2.910000000000000142e+00 2.999935839871028728e-02
2.919999999999999929e+00 2.999935839871078341e-02
2.930000000000000160e+00 2.999935839870887522e-02
2.939999999999999947e+00 2.999935839870970095e-02
2.950000000000000178e+00 2.999935839870933665e-02
2.959999999999999964e+00 2.999935839870973564e-02
2.970000000000000195e+00 2.999935839870911114e-02
2.979999999999999982e+00 2.999935839871002707e-02
2.990000000000000213e+00 2.999935839870990911e-02
3.000000000000000000e+00 2.999935839870908685e-02
3.010000000000000231e+00 2.999935839870892032e-02
3.020000000000000018e+00 2.999935839870975993e-02
3.030000000000000249e+00 2.999935839870938870e-02
3.040000000000000036e+00 2.999935839870949625e-02
3.050000000000000266e+00 2.999935839871035320e-02
3.060000000000000053e+00 2.999935839870911461e-02
3.070000000000000284e+00 2.999935839871036014e-02
3.080000000000000071e+00 2.999935839871018667e-02
3.089999999999999858e+00 2.999935839870980503e-02
3.100000000000000089e+00 2.999935839870972870e-02
3.109999999999999876e+00 2.999935839871058219e-02
3.120000000000000107e+00 2.999935839870922216e-02
3.129999999999999893e+00 2.999935839870982585e-02
3.140000000000000124e+00 2.999935839871019361e-02
3.149999999999999911e+00 2.999935839871049892e-02
3.160000000000000142e+00 2.999935839870964890e-02
3.169999999999999929e+00 2.999935839870931237e-02
3.180000000000000160e+00 2.999935839870985013e-02
3.189999999999999947e+00 2.999935839870978074e-02
3.200000000000000178e+00 2.999935839871054055e-02
3.209999999999999964e+00 2.999935839871012422e-02
3.220000000000000195e+00 2.999935839871024218e-02
3.229999999999999982e+00 2.999935839870978768e-02
3.240000000000000213e+00 2.999935839870872950e-02
3.250000000000000000e+00 2.999935839870987095e-02
3.260000000000000231e+00 2.999935839871127607e-02
3.270000000000000018e+00 2.999935839871013463e-02
3.280000000000000249e+00 2.999935839871016238e-02
3.290000000000000036e+00 2.999935839870924992e-02
3.300000000000000266e+00 2.999935839870981197e-02
3.310000000000000053e+00 2.999935839870873991e-02
3.320000000000000284e+00 2.999935839870972176e-02
3.330000000000000071e+00 2.999935839870960033e-02
3.339999999999999858e+00 2.999935839870922910e-02
3.350000000000000089e+00 2.999935839870912502e-02
3.359999999999999876e+00 2.999935839871060994e-02
3.370000000000000107e+00 2.999935839870974952e-02
3.379999999999999893e+00 2.999935839870904522e-02
3.390000000000000124e+00 2.999935839870988136e-02
3.399999999999999911e+00 2.999935839870922216e-02
3.410000000000000142e+00 2.999935839871057178e-02
3.419999999999999929e+00 2.999935839871013810e-02
3.430000000000000160e+00 2.999935839870920135e-02
3.439999999999999947e+00 2.999935839870941298e-02
3.450000000000000178e+00 2.999935839870943033e-02
3.459999999999999964e+00 2.999935839870992993e-02
3.470000000000000195e+00 2.999935839870988136e-02
3.479999999999999982e+00 2.999935839870889603e-02
3.490000000000000213e+00 2.999935839870967666e-02
3.500000000000000000e+00 2.999935839871080076e-02
3.510000000000000231e+00 2.999935839870943727e-02
3.520000000000000018e+00 2.999935839870994381e-02
3.530000000000000249e+00 2.999935839870920481e-02
3.540000000000000036e+00 2.999935839870937482e-02
3.550000000000000266e+00 2.999935839871034626e-02
3.560000000000000053e+00 2.999935839870902787e-02
3.570000000000000284e+00 2.999935839870956911e-02
3.580000000000000071e+00 2.999935839870964197e-02
3.589999999999999858e+00 2.999935839870909726e-02
3.600000000000000089e+00 2.999935839870938523e-02
3.609999999999999876e+00 2.999935839870898624e-02
3.620000000000000107e+00 2.999935839870907298e-02
3.629999999999999893e+00 2.999935839870929155e-02
3.640000000000000124e+00 2.999935839870967319e-02
3.649999999999999911e+00 2.999935839870934359e-02
3.660000000000000142e+00 2.999935839870950666e-02
3.669999999999999929e+00 2.999935839871031851e-02
3.680000000000000160e+00 2.999935839870950666e-02
3.689999999999999947e+00 2.999935839871014157e-02
3.700000000000000178e+00 2.999935839870885440e-02
3.709999999999999964e+00 2.999935839870953441e-02
3.720000000000000195e+00 2.999935839870951360e-02
3.729999999999999982e+00 2.999935839870941298e-02
3.740000000000000213e+00 2.999935839870969401e-02
3.750000000000000000e+00 2.999935839871002013e-02
3.760000000000000231e+00 2.999935839870949972e-02
3.770000000000000018e+00 2.999935839870902787e-02
3.780000000000000249e+00 2.999935839870840337e-02
3.790000000000000036e+00 2.999935839870980503e-02
3.800000000000000266e+00 2.999935839870934706e-02
3.810000000000000053e+00 2.999935839870983972e-02
3.820000000000000284e+00 2.999935839871016585e-02
3.830000000000000071e+00 2.999935839870947543e-02
3.839999999999999858e+00 2.999935839870961074e-02
3.850000000000000089e+00 2.999935839870987442e-02
3.859999999999999876e+00 2.999935839871009993e-02
3.870000000000000107e+00 2.999935839870917012e-02
3.879999999999999893e+00 2.999935839870971829e-02
3.890000000000000124e+00 2.999935839870944074e-02
3.899999999999999911e+00 2.999935839870965931e-02
3.910000000000000142e+00 2.999935839870985360e-02
3.919999999999999929e+00 2.999935839870944074e-02
3.930000000000000160e+00 2.999935839870982585e-02
3.939999999999999947e+00 2.999935839870968707e-02
3.950000000000000178e+00 2.999935839870970095e-02
3.959999999999999964e+00 2.999935839870949278e-02
3.970000000000000195e+00 2.999935839870951707e-02
3.979999999999999982e+00 2.999935839870972870e-02
3.990000000000000213e+00 2.999935839870932971e-02
4.000000000000000000e+00 2.999935839870977033e-02
4.009999999999999787e+00 2.999935839870955523e-02
4.020000000000000462e+00 2.999935839870967319e-02
4.030000000000000249e+00 2.999935839870975993e-02
4.040000000000000036e+00 2.999935839870930543e-02
4.049999999999999822e+00 2.999935839870944421e-02
4.060000000000000497e+00 2.999935839870942339e-02
4.070000000000000284e+00 2.999935839870986054e-02
4.080000000000000071e+00 2.999935839870946502e-02
4.089999999999999858e+00 2.999935839870962809e-02
4.099999999999999645e+00 2.999935839870979809e-02
4.110000000000000320e+00 2.999935839870963156e-02
4.120000000000000107e+00 2.999935839870946502e-02
4.129999999999999893e+00 2.999935839870949278e-02
4.139999999999999680e+00 2.999935839870927767e-02
4.150000000000000355e+00 2.999935839870935053e-02
4.160000000000000142e+00 2.999935839870943727e-02
4.169999999999999929e+00 2.999935839870943727e-02
4.179999999999999716e+00 2.999935839870969401e-02
4.190000000000000391e+00 2.999935839870960380e-02
4.200000000000000178e+00 2.999935839870940257e-02
4.209999999999999964e+00 2.999935839870963503e-02
4.219999999999999751e+00 2.999935839870946502e-02
4.230000000000000426e+00 2.999935839870923257e-02
4.240000000000000213e+00 2.999935839870980503e-02
4.250000000000000000e+00 2.999935839870964890e-02
4.259999999999999787e+00 2.999935839870947543e-02
4.270000000000000462e+00 2.999935839870981197e-02
4.280000000000000249e+00 2.999935839870972870e-02
4.290000000000000036e+00 2.999935839870958298e-02
4.299999999999999822e+00 2.999935839870943727e-02
4.310000000000000497e+00 2.999935839870938523e-02
4.320000000000000284e+00 2.999935839870948584e-02
4.330000000000000071e+00 2.999935839870961074e-02
4.339999999999999858e+00 2.999935839870940257e-02
4.350000000000000533e+00 2.999935839870963156e-02
4.360000000000000320e+00 2.999935839870945462e-02
4.370000000000000107e+00 2.999935839870925686e-02
4.379999999999999893e+00 2.999935839870955523e-02
4.389999999999999680e+00 2.999935839870953788e-02
4.400000000000000355e+00 2.999935839870951360e-02
4.410000000000000142e+00 2.999935839870969748e-02
4.419999999999999929e+00 2.999935839870949278e-02
4.429999999999999716e+00 2.999935839870932278e-02
4.440000000000000391e+00 2.999935839870965237e-02
4.450000000000000178e+00 2.999935839870946849e-02
4.459999999999999964e+00 2.999935839870951013e-02
4.469999999999999751e+00 2.999935839870957258e-02
4.480000000000000426e+00 2.999935839870944768e-02
4.490000000000000213e+00 2.999935839870949972e-02
4.500000000000000000e+00 2.999935839870940257e-02
4.509999999999999787e+00 2.999935839870950319e-02
4.520000000000000462e+00 2.999935839870951707e-02
4.530000000000000249e+00 2.999935839870951707e-02
4.540000000000000036e+00 2.999935839870950666e-02
4.549999999999999822e+00 2.999935839870953441e-02
4.560000000000000497e+00 2.999935839870950319e-02
4.570000000000000284e+00 2.999935839870948931e-02
4.580000000000000071e+00 2.999935839870953094e-02
4.589999999999999858e+00 2.999935839870955870e-02
4.600000000000000533e+00 2.999935839870948931e-02
4.610000000000000320e+00 2.999935839870945808e-02
4.620000000000000107e+00 2.999935839870952400e-02
4.629999999999999893e+00 2.999935839870946155e-02
4.639999999999999680e+00 2.999935839870949278e-02
4.650000000000000355e+00 2.999935839870947196e-02
4.660000000000000142e+00 2.999935839870944768e-02
4.669999999999999929e+00 2.999935839870951360e-02
4.679999999999999716e+00 2.999935839870949278e-02
4.690000000000000391e+00 2.999935839870944768e-02
4.700000000000000178e+00 2.999935839870948237e-02
4.709999999999999964e+00 2.999935839870951707e-02
4.719999999999999751e+00 2.999935839870951360e-02
4.730000000000000426e+00 2.999935839870954482e-02
4.740000000000000213e+00 2.999935839870952053e-02
4.750000000000000000e+00 2.999935839870949625e-02
4.759999999999999787e+00 2.999935839870953441e-02
4.770000000000000462e+00 2.999935839870951013e-02
4.780000000000000249e+00 2.999935839870950319e-02
4.790000000000000036e+00 2.999935839870953441e-02
4.799999999999999822e+00 2.999935839870951360e-02
4.810000000000000497e+00 2.999935839870949972e-02
4.820000000000000284e+00 2.999935839870952053e-02
4.830000000000000071e+00 2.999935839870954482e-02
4.839999999999999858e+00 2.999935839870954135e-02
4.850000000000000533e+00 2.999935839870953094e-02
4.860000000000000320e+00 2.999935839870953094e-02
4.870000000000000107e+00 2.999935839870954135e-02
4.879999999999999893e+00 2.999935839870952400e-02
4.889999999999999680e+00 2.999935839870955523e-02
4.900000000000000355e+00 2.999935839870954482e-02
4.910000000000000142e+00 2.999935839870955523e-02
4.919999999999999929e+00 2.999935839870956911e-02
4.929999999999999716e+00 2.999935839870956564e-02
4.940000000000000391e+00 2.999935839870956911e-02
4.950000000000000178e+00 2.999935839870956564e-02
4.959999999999999964e+00 2.999935839870957605e-02
4.969999999999999751e+00 2.999935839870957952e-02
4.980000000000000426e+00 2.999935839870957605e-02
4.990000000000000213e+00 2.999935839870957605e-02
5.000000000000000000e+00 2.999935839870958298e-02
5.009999999999999787e+00 2.999935839870957605e-02
5.020000000000000462e+00 2.999935839870957605e-02
5.030000000000000249e+00 2.999935839870957258e-02
5.040000000000000036e+00 2.999935839870957952e-02
5.049999999999999822e+00 2.999935839870959339e-02
5.060000000000000497e+00 2.999935839870958298e-02
5.070000000000000284e+00 2.999935839870958992e-02
5.080000000000000071e+00 2.999935839870957258e-02
5.089999999999999858e+00 2.999935839870957952e-02
5.100000000000000533e+00 2.999935839870957605e-02
5.110000000000000320e+00 2.999935839870957258e-02
5.120000000000000107e+00 2.999935839870956911e-02
5.129999999999999893e+00 2.999935839870957605e-02
5.139999999999999680e+00 2.999935839870958298e-02
5.150000000000000355e+00 2.999935839870958298e-02
5.160000000000000142e+00 2.999935839870956911e-02
5.169999999999999929e+00 2.999935839870957605e-02
5.179999999999999716e+00 2.999935839870958298e-02
5.190000000000000391e+00 2.999935839870956217e-02
5.200000000000000178e+00 2.999935839870958645e-02
5.209999999999999964e+00 2.999935839870955176e-02
5.219999999999999751e+00 2.999935839870957952e-02
5.230000000000000426e+00 2.999935839870961074e-02
5.240000000000000213e+00 2.999935839870959686e-02
5.250000000000000000e+00 2.999935839870960727e-02
5.259999999999999787e+00 2.999935839870958645e-02
5.270000000000000462e+00 2.999935839870958992e-02
5.280000000000000249e+00 2.999935839870957258e-02
5.290000000000000036e+00 2.999935839870961074e-02
5.299999999999999822e+00 2.999935839870957605e-02
5.310000000000000497e+00 2.999935839870961768e-02
5.320000000000000284e+00 2.999935839870967319e-02
5.330000000000000071e+00 2.999935839870965931e-02
5.339999999999999858e+00 2.999935839870958992e-02
5.350000000000000533e+00 2.999935839870956911e-02
5.360000000000000320e+00 2.999935839870957952e-02
5.370000000000000107e+00 2.999935839870965237e-02
5.379999999999999893e+00 2.999935839870963850e-02
5.389999999999999680e+00 2.999935839870965584e-02
5.400000000000000355e+00 2.999935839870956564e-02
5.410000000000000142e+00 2.999935839870956564e-02
5.419999999999999929e+00 2.999935839870964890e-02
5.429999999999999716e+00 2.999935839870955176e-02
5.440000000000000391e+00 2.999935839870963503e-02
5.450000000000000178e+00 2.999935839870961768e-02
5.459999999999999964e+00 2.999935839870961768e-02
5.469999999999999751e+00 2.999935839870963850e-02
5.480000000000000426e+00 2.999935839870962809e-02
5.490000000000000213e+00 2.999935839870966972e-02
5.500000000000000000e+00 2.999935839870955870e-02
5.509999999999999787e+00 2.999935839870965237e-02
5.520000000000000462e+00 2.999935839870960380e-02
5.530000000000000249e+00 2.999935839870966625e-02
5.540000000000000036e+00 2.999935839870969401e-02
5.549999999999999822e+00 2.999935839870958298e-02
5.560000000000000497e+00 2.999935839870947890e-02
5.570000000000000284e+00 2.999935839870961768e-02
5.580000000000000071e+00 2.999935839870970442e-02
5.589999999999999858e+00 2.999935839870941992e-02
5.600000000000000533e+00 2.999935839870967666e-02
5.610000000000000320e+00 2.999935839870943727e-02
5.620000000000000107e+00 2.999935839870957952e-02
5.629999999999999893e+00 2.999935839870977727e-02
5.639999999999999680e+00 2.999935839870968013e-02
5.650000000000000355e+00 2.999935839870956564e-02
5.660000000000000142e+00 2.999935839870969054e-02
5.669999999999999929e+00 2.999935839870984319e-02
5.679999999999999716e+00 2.999935839870963850e-02
5.690000000000000391e+00 2.999935839870970095e-02
5.700000000000000178e+00 2.999935839870939563e-02
5.709999999999999964e+00 2.999935839870929502e-02
5.719999999999999751e+00 2.999935839870957952e-02
5.730000000000000426e+00 2.999935839870954482e-02
5.740000000000000213e+00 2.999935839870979809e-02
5.750000000000000000e+00 2.999935839870926033e-02
5.759999999999999787e+00 2.999935839870945115e-02
5.770000000000000462e+00 2.999935839870943033e-02
5.780000000000000249e+00 2.999935839870967319e-02
5.790000000000000036e+00 2.999935839870945462e-02
5.799999999999999822e+00 2.999935839870992993e-02
5.810000000000000497e+00 2.999935839870960380e-02
5.820000000000000284e+00 2.999935839870976340e-02
5.830000000000000071e+00 2.999935839870943033e-02
5.839999999999999858e+00 2.999935839870968013e-02
5.850000000000000533e+00 2.999935839870932625e-02
5.860000000000000320e+00 2.999935839870951360e-02
5.870000000000000107e+00 2.999935839870948237e-02
5.879999999999999893e+00 2.999935839870959339e-02
5.889999999999999680e+00 2.999935839870933318e-02
5.900000000000000355e+00 2.999935839870904175e-02
5.910000000000000142e+00 2.999935839870939910e-02
5.919999999999999929e+00 2.999935839870937829e-02
5.929999999999999716e+00 2.999935839870953788e-02
5.940000000000000391e+00 2.999935839870974605e-02
5.950000000000000178e+00 2.999935839870910073e-02
5.959999999999999964e+00 2.999935839870962809e-02
5.969999999999999751e+00 2.999935839870909032e-02
5.980000000000000426e+00 2.999935839870947890e-02
5.990000000000000213e+00 2.999935839870934012e-02
6.000000000000000000e+00 2.999935839870912849e-02
6.009999999999999787e+00 2.999935839870966278e-02
6.020000000000000462e+00 2.999935839870965931e-02
6.030000000000000249e+00 2.999935839870964543e-02
6.040000000000000036e+00 2.999935839870936094e-02
6.049999999999999822e+00 2.999935839870942686e-02
6.060000000000000497e+00 2.999935839870908338e-02
6.070000000000000284e+00 2.999935839870984666e-02
6.080000000000000071e+00 2.999935839870986401e-02
6.089999999999999858e+00 2.999935839870976340e-02
6.100000000000000533e+00 2.999935839870946502e-02
6.110000000000000320e+00 2.999935839870869481e-02
6.120000000000000107e+00 2.999935839870949972e-02
6.129999999999999893e+00 2.999935839870964197e-02
6.140000000000000568e+00 2.999935839870967666e-02
6.150000000000000355e+00 2.999935839870948931e-02
6.160000000000000142e+00 2.999935839870981891e-02
6.169999999999999929e+00 2.999935839870975299e-02
6.179999999999999716e+00 2.999935839870948931e-02
6.190000000000000391e+00 2.999935839870934359e-02
6.200000000000000178e+00 2.999935839870995422e-02
6.209999999999999964e+00 2.999935839870957952e-02
6.219999999999999751e+00 2.999935839870914583e-02
6.230000000000000426e+00 2.999935839870951707e-02
6.240000000000000213e+00 2.999935839870905216e-02
6.250000000000000000e+00 2.999935839870872950e-02
6.259999999999999787e+00 2.999935839870879542e-02
6.270000000000000462e+00 2.999935839870922910e-02
6.280000000000000249e+00 2.999935839870904869e-02
6.290000000000000036e+00 2.999935839870911114e-02
6.299999999999999822e+00 2.999935839870935053e-02
6.310000000000000497e+00 2.999935839870890297e-02
6.320000000000000284e+00 2.999935839871011728e-02
6.330000000000000071e+00 2.999935839870925686e-02
6.339999999999999858e+00 2.999935839870878501e-02
6.350000000000000533e+00 2.999935839870971482e-02
6.360000000000000320e+00 2.999935839870835133e-02
6.370000000000000107e+00 2.999935839870955523e-02
6.379999999999999893e+00 2.999935839870965237e-02
6.390000000000000568e+00 2.999935839870800786e-02
6.400000000000000355e+00 2.999935839870984319e-02
6.410000000000000142e+00 2.999935839870915971e-02
6.419999999999999929e+00 2.999935839870917706e-02
6.429999999999999716e+00 2.999935839870958298e-02
6.440000000000000391e+00 2.999935839870934706e-02
6.450000000000000178e+00 2.999935839870956564e-02
6.459999999999999964e+00 2.999935839870857684e-02
6.469999999999999751e+00 2.999935839870810847e-02
6.480000000000000426e+00 2.999935839871012075e-02
6.490000000000000213e+00 2.999935839870948584e-02
6.500000000000000000e+00 2.999935839870856297e-02
6.509999999999999787e+00 2.999935839871036708e-02
6.520000000000000462e+00 2.999935839870856297e-02
6.530000000000000249e+00 2.999935839870876420e-02
6.540000000000000036e+00 2.999935839870825419e-02
6.549999999999999822e+00 2.999935839870919441e-02
6.560000000000000497e+00 2.999935839870889256e-02
6.570000000000000284e+00 2.999935839870893073e-02
6.580000000000000071e+00 2.999935839870927420e-02
6.589999999999999858e+00 2.999935839870941298e-02
6.600000000000000533e+00 2.999935839870945115e-02
6.610000000000000320e+00 2.999935839870942686e-02
6.620000000000000107e+00 2.999935839870848664e-02
6.629999999999999893e+00 2.999935839870890297e-02
6.640000000000000568e+00 2.999935839870977033e-02
6.650000000000000355e+00 2.999935839870883358e-02
6.660000000000000142e+00 2.999935839870887522e-02
6.669999999999999929e+00 2.999935839870883358e-02
6.679999999999999716e+00 2.999935839870836868e-02
6.690000000000000391e+00 2.999935839870978421e-02
6.700000000000000178e+00 2.999935839870846582e-02
6.709999999999999964e+00 2.999935839870914236e-02
6.719999999999999751e+00 2.999935839870995768e-02
6.730000000000000426e+00 2.999935839870960727e-02
6.740000000000000213e+00 2.999935839870862542e-02
6.750000000000000000e+00 2.999935839870873991e-02
6.759999999999999787e+00 2.999935839870748397e-02
6.770000000000000462e+00 2.999935839870923604e-02
6.780000000000000249e+00 2.999935839870915971e-02
6.790000000000000036e+00 2.999935839870917359e-02
6.799999999999999822e+00 2.999935839870887175e-02
6.810000000000000497e+00 2.999935839870918747e-02
6.820000000000000284e+00 2.999935839870909726e-02
6.830000000000000071e+00 2.999935839870881971e-02
6.839999999999999858e+00 2.999935839870881277e-02
6.850000000000000533e+00 2.999935839870748050e-02
6.860000000000000320e+00 2.999935839870884746e-02
6.870000000000000107e+00 2.999935839870840337e-02
6.879999999999999893e+00 2.999935839870918400e-02
6.890000000000000568e+00 2.999935839870794194e-02
6.900000000000000355e+00 2.999935839870956564e-02
6.910000000000000142e+00 2.999935839870851786e-02
6.919999999999999929e+00 2.999935839870940951e-02
6.929999999999999716e+00 2.999935839871027687e-02
6.940000000000000391e+00 2.999935839870811194e-02
6.950000000000000178e+00 2.999935839870871215e-02
6.959999999999999964e+00 2.999935839870862542e-02
6.969999999999999751e+00 2.999935839870888216e-02
6.980000000000000426e+00 2.999935839870985707e-02
6.990000000000000213e+00 2.999935839870852133e-02
7.000000000000000000e+00 2.999935839870878154e-02
7.009999999999999787e+00 2.999935839870928808e-02
7.020000000000000462e+00 2.999935839870921175e-02
7.030000000000000249e+00 2.999935839871002707e-02
7.040000000000000036e+00 2.999935839870760540e-02
7.049999999999999822e+00 2.999935839870866705e-02
7.060000000000000497e+00 2.999935839870972523e-02
7.070000000000000284e+00 2.999935839870874685e-02
7.080000000000000071e+00 2.999935839870995422e-02
7.089999999999999858e+00 2.999935839870877113e-02
7.100000000000000533e+00 2.999935839870830276e-02
7.110000000000000320e+00 2.999935839870797663e-02
7.120000000000000107e+00 2.999935839870945808e-02
7.129999999999999893e+00 2.999935839870827847e-02
7.140000000000000568e+00 2.999935839870907645e-02
7.150000000000000355e+00 2.999935839870915971e-02
7.160000000000000142e+00 2.999935839870746662e-02
7.169999999999999929e+00 2.999935839870951360e-02
7.179999999999999716e+00 2.999935839870807031e-02
7.190000000000000391e+00 2.999935839870899318e-02
7.200000000000000178e+00 2.999935839870816745e-02
7.209999999999999964e+00 2.999935839870893420e-02
7.219999999999999751e+00 2.999935839870786908e-02
7.230000000000000426e+00 2.999935839870711621e-02
7.240000000000000213e+00 2.999935839870900706e-02
7.250000000000000000e+00 2.999935839870896542e-02
7.259999999999999787e+00 2.999935839870878154e-02
7.270000000000000462e+00 2.999935839870930543e-02
7.280000000000000249e+00 2.999935839870810153e-02
7.290000000000000036e+00 2.999935839870918053e-02
7.299999999999999822e+00 2.999935839870869828e-02
7.310000000000000497e+00 2.999935839870845888e-02
7.320000000000000284e+00 2.999935839870864623e-02
7.330000000000000071e+00 2.999935839871003054e-02
7.339999999999999858e+00 2.999935839870794888e-02
7.350000000000000533e+00 2.999935839870900706e-02
7.360000000000000320e+00 2.999935839870881971e-02
7.370000000000000107e+00 2.999935839870893767e-02
7.379999999999999893e+00 2.999935839870906257e-02
7.390000000000000568e+00 2.999935839870782051e-02
7.400000000000000355e+00 2.999935839870914236e-02
7.410000000000000142e+00 2.999935839870867746e-02
7.419999999999999929e+00 2.999935839870845888e-02
7.429999999999999716e+00 2.999935839870885093e-02
7.440000000000000391e+00 2.999935839870928461e-02
7.450000000000000178e+00 2.999935839870832704e-02
7.459999999999999964e+00 2.999935839870904869e-02
7.469999999999999751e+00 2.999935839870912502e-02
7.480000000000000426e+00 2.999935839870821602e-02
7.490000000000000213e+00 2.999935839870924992e-02
7.500000000000000000e+00 2.999935839870932625e-02
7.509999999999999787e+00 2.999935839870820908e-02
7.520000000000000462e+00 2.999935839870944768e-02
7.530000000000000249e+00 2.999935839870855603e-02
7.540000000000000036e+00 2.999935839871012075e-02
7.549999999999999822e+00 2.999935839870952747e-02
7.560000000000000497e+00 2.999935839870813276e-02
7.570000000000000284e+00 2.999935839870861848e-02
7.580000000000000071e+00 2.999935839870695314e-02
7.589999999999999858e+00 2.999935839870798010e-02
7.600000000000000533e+00 2.999935839870943380e-02
7.610000000000000320e+00 2.999935839871065157e-02
7.620000000000000107e+00 2.999935839870906604e-02
7.629999999999999893e+00 2.999935839870768867e-02
7.640000000000000568e+00 2.999935839870859419e-02
7.650000000000000355e+00 2.999935839870807724e-02
7.660000000000000142e+00 2.999935839870829235e-02
7.669999999999999929e+00 2.999935839870802173e-02
7.679999999999999716e+00 2.999935839870882665e-02
7.690000000000000391e+00 2.999935839870822296e-02
7.700000000000000178e+00 2.999935839870884746e-02
7.709999999999999964e+00 2.999935839870845888e-02
7.719999999999999751e+00 2.999935839870844154e-02
7.730000000000000426e+00 2.999935839870773724e-02
7.740000000000000213e+00 2.999935839870992299e-02
7.750000000000000000e+00 2.999935839870864623e-02
7.759999999999999787e+00 2.999935839870944074e-02
7.770000000000000462e+00 2.999935839870794541e-02
7.780000000000000249e+00 2.999935839870843113e-02
7.790000000000000036e+00 2.999935839870882665e-02
7.799999999999999822e+00 2.999935839870947890e-02
7.810000000000000497e+00 2.999935839870855256e-02
7.820000000000000284e+00 2.999935839870884052e-02
7.830000000000000071e+00 2.999935839870919441e-02
7.839999999999999858e+00 2.999935839870890991e-02
7.850000000000000533e+00 2.999935839870716478e-02
7.860000000000000320e+00 2.999935839870820561e-02
7.870000000000000107e+00 2.999935839870915971e-02
7.879999999999999893e+00 2.999935839870989523e-02
7.890000000000000568e+00 2.999935839870852133e-02
7.900000000000000355e+00 2.999935839870857338e-02
7.910000000000000142e+00 2.999935839870838949e-02
7.919999999999999929e+00 2.999935839870962462e-02
7.930000000000000604e+00 2.999935839870932625e-02
7.940000000000000391e+00 2.999935839870860460e-02
7.950000000000000178e+00 2.999935839870841725e-02
7.959999999999999964e+00 2.999935839870841031e-02
7.969999999999999751e+00 2.999935839870795928e-02
7.980000000000000426e+00 2.999935839870874338e-02
7.990000000000000213e+00 2.999935839870979115e-02
8.000000000000000000e+00 2.999935839870920135e-02
8.009999999999999787e+00 2.999935839870855603e-02
8.019999999999999574e+00 2.999935839870869481e-02
8.029999999999999361e+00 2.999935839870971482e-02
8.040000000000000924e+00 2.999935839871006177e-02
8.050000000000000711e+00 2.999935839870741458e-02
8.060000000000000497e+00 2.999935839870761581e-02
8.070000000000000284e+00 2.999935839870809112e-02
8.080000000000000071e+00 2.999935839870910073e-02
8.089999999999999858e+00 2.999935839870790377e-02
8.099999999999999645e+00 2.999935839870905563e-02
8.109999999999999432e+00 2.999935839870975299e-02
8.120000000000000995e+00 2.999935839870873991e-02
8.130000000000000782e+00 2.999935839870883358e-02
8.140000000000000568e+00 2.999935839870712662e-02
8.150000000000000355e+00 2.999935839870849358e-02
8.160000000000000142e+00 2.999935839870819521e-02
8.169999999999999929e+00 2.999935839870931931e-02
8.179999999999999716e+00 2.999935839870911808e-02
8.189999999999999503e+00 2.999935839870776499e-02
8.199999999999999289e+00 2.999935839870972870e-02
8.210000000000000853e+00 2.999935839870815357e-02
8.220000000000000639e+00 2.999935839870732091e-02
8.230000000000000426e+00 2.999935839871081811e-02
8.240000000000000213e+00 2.999935839870834092e-02
8.250000000000000000e+00 2.999935839870757764e-02
8.259999999999999787e+00 2.999935839870909726e-02
8.269999999999999574e+00 2.999935839870793847e-02
8.279999999999999361e+00 2.999935839871025259e-02
8.290000000000000924e+00 2.999935839870687682e-02
8.300000000000000711e+00 2.999935839870748050e-02
8.310000000000000497e+00 2.999935839870803561e-02
8.320000000000000284e+00 2.999935839870782397e-02
8.330000000000000071e+00 2.999935839870914583e-02
8.339999999999999858e+00 2.999935839871002013e-02
8.349999999999999645e+00 2.999935839871006871e-02
8.359999999999999432e+00 2.999935839870916665e-02
8.370000000000000995e+00 2.999935839870813623e-02
8.380000000000000782e+00 2.999935839870858031e-02
8.390000000000000568e+00 2.999935839871049892e-02
8.400000000000000355e+00 2.999935839870820908e-02
8.410000000000000142e+00 2.999935839870923604e-02
8.419999999999999929e+00 2.999935839871047116e-02
8.429999999999999716e+00 2.999935839870987095e-02
8.439999999999999503e+00 2.999935839870808418e-02
8.449999999999999289e+00 2.999935839870668253e-02
8.460000000000000853e+00 2.999935839870795928e-02
8.470000000000000639e+00 2.999935839871007912e-02
8.480000000000000426e+00 2.999935839870841031e-02
8.490000000000000213e+00 2.999935839870812235e-02
8.500000000000000000e+00 2.999935839870913196e-02
8.509999999999999787e+00 2.999935839870742499e-02
8.519999999999999574e+00 2.999935839870956217e-02
8.529999999999999361e+00 2.999935839870722723e-02
8.540000000000000924e+00 2.999935839870892379e-02
8.550000000000000711e+00 2.999935839870822296e-02
8.560000000000000497e+00 2.999935839870888216e-02
8.570000000000000284e+00 2.999935839870760540e-02
8.580000000000000071e+00 2.999935839871104015e-02
8.589999999999999858e+00 2.999935839870764356e-02
8.599999999999999645e+00 2.999935839870764009e-02
8.609999999999999432e+00 2.999935839870795928e-02
8.620000000000000995e+00 2.999935839870938870e-02
8.630000000000000782e+00 2.999935839870723070e-02
8.640000000000000568e+00 2.999935839870879195e-02
8.650000000000000355e+00 2.999935839870739376e-02
8.660000000000000142e+00 2.999935839870974258e-02
8.669999999999999929e+00 2.999935839870906951e-02
8.679999999999999716e+00 2.999935839870786214e-02
8.689999999999999503e+00 2.999935839870952053e-02
8.700000000000001066e+00 2.999935839870902787e-02
8.710000000000000853e+00 2.999935839870784132e-02
8.720000000000000639e+00 2.999935839870984666e-02
8.730000000000000426e+00 2.999935839870946502e-02
8.740000000000000213e+00 2.999935839870972176e-02
8.750000000000000000e+00 2.999935839870950666e-02
8.759999999999999787e+00 2.999935839870783785e-02
8.769999999999999574e+00 2.999935839870870521e-02
8.779999999999999361e+00 2.999935839870781704e-02
8.790000000000000924e+00 2.999935839871069321e-02
8.800000000000000711e+00 2.999935839871082505e-02
8.810000000000000497e+00 2.999935839870973564e-02
8.820000000000000284e+00 2.999935839871008952e-02
8.830000000000000071e+00 2.999935839870914583e-02
8.839999999999999858e+00 2.999935839870891685e-02
8.849999999999999645e+00 2.999935839870928808e-02
8.859999999999999432e+00 2.999935839870973911e-02
8.870000000000000995e+00 2.999935839870965237e-02
8.880000000000000782e+00 2.999935839870992993e-02
8.890000000000000568e+00 2.999935839870827500e-02
8.900000000000000355e+00 2.999935839871088750e-02
8.910000000000000142e+00 2.999935839871109219e-02
8.919999999999999929e+00 2.999935839870986748e-02
8.929999999999999716e+00 2.999935839870840337e-02
8.939999999999999503e+00 2.999935839870878501e-02
8.950000000000001066e+00 2.999935839870961768e-02
8.960000000000000853e+00 2.999935839870889256e-02
8.970000000000000639e+00 2.999935839870909379e-02
8.980000000000000426e+00 2.999935839871008258e-02
8.990000000000000213e+00 2.999935839870982585e-02
9.000000000000000000e+00 2.999935839871034626e-02
9.009999999999999787e+00 2.999935839871024218e-02
9.019999999999999574e+00 2.999935839871094995e-02
9.029999999999999361e+00 2.999935839870860460e-02
9.040000000000000924e+00 2.999935839870796622e-02
9.050000000000000711e+00 2.999935839871134546e-02
9.060000000000000497e+00 2.999935839871000626e-02
9.070000000000000284e+00 2.999935839870975646e-02
9.080000000000000071e+00 2.999935839870778928e-02
9.089999999999999858e+00 2.999935839870894461e-02
9.099999999999999645e+00 2.999935839870671722e-02
9.109999999999999432e+00 2.999935839870992299e-02
9.120000000000000995e+00 2.999935839870805296e-02
9.130000000000000782e+00 2.999935839871043300e-02
9.140000000000000568e+00 2.999935839870850746e-02
9.150000000000000355e+00 2.999935839871139404e-02
9.160000000000000142e+00 2.999935839871036014e-02
9.169999999999999929e+00 2.999935839870922910e-02
9.179999999999999716e+00 2.999935839870827500e-02
9.189999999999999503e+00 2.999935839871046422e-02
9.200000000000001066e+00 2.999935839871004789e-02
9.210000000000000853e+00 2.999935839870711968e-02
9.220000000000000639e+00 2.999935839870979115e-02
9.230000000000000426e+00 2.999935839870922910e-02
9.240000000000000213e+00 2.999935839870866011e-02
9.250000000000000000e+00 2.999935839870675885e-02
9.259999999999999787e+00 2.999935839870906951e-02
9.269999999999999574e+00 2.999935839870967666e-02
9.279999999999999361e+00 2.999935839871015197e-02
9.290000000000000924e+00 2.999935839871137322e-02
9.300000000000000711e+00 2.999935839870950319e-02
9.310000000000000497e+00 2.999935839871041218e-02
9.320000000000000284e+00 2.999935839870626966e-02
9.330000000000000071e+00 2.999935839870621762e-02
9.339999999999999858e+00 2.999935839870784826e-02
9.349999999999999645e+00 2.999935839871000279e-02
9.359999999999999432e+00 2.999935839871109566e-02
9.370000000000000995e+00 2.999935839871047116e-02
9.380000000000000782e+00 2.999935839871133852e-02
9.390000000000000568e+00 2.999935839870972870e-02
9.400000000000000355e+00 2.999935839870688375e-02
9.410000000000000142e+00 2.999935839870776152e-02
9.419999999999999929e+00 2.999935839870919094e-02
9.429999999999999716e+00 2.999935839870684212e-02
9.439999999999999503e+00 2.999935839871034973e-02
9.450000000000001066e+00 2.999935839870989523e-02
9.460000000000000853e+00 2.999935839871301774e-02
9.470000000000000639e+00 2.999935839871023524e-02
9.480000000000000426e+00 2.999935839871210874e-02
9.490000000000000213e+00 2.999935839871115811e-02
9.500000000000000000e+00 2.999935839870855603e-02
9.509999999999999787e+00 2.999935839870892726e-02
9.519999999999999574e+00 2.999935839871102627e-02
9.529999999999999361e+00 2.999935839871036708e-02
9.540000000000000924e+00 2.999935839871186935e-02
9.550000000000000711e+00 2.999935839870993340e-02
9.560000000000000497e+00 2.999935839871049892e-02
9.570000000000000284e+00 2.999935839870995768e-02
9.580000000000000071e+00 2.999935839870609272e-02
9.589999999999999858e+00 2.999935839870856297e-02
9.599999999999999645e+00 2.999935839871318427e-02
9.609999999999999432e+00 2.999935839871046422e-02
9.620000000000000995e+00 2.999935839870719947e-02
9.630000000000000782e+00 2.999935839870766091e-02
9.640000000000000568e+00 2.999935839870724805e-02
9.650000000000000355e+00 2.999935839871171669e-02
9.660000000000000142e+00 2.999935839871110260e-02
9.669999999999999929e+00 2.999935839871019708e-02
9.679999999999999716e+00 2.999935839871051627e-02
9.689999999999999503e+00 2.999935839871021442e-02
9.700000000000001066e+00 2.999935839871233426e-02
9.710000000000000853e+00 2.999935839871034973e-02
9.720000000000000639e+00 2.999935839871190404e-02
9.730000000000000426e+00 2.999935839871147036e-02
9.740000000000000213e+00 2.999935839870689763e-02
9.750000000000000000e+00 2.999935839870765397e-02
9.759999999999999787e+00 2.999935839870620721e-02
9.769999999999999574e+00 2.999935839870906257e-02
9.779999999999999361e+00 2.999935839871076260e-02
9.790000000000000924e+00 2.999935839870834092e-02
9.800000000000000711e+00 2.999935839871013810e-02
9.810000000000000497e+00 2.999935839870574925e-02
9.820000000000000284e+00 2.999935839870725499e-02
9.830000000000000071e+00 2.999935839870663742e-02
9.839999999999999858e+00 2.999935839870634599e-02
9.849999999999999645e+00 2.999935839871142179e-02
9.859999999999999432e+00 2.999935839871314611e-02
9.870000000000000995e+00 2.999935839870942686e-02
9.880000000000000782e+00 2.999935839870817439e-02
9.890000000000000568e+00 2.999935839870852133e-02
9.900000000000000355e+00 2.999935839870824378e-02
9.910000000000000142e+00 2.999935839870958992e-02
9.919999999999999929e+00 2.999935839871098464e-02
9.929999999999999716e+00 2.999935839871177914e-02
9.939999999999999503e+00 2.999935839871000626e-02
9.950000000000001066e+00 2.999935839870721335e-02
9.960000000000000853e+00 2.999935839870931584e-02
9.970000000000000639e+00 2.999935839870851093e-02
