0.000000000000000000e+00 2.999935795555592338e-02
1.000000000000000021e-02 2.999935795555493459e-02
2.000000000000000042e-02 2.999935795555549317e-02
2.999999999999999889e-02 2.999935795555413662e-02
4.000000000000000083e-02 2.999935795555364743e-02
5.000000000000000278e-02 2.999935795555276619e-02
5.999999999999999778e-02 2.999935795555637788e-02
7.000000000000000666e-02 2.999935795555182944e-02
8.000000000000000167e-02 2.999935795555581930e-02
8.999999999999999667e-02 2.999935795555730075e-02
1.000000000000000056e-01 2.999935795555907711e-02
1.100000000000000006e-01 2.999935795555612461e-02
1.199999999999999956e-01 2.999935795555442458e-02
1.300000000000000044e-01 2.999935795555604828e-02
1.400000000000000133e-01 2.999935795555478193e-02
1.499999999999999944e-01 2.999935795555429968e-02
1.600000000000000033e-01 2.999935795555610379e-02
1.700000000000000122e-01 2.999935795555482704e-02
1.799999999999999933e-01 2.999935795555104534e-02
1.900000000000000022e-01 2.999935795555332130e-02
2.000000000000000111e-01 2.999935795555495888e-02
2.099999999999999922e-01 2.999935795555118065e-02
2.200000000000000011e-01 2.999935795555274537e-02
2.300000000000000100e-01 2.999935795555276619e-02
2.399999999999999911e-01 2.999935795555631890e-02
2.500000000000000000e-01 2.999935795555580889e-02
2.600000000000000089e-01 2.999935795555461193e-02
2.700000000000000178e-01 2.999935795555767198e-02
2.800000000000000266e-01 2.999935795555334905e-02
2.899999999999999800e-01 2.999935795555602747e-02
2.999999999999999889e-01 2.999935795555217985e-02
3.099999999999999978e-01 2.999935795555762688e-02
3.200000000000000067e-01 2.999935795555493459e-02
3.300000000000000155e-01 2.999935795555562501e-02
3.400000000000000244e-01 2.999935795555411580e-02
3.500000000000000333e-01 2.999935795555529194e-02
3.599999999999999867e-01 2.999935795555764076e-02
3.699999999999999956e-01 2.999935795555982998e-02
3.800000000000000044e-01 2.999935795555356416e-02
3.900000000000000133e-01 2.999935795555529194e-02
4.000000000000000222e-01 2.999935795555569440e-02
4.100000000000000311e-01 2.999935795555274537e-02
4.199999999999999845e-01 2.999935795555284945e-02
4.299999999999999933e-01 2.999935795555440723e-02
4.400000000000000022e-01 2.999935795555576726e-02
4.500000000000000111e-01 2.999935795555553480e-02
4.600000000000000200e-01 2.999935795555410539e-02
4.700000000000000289e-01 2.999935795555767545e-02
4.799999999999999822e-01 2.999935795555549664e-02
4.899999999999999911e-01 2.999935795555397355e-02
5.000000000000000000e-01 2.999935795555188495e-02
5.100000000000000089e-01 2.999935795555240883e-02
5.200000000000000178e-01 2.999935795555726953e-02
5.300000000000000266e-01 2.999935795555299864e-02
5.400000000000000355e-01 2.999935795555419560e-02
5.500000000000000444e-01 2.999935795555072268e-02
5.600000000000000533e-01 2.999935795555705442e-02
5.700000000000000622e-01 2.999935795555694340e-02
5.799999999999999600e-01 2.999935795555781770e-02
5.899999999999999689e-01 2.999935795555178433e-02
5.999999999999999778e-01 2.999935795555259271e-02
6.099999999999999867e-01 2.999935795555604134e-02
6.199999999999999956e-01 2.999935795555711687e-02
6.300000000000000044e-01 2.999935795555213822e-02
6.400000000000000133e-01 2.999935795555309925e-02
6.500000000000000222e-01 2.999935795555683238e-02
6.600000000000000311e-01 2.999935795555218332e-02
6.700000000000000400e-01 2.999935795555552787e-02
6.800000000000000488e-01 2.999935795555629808e-02
6.900000000000000577e-01 2.999935795555242618e-02
7.000000000000000666e-01 2.999935795555592685e-02
7.099999999999999645e-01 2.999935795555563542e-02
7.199999999999999734e-01 2.999935795555580889e-02
7.299999999999999822e-01 2.999935795555386253e-02
7.399999999999999911e-01 2.999935795555391110e-02
7.500000000000000000e-01 2.999935795555677687e-02
7.600000000000000089e-01 2.999935795555688789e-02
7.700000000000000178e-01 2.999935795555443846e-02
7.800000000000000266e-01 2.999935795555361273e-02
7.900000000000000355e-01 2.999935795555468826e-02
8.000000000000000444e-01 2.999935795555486173e-02
8.100000000000000533e-01 2.999935795555279047e-02
8.200000000000000622e-01 2.999935795555479581e-02
8.300000000000000711e-01 2.999935795555532664e-02
8.399999999999999689e-01 2.999935795555529194e-02
8.499999999999999778e-01 2.999935795555353987e-02
8.599999999999999867e-01 2.999935795555216250e-02
8.699999999999999956e-01 2.999935795555218332e-02
8.800000000000000044e-01 2.999935795555436907e-02
8.900000000000000133e-01 2.999935795555234638e-02
9.000000000000000222e-01 2.999935795555142698e-02
9.100000000000000311e-01 2.999935795555215903e-02
9.200000000000000400e-01 2.999935795555550011e-02
9.300000000000000488e-01 2.999935795555160045e-02
9.400000000000000577e-01 2.999935795555393886e-02
9.500000000000000666e-01 2.999935795555638482e-02
9.599999999999999645e-01 2.999935795555357110e-02
9.699999999999999734e-01 2.999935795555570134e-02
9.799999999999999822e-01 2.999935795555334211e-02
9.899999999999999911e-01 2.999935795555527460e-02
1.000000000000000000e+00 2.999935795555441070e-02
1.010000000000000009e+00 2.999935795555439683e-02
1.020000000000000018e+00 2.999935795555346701e-02
1.030000000000000027e+00 2.999935795555445928e-02
1.040000000000000036e+00 2.999935795555621482e-02
1.050000000000000044e+00 2.999935795555528500e-02
1.060000000000000053e+00 2.999935795555445234e-02
1.070000000000000062e+00 2.999935795555550011e-02
1.080000000000000071e+00 2.999935795555666931e-02
1.090000000000000080e+00 2.999935795555368212e-02
1.100000000000000089e+00 2.999935795555491030e-02
1.110000000000000098e+00 2.999935795555364396e-02
1.120000000000000107e+00 2.999935795555552787e-02
1.130000000000000115e+00 2.999935795555380008e-02
1.140000000000000124e+00 2.999935795555463275e-02
1.150000000000000133e+00 2.999935795555478887e-02
1.159999999999999920e+00 2.999935795555534745e-02
1.169999999999999929e+00 2.999935795555454948e-02
1.179999999999999938e+00 2.999935795555386253e-02
1.189999999999999947e+00 2.999935795555501786e-02
1.199999999999999956e+00 2.999935795555462928e-02
1.209999999999999964e+00 2.999935795555440377e-02
1.219999999999999973e+00 2.999935795555561807e-02
1.229999999999999982e+00 2.999935795555584012e-02
1.239999999999999991e+00 2.999935795555462581e-02
1.250000000000000000e+00 2.999935795555565277e-02
1.260000000000000009e+00 2.999935795555519480e-02
1.270000000000000018e+00 2.999935795555373069e-02
1.280000000000000027e+00 2.999935795555618359e-02
1.290000000000000036e+00 2.999935795555565624e-02
1.300000000000000044e+00 2.999935795555300905e-02
1.310000000000000053e+00 2.999935795555442805e-02
1.320000000000000062e+00 2.999935795555388335e-02
1.330000000000000071e+00 2.999935795555411233e-02
1.340000000000000080e+00 2.999935795555273149e-02
1.350000000000000089e+00 2.999935795555212087e-02
1.360000000000000098e+00 2.999935795555468826e-02
1.370000000000000107e+00 2.999935795555475071e-02
1.380000000000000115e+00 2.999935795555327273e-02
1.390000000000000124e+00 2.999935795555372028e-02
1.400000000000000133e+00 2.999935795555272455e-02
1.409999999999999920e+00 2.999935795555334905e-02
1.419999999999999929e+00 2.999935795555369600e-02
1.429999999999999938e+00 2.999935795555382784e-02
1.439999999999999947e+00 2.999935795555429274e-02
1.449999999999999956e+00 2.999935795555368906e-02
1.459999999999999964e+00 2.999935795555513582e-02
1.469999999999999973e+00 2.999935795555410192e-02
1.479999999999999982e+00 2.999935795555278006e-02
1.489999999999999991e+00 2.999935795555371681e-02
1.500000000000000000e+00 2.999935795555453907e-02
1.510000000000000009e+00 2.999935795555423376e-02
1.520000000000000018e+00 2.999935795555432050e-02
1.530000000000000027e+00 2.999935795555558338e-02
1.540000000000000036e+00 2.999935795555336293e-02
1.550000000000000044e+00 2.999935795555503867e-02
1.560000000000000053e+00 2.999935795555451479e-02
1.570000000000000062e+00 2.999935795555471948e-02
1.580000000000000071e+00 2.999935795555422682e-02
1.590000000000000080e+00 2.999935795555513929e-02
1.600000000000000089e+00 2.999935795555292578e-02
1.610000000000000098e+00 2.999935795555339416e-02
1.620000000000000107e+00 2.999935795555481316e-02
1.630000000000000115e+00 2.999935795555495888e-02
1.640000000000000124e+00 2.999935795555448009e-02
1.650000000000000133e+00 2.999935795555341150e-02
1.660000000000000142e+00 2.999935795555394580e-02
1.669999999999999929e+00 2.999935795555250945e-02
1.679999999999999938e+00 2.999935795555257884e-02
1.689999999999999947e+00 2.999935795555420254e-02
1.699999999999999956e+00 2.999935795555494500e-02
1.709999999999999964e+00 2.999935795555476459e-02
1.719999999999999973e+00 2.999935795555445581e-02
1.729999999999999982e+00 2.999935795555298476e-02
1.739999999999999991e+00 2.999935795555589216e-02
1.750000000000000000e+00 2.999935795555352946e-02
1.760000000000000009e+00 2.999935795555344620e-02
1.770000000000000018e+00 2.999935795555330395e-02
1.780000000000000027e+00 2.999935795555404294e-02
1.790000000000000036e+00 2.999935795555342538e-02
1.800000000000000044e+00 2.999935795555540990e-02
1.810000000000000053e+00 2.999935795555301599e-02
1.820000000000000062e+00 2.999935795555291884e-02
1.830000000000000071e+00 2.999935795555250251e-02
1.840000000000000080e+00 2.999935795555375845e-02
1.850000000000000089e+00 2.999935795555452173e-02
1.860000000000000098e+00 2.999935795555336987e-02
1.870000000000000107e+00 2.999935795555348089e-02
1.880000000000000115e+00 2.999935795555340803e-02
1.890000000000000124e+00 2.999935795555357804e-02
1.900000000000000133e+00 2.999935795555450438e-02
1.910000000000000142e+00 2.999935795555361967e-02
1.919999999999999929e+00 2.999935795555371681e-02
1.929999999999999938e+00 2.999935795555353987e-02
1.939999999999999947e+00 2.999935795555290496e-02
1.949999999999999956e+00 2.999935795555377926e-02
1.959999999999999964e+00 2.999935795555419213e-02
1.969999999999999973e+00 2.999935795555305068e-02
1.979999999999999982e+00 2.999935795555344273e-02
1.989999999999999991e+00 2.999935795555512541e-02
2.000000000000000000e+00 2.999935795555362314e-02
2.010000000000000231e+00 2.999935795555251639e-02
2.020000000000000018e+00 2.999935795555407764e-02
2.030000000000000249e+00 2.999935795555366130e-02
2.040000000000000036e+00 2.999935795555334211e-02
2.049999999999999822e+00 2.999935795555495888e-02
2.060000000000000053e+00 2.999935795555439683e-02
2.069999999999999840e+00 2.999935795555523296e-02
2.080000000000000071e+00 2.999935795555419907e-02
2.089999999999999858e+00 2.999935795555391457e-02
2.100000000000000089e+00 2.999935795555320334e-02
2.109999999999999876e+00 2.999935795555377926e-02
2.120000000000000107e+00 2.999935795555170454e-02
2.129999999999999893e+00 2.999935795555438295e-02
2.140000000000000124e+00 2.999935795555404988e-02
2.149999999999999911e+00 2.999935795555416090e-02
2.160000000000000142e+00 2.999935795555395274e-02
2.169999999999999929e+00 2.999935795555295354e-02
2.180000000000000160e+00 2.999935795555299517e-02
2.189999999999999947e+00 2.999935795555395274e-02
2.200000000000000178e+00 2.999935795555338375e-02
2.209999999999999964e+00 2.999935795555496235e-02
2.220000000000000195e+00 2.999935795555361273e-02
2.229999999999999982e+00 2.999935795555278700e-02
2.240000000000000213e+00 2.999935795555294660e-02
2.250000000000000000e+00 2.999935795555394927e-02
2.260000000000000231e+00 2.999935795555305068e-02
2.270000000000000018e+00 2.999935795555358151e-02
2.280000000000000249e+00 2.999935795555350171e-02
2.290000000000000036e+00 2.999935795555363702e-02
2.300000000000000266e+00 2.999935795555370988e-02
2.310000000000000053e+00 2.999935795555333864e-02
2.319999999999999840e+00 2.999935795555475418e-02
2.330000000000000071e+00 2.999935795555412621e-02
2.339999999999999858e+00 2.999935795555288415e-02
2.350000000000000089e+00 2.999935795555443152e-02
2.359999999999999876e+00 2.999935795555401866e-02
2.370000000000000107e+00 2.999935795555333864e-02
2.379999999999999893e+00 2.999935795555365436e-02
2.390000000000000124e+00 2.999935795555420254e-02
2.399999999999999911e+00 2.999935795555317558e-02
2.410000000000000142e+00 2.999935795555346008e-02
2.419999999999999929e+00 2.999935795555414703e-02
2.430000000000000160e+00 2.999935795555388335e-02
2.439999999999999947e+00 2.999935795555206536e-02
2.450000000000000178e+00 2.999935795555345661e-02
2.459999999999999964e+00 2.999935795555388335e-02
2.470000000000000195e+00 2.999935795555378620e-02
2.479999999999999982e+00 2.999935795555390416e-02
2.490000000000000213e+00 2.999935795555305068e-02
2.500000000000000000e+00 2.999935795555322415e-02
2.510000000000000231e+00 2.999935795555342538e-02
2.520000000000000018e+00 2.999935795555205842e-02
2.530000000000000249e+00 2.999935795555294660e-02
2.540000000000000036e+00 2.999935795555376539e-02
2.550000000000000266e+00 2.999935795555472295e-02
2.560000000000000053e+00 2.999935795555372722e-02
2.569999999999999840e+00 2.999935795555411580e-02
2.580000000000000071e+00 2.999935795555412274e-02
2.589999999999999858e+00 2.999935795555410192e-02
2.600000000000000089e+00 2.999935795555495888e-02
2.609999999999999876e+00 2.999935795555311313e-02
2.620000000000000107e+00 2.999935795555371681e-02
2.629999999999999893e+00 2.999935795555309578e-02
2.640000000000000124e+00 2.999935795555470908e-02
2.649999999999999911e+00 2.999935795555503867e-02
2.660000000000000142e+00 2.999935795555397355e-02
2.669999999999999929e+00 2.999935795555406723e-02
2.680000000000000160e+00 2.999935795555350171e-02
2.689999999999999947e+00 2.999935795555368906e-02
2.700000000000000178e+00 2.999935795555182944e-02
2.709999999999999964e+00 2.999935795555332130e-02
2.720000000000000195e+00 2.999935795555351559e-02
2.729999999999999982e+00 2.999935795555249210e-02
2.740000000000000213e+00 2.999935795555308884e-02
2.750000000000000000e+00 2.999935795555482010e-02
2.760000000000000231e+00 2.999935795555307844e-02
2.770000000000000018e+00 2.999935795555340456e-02
2.780000000000000249e+00 2.999935795555309231e-02
2.790000000000000036e+00 2.999935795555323803e-02
2.800000000000000266e+00 2.999935795555263088e-02
2.810000000000000053e+00 2.999935795555375151e-02
2.819999999999999840e+00 2.999935795555207230e-02
2.830000000000000071e+00 2.999935795555298476e-02
2.839999999999999858e+00 2.999935795555314436e-02
2.850000000000000089e+00 2.999935795555314783e-02
2.859999999999999876e+00 2.999935795555313395e-02
2.870000000000000107e+00 2.999935795555292231e-02
2.879999999999999893e+00 2.999935795555305068e-02
2.890000000000000124e+00 2.999935795555303680e-02
2.899999999999999911e+00 2.999935795555239842e-02
2.910000000000000142e+00 2.999935795555397702e-02
2.919999999999999929e+00 2.999935795555309925e-02
2.930000000000000160e+00 2.999935795555352946e-02
2.939999999999999947e+00 2.999935795555377926e-02
2.950000000000000178e+00 2.999935795555312007e-02
2.959999999999999964e+00 2.999935795555280782e-02
2.970000000000000195e+00 2.999935795555321028e-02
2.979999999999999982e+00 2.999935795555416090e-02
2.990000000000000213e+00 2.999935795555423376e-02
3.000000000000000000e+00 2.999935795555310619e-02
3.010000000000000231e+00 2.999935795555227006e-02
3.020000000000000018e+00 2.999935795555314783e-02
3.030000000000000249e+00 2.999935795555310619e-02
3.040000000000000036e+00 2.999935795555383478e-02
3.050000000000000266e+00 2.999935795555375151e-02
3.060000000000000053e+00 2.999935795555350518e-02
3.070000000000000284e+00 2.999935795555308538e-02
3.080000000000000071e+00 2.999935795555235679e-02
3.089999999999999858e+00 2.999935795555344620e-02
3.100000000000000089e+00 2.999935795555235332e-02
3.109999999999999876e+00 2.999935795555175658e-02
3.120000000000000107e+00 2.999935795555386947e-02
3.129999999999999893e+00 2.999935795555373069e-02
3.140000000000000124e+00 2.999935795555284598e-02
3.149999999999999911e+00 2.999935795555446968e-02
3.160000000000000142e+00 2.999935795555244700e-02
3.169999999999999929e+00 2.999935795555332824e-02
3.180000000000000160e+00 2.999935795555404294e-02
3.189999999999999947e+00 2.999935795555285639e-02
3.200000000000000178e+00 2.999935795555326926e-02
3.209999999999999964e+00 2.999935795555294660e-02
3.220000000000000195e+00 2.999935795555337334e-02
3.229999999999999982e+00 2.999935795555453213e-02
3.240000000000000213e+00 2.999935795555370641e-02
3.250000000000000000e+00 2.999935795555276272e-02
3.260000000000000231e+00 2.999935795555295701e-02
3.270000000000000018e+00 2.999935795555378273e-02
3.280000000000000249e+00 2.999935795555400131e-02
3.290000000000000036e+00 2.999935795555137147e-02
3.300000000000000266e+00 2.999935795555385906e-02
3.310000000000000053e+00 2.999935795555289456e-02
3.320000000000000284e+00 2.999935795555384518e-02
3.330000000000000071e+00 2.999935795555349477e-02
3.339999999999999858e+00 2.999935795555268292e-02
3.350000000000000089e+00 2.999935795555315129e-02
3.359999999999999876e+00 2.999935795555277313e-02
3.370000000000000107e+00 2.999935795555307844e-02
3.379999999999999893e+00 2.999935795555303680e-02
3.390000000000000124e+00 2.999935795555262047e-02
3.399999999999999911e+00 2.999935795555313048e-02
3.410000000000000142e+00 2.999935795555471602e-02
3.419999999999999929e+00 2.999935795555271068e-02
3.430000000000000160e+00 2.999935795555224924e-02
3.439999999999999947e+00 2.999935795555311660e-02
3.450000000000000178e+00 2.999935795555322762e-02
3.459999999999999964e+00 2.999935795555356416e-02
3.470000000000000195e+00 2.999935795555294313e-02
3.479999999999999982e+00 2.999935795555300905e-02
3.490000000000000213e+00 2.999935795555229434e-02
3.500000000000000000e+00 2.999935795555287374e-02
3.510000000000000231e+00 2.999935795555335599e-02
3.520000000000000018e+00 2.999935795555318252e-02
3.530000000000000249e+00 2.999935795555290149e-02
3.540000000000000036e+00 2.999935795555266210e-02
3.550000000000000266e+00 2.999935795555380355e-02
3.560000000000000053e+00 2.999935795555324150e-02
3.570000000000000284e+00 2.999935795555316517e-02
3.580000000000000071e+00 2.999935795555220067e-02
3.589999999999999858e+00 2.999935795555253373e-02
3.600000000000000089e+00 2.999935795555309231e-02
3.609999999999999876e+00 2.999935795555349477e-02
3.620000000000000107e+00 2.999935795555295007e-02
3.629999999999999893e+00 2.999935795555375498e-02
3.640000000000000124e+00 2.999935795555309231e-02
3.649999999999999911e+00 2.999935795555311313e-02
3.660000000000000142e+00 2.999935795555305762e-02
3.669999999999999929e+00 2.999935795555320681e-02
3.680000000000000160e+00 2.999935795555284945e-02
3.689999999999999947e+00 2.999935795555332824e-02
3.700000000000000178e+00 2.999935795555293966e-02
3.709999999999999964e+00 2.999935795555314783e-02
3.720000000000000195e+00 2.999935795555334905e-02
3.729999999999999982e+00 2.999935795555276272e-02
3.740000000000000213e+00 2.999935795555341150e-02
3.750000000000000000e+00 2.999935795555302293e-02
3.760000000000000231e+00 2.999935795555327273e-02
3.770000000000000018e+00 2.999935795555325191e-02
3.780000000000000249e+00 2.999935795555300211e-02
3.790000000000000036e+00 2.999935795555331783e-02
3.800000000000000266e+00 2.999935795555360579e-02
3.810000000000000053e+00 2.999935795555305068e-02
3.820000000000000284e+00 2.999935795555334211e-02
3.830000000000000071e+00 2.999935795555364743e-02
3.839999999999999858e+00 2.999935795555321028e-02
3.850000000000000089e+00 2.999935795555339069e-02
3.859999999999999876e+00 2.999935795555330048e-02
3.870000000000000107e+00 2.999935795555380008e-02
3.879999999999999893e+00 2.999935795555313395e-02
3.890000000000000124e+00 2.999935795555299517e-02
3.899999999999999911e+00 2.999935795555346008e-02
3.910000000000000142e+00 2.999935795555355028e-02
3.919999999999999929e+00 2.999935795555331783e-02
3.930000000000000160e+00 2.999935795555377233e-02
3.939999999999999947e+00 2.999935795555310966e-02
3.950000000000000178e+00 2.999935795555319987e-02
3.959999999999999964e+00 2.999935795555340109e-02
3.970000000000000195e+00 2.999935795555344967e-02
3.979999999999999982e+00 2.999935795555330048e-02
3.990000000000000213e+00 2.999935795555306109e-02
4.000000000000000000e+00 2.999935795555292578e-02
4.009999999999999787e+00 2.999935795555349130e-02
4.020000000000000462e+00 2.999935795555340456e-02
4.030000000000000249e+00 2.999935795555300905e-02
4.040000000000000036e+00 2.999935795555305415e-02
4.049999999999999822e+00 2.999935795555367171e-02
4.060000000000000497e+00 2.999935795555303333e-02
4.070000000000000284e+00 2.999935795555329354e-02
4.080000000000000071e+00 2.999935795555320334e-02
4.089999999999999858e+00 2.999935795555296394e-02
4.099999999999999645e+00 2.999935795555340803e-02
4.110000000000000320e+00 2.999935795555348436e-02
4.120000000000000107e+00 2.999935795555305068e-02
4.129999999999999893e+00 2.999935795555332477e-02
4.139999999999999680e+00 2.999935795555337681e-02
4.150000000000000355e+00 2.999935795555319640e-02
4.160000000000000142e+00 2.999935795555357457e-02
4.169999999999999929e+00 2.999935795555313395e-02
4.179999999999999716e+00 2.999935795555318252e-02
4.190000000000000391e+00 2.999935795555314436e-02
4.200000000000000178e+00 2.999935795555316864e-02
4.209999999999999964e+00 2.999935795555321721e-02
4.219999999999999751e+00 2.999935795555299517e-02
4.230000000000000426e+00 2.999935795555325191e-02
4.240000000000000213e+00 2.999935795555318946e-02
4.250000000000000000e+00 2.999935795555306109e-02
4.259999999999999787e+00 2.999935795555304374e-02
4.270000000000000462e+00 2.999935795555343232e-02
4.280000000000000249e+00 2.999935795555269680e-02
4.290000000000000036e+00 2.999935795555310619e-02
4.299999999999999822e+00 2.999935795555296741e-02
4.310000000000000497e+00 2.999935795555297435e-02
4.320000000000000284e+00 2.999935795555311313e-02
4.330000000000000071e+00 2.999935795555303680e-02
4.339999999999999858e+00 2.999935795555287721e-02
4.350000000000000533e+00 2.999935795555314089e-02
4.360000000000000320e+00 2.999935795555311313e-02
4.370000000000000107e+00 2.999935795555298823e-02
4.379999999999999893e+00 2.999935795555269680e-02
4.389999999999999680e+00 2.999935795555320334e-02
4.400000000000000355e+00 2.999935795555289109e-02
4.410000000000000142e+00 2.999935795555305068e-02
4.419999999999999929e+00 2.999935795555286680e-02
4.429999999999999716e+00 2.999935795555293272e-02
4.440000000000000391e+00 2.999935795555322415e-02
4.450000000000000178e+00 2.999935795555297435e-02
4.459999999999999964e+00 2.999935795555314783e-02
4.469999999999999751e+00 2.999935795555272455e-02
4.480000000000000426e+00 2.999935795555295007e-02
4.490000000000000213e+00 2.999935795555310966e-02
4.500000000000000000e+00 2.999935795555298823e-02
4.509999999999999787e+00 2.999935795555298823e-02
4.520000000000000462e+00 2.999935795555298476e-02
4.530000000000000249e+00 2.999935795555297435e-02
4.540000000000000036e+00 2.999935795555301252e-02
4.549999999999999822e+00 2.999935795555309578e-02
4.560000000000000497e+00 2.999935795555302986e-02
4.570000000000000284e+00 2.999935795555295007e-02
4.580000000000000071e+00 2.999935795555302293e-02
4.589999999999999858e+00 2.999935795555296048e-02
4.600000000000000533e+00 2.999935795555306456e-02
4.610000000000000320e+00 2.999935795555293966e-02
4.620000000000000107e+00 2.999935795555296048e-02
4.629999999999999893e+00 2.999935795555288762e-02
4.639999999999999680e+00 2.999935795555291884e-02
4.650000000000000355e+00 2.999935795555296741e-02
4.660000000000000142e+00 2.999935795555287721e-02
4.669999999999999929e+00 2.999935795555289456e-02
4.679999999999999716e+00 2.999935795555289109e-02
4.690000000000000391e+00 2.999935795555295354e-02
4.700000000000000178e+00 2.999935795555296394e-02
4.709999999999999964e+00 2.999935795555296741e-02
4.719999999999999751e+00 2.999935795555290149e-02
4.730000000000000426e+00 2.999935795555292231e-02
4.740000000000000213e+00 2.999935795555293272e-02
4.750000000000000000e+00 2.999935795555292578e-02
4.759999999999999787e+00 2.999935795555291537e-02
4.770000000000000462e+00 2.999935795555287721e-02
4.780000000000000249e+00 2.999935795555290496e-02
4.790000000000000036e+00 2.999935795555287027e-02
4.799999999999999822e+00 2.999935795555287721e-02
4.810000000000000497e+00 2.999935795555287721e-02
4.820000000000000284e+00 2.999935795555287027e-02
4.830000000000000071e+00 2.999935795555282170e-02
4.839999999999999858e+00 2.999935795555284251e-02
4.850000000000000533e+00 2.999935795555283558e-02
4.860000000000000320e+00 2.999935795555279741e-02
4.870000000000000107e+00 2.999935795555278006e-02
4.879999999999999893e+00 2.999935795555279047e-02
4.889999999999999680e+00 2.999935795555279741e-02
4.900000000000000355e+00 2.999935795555281823e-02
4.910000000000000142e+00 2.999935795555280782e-02
4.919999999999999929e+00 2.999935795555282517e-02
4.929999999999999716e+00 2.999935795555279047e-02
4.940000000000000391e+00 2.999935795555276619e-02
4.950000000000000178e+00 2.999935795555274537e-02
4.959999999999999964e+00 2.999935795555275231e-02
4.969999999999999751e+00 2.999935795555276272e-02
4.980000000000000426e+00 2.999935795555275231e-02
4.990000000000000213e+00 2.999935795555274537e-02
5.000000000000000000e+00 2.999935795555275231e-02
5.009999999999999787e+00 2.999935795555275925e-02
5.020000000000000462e+00 2.999935795555276619e-02
5.030000000000000249e+00 2.999935795555276272e-02
5.040000000000000036e+00 2.999935795555275578e-02
5.049999999999999822e+00 2.999935795555275925e-02
5.060000000000000497e+00 2.999935795555273149e-02
5.070000000000000284e+00 2.999935795555271414e-02
5.080000000000000071e+00 2.999935795555268986e-02
5.089999999999999858e+00 2.999935795555266557e-02
5.100000000000000533e+00 2.999935795555265169e-02
5.110000000000000320e+00 2.999935795555261700e-02
5.120000000000000107e+00 2.999935795555263435e-02
5.129999999999999893e+00 2.999935795555265169e-02
5.139999999999999680e+00 2.999935795555265169e-02
5.150000000000000355e+00 2.999935795555261353e-02
5.160000000000000142e+00 2.999935795555258924e-02
5.169999999999999929e+00 2.999935795555258231e-02
5.179999999999999716e+00 2.999935795555258924e-02
5.190000000000000391e+00 2.999935795555257537e-02
5.200000000000000178e+00 2.999935795555252679e-02
5.209999999999999964e+00 2.999935795555253373e-02
5.219999999999999751e+00 2.999935795555252332e-02
5.230000000000000426e+00 2.999935795555249557e-02
5.240000000000000213e+00 2.999935795555248863e-02
5.250000000000000000e+00 2.999935795555255802e-02
5.259999999999999787e+00 2.999935795555253026e-02
5.270000000000000462e+00 2.999935795555256496e-02
5.280000000000000249e+00 2.999935795555257884e-02
5.290000000000000036e+00 2.999935795555259965e-02
5.299999999999999822e+00 2.999935795555258231e-02
5.310000000000000497e+00 2.999935795555257537e-02
5.320000000000000284e+00 2.999935795555253373e-02
5.330000000000000071e+00 2.999935795555256149e-02
5.339999999999999858e+00 2.999935795555240189e-02
5.350000000000000533e+00 2.999935795555247822e-02
5.360000000000000320e+00 2.999935795555238455e-02
5.370000000000000107e+00 2.999935795555251292e-02
5.379999999999999893e+00 2.999935795555253026e-02
5.389999999999999680e+00 2.999935795555247822e-02
5.400000000000000355e+00 2.999935795555258924e-02
5.410000000000000142e+00 2.999935795555238802e-02
5.419999999999999929e+00 2.999935795555247128e-02
5.429999999999999716e+00 2.999935795555246781e-02
5.440000000000000391e+00 2.999935795555247475e-02
5.450000000000000178e+00 2.999935795555248169e-02
5.459999999999999964e+00 2.999935795555251639e-02
5.469999999999999751e+00 2.999935795555258231e-02
5.480000000000000426e+00 2.999935795555255455e-02
5.490000000000000213e+00 2.999935795555244700e-02
5.500000000000000000e+00 2.999935795555244006e-02
5.509999999999999787e+00 2.999935795555244700e-02
5.520000000000000462e+00 2.999935795555245394e-02
5.530000000000000249e+00 2.999935795555252679e-02
5.540000000000000036e+00 2.999935795555236373e-02
5.549999999999999822e+00 2.999935795555250251e-02
5.560000000000000497e+00 2.999935795555237761e-02
5.570000000000000284e+00 2.999935795555236026e-02
5.580000000000000071e+00 2.999935795555264129e-02
5.589999999999999858e+00 2.999935795555228740e-02
5.600000000000000533e+00 2.999935795555237067e-02
5.610000000000000320e+00 2.999935795555236720e-02
5.620000000000000107e+00 2.999935795555234985e-02
5.629999999999999893e+00 2.999935795555258577e-02
5.639999999999999680e+00 2.999935795555245741e-02
5.650000000000000355e+00 2.999935795555226659e-02
5.660000000000000142e+00 2.999935795555236373e-02
5.669999999999999929e+00 2.999935795555235679e-02
5.679999999999999716e+00 2.999935795555241230e-02
5.690000000000000391e+00 2.999935795555242618e-02
5.700000000000000178e+00 2.999935795555284251e-02
5.709999999999999964e+00 2.999935795555256496e-02
5.719999999999999751e+00 2.999935795555238108e-02
5.730000000000000426e+00 2.999935795555231863e-02
5.740000000000000213e+00 2.999935795555233251e-02
5.750000000000000000e+00 2.999935795555244006e-02
5.759999999999999787e+00 2.999935795555258577e-02
5.770000000000000462e+00 2.999935795555251639e-02
5.780000000000000249e+00 2.999935795555211393e-02
5.790000000000000036e+00 2.999935795555247475e-02
5.799999999999999822e+00 2.999935795555235679e-02
5.810000000000000497e+00 2.999935795555248169e-02
5.820000000000000284e+00 2.999935795555222495e-02
5.830000000000000071e+00 2.999935795555234638e-02
5.839999999999999858e+00 2.999935795555253720e-02
5.850000000000000533e+00 2.999935795555191270e-02
5.860000000000000320e+00 2.999935795555247128e-02
5.870000000000000107e+00 2.999935795555253720e-02
5.879999999999999893e+00 2.999935795555257190e-02
5.889999999999999680e+00 2.999935795555239842e-02
5.900000000000000355e+00 2.999935795555236373e-02
5.910000000000000142e+00 2.999935795555268986e-02
5.919999999999999929e+00 2.999935795555227006e-02
5.929999999999999716e+00 2.999935795555249557e-02
5.940000000000000391e+00 2.999935795555241924e-02
5.950000000000000178e+00 2.999935795555228740e-02
5.959999999999999964e+00 2.999935795555210699e-02
5.969999999999999751e+00 2.999935795555219720e-02
5.980000000000000426e+00 2.999935795555238108e-02
5.990000000000000213e+00 2.999935795555229781e-02
6.000000000000000000e+00 2.999935795555237414e-02
6.009999999999999787e+00 2.999935795555240883e-02
6.020000000000000462e+00 2.999935795555282170e-02
6.030000000000000249e+00 2.999935795555230475e-02
6.040000000000000036e+00 2.999935795555223189e-02
6.049999999999999822e+00 2.999935795555237414e-02
6.060000000000000497e+00 2.999935795555212434e-02
6.070000000000000284e+00 2.999935795555199597e-02
6.080000000000000071e+00 2.999935795555207924e-02
6.089999999999999858e+00 2.999935795555219026e-02
6.100000000000000533e+00 2.999935795555186413e-02
6.110000000000000320e+00 2.999935795555230128e-02
6.120000000000000107e+00 2.999935795555243312e-02
6.129999999999999893e+00 2.999935795555253720e-02
6.140000000000000568e+00 2.999935795555280782e-02
6.150000000000000355e+00 2.999935795555242965e-02
6.160000000000000142e+00 2.999935795555218679e-02
6.169999999999999929e+00 2.999935795555253026e-02
6.179999999999999716e+00 2.999935795555252332e-02
6.190000000000000391e+00 2.999935795555228046e-02
6.200000000000000178e+00 2.999935795555191964e-02
6.209999999999999964e+00 2.999935795555254761e-02
6.219999999999999751e+00 2.999935795555259271e-02
6.230000000000000426e+00 2.999935795555166290e-02
6.240000000000000213e+00 2.999935795555216250e-02
6.250000000000000000e+00 2.999935795555189882e-02
6.259999999999999787e+00 2.999935795555244700e-02
6.270000000000000462e+00 2.999935795555162821e-02
6.280000000000000249e+00 2.999935795555198903e-02
6.290000000000000036e+00 2.999935795555201679e-02
6.299999999999999822e+00 2.999935795555210005e-02
6.310000000000000497e+00 2.999935795555216944e-02
6.320000000000000284e+00 2.999935795555255802e-02
6.330000000000000071e+00 2.999935795555161433e-02
6.339999999999999858e+00 2.999935795555191964e-02
6.350000000000000533e+00 2.999935795555205842e-02
6.360000000000000320e+00 2.999935795555194046e-02
6.370000000000000107e+00 2.999935795555236373e-02
6.379999999999999893e+00 2.999935795555228046e-02
6.390000000000000568e+00 2.999935795555220761e-02
6.400000000000000355e+00 2.999935795555223536e-02
6.410000000000000142e+00 2.999935795555237414e-02
6.419999999999999929e+00 2.999935795555198209e-02
6.429999999999999716e+00 2.999935795555134371e-02
6.440000000000000391e+00 2.999935795555131943e-02
6.450000000000000178e+00 2.999935795555213475e-02
6.459999999999999964e+00 2.999935795555243659e-02
6.469999999999999751e+00 2.999935795555279047e-02
6.480000000000000426e+00 2.999935795555154494e-02
6.490000000000000213e+00 2.999935795555230128e-02
6.500000000000000000e+00 2.999935795555311660e-02
6.509999999999999787e+00 2.999935795555246087e-02
6.520000000000000462e+00 2.999935795555203413e-02
6.530000000000000249e+00 2.999935795555143392e-02
6.540000000000000036e+00 2.999935795555219373e-02
6.549999999999999822e+00 2.999935795555261700e-02
6.560000000000000497e+00 2.999935795555217291e-02
6.570000000000000284e+00 2.999935795555206883e-02
6.580000000000000071e+00 2.999935795555311660e-02
6.589999999999999858e+00 2.999935795555207924e-02
6.600000000000000533e+00 2.999935795555139229e-02
6.610000000000000320e+00 2.999935795555104187e-02
6.620000000000000107e+00 2.999935795555093432e-02
6.629999999999999893e+00 2.999935795555128820e-02
6.640000000000000568e+00 2.999935795555195781e-02
6.650000000000000355e+00 2.999935795555151025e-02
6.660000000000000142e+00 2.999935795555178780e-02
6.669999999999999929e+00 2.999935795555266210e-02
6.679999999999999716e+00 2.999935795555096207e-02
6.690000000000000391e+00 2.999935795555178433e-02
6.700000000000000178e+00 2.999935795555285986e-02
6.709999999999999964e+00 2.999935795555232210e-02
6.719999999999999751e+00 2.999935795555183637e-02
6.730000000000000426e+00 2.999935795555311313e-02
6.740000000000000213e+00 2.999935795555237761e-02
6.750000000000000000e+00 2.999935795555186066e-02
6.759999999999999787e+00 2.999935795555140616e-02
6.770000000000000462e+00 2.999935795555198556e-02
6.780000000000000249e+00 2.999935795555116677e-02
6.790000000000000036e+00 2.999935795555200638e-02
6.799999999999999822e+00 2.999935795555147555e-02
6.810000000000000497e+00 2.999935795555228740e-02
6.820000000000000284e+00 2.999935795555220761e-02
6.830000000000000071e+00 2.999935795555250598e-02
6.839999999999999858e+00 2.999935795555222148e-02
6.850000000000000533e+00 2.999935795555190923e-02
6.860000000000000320e+00 2.999935795555130208e-02
6.870000000000000107e+00 2.999935795555111820e-02
6.879999999999999893e+00 2.999935795555191270e-02
6.890000000000000568e+00 2.999935795555161780e-02
6.900000000000000355e+00 2.999935795555257884e-02
6.910000000000000142e+00 2.999935795555104881e-02
6.919999999999999929e+00 2.999935795555133677e-02
6.929999999999999716e+00 2.999935795555180862e-02
6.940000000000000391e+00 2.999935795555134024e-02
6.950000000000000178e+00 2.999935795555129167e-02
6.959999999999999964e+00 2.999935795555202719e-02
6.969999999999999751e+00 2.999935795555199250e-02
6.980000000000000426e+00 2.999935795555142351e-02
6.990000000000000213e+00 2.999935795555238108e-02
7.000000000000000000e+00 2.999935795555091697e-02
7.009999999999999787e+00 2.999935795555197862e-02
7.020000000000000462e+00 2.999935795555101412e-02
7.030000000000000249e+00 2.999935795555235679e-02
7.040000000000000036e+00 2.999935795555168372e-02
7.049999999999999822e+00 2.999935795555247822e-02
7.060000000000000497e+00 2.999935795555202026e-02
7.070000000000000284e+00 2.999935795555147555e-02
7.080000000000000071e+00 2.999935795555183637e-02
7.089999999999999858e+00 2.999935795555161433e-02
7.100000000000000533e+00 2.999935795555062207e-02
7.110000000000000320e+00 2.999935795555130902e-02
7.120000000000000107e+00 2.999935795555231516e-02
7.129999999999999893e+00 2.999935795555225965e-02
7.140000000000000568e+00 2.999935795555130208e-02
7.150000000000000355e+00 2.999935795555210699e-02
7.160000000000000142e+00 2.999935795555155882e-02
7.169999999999999929e+00 2.999935795555091003e-02
7.179999999999999716e+00 2.999935795555177739e-02
7.190000000000000391e+00 2.999935795555086493e-02
7.200000000000000178e+00 2.999935795555193352e-02
7.209999999999999964e+00 2.999935795555114942e-02
7.219999999999999751e+00 2.999935795555162821e-02
7.230000000000000426e+00 2.999935795555015369e-02
7.240000000000000213e+00 2.999935795555088922e-02
7.250000000000000000e+00 2.999935795555077125e-02
7.259999999999999787e+00 2.999935795555234638e-02
7.270000000000000462e+00 2.999935795555132984e-02
7.280000000000000249e+00 2.999935795555103840e-02
7.290000000000000036e+00 2.999935795555196127e-02
7.299999999999999822e+00 2.999935795555167678e-02
7.310000000000000497e+00 2.999935795555101412e-02
7.320000000000000284e+00 2.999935795555126739e-02
7.330000000000000071e+00 2.999935795555221801e-02
7.339999999999999858e+00 2.999935795555076085e-02
7.350000000000000533e+00 2.999935795555194740e-02
7.360000000000000320e+00 2.999935795555127432e-02
7.370000000000000107e+00 2.999935795555105922e-02
7.379999999999999893e+00 2.999935795555180515e-02
7.390000000000000568e+00 2.999935795555204454e-02
7.400000000000000355e+00 2.999935795555069493e-02
7.410000000000000142e+00 2.999935795555142698e-02
7.419999999999999929e+00 2.999935795555151719e-02
7.429999999999999716e+00 2.999935795555078513e-02
7.440000000000000391e+00 2.999935795555207230e-02
7.450000000000000178e+00 2.999935795555106963e-02
7.459999999999999964e+00 2.999935795554989001e-02
7.469999999999999751e+00 2.999935795555091697e-02
7.480000000000000426e+00 2.999935795555120147e-02
7.490000000000000213e+00 2.999935795555150678e-02
7.500000000000000000e+00 2.999935795555134371e-02
7.509999999999999787e+00 2.999935795555196127e-02
7.520000000000000462e+00 2.999935795555080942e-02
7.530000000000000249e+00 2.999935795555230822e-02
7.540000000000000036e+00 2.999935795555048329e-02
7.549999999999999822e+00 2.999935795555138188e-02
7.560000000000000497e+00 2.999935795555236720e-02
7.570000000000000284e+00 2.999935795555099677e-02
7.580000000000000071e+00 2.999935795555136453e-02
7.589999999999999858e+00 2.999935795555186413e-02
7.600000000000000533e+00 2.999935795555157964e-02
7.610000000000000320e+00 2.999935795555214862e-02
7.620000000000000107e+00 2.999935795555205842e-02
7.629999999999999893e+00 2.999935795555107657e-02
7.640000000000000568e+00 2.999935795555151372e-02
7.650000000000000355e+00 2.999935795555085105e-02
7.660000000000000142e+00 2.999935795555197515e-02
7.669999999999999929e+00 2.999935795555163862e-02
7.679999999999999716e+00 2.999935795555137147e-02
7.690000000000000391e+00 2.999935795555224577e-02
7.700000000000000178e+00 2.999935795555205148e-02
7.709999999999999964e+00 2.999935795555135065e-02
7.719999999999999751e+00 2.999935795555108003e-02
7.730000000000000426e+00 2.999935795555080248e-02
7.740000000000000213e+00 2.999935795555144780e-02
7.750000000000000000e+00 2.999935795555214516e-02
7.759999999999999787e+00 2.999935795555186066e-02
7.770000000000000462e+00 2.999935795555144086e-02
7.780000000000000249e+00 2.999935795555109391e-02
7.790000000000000036e+00 2.999935795555211393e-02
7.799999999999999822e+00 2.999935795555079207e-02
7.810000000000000497e+00 2.999935795555053186e-02
7.820000000000000284e+00 2.999935795555108003e-02
7.830000000000000071e+00 2.999935795555075044e-02
7.839999999999999858e+00 2.999935795555159004e-02
7.850000000000000533e+00 2.999935795555109391e-02
7.860000000000000320e+00 2.999935795555105228e-02
7.870000000000000107e+00 2.999935795555122575e-02
7.879999999999999893e+00 2.999935795555119106e-02
7.890000000000000568e+00 2.999935795555065676e-02
7.900000000000000355e+00 2.999935795555166637e-02
7.910000000000000142e+00 2.999935795555299864e-02
7.919999999999999929e+00 2.999935795555006002e-02
7.930000000000000604e+00 2.999935795555205148e-02
7.940000000000000391e+00 2.999935795555029594e-02
7.950000000000000178e+00 2.999935795555151372e-02
7.959999999999999964e+00 2.999935795555130208e-02
7.969999999999999751e+00 2.999935795555134718e-02
7.980000000000000426e+00 2.999935795555137841e-02
7.990000000000000213e+00 2.999935795555146167e-02
8.000000000000000000e+00 2.999935795555050411e-02
8.009999999999999787e+00 2.999935795555202026e-02
8.019999999999999574e+00 2.999935795555236373e-02
8.029999999999999361e+00 2.999935795555151719e-02
8.040000000000000924e+00 2.999935795555178086e-02
8.050000000000000711e+00 2.999935795555081636e-02
8.060000000000000497e+00 2.999935795555081636e-02
8.070000000000000284e+00 2.999935795555137147e-02
8.080000000000000071e+00 2.999935795554921694e-02
8.089999999999999858e+00 2.999935795555285639e-02
8.099999999999999645e+00 2.999935795555132290e-02
8.109999999999999432e+00 2.999935795555120147e-02
8.120000000000000995e+00 2.999935795555064982e-02
8.130000000000000782e+00 2.999935795555040002e-02
8.140000000000000568e+00 2.999935795555082677e-02
8.150000000000000355e+00 2.999935795555062207e-02
8.160000000000000142e+00 2.999935795555216250e-02
8.169999999999999929e+00 2.999935795555159351e-02
8.179999999999999716e+00 2.999935795555240883e-02
8.189999999999999503e+00 2.999935795555058737e-02
8.199999999999999289e+00 2.999935795554996287e-02
8.210000000000000853e+00 2.999935795555163515e-02
8.220000000000000639e+00 2.999935795555199250e-02
8.230000000000000426e+00 2.999935795555045553e-02
8.240000000000000213e+00 2.999935795554965062e-02
8.250000000000000000e+00 2.999935795555216597e-02
8.259999999999999787e+00 2.999935795555227006e-02
8.269999999999999574e+00 2.999935795555096207e-02
8.279999999999999361e+00 2.999935795555051798e-02
8.290000000000000924e+00 2.999935795555202372e-02
8.300000000000000711e+00 2.999935795555080248e-02
8.310000000000000497e+00 2.999935795555202026e-02
8.320000000000000284e+00 2.999935795555044166e-02
8.330000000000000071e+00 2.999935795555048329e-02
8.339999999999999858e+00 2.999935795555105922e-02
8.349999999999999645e+00 2.999935795555059084e-02
8.359999999999999432e+00 2.999935795555033410e-02
8.370000000000000995e+00 2.999935795554874163e-02
8.380000000000000782e+00 2.999935795555220414e-02
8.390000000000000568e+00 2.999935795555137147e-02
8.400000000000000355e+00 2.999935795555165943e-02
8.410000000000000142e+00 2.999935795555200638e-02
8.419999999999999929e+00 2.999935795555067064e-02
8.429999999999999716e+00 2.999935795555019186e-02
8.439999999999999503e+00 2.999935795555060819e-02
8.449999999999999289e+00 2.999935795555005308e-02
8.460000000000000853e+00 2.999935795554943899e-02
8.470000000000000639e+00 2.999935795555125351e-02
8.480000000000000426e+00 2.999935795555089962e-02
8.490000000000000213e+00 2.999935795555151025e-02
8.500000000000000000e+00 2.999935795555212087e-02
8.509999999999999787e+00 2.999935795555144780e-02
8.519999999999999574e+00 2.999935795555173923e-02
8.529999999999999361e+00 2.999935795555025778e-02
8.540000000000000924e+00 2.999935795555108003e-02
8.550000000000000711e+00 2.999935795554973389e-02
8.560000000000000497e+00 2.999935795554994206e-02
8.570000000000000284e+00 2.999935795555010859e-02
8.580000000000000071e+00 2.999935795554991083e-02
8.589999999999999858e+00 2.999935795555108697e-02
8.599999999999999645e+00 2.999935795555119106e-02
8.609999999999999432e+00 2.999935795555060125e-02
8.620000000000000995e+00 2.999935795554907469e-02
8.630000000000000782e+00 2.999935795555085799e-02
8.640000000000000568e+00 2.999935795555058043e-02
8.650000000000000355e+00 2.999935795555001838e-02
8.660000000000000142e+00 2.999935795555067758e-02
8.669999999999999929e+00 2.999935795554996634e-02
8.679999999999999716e+00 2.999935795555047288e-02
8.689999999999999503e+00 2.999935795555239842e-02
8.700000000000001066e+00 2.999935795555108697e-02
8.710000000000000853e+00 2.999935795555015716e-02
8.720000000000000639e+00 2.999935795555276966e-02
8.730000000000000426e+00 2.999935795554972695e-02
8.740000000000000213e+00 2.999935795555152412e-02
8.750000000000000000e+00 2.999935795555102799e-02
8.759999999999999787e+00 2.999935795555010859e-02
8.769999999999999574e+00 2.999935795555008777e-02
8.779999999999999361e+00 2.999935795555060125e-02
8.790000000000000924e+00 2.999935795555123269e-02
8.800000000000000711e+00 2.999935795555251986e-02
8.810000000000000497e+00 2.999935795555120147e-02
8.820000000000000284e+00 2.999935795555049717e-02
8.830000000000000071e+00 2.999935795554913021e-02
8.839999999999999858e+00 2.999935795554958470e-02
8.849999999999999645e+00 2.999935795555084064e-02
8.859999999999999432e+00 2.999935795555160045e-02
8.870000000000000995e+00 2.999935795555010165e-02
8.880000000000000782e+00 2.999935795555081289e-02
8.890000000000000568e+00 2.999935795555055268e-02
8.900000000000000355e+00 2.999935795555085799e-02
8.910000000000000142e+00 2.999935795555074697e-02
8.919999999999999929e+00 2.999935795555027859e-02
8.929999999999999716e+00 2.999935795555144780e-02
8.939999999999999503e+00 2.999935795555044166e-02
8.950000000000001066e+00 2.999935795555009471e-02
8.960000000000000853e+00 2.999935795554994206e-02
8.970000000000000639e+00 2.999935795554974777e-02
8.980000000000000426e+00 2.999935795555048329e-02
8.990000000000000213e+00 2.999935795555004961e-02
9.000000000000000000e+00 2.999935795554969226e-02
9.009999999999999787e+00 2.999935795554923429e-02
9.019999999999999574e+00 2.999935795555066023e-02
9.029999999999999361e+00 2.999935795555013288e-02
9.040000000000000924e+00 2.999935795555238802e-02
9.050000000000000711e+00 2.999935795555068452e-02
9.060000000000000497e+00 2.999935795554914408e-02
9.070000000000000284e+00 2.999935795555234291e-02
9.080000000000000071e+00 2.999935795555074697e-02
9.089999999999999858e+00 2.999935795554950838e-02
9.099999999999999645e+00 2.999935795554782916e-02
9.109999999999999432e+00 2.999935795555127779e-02
9.120000000000000995e+00 2.999935795554758283e-02
9.130000000000000782e+00 2.999935795555050064e-02
9.140000000000000568e+00 2.999935795554888388e-02
9.150000000000000355e+00 2.999935795554981716e-02
9.160000000000000142e+00 2.999935795555003226e-02
9.169999999999999929e+00 2.999935795555139575e-02
9.179999999999999716e+00 2.999935795555043472e-02
9.189999999999999503e+00 2.999935795554894286e-02
9.200000000000001066e+00 2.999935795554919613e-02
9.210000000000000853e+00 2.999935795555013635e-02
9.220000000000000639e+00 2.999935795554886653e-02
9.230000000000000426e+00 2.999935795555097942e-02
9.240000000000000213e+00 2.999935795555092738e-02
9.250000000000000000e+00 2.999935795555144433e-02
9.259999999999999787e+00 2.999935795555180168e-02
9.269999999999999574e+00 2.999935795554929674e-02
9.279999999999999361e+00 2.999935795554822815e-02
9.290000000000000924e+00 2.999935795555204454e-02
9.300000000000000711e+00 2.999935795555085799e-02
9.310000000000000497e+00 2.999935795554960205e-02
9.320000000000000284e+00 2.999935795555262741e-02
9.330000000000000071e+00 2.999935795555156576e-02
9.339999999999999858e+00 2.999935795554788814e-02
9.349999999999999645e+00 2.999935795554942858e-02
9.359999999999999432e+00 2.999935795555037227e-02
9.370000000000000995e+00 2.999935795554563994e-02
9.380000000000000782e+00 2.999935795554666343e-02
9.390000000000000568e+00 2.999935795554804774e-02
9.400000000000000355e+00 2.999935795554788814e-02
9.410000000000000142e+00 2.999935795555013635e-02
9.419999999999999929e+00 2.999935795555119800e-02
9.429999999999999716e+00 2.999935795554878326e-02
9.439999999999999503e+00 2.999935795554938348e-02
9.450000000000001066e+00 2.999935795554974777e-02
9.460000000000000853e+00 2.999935795554901224e-02
9.470000000000000639e+00 2.999935795554954654e-02
9.480000000000000426e+00 2.999935795555337681e-02
9.490000000000000213e+00 2.999935795554958123e-02
9.500000000000000000e+00 2.999935795554999757e-02
9.509999999999999787e+00 2.999935795555024043e-02
9.519999999999999574e+00 2.999935795555185719e-02
9.529999999999999361e+00 2.999935795554582729e-02
9.540000000000000924e+00 2.999935795555080595e-02
9.550000000000000711e+00 2.999935795554829754e-02
9.560000000000000497e+00 2.999935795555484785e-02
9.570000000000000284e+00 2.999935795555159351e-02
9.580000000000000071e+00 2.999935795554557055e-02
9.589999999999999858e+00 2.999935795555115289e-02
9.599999999999999645e+00 2.999935795554736426e-02
9.609999999999999432e+00 2.999935795555032023e-02
9.620000000000000995e+00 2.999935795555241924e-02
9.630000000000000782e+00 2.999935795555291190e-02
9.640000000000000568e+00 2.999935795555110432e-02
9.650000000000000355e+00 2.999935795554684731e-02
9.660000000000000142e+00 2.999935795554955348e-02
9.669999999999999929e+00 2.999935795554556014e-02
9.679999999999999716e+00 2.999935795555098289e-02
9.689999999999999503e+00 2.999935795555099330e-02
9.700000000000001066e+00 2.999935795554983103e-02
9.710000000000000853e+00 2.999935795555144780e-02
9.720000000000000639e+00 2.999935795555110432e-02
9.730000000000000426e+00 2.999935795554964021e-02
9.740000000000000213e+00 2.999935795554780488e-02
9.750000000000000000e+00 2.999935795554982756e-02
9.759999999999999787e+00 2.999935795555072615e-02
9.769999999999999574e+00 2.999935795554648302e-02
9.779999999999999361e+00 2.999935795554931756e-02
9.790000000000000924e+00 2.999935795555088228e-02
9.800000000000000711e+00 2.999935795555035492e-02
9.810000000000000497e+00 2.999935795554987961e-02
9.820000000000000284e+00 2.999935795555193352e-02
9.830000000000000071e+00 2.999935795555066370e-02
9.839999999999999858e+00 2.999935795554644832e-02
9.849999999999999645e+00 2.999935795554920306e-02
9.859999999999999432e+00 2.999935795555124657e-02
9.870000000000000995e+00 2.999935795554961593e-02
9.880000000000000782e+00 2.999935795555074350e-02
9.890000000000000568e+00 2.999935795554959164e-02
9.900000000000000355e+00 2.999935795555204801e-02
9.910000000000000142e+00 2.999935795555064982e-02
9.919999999999999929e+00 2.999935795555106963e-02
9.929999999999999716e+00 2.999935795555072268e-02
9.939999999999999503e+00 2.999935795554908510e-02
9.950000000000001066e+00 2.999935795554983450e-02
9.960000000000000853e+00 2.999935795554923082e-02
9.970000000000000639e+00 2.999935795554816570e-02
