0.000000000000000000e+00 2.999933778246352545e-02
1.000000000000000021e-02 2.999933778246681448e-02
2.000000000000000042e-02 2.999933778246821614e-02
2.999999999999999889e-02 2.999933778246911126e-02
4.000000000000000083e-02 2.999933778246684224e-02
5.000000000000000278e-02 2.999933778246735919e-02
5.999999999999999778e-02 2.999933778246686999e-02
7.000000000000000666e-02 2.999933778246868105e-02
8.000000000000000167e-02 2.999933778246789695e-02
8.999999999999999667e-02 2.999933778246582222e-02
1.000000000000000056e-01 2.999933778246793512e-02
1.100000000000000006e-01 2.999933778246716143e-02
1.199999999999999956e-01 2.999933778246716490e-02
1.300000000000000044e-01 2.999933778246376831e-02
1.400000000000000133e-01 2.999933778246654734e-02
1.499999999999999944e-01 2.999933778246655774e-02
1.600000000000000033e-01 2.999933778246593324e-02
1.700000000000000122e-01 2.999933778246711286e-02
1.799999999999999933e-01 2.999933778246927085e-02
1.900000000000000022e-01 2.999933778246618304e-02
2.000000000000000111e-01 2.999933778246770266e-02
2.099999999999999922e-01 2.999933778246923616e-02
2.200000000000000011e-01 2.999933778246964902e-02
2.300000000000000100e-01 2.999933778246571120e-02
2.399999999999999911e-01 2.999933778247095006e-02
2.500000000000000000e-01 2.999933778246517690e-02
2.600000000000000089e-01 2.999933778246883370e-02
2.700000000000000178e-01 2.999933778246533303e-02
2.800000000000000266e-01 2.999933778246830635e-02
2.899999999999999800e-01 2.999933778246837573e-02
2.999999999999999889e-01 2.999933778247031516e-02
3.099999999999999978e-01 2.999933778246970800e-02
3.200000000000000067e-01 2.999933778246451424e-02
3.300000000000000155e-01 2.999933778246337973e-02
3.400000000000000244e-01 2.999933778246504160e-02
3.500000000000000333e-01 2.999933778246406321e-02
3.599999999999999867e-01 2.999933778246526711e-02
3.699999999999999956e-01 2.999933778246797328e-02
3.800000000000000044e-01 2.999933778246721347e-02
3.900000000000000133e-01 2.999933778246576671e-02
4.000000000000000222e-01 2.999933778247043659e-02
4.100000000000000311e-01 2.999933778246307789e-02
4.199999999999999845e-01 2.999933778246650223e-02
4.299999999999999933e-01 2.999933778246598182e-02
4.400000000000000022e-01 2.999933778246869145e-02
4.500000000000000111e-01 2.999933778246725163e-02
4.600000000000000200e-01 2.999933778246848329e-02
4.700000000000000289e-01 2.999933778246906615e-02
4.799999999999999822e-01 2.999933778246630101e-02
4.899999999999999911e-01 2.999933778246648142e-02
5.000000000000000000e-01 2.999933778246864288e-02
5.100000000000000089e-01 2.999933778246864635e-02
5.200000000000000178e-01 2.999933778246522201e-02
5.300000000000000266e-01 2.999933778246727939e-02
5.400000000000000355e-01 2.999933778246589855e-02
5.500000000000000444e-01 2.999933778246595406e-02
5.600000000000000533e-01 2.999933778246537119e-02
5.700000000000000622e-01 2.999933778246598182e-02
5.799999999999999600e-01 2.999933778246489935e-02
5.899999999999999689e-01 2.999933778246882676e-02
5.999999999999999778e-01 2.999933778246804267e-02
6.099999999999999867e-01 2.999933778246472588e-02
6.199999999999999956e-01 2.999933778246635652e-02
6.300000000000000044e-01 2.999933778247110272e-02
6.400000000000000133e-01 2.999933778246553079e-02
6.500000000000000222e-01 2.999933778246482649e-02
6.600000000000000311e-01 2.999933778246590896e-02
6.700000000000000400e-01 2.999933778246821614e-02
6.800000000000000488e-01 2.999933778246566263e-02
6.900000000000000577e-01 2.999933778246271360e-02
7.000000000000000666e-01 2.999933778246426444e-02
7.099999999999999645e-01 2.999933778246755695e-02
7.199999999999999734e-01 2.999933778246730021e-02
7.299999999999999822e-01 2.999933778246585692e-02
7.399999999999999911e-01 2.999933778246519772e-02
7.500000000000000000e-01 2.999933778246795940e-02
7.600000000000000089e-01 2.999933778246645019e-02
7.700000000000000178e-01 2.999933778246666877e-02
7.800000000000000266e-01 2.999933778246667918e-02
7.900000000000000355e-01 2.999933778246803573e-02
8.000000000000000444e-01 2.999933778246716143e-02
8.100000000000000533e-01 2.999933778246447261e-02
8.200000000000000622e-01 2.999933778246527405e-02
8.300000000000000711e-01 2.999933778246498955e-02
8.399999999999999689e-01 2.999933778246739735e-02
8.499999999999999778e-01 2.999933778246785185e-02
8.599999999999999867e-01 2.999933778246571120e-02
8.699999999999999956e-01 2.999933778246658550e-02
8.800000000000000044e-01 2.999933778246799410e-02
8.900000000000000133e-01 2.999933778246454547e-02
9.000000000000000222e-01 2.999933778247064128e-02
9.100000000000000311e-01 2.999933778246656121e-02
9.200000000000000400e-01 2.999933778246604080e-02
9.300000000000000488e-01 2.999933778246703306e-02
9.400000000000000577e-01 2.999933778246518384e-02
9.500000000000000666e-01 2.999933778246645366e-02
9.599999999999999645e-01 2.999933778246708510e-02
9.699999999999999734e-01 2.999933778246802532e-02
9.799999999999999822e-01 2.999933778246569732e-02
9.899999999999999911e-01 2.999933778246675203e-02
1.000000000000000000e+00 2.999933778246756388e-02
1.010000000000000009e+00 2.999933778246650570e-02
1.020000000000000018e+00 2.999933778246491323e-02
1.030000000000000027e+00 2.999933778246532956e-02
1.040000000000000036e+00 2.999933778246798716e-02
1.050000000000000044e+00 2.999933778246700877e-02
1.060000000000000053e+00 2.999933778246689775e-02
1.070000000000000062e+00 2.999933778246566957e-02
1.080000000000000071e+00 2.999933778246626631e-02
1.090000000000000080e+00 2.999933778246582916e-02
1.100000000000000089e+00 2.999933778246519772e-02
1.110000000000000098e+00 2.999933778246537813e-02
1.120000000000000107e+00 2.999933778246701918e-02
1.130000000000000115e+00 2.999933778246564181e-02
1.140000000000000124e+00 2.999933778246498262e-02
1.150000000000000133e+00 2.999933778246706775e-02
1.159999999999999920e+00 2.999933778246663060e-02
1.169999999999999929e+00 2.999933778246727939e-02
1.179999999999999938e+00 2.999933778246420893e-02
1.189999999999999947e+00 2.999933778246658897e-02
1.199999999999999956e+00 2.999933778246514568e-02
1.209999999999999964e+00 2.999933778246650223e-02
1.219999999999999973e+00 2.999933778246618998e-02
1.229999999999999982e+00 2.999933778246480914e-02
1.239999999999999991e+00 2.999933778246929167e-02
1.250000000000000000e+00 2.999933778246562793e-02
1.260000000000000009e+00 2.999933778246498609e-02
1.270000000000000018e+00 2.999933778246595406e-02
1.280000000000000027e+00 2.999933778246806348e-02
1.290000000000000036e+00 2.999933778246709204e-02
1.300000000000000044e+00 2.999933778246711286e-02
1.310000000000000053e+00 2.999933778246502425e-02
1.320000000000000062e+00 2.999933778246693244e-02
1.330000000000000071e+00 2.999933778246768531e-02
1.340000000000000080e+00 2.999933778246726551e-02
1.350000000000000089e+00 2.999933778246520466e-02
1.360000000000000098e+00 2.999933778246584998e-02
1.370000000000000107e+00 2.999933778246582222e-02
1.380000000000000115e+00 2.999933778246572508e-02
1.390000000000000124e+00 2.999933778246740429e-02
1.400000000000000133e+00 2.999933778246571120e-02
1.409999999999999920e+00 2.999933778246823696e-02
1.419999999999999929e+00 2.999933778246639121e-02
1.429999999999999938e+00 2.999933778246682489e-02
1.439999999999999947e+00 2.999933778246758470e-02
1.449999999999999956e+00 2.999933778246738347e-02
1.459999999999999964e+00 2.999933778246756388e-02
1.469999999999999973e+00 2.999933778246512486e-02
1.479999999999999982e+00 2.999933778246430260e-02
1.489999999999999991e+00 2.999933778246539895e-02
1.500000000000000000e+00 2.999933778246648836e-02
1.510000000000000009e+00 2.999933778246673816e-02
1.520000000000000018e+00 2.999933778246576671e-02
1.530000000000000027e+00 2.999933778246681101e-02
1.540000000000000036e+00 2.999933778246809818e-02
1.550000000000000044e+00 2.999933778246584304e-02
1.560000000000000053e+00 2.999933778246604774e-02
1.570000000000000062e+00 2.999933778246473629e-02
1.580000000000000071e+00 2.999933778246674509e-02
1.590000000000000080e+00 2.999933778246542324e-02
1.600000000000000089e+00 2.999933778246503813e-02
1.610000000000000098e+00 2.999933778246682489e-02
1.620000000000000107e+00 2.999933778246620039e-02
1.630000000000000115e+00 2.999933778246773042e-02
1.640000000000000124e+00 2.999933778246632876e-02
1.650000000000000133e+00 2.999933778246509711e-02
1.660000000000000142e+00 2.999933778246619692e-02
1.669999999999999929e+00 2.999933778246581181e-02
1.679999999999999938e+00 2.999933778246550997e-02
1.689999999999999947e+00 2.999933778246558283e-02
1.699999999999999956e+00 2.999933778246686999e-02
1.709999999999999964e+00 2.999933778246732102e-02
1.719999999999999973e+00 2.999933778246817451e-02
1.729999999999999982e+00 2.999933778246707122e-02
1.739999999999999991e+00 2.999933778246707469e-02
1.750000000000000000e+00 2.999933778246658897e-02
1.760000000000000009e+00 2.999933778246683877e-02
1.770000000000000018e+00 2.999933778246572161e-02
1.780000000000000027e+00 2.999933778246501384e-02
1.790000000000000036e+00 2.999933778246743205e-02
1.800000000000000044e+00 2.999933778246600610e-02
1.810000000000000053e+00 2.999933778246804267e-02
1.820000000000000062e+00 2.999933778246498262e-02
1.830000000000000071e+00 2.999933778246605814e-02
1.840000000000000080e+00 2.999933778246694632e-02
1.850000000000000089e+00 2.999933778246560712e-02
1.860000000000000098e+00 2.999933778246564181e-02
1.870000000000000107e+00 2.999933778246528446e-02
1.880000000000000115e+00 2.999933778246776164e-02
1.890000000000000124e+00 2.999933778246609284e-02
1.900000000000000133e+00 2.999933778246817451e-02
1.910000000000000142e+00 2.999933778246634264e-02
1.919999999999999929e+00 2.999933778246502772e-02
1.929999999999999938e+00 2.999933778246721694e-02
1.939999999999999947e+00 2.999933778246546834e-02
1.949999999999999956e+00 2.999933778246594365e-02
1.959999999999999964e+00 2.999933778246548222e-02
1.969999999999999973e+00 2.999933778246538854e-02
1.979999999999999982e+00 2.999933778246549609e-02
1.989999999999999991e+00 2.999933778246693938e-02
2.000000000000000000e+00 2.999933778246627325e-02
2.010000000000000231e+00 2.999933778246557936e-02
2.020000000000000018e+00 2.999933778246468424e-02
2.030000000000000249e+00 2.999933778246550997e-02
2.040000000000000036e+00 2.999933778246648489e-02
2.049999999999999822e+00 2.999933778246723082e-02
2.060000000000000053e+00 2.999933778246734531e-02
2.069999999999999840e+00 2.999933778246663407e-02
2.080000000000000071e+00 2.999933778246710245e-02
2.089999999999999858e+00 2.999933778246526364e-02
2.100000000000000089e+00 2.999933778246558283e-02
2.109999999999999876e+00 2.999933778246647448e-02
2.120000000000000107e+00 2.999933778246567304e-02
2.129999999999999893e+00 2.999933778246584998e-02
2.140000000000000124e+00 2.999933778246544405e-02
2.149999999999999911e+00 2.999933778246719612e-02
2.160000000000000142e+00 2.999933778246596794e-02
2.169999999999999929e+00 2.999933778246458710e-02
2.180000000000000160e+00 2.999933778246574589e-02
2.189999999999999947e+00 2.999933778246516303e-02
2.200000000000000178e+00 2.999933778246541283e-02
2.209999999999999964e+00 2.999933778246645366e-02
2.220000000000000195e+00 2.999933778246653693e-02
2.229999999999999982e+00 2.999933778246716490e-02
2.240000000000000213e+00 2.999933778246745633e-02
2.250000000000000000e+00 2.999933778246725857e-02
2.260000000000000231e+00 2.999933778246753613e-02
2.270000000000000018e+00 2.999933778246566263e-02
2.280000000000000249e+00 2.999933778246541977e-02
2.290000000000000036e+00 2.999933778246721347e-02
2.300000000000000266e+00 2.999933778246570426e-02
2.310000000000000053e+00 2.999933778246641897e-02
2.319999999999999840e+00 2.999933778246610672e-02
2.330000000000000071e+00 2.999933778246617611e-02
2.339999999999999858e+00 2.999933778246569732e-02
2.350000000000000089e+00 2.999933778246597835e-02
2.359999999999999876e+00 2.999933778246498955e-02
2.370000000000000107e+00 2.999933778246557589e-02
2.379999999999999893e+00 2.999933778246566957e-02
2.390000000000000124e+00 2.999933778246674509e-02
2.399999999999999911e+00 2.999933778246591243e-02
2.410000000000000142e+00 2.999933778246574936e-02
2.419999999999999929e+00 2.999933778246546140e-02
2.430000000000000160e+00 2.999933778246598529e-02
2.439999999999999947e+00 2.999933778246540242e-02
2.450000000000000178e+00 2.999933778246561406e-02
2.459999999999999964e+00 2.999933778246607896e-02
2.470000000000000195e+00 2.999933778246628713e-02
2.479999999999999982e+00 2.999933778246679020e-02
2.490000000000000213e+00 2.999933778246606508e-02
2.500000000000000000e+00 2.999933778246665836e-02
2.510000000000000231e+00 2.999933778246688040e-02
2.520000000000000018e+00 2.999933778246716143e-02
2.530000000000000249e+00 2.999933778246583610e-02
2.540000000000000036e+00 2.999933778246643631e-02
2.550000000000000266e+00 2.999933778246674509e-02
2.560000000000000053e+00 2.999933778246510752e-02
2.569999999999999840e+00 2.999933778246673816e-02
2.580000000000000071e+00 2.999933778246540589e-02
2.589999999999999858e+00 2.999933778246664795e-02
2.600000000000000089e+00 2.999933778246681448e-02
2.609999999999999876e+00 2.999933778246561406e-02
2.620000000000000107e+00 2.999933778246751878e-02
2.629999999999999893e+00 2.999933778246578753e-02
2.640000000000000124e+00 2.999933778246657856e-02
2.649999999999999911e+00 2.999933778246538854e-02
2.660000000000000142e+00 2.999933778246625243e-02
2.669999999999999929e+00 2.999933778246753613e-02
2.680000000000000160e+00 2.999933778246659244e-02
2.689999999999999947e+00 2.999933778246671387e-02
2.700000000000000178e+00 2.999933778246589161e-02
2.709999999999999964e+00 2.999933778246513874e-02
2.720000000000000195e+00 2.999933778246651958e-02
2.729999999999999982e+00 2.999933778246569038e-02
2.740000000000000213e+00 2.999933778246623509e-02
2.750000000000000000e+00 2.999933778246600610e-02
2.760000000000000231e+00 2.999933778246606508e-02
2.770000000000000018e+00 2.999933778246531915e-02
2.780000000000000249e+00 2.999933778246607202e-02
2.790000000000000036e+00 2.999933778246593671e-02
2.800000000000000266e+00 2.999933778246535038e-02
2.810000000000000053e+00 2.999933778246487853e-02
2.819999999999999840e+00 2.999933778246566610e-02
2.830000000000000071e+00 2.999933778246541283e-02
2.839999999999999858e+00 2.999933778246662366e-02
2.850000000000000089e+00 2.999933778246552038e-02
2.859999999999999876e+00 2.999933778246502425e-02
2.870000000000000107e+00 2.999933778246587773e-02
2.879999999999999893e+00 2.999933778246553426e-02
2.890000000000000124e+00 2.999933778246599569e-02
2.899999999999999911e+00 2.999933778246514915e-02
2.910000000000000142e+00 2.999933778246584998e-02
2.919999999999999929e+00 2.999933778246581181e-02
2.930000000000000160e+00 2.999933778246529140e-02
2.939999999999999947e+00 2.999933778246560712e-02
2.950000000000000178e+00 2.999933778246701571e-02
2.959999999999999964e+00 2.999933778246580141e-02
2.970000000000000195e+00 2.999933778246549956e-02
2.979999999999999982e+00 2.999933778246670693e-02
2.990000000000000213e+00 2.999933778246577365e-02
3.000000000000000000e+00 2.999933778246622121e-02
3.010000000000000231e+00 2.999933778246534344e-02
3.020000000000000018e+00 2.999933778246480914e-02
3.030000000000000249e+00 2.999933778246660632e-02
3.040000000000000036e+00 2.999933778246642938e-02
3.050000000000000266e+00 2.999933778246694979e-02
3.060000000000000053e+00 2.999933778246480220e-02
3.070000000000000284e+00 2.999933778246612406e-02
3.080000000000000071e+00 2.999933778246484731e-02
3.089999999999999858e+00 2.999933778246517690e-02
3.100000000000000089e+00 2.999933778246682489e-02
3.109999999999999876e+00 2.999933778246552385e-02
3.120000000000000107e+00 2.999933778246627325e-02
3.129999999999999893e+00 2.999933778246569732e-02
3.140000000000000124e+00 2.999933778246590549e-02
3.149999999999999911e+00 2.999933778246572855e-02
3.160000000000000142e+00 2.999933778246562099e-02
3.169999999999999929e+00 2.999933778246604427e-02
3.180000000000000160e+00 2.999933778246546140e-02
3.189999999999999947e+00 2.999933778246607896e-02
3.200000000000000178e+00 2.999933778246678326e-02
3.209999999999999964e+00 2.999933778246647101e-02
3.220000000000000195e+00 2.999933778246487506e-02
3.229999999999999982e+00 2.999933778246555161e-02
3.240000000000000213e+00 2.999933778246688734e-02
3.250000000000000000e+00 2.999933778246589161e-02
3.260000000000000231e+00 2.999933778246582222e-02
3.270000000000000018e+00 2.999933778246582569e-02
3.280000000000000249e+00 2.999933778246580141e-02
3.290000000000000036e+00 2.999933778246625937e-02
3.300000000000000266e+00 2.999933778246458710e-02
3.310000000000000053e+00 2.999933778246651611e-02
3.320000000000000284e+00 2.999933778246540589e-02
3.330000000000000071e+00 2.999933778246595059e-02
3.339999999999999858e+00 2.999933778246524282e-02
3.350000000000000089e+00 2.999933778246539895e-02
3.359999999999999876e+00 2.999933778246476057e-02
3.370000000000000107e+00 2.999933778246581875e-02
3.379999999999999893e+00 2.999933778246491323e-02
3.390000000000000124e+00 2.999933778246631141e-02
3.399999999999999911e+00 2.999933778246574936e-02
3.410000000000000142e+00 2.999933778246429567e-02
3.419999999999999929e+00 2.999933778246532609e-02
3.430000000000000160e+00 2.999933778246558283e-02
3.439999999999999947e+00 2.999933778246536772e-02
3.450000000000000178e+00 2.999933778246518731e-02
3.459999999999999964e+00 2.999933778246557589e-02
3.470000000000000195e+00 2.999933778246510405e-02
3.479999999999999982e+00 2.999933778246539201e-02
3.490000000000000213e+00 2.999933778246439281e-02
3.500000000000000000e+00 2.999933778246554467e-02
3.510000000000000231e+00 2.999933778246515262e-02
3.520000000000000018e+00 2.999933778246417770e-02
3.530000000000000249e+00 2.999933778246618998e-02
3.540000000000000036e+00 2.999933778246495833e-02
3.550000000000000266e+00 2.999933778246578059e-02
3.560000000000000053e+00 2.999933778246544752e-02
3.570000000000000284e+00 2.999933778246632876e-02
3.580000000000000071e+00 2.999933778246394178e-02
3.589999999999999858e+00 2.999933778246530527e-02
3.600000000000000089e+00 2.999933778246603039e-02
3.609999999999999876e+00 2.999933778246608590e-02
3.620000000000000107e+00 2.999933778246558283e-02
3.629999999999999893e+00 2.999933778246460792e-02
3.640000000000000124e+00 2.999933778246547875e-02
3.649999999999999911e+00 2.999933778246516650e-02
3.660000000000000142e+00 2.999933778246541283e-02
3.669999999999999929e+00 2.999933778246614141e-02
3.680000000000000160e+00 2.999933778246602692e-02
3.689999999999999947e+00 2.999933778246520119e-02
3.700000000000000178e+00 2.999933778246527752e-02
3.709999999999999964e+00 2.999933778246499302e-02
3.720000000000000195e+00 2.999933778246572508e-02
3.729999999999999982e+00 2.999933778246523242e-02
3.740000000000000213e+00 2.999933778246514915e-02
3.750000000000000000e+00 2.999933778246503813e-02
3.760000000000000231e+00 2.999933778246496874e-02
3.770000000000000018e+00 2.999933778246575283e-02
3.780000000000000249e+00 2.999933778246551344e-02
3.790000000000000036e+00 2.999933778246575630e-02
3.800000000000000266e+00 2.999933778246527405e-02
3.810000000000000053e+00 2.999933778246525323e-02
3.820000000000000284e+00 2.999933778246558977e-02
3.830000000000000071e+00 2.999933778246587079e-02
3.839999999999999858e+00 2.999933778246547875e-02
3.850000000000000089e+00 2.999933778246543364e-02
3.859999999999999876e+00 2.999933778246492017e-02
3.870000000000000107e+00 2.999933778246555854e-02
3.879999999999999893e+00 2.999933778246538160e-02
3.890000000000000124e+00 2.999933778246554814e-02
3.899999999999999911e+00 2.999933778246555854e-02
3.910000000000000142e+00 2.999933778246533650e-02
3.919999999999999929e+00 2.999933778246585345e-02
3.930000000000000160e+00 2.999933778246548569e-02
3.939999999999999947e+00 2.999933778246532262e-02
3.950000000000000178e+00 2.999933778246547875e-02
3.959999999999999964e+00 2.999933778246558630e-02
3.970000000000000195e+00 2.999933778246584998e-02
3.979999999999999982e+00 2.999933778246574589e-02
3.990000000000000213e+00 2.999933778246540936e-02
4.000000000000000000e+00 2.999933778246550303e-02
4.009999999999999787e+00 2.999933778246557242e-02
4.020000000000000462e+00 2.999933778246544752e-02
4.030000000000000249e+00 2.999933778246532956e-02
4.040000000000000036e+00 2.999933778246532262e-02
4.049999999999999822e+00 2.999933778246546140e-02
4.060000000000000497e+00 2.999933778246562446e-02
4.070000000000000284e+00 2.999933778246561406e-02
4.080000000000000071e+00 2.999933778246503813e-02
4.089999999999999858e+00 2.999933778246546487e-02
4.099999999999999645e+00 2.999933778246560018e-02
4.110000000000000320e+00 2.999933778246577712e-02
4.120000000000000107e+00 2.999933778246548222e-02
4.129999999999999893e+00 2.999933778246600263e-02
4.139999999999999680e+00 2.999933778246595753e-02
4.150000000000000355e+00 2.999933778246524629e-02
4.160000000000000142e+00 2.999933778246526017e-02
4.169999999999999929e+00 2.999933778246513180e-02
4.179999999999999716e+00 2.999933778246555161e-02
4.190000000000000391e+00 2.999933778246542324e-02
4.200000000000000178e+00 2.999933778246550997e-02
4.209999999999999964e+00 2.999933778246530874e-02
4.219999999999999751e+00 2.999933778246564875e-02
4.230000000000000426e+00 2.999933778246519078e-02
4.240000000000000213e+00 2.999933778246571814e-02
4.250000000000000000e+00 2.999933778246534344e-02
4.259999999999999787e+00 2.999933778246548222e-02
4.270000000000000462e+00 2.999933778246543364e-02
4.280000000000000249e+00 2.999933778246547181e-02
4.290000000000000036e+00 2.999933778246566263e-02
4.299999999999999822e+00 2.999933778246535038e-02
4.310000000000000497e+00 2.999933778246575630e-02
4.320000000000000284e+00 2.999933778246570426e-02
4.330000000000000071e+00 2.999933778246563834e-02
4.339999999999999858e+00 2.999933778246530180e-02
4.350000000000000533e+00 2.999933778246541283e-02
4.360000000000000320e+00 2.999933778246549609e-02
4.370000000000000107e+00 2.999933778246565569e-02
4.379999999999999893e+00 2.999933778246537813e-02
4.389999999999999680e+00 2.999933778246563487e-02
4.400000000000000355e+00 2.999933778246557589e-02
4.410000000000000142e+00 2.999933778246536079e-02
4.419999999999999929e+00 2.999933778246537813e-02
4.429999999999999716e+00 2.999933778246557242e-02
4.440000000000000391e+00 2.999933778246569038e-02
4.450000000000000178e+00 2.999933778246556201e-02
4.459999999999999964e+00 2.999933778246557936e-02
4.469999999999999751e+00 2.999933778246547875e-02
4.480000000000000426e+00 2.999933778246552038e-02
4.490000000000000213e+00 2.999933778246554467e-02
4.500000000000000000e+00 2.999933778246556201e-02
4.509999999999999787e+00 2.999933778246554814e-02
4.520000000000000462e+00 2.999933778246552038e-02
4.530000000000000249e+00 2.999933778246557589e-02
4.540000000000000036e+00 2.999933778246565569e-02
4.549999999999999822e+00 2.999933778246558630e-02
4.560000000000000497e+00 2.999933778246571814e-02
4.570000000000000284e+00 2.999933778246555161e-02
4.580000000000000071e+00 2.999933778246563487e-02
4.589999999999999858e+00 2.999933778246564875e-02
4.600000000000000533e+00 2.999933778246566610e-02
4.610000000000000320e+00 2.999933778246565916e-02
4.620000000000000107e+00 2.999933778246561752e-02
4.629999999999999893e+00 2.999933778246563140e-02
4.639999999999999680e+00 2.999933778246564528e-02
4.650000000000000355e+00 2.999933778246567304e-02
4.660000000000000142e+00 2.999933778246558630e-02
4.669999999999999929e+00 2.999933778246563140e-02
4.679999999999999716e+00 2.999933778246560712e-02
4.690000000000000391e+00 2.999933778246560018e-02
4.700000000000000178e+00 2.999933778246559671e-02
4.709999999999999964e+00 2.999933778246563834e-02
4.719999999999999751e+00 2.999933778246565916e-02
4.730000000000000426e+00 2.999933778246567997e-02
4.740000000000000213e+00 2.999933778246564528e-02
4.750000000000000000e+00 2.999933778246572161e-02
4.759999999999999787e+00 2.999933778246565569e-02
4.770000000000000462e+00 2.999933778246571120e-02
4.780000000000000249e+00 2.999933778246569038e-02
4.790000000000000036e+00 2.999933778246570773e-02
4.799999999999999822e+00 2.999933778246571467e-02
4.810000000000000497e+00 2.999933778246570773e-02
4.820000000000000284e+00 2.999933778246573549e-02
4.830000000000000071e+00 2.999933778246572855e-02
4.839999999999999858e+00 2.999933778246575283e-02
4.850000000000000533e+00 2.999933778246573549e-02
4.860000000000000320e+00 2.999933778246573896e-02
4.870000000000000107e+00 2.999933778246576671e-02
4.879999999999999893e+00 2.999933778246575977e-02
4.889999999999999680e+00 2.999933778246577365e-02
4.900000000000000355e+00 2.999933778246577712e-02
4.910000000000000142e+00 2.999933778246577712e-02
4.919999999999999929e+00 2.999933778246579794e-02
4.929999999999999716e+00 2.999933778246580141e-02
4.940000000000000391e+00 2.999933778246579100e-02
4.950000000000000178e+00 2.999933778246579794e-02
4.959999999999999964e+00 2.999933778246581875e-02
4.969999999999999751e+00 2.999933778246582569e-02
4.980000000000000426e+00 2.999933778246583610e-02
4.990000000000000213e+00 2.999933778246584998e-02
5.000000000000000000e+00 2.999933778246586386e-02
5.009999999999999787e+00 2.999933778246588120e-02
5.020000000000000462e+00 2.999933778246587773e-02
5.030000000000000249e+00 2.999933778246590202e-02
5.040000000000000036e+00 2.999933778246590549e-02
5.049999999999999822e+00 2.999933778246591243e-02
5.060000000000000497e+00 2.999933778246593324e-02
5.070000000000000284e+00 2.999933778246594365e-02
5.080000000000000071e+00 2.999933778246595753e-02
5.089999999999999858e+00 2.999933778246595059e-02
5.100000000000000533e+00 2.999933778246596100e-02
5.110000000000000320e+00 2.999933778246597141e-02
5.120000000000000107e+00 2.999933778246598182e-02
5.129999999999999893e+00 2.999933778246598182e-02
5.139999999999999680e+00 2.999933778246599222e-02
5.150000000000000355e+00 2.999933778246599569e-02
5.160000000000000142e+00 2.999933778246599222e-02
5.169999999999999929e+00 2.999933778246599222e-02
5.179999999999999716e+00 2.999933778246600610e-02
5.190000000000000391e+00 2.999933778246601998e-02
5.200000000000000178e+00 2.999933778246599916e-02
5.209999999999999964e+00 2.999933778246601998e-02
5.219999999999999751e+00 2.999933778246601304e-02
5.230000000000000426e+00 2.999933778246602692e-02
5.240000000000000213e+00 2.999933778246603386e-02
5.250000000000000000e+00 2.999933778246602692e-02
5.259999999999999787e+00 2.999933778246605121e-02
5.270000000000000462e+00 2.999933778246604774e-02
5.280000000000000249e+00 2.999933778246600263e-02
5.290000000000000036e+00 2.999933778246600610e-02
5.299999999999999822e+00 2.999933778246605121e-02
5.310000000000000497e+00 2.999933778246607202e-02
5.320000000000000284e+00 2.999933778246600957e-02
5.330000000000000071e+00 2.999933778246618651e-02
5.339999999999999858e+00 2.999933778246609631e-02
5.350000000000000533e+00 2.999933778246605121e-02
5.360000000000000320e+00 2.999933778246606855e-02
5.370000000000000107e+00 2.999933778246611712e-02
5.379999999999999893e+00 2.999933778246610672e-02
5.389999999999999680e+00 2.999933778246617264e-02
5.400000000000000355e+00 2.999933778246616917e-02
5.410000000000000142e+00 2.999933778246622121e-02
5.419999999999999929e+00 2.999933778246613794e-02
5.429999999999999716e+00 2.999933778246608590e-02
5.440000000000000391e+00 2.999933778246618998e-02
5.450000000000000178e+00 2.999933778246612753e-02
5.459999999999999964e+00 2.999933778246612406e-02
5.469999999999999751e+00 2.999933778246616223e-02
5.480000000000000426e+00 2.999933778246622121e-02
5.490000000000000213e+00 2.999933778246618304e-02
5.500000000000000000e+00 2.999933778246620733e-02
5.509999999999999787e+00 2.999933778246612059e-02
5.520000000000000462e+00 2.999933778246613794e-02
5.530000000000000249e+00 2.999933778246618998e-02
5.540000000000000036e+00 2.999933778246605814e-02
5.549999999999999822e+00 2.999933778246615529e-02
5.560000000000000497e+00 2.999933778246624549e-02
5.570000000000000284e+00 2.999933778246601998e-02
5.580000000000000071e+00 2.999933778246626284e-02
5.589999999999999858e+00 2.999933778246637039e-02
5.600000000000000533e+00 2.999933778246630101e-02
5.610000000000000320e+00 2.999933778246592284e-02
5.620000000000000107e+00 2.999933778246628019e-02
5.629999999999999893e+00 2.999933778246641203e-02
5.639999999999999680e+00 2.999933778246633917e-02
5.650000000000000355e+00 2.999933778246641203e-02
5.660000000000000142e+00 2.999933778246640162e-02
5.669999999999999929e+00 2.999933778246635652e-02
5.679999999999999716e+00 2.999933778246642591e-02
5.690000000000000391e+00 2.999933778246614835e-02
5.700000000000000178e+00 2.999933778246624549e-02
5.709999999999999964e+00 2.999933778246659938e-02
5.719999999999999751e+00 2.999933778246638427e-02
5.730000000000000426e+00 2.999933778246641203e-02
5.740000000000000213e+00 2.999933778246646754e-02
5.750000000000000000e+00 2.999933778246597488e-02
5.759999999999999787e+00 2.999933778246623162e-02
5.770000000000000462e+00 2.999933778246612059e-02
5.780000000000000249e+00 2.999933778246609284e-02
5.790000000000000036e+00 2.999933778246628713e-02
5.799999999999999822e+00 2.999933778246662713e-02
5.810000000000000497e+00 2.999933778246648142e-02
5.820000000000000284e+00 2.999933778246638080e-02
5.830000000000000071e+00 2.999933778246632876e-02
5.839999999999999858e+00 2.999933778246657856e-02
5.850000000000000533e+00 2.999933778246668264e-02
5.860000000000000320e+00 2.999933778246649183e-02
5.870000000000000107e+00 2.999933778246634264e-02
5.879999999999999893e+00 2.999933778246630794e-02
5.889999999999999680e+00 2.999933778246666877e-02
5.900000000000000355e+00 2.999933778246616917e-02
5.910000000000000142e+00 2.999933778246630101e-02
5.919999999999999929e+00 2.999933778246648836e-02
5.929999999999999716e+00 2.999933778246661326e-02
5.940000000000000391e+00 2.999933778246655081e-02
5.950000000000000178e+00 2.999933778246656468e-02
5.959999999999999964e+00 2.999933778246691163e-02
5.969999999999999751e+00 2.999933778246677632e-02
5.980000000000000426e+00 2.999933778246676591e-02
5.990000000000000213e+00 2.999933778246621774e-02
6.000000000000000000e+00 2.999933778246659938e-02
6.009999999999999787e+00 2.999933778246639815e-02
6.020000000000000462e+00 2.999933778246679367e-02
6.030000000000000249e+00 2.999933778246696020e-02
6.040000000000000036e+00 2.999933778246646407e-02
6.049999999999999822e+00 2.999933778246639815e-02
6.060000000000000497e+00 2.999933778246626284e-02
6.070000000000000284e+00 2.999933778246667571e-02
6.080000000000000071e+00 2.999933778246657509e-02
6.089999999999999858e+00 2.999933778246676244e-02
6.100000000000000533e+00 2.999933778246659938e-02
6.110000000000000320e+00 2.999933778246714755e-02
6.120000000000000107e+00 2.999933778246666530e-02
6.129999999999999893e+00 2.999933778246641550e-02
6.140000000000000568e+00 2.999933778246641203e-02
6.150000000000000355e+00 2.999933778246651611e-02
6.160000000000000142e+00 2.999933778246632876e-02
6.169999999999999929e+00 2.999933778246652999e-02
6.179999999999999716e+00 2.999933778246688387e-02
6.190000000000000391e+00 2.999933778246668958e-02
6.200000000000000178e+00 2.999933778246623162e-02
6.209999999999999964e+00 2.999933778246614141e-02
6.219999999999999751e+00 2.999933778246667571e-02
6.230000000000000426e+00 2.999933778246656815e-02
6.240000000000000213e+00 2.999933778246670346e-02
6.250000000000000000e+00 2.999933778246678673e-02
6.259999999999999787e+00 2.999933778246609284e-02
6.270000000000000462e+00 2.999933778246688387e-02
6.280000000000000249e+00 2.999933778246629407e-02
6.290000000000000036e+00 2.999933778246631835e-02
6.299999999999999822e+00 2.999933778246641897e-02
6.310000000000000497e+00 2.999933778246617957e-02
6.320000000000000284e+00 2.999933778246617611e-02
6.330000000000000071e+00 2.999933778246689428e-02
6.339999999999999858e+00 2.999933778246641897e-02
6.350000000000000533e+00 2.999933778246585692e-02
6.360000000000000320e+00 2.999933778246680754e-02
6.370000000000000107e+00 2.999933778246692551e-02
6.379999999999999893e+00 2.999933778246744592e-02
6.390000000000000568e+00 2.999933778246699143e-02
6.400000000000000355e+00 2.999933778246673816e-02
6.410000000000000142e+00 2.999933778246657509e-02
6.419999999999999929e+00 2.999933778246687346e-02
6.429999999999999716e+00 2.999933778246705388e-02
6.440000000000000391e+00 2.999933778246693591e-02
6.450000000000000178e+00 2.999933778246668264e-02
6.459999999999999964e+00 2.999933778246773736e-02
6.469999999999999751e+00 2.999933778246739041e-02
6.480000000000000426e+00 2.999933778246629060e-02
6.490000000000000213e+00 2.999933778246754307e-02
6.500000000000000000e+00 2.999933778246707469e-02
6.509999999999999787e+00 2.999933778246717531e-02
6.520000000000000462e+00 2.999933778246749450e-02
6.530000000000000249e+00 2.999933778246579794e-02
6.540000000000000036e+00 2.999933778246599569e-02
6.549999999999999822e+00 2.999933778246750490e-02
6.560000000000000497e+00 2.999933778246706775e-02
6.570000000000000284e+00 2.999933778246646407e-02
6.580000000000000071e+00 2.999933778246623162e-02
6.589999999999999858e+00 2.999933778246699836e-02
6.600000000000000533e+00 2.999933778246628366e-02
6.610000000000000320e+00 2.999933778246667571e-02
6.620000000000000107e+00 2.999933778246715796e-02
6.629999999999999893e+00 2.999933778246660979e-02
6.640000000000000568e+00 2.999933778246621427e-02
6.650000000000000355e+00 2.999933778246648489e-02
6.660000000000000142e+00 2.999933778246648142e-02
6.669999999999999929e+00 2.999933778246648836e-02
6.679999999999999716e+00 2.999933778246659244e-02
6.690000000000000391e+00 2.999933778246785879e-02
6.700000000000000178e+00 2.999933778246680408e-02
6.709999999999999964e+00 2.999933778246638774e-02
6.719999999999999751e+00 2.999933778246618304e-02
6.730000000000000426e+00 2.999933778246665489e-02
6.740000000000000213e+00 2.999933778246659938e-02
6.750000000000000000e+00 2.999933778246739735e-02
6.759999999999999787e+00 2.999933778246823696e-02
6.770000000000000462e+00 2.999933778246667918e-02
6.780000000000000249e+00 2.999933778246682836e-02
6.790000000000000036e+00 2.999933778246760899e-02
6.799999999999999822e+00 2.999933778246810512e-02
6.810000000000000497e+00 2.999933778246745980e-02
6.820000000000000284e+00 2.999933778246698449e-02
6.830000000000000071e+00 2.999933778246688040e-02
6.839999999999999858e+00 2.999933778246618651e-02
6.850000000000000533e+00 2.999933778246600610e-02
6.860000000000000320e+00 2.999933778246652305e-02
6.870000000000000107e+00 2.999933778246711286e-02
6.879999999999999893e+00 2.999933778246757429e-02
6.890000000000000568e+00 2.999933778246738000e-02
6.900000000000000355e+00 2.999933778246733837e-02
6.910000000000000142e+00 2.999933778246638080e-02
6.919999999999999929e+00 2.999933778246776511e-02
6.929999999999999716e+00 2.999933778246703653e-02
6.940000000000000391e+00 2.999933778246659938e-02
6.950000000000000178e+00 2.999933778246678326e-02
6.959999999999999964e+00 2.999933778246606508e-02
6.969999999999999751e+00 2.999933778246827165e-02
6.980000000000000426e+00 2.999933778246707469e-02
6.990000000000000213e+00 2.999933778246813634e-02
7.000000000000000000e+00 2.999933778246569038e-02
7.009999999999999787e+00 2.999933778246679020e-02
7.020000000000000462e+00 2.999933778246651611e-02
7.030000000000000249e+00 2.999933778246739388e-02
7.040000000000000036e+00 2.999933778246782756e-02
7.049999999999999822e+00 2.999933778246739735e-02
7.060000000000000497e+00 2.999933778246719959e-02
7.070000000000000284e+00 2.999933778246663407e-02
7.080000000000000071e+00 2.999933778246881289e-02
7.089999999999999858e+00 2.999933778246839655e-02
7.100000000000000533e+00 2.999933778246705041e-02
7.110000000000000320e+00 2.999933778246810859e-02
7.120000000000000107e+00 2.999933778246767144e-02
7.129999999999999893e+00 2.999933778246748062e-02
7.140000000000000568e+00 2.999933778246784144e-02
7.150000000000000355e+00 2.999933778246808430e-02
7.160000000000000142e+00 2.999933778246870186e-02
7.169999999999999929e+00 2.999933778246830288e-02
7.179999999999999716e+00 2.999933778246707469e-02
7.190000000000000391e+00 2.999933778246637039e-02
7.200000000000000178e+00 2.999933778246771307e-02
7.209999999999999964e+00 2.999933778246688040e-02
7.219999999999999751e+00 2.999933778246676244e-02
7.230000000000000426e+00 2.999933778246784144e-02
7.240000000000000213e+00 2.999933778246776511e-02
7.250000000000000000e+00 2.999933778246740082e-02
7.259999999999999787e+00 2.999933778246673469e-02
7.270000000000000462e+00 2.999933778246745633e-02
7.280000000000000249e+00 2.999933778246738347e-02
7.290000000000000036e+00 2.999933778246802185e-02
7.299999999999999822e+00 2.999933778246787960e-02
7.310000000000000497e+00 2.999933778246905575e-02
7.320000000000000284e+00 2.999933778246755348e-02
7.330000000000000071e+00 2.999933778246652999e-02
7.339999999999999858e+00 2.999933778246648142e-02
7.350000000000000533e+00 2.999933778246850757e-02
7.360000000000000320e+00 2.999933778246745633e-02
7.370000000000000107e+00 2.999933778246710939e-02
7.379999999999999893e+00 2.999933778246611366e-02
7.390000000000000568e+00 2.999933778246963861e-02
7.400000000000000355e+00 2.999933778246721694e-02
7.410000000000000142e+00 2.999933778246671734e-02
7.419999999999999929e+00 2.999933778246794552e-02
7.429999999999999716e+00 2.999933778246698449e-02
7.440000000000000391e+00 2.999933778246819532e-02
7.450000000000000178e+00 2.999933778246774430e-02
7.459999999999999964e+00 2.999933778246769225e-02
7.469999999999999751e+00 2.999933778246818492e-02
7.480000000000000426e+00 2.999933778246895513e-02
7.490000000000000213e+00 2.999933778246794899e-02
7.500000000000000000e+00 2.999933778246875737e-02
7.509999999999999787e+00 2.999933778246874350e-02
7.520000000000000462e+00 2.999933778246815369e-02
7.530000000000000249e+00 2.999933778246898289e-02
7.540000000000000036e+00 2.999933778246790389e-02
7.549999999999999822e+00 2.999933778246808430e-02
7.560000000000000497e+00 2.999933778246751184e-02
7.570000000000000284e+00 2.999933778246951371e-02
7.580000000000000071e+00 2.999933778246845900e-02
7.589999999999999858e+00 2.999933778246791083e-02
7.600000000000000533e+00 2.999933778246827859e-02
7.610000000000000320e+00 2.999933778246802185e-02
7.620000000000000107e+00 2.999933778246799410e-02
7.629999999999999893e+00 2.999933778246749450e-02
7.640000000000000568e+00 2.999933778246817451e-02
7.650000000000000355e+00 2.999933778247008270e-02
7.660000000000000142e+00 2.999933778246768878e-02
7.669999999999999929e+00 2.999933778246724816e-02
7.679999999999999716e+00 2.999933778246791430e-02
7.690000000000000391e+00 2.999933778246629060e-02
7.700000000000000178e+00 2.999933778246798369e-02
7.709999999999999964e+00 2.999933778246847982e-02
7.719999999999999751e+00 2.999933778246726551e-02
7.730000000000000426e+00 2.999933778246710592e-02
7.740000000000000213e+00 2.999933778246785532e-02
7.750000000000000000e+00 2.999933778246748756e-02
7.759999999999999787e+00 2.999933778246776511e-02
7.770000000000000462e+00 2.999933778246917024e-02
7.780000000000000249e+00 2.999933778246623856e-02
7.790000000000000036e+00 2.999933778246839655e-02
7.799999999999999822e+00 2.999933778246766450e-02
7.810000000000000497e+00 2.999933778246739041e-02
7.820000000000000284e+00 2.999933778246714755e-02
7.830000000000000071e+00 2.999933778246819532e-02
7.839999999999999858e+00 2.999933778246692204e-02
7.850000000000000533e+00 2.999933778246835492e-02
7.860000000000000320e+00 2.999933778246892044e-02
7.870000000000000107e+00 2.999933778246927432e-02
7.879999999999999893e+00 2.999933778246834798e-02
7.890000000000000568e+00 2.999933778246696020e-02
7.900000000000000355e+00 2.999933778246714408e-02
7.910000000000000142e+00 2.999933778246843818e-02
7.919999999999999929e+00 2.999933778246948943e-02
7.930000000000000604e+00 2.999933778246788307e-02
7.940000000000000391e+00 2.999933778246829594e-02
7.950000000000000178e+00 2.999933778246851451e-02
7.959999999999999964e+00 2.999933778246820226e-02
7.969999999999999751e+00 2.999933778246847635e-02
7.980000000000000426e+00 2.999933778246810512e-02
7.990000000000000213e+00 2.999933778246775817e-02
8.000000000000000000e+00 2.999933778246932983e-02
8.009999999999999787e+00 2.999933778246768185e-02
8.019999999999999574e+00 2.999933778246788654e-02
8.029999999999999361e+00 2.999933778247015903e-02
8.040000000000000924e+00 2.999933778246779287e-02
8.050000000000000711e+00 2.999933778246845206e-02
8.060000000000000497e+00 2.999933778246933330e-02
8.070000000000000284e+00 2.999933778246976351e-02
8.080000000000000071e+00 2.999933778246859431e-02
8.089999999999999858e+00 2.999933778246923616e-02
8.099999999999999645e+00 2.999933778246777552e-02
8.109999999999999432e+00 2.999933778246726551e-02
8.120000000000000995e+00 2.999933778246789001e-02
8.130000000000000782e+00 2.999933778246801491e-02
8.140000000000000568e+00 2.999933778246941657e-02
8.150000000000000355e+00 2.999933778246823002e-02
8.160000000000000142e+00 2.999933778246867411e-02
8.169999999999999929e+00 2.999933778246887880e-02
8.179999999999999716e+00 2.999933778246873309e-02
8.189999999999999503e+00 2.999933778246927432e-02
8.199999999999999289e+00 2.999933778246904881e-02
8.210000000000000853e+00 2.999933778246834451e-02
8.220000000000000639e+00 2.999933778246768185e-02
8.230000000000000426e+00 2.999933778246795246e-02
8.240000000000000213e+00 2.999933778246871227e-02
8.250000000000000000e+00 2.999933778246870186e-02
8.259999999999999787e+00 2.999933778247097435e-02
8.269999999999999574e+00 2.999933778246957269e-02
8.279999999999999361e+00 2.999933778246727592e-02
8.290000000000000924e+00 2.999933778246837920e-02
8.300000000000000711e+00 2.999933778246861860e-02
8.310000000000000497e+00 2.999933778246966290e-02
8.320000000000000284e+00 2.999933778246896554e-02
8.330000000000000071e+00 2.999933778246814675e-02
8.339999999999999858e+00 2.999933778246801838e-02
8.349999999999999645e+00 2.999933778246997168e-02
8.359999999999999432e+00 2.999933778246880248e-02
8.370000000000000995e+00 2.999933778246894125e-02
8.380000000000000782e+00 2.999933778246902452e-02
8.390000000000000568e+00 2.999933778246886840e-02
8.400000000000000355e+00 2.999933778246788307e-02
8.410000000000000142e+00 2.999933778247029087e-02
8.419999999999999929e+00 2.999933778246934371e-02
8.429999999999999716e+00 2.999933778246803573e-02
8.439999999999999503e+00 2.999933778246867758e-02
8.449999999999999289e+00 2.999933778246897248e-02
8.460000000000000853e+00 2.999933778246927085e-02
8.470000000000000639e+00 2.999933778246941657e-02
8.480000000000000426e+00 2.999933778246938187e-02
8.490000000000000213e+00 2.999933778246902105e-02
8.500000000000000000e+00 2.999933778246827165e-02
8.509999999999999787e+00 2.999933778247094660e-02
8.519999999999999574e+00 2.999933778246784144e-02
8.529999999999999361e+00 2.999933778246798022e-02
8.540000000000000924e+00 2.999933778246947902e-02
8.550000000000000711e+00 2.999933778246909738e-02
8.560000000000000497e+00 2.999933778246808430e-02
8.570000000000000284e+00 2.999933778246895166e-02
8.580000000000000071e+00 2.999933778246756388e-02
8.589999999999999858e+00 2.999933778246785532e-02
8.599999999999999645e+00 2.999933778246795246e-02
8.609999999999999432e+00 2.999933778246944779e-02
8.620000000000000995e+00 2.999933778246993699e-02
8.630000000000000782e+00 2.999933778246914942e-02
8.640000000000000568e+00 2.999933778246821267e-02
8.650000000000000355e+00 2.999933778246959004e-02
8.660000000000000142e+00 2.999933778246838961e-02
8.669999999999999929e+00 2.999933778246953453e-02
8.679999999999999716e+00 2.999933778247003413e-02
8.689999999999999503e+00 2.999933778246746674e-02
8.700000000000001066e+00 2.999933778246857349e-02
8.710000000000000853e+00 2.999933778246887880e-02
8.720000000000000639e+00 2.999933778246964555e-02
8.730000000000000426e+00 2.999933778246863247e-02
8.740000000000000213e+00 2.999933778246949984e-02
8.750000000000000000e+00 2.999933778246930555e-02
8.759999999999999787e+00 2.999933778247038108e-02
8.769999999999999574e+00 2.999933778247084598e-02
8.779999999999999361e+00 2.999933778246995780e-02
8.790000000000000924e+00 2.999933778246951371e-02
8.800000000000000711e+00 2.999933778246721000e-02
8.810000000000000497e+00 2.999933778246870880e-02
8.820000000000000284e+00 2.999933778247013128e-02
8.830000000000000071e+00 2.999933778246897248e-02
8.839999999999999858e+00 2.999933778246998209e-02
8.849999999999999645e+00 2.999933778246969412e-02
8.859999999999999432e+00 2.999933778247088415e-02
8.870000000000000995e+00 2.999933778246797328e-02
8.880000000000000782e+00 2.999933778246852145e-02
8.890000000000000568e+00 2.999933778246974270e-02
8.900000000000000355e+00 2.999933778247010005e-02
8.910000000000000142e+00 2.999933778246824390e-02
8.919999999999999929e+00 2.999933778246895860e-02
8.929999999999999716e+00 2.999933778246940616e-02
8.939999999999999503e+00 2.999933778246957616e-02
8.950000000000001066e+00 2.999933778247018679e-02
8.960000000000000853e+00 2.999933778246918412e-02
8.970000000000000639e+00 2.999933778246729327e-02
8.980000000000000426e+00 2.999933778246963861e-02
8.990000000000000213e+00 2.999933778247030475e-02
9.000000000000000000e+00 2.999933778246965596e-02
9.009999999999999787e+00 2.999933778246864635e-02
9.019999999999999574e+00 2.999933778246897248e-02
9.029999999999999361e+00 2.999933778247084251e-02
9.040000000000000924e+00 2.999933778246852839e-02
9.050000000000000711e+00 2.999933778247246274e-02
9.060000000000000497e+00 2.999933778246902452e-02
9.070000000000000284e+00 2.999933778247030475e-02
9.080000000000000071e+00 2.999933778247038108e-02
9.089999999999999858e+00 2.999933778247134211e-02
9.099999999999999645e+00 2.999933778247091190e-02
9.109999999999999432e+00 2.999933778246950331e-02
9.120000000000000995e+00 2.999933778246965249e-02
9.130000000000000782e+00 2.999933778246980515e-02
9.140000000000000568e+00 2.999933778246955535e-02
9.150000000000000355e+00 2.999933778246728286e-02
9.160000000000000142e+00 2.999933778246783797e-02
9.169999999999999929e+00 2.999933778247019026e-02
9.179999999999999716e+00 2.999933778246868105e-02
9.189999999999999503e+00 2.999933778246709898e-02
9.200000000000001066e+00 2.999933778247131089e-02
9.210000000000000853e+00 2.999933778246841043e-02
9.220000000000000639e+00 2.999933778247102292e-02
9.230000000000000426e+00 2.999933778246712673e-02
9.240000000000000213e+00 2.999933778247202906e-02
9.250000000000000000e+00 2.999933778246861166e-02
9.259999999999999787e+00 2.999933778246884064e-02
9.269999999999999574e+00 2.999933778246815369e-02
9.279999999999999361e+00 2.999933778246836533e-02
9.290000000000000924e+00 2.999933778247104374e-02
9.300000000000000711e+00 2.999933778246948249e-02
9.310000000000000497e+00 2.999933778246818145e-02
9.320000000000000284e+00 2.999933778247030822e-02
9.330000000000000071e+00 2.999933778246774430e-02
9.339999999999999858e+00 2.999933778246730368e-02
9.349999999999999645e+00 2.999933778246779981e-02
9.359999999999999432e+00 2.999933778246844512e-02
9.370000000000000995e+00 2.999933778246797675e-02
9.380000000000000782e+00 2.999933778246940963e-02
9.390000000000000568e+00 2.999933778247305949e-02
9.400000000000000355e+00 2.999933778246838267e-02
9.410000000000000142e+00 2.999933778246940963e-02
9.419999999999999929e+00 2.999933778247123456e-02
9.429999999999999716e+00 2.999933778246769919e-02
9.439999999999999503e+00 2.999933778247021454e-02
9.450000000000001066e+00 2.999933778246444138e-02
9.460000000000000853e+00 2.999933778246835145e-02
9.470000000000000639e+00 2.999933778247263969e-02
9.480000000000000426e+00 2.999933778246955535e-02
9.490000000000000213e+00 2.999933778247088068e-02
9.500000000000000000e+00 2.999933778246783103e-02
9.509999999999999787e+00 2.999933778247258070e-02
9.519999999999999574e+00 2.999933778247096394e-02
9.529999999999999361e+00 2.999933778246602692e-02
9.540000000000000924e+00 2.999933778247005495e-02
9.550000000000000711e+00 2.999933778247004801e-02
9.560000000000000497e+00 2.999933778246965943e-02
9.570000000000000284e+00 2.999933778246776164e-02
9.580000000000000071e+00 2.999933778247061006e-02
9.589999999999999858e+00 2.999933778247013128e-02
9.599999999999999645e+00 2.999933778246772348e-02
9.609999999999999432e+00 2.999933778246702265e-02
9.620000000000000995e+00 2.999933778247110272e-02
9.630000000000000782e+00 2.999933778247380542e-02
9.640000000000000568e+00 2.999933778246684224e-02
9.650000000000000355e+00 2.999933778246757082e-02
9.660000000000000142e+00 2.999933778247019026e-02
9.669999999999999929e+00 2.999933778247111660e-02
9.679999999999999716e+00 2.999933778247193539e-02
9.689999999999999503e+00 2.999933778246901411e-02
9.700000000000001066e+00 2.999933778246977392e-02
9.710000000000000853e+00 2.999933778246925350e-02
9.720000000000000639e+00 2.999933778247192498e-02
9.730000000000000426e+00 2.999933778247097435e-02
9.740000000000000213e+00 2.999933778247132130e-02
9.750000000000000000e+00 2.999933778247068292e-02
9.759999999999999787e+00 2.999933778246885452e-02
9.769999999999999574e+00 2.999933778246954147e-02
9.779999999999999361e+00 2.999933778246834798e-02
9.790000000000000924e+00 2.999933778246934024e-02
9.800000000000000711e+00 2.999933778246691510e-02
9.810000000000000497e+00 2.999933778247024577e-02
9.820000000000000284e+00 2.999933778247011046e-02
9.830000000000000071e+00 2.999933778246840002e-02
9.839999999999999858e+00 2.999933778247288949e-02
9.849999999999999645e+00 2.999933778246872615e-02
9.859999999999999432e+00 2.999933778247146354e-02
9.870000000000000995e+00 2.999933778247287214e-02
9.880000000000000782e+00 2.999933778246910779e-02
9.890000000000000568e+00 2.999933778247405175e-02
9.900000000000000355e+00 2.999933778247044006e-02
9.910000000000000142e+00 2.999933778247027699e-02
9.919999999999999929e+00 2.999933778246916330e-02
9.929999999999999716e+00 2.999933778246963861e-02
9.939999999999999503e+00 2.999933778246717184e-02
9.950000000000001066e+00 2.999933778247008270e-02
9.960000000000000853e+00 2.999933778246646407e-02
9.970000000000000639e+00 2.999933778246685265e-02
