0.000000000000000000e+00 2.999936572681773453e-02
1.000000000000000021e-02 2.999936572681635369e-02
2.000000000000000042e-02 2.999936572681246097e-02
2.999999999999999889e-02 2.999936572681414018e-02
4.000000000000000083e-02 2.999936572681493815e-02
5.000000000000000278e-02 2.999936572681308200e-02
5.999999999999999778e-02 2.999936572681481672e-02
7.000000000000000666e-02 2.999936572681211402e-02
8.000000000000000167e-02 2.999936572681498326e-02
8.999999999999999667e-02 2.999936572681537184e-02
1.000000000000000056e-01 2.999936572681723146e-02
1.100000000000000006e-01 2.999936572681263097e-02
1.199999999999999956e-01 2.999936572681334568e-02
1.300000000000000044e-01 2.999936572681745003e-02
1.400000000000000133e-01 2.999936572681349140e-02
1.499999999999999944e-01 2.999936572681376895e-02
1.600000000000000033e-01 2.999936572681651328e-02
1.700000000000000122e-01 2.999936572681471611e-02
1.799999999999999933e-01 2.999936572681434835e-02
1.900000000000000022e-01 2.999936572681574654e-02
2.000000000000000111e-01 2.999936572681562511e-02
2.099999999999999922e-01 2.999936572681380365e-02
2.200000000000000011e-01 2.999936572681445243e-02
2.300000000000000100e-01 2.999936572681521571e-02
2.399999999999999911e-01 2.999936572681426855e-02
2.500000000000000000e-01 2.999936572681552796e-02
2.600000000000000089e-01 2.999936572681224933e-02
2.700000000000000178e-01 2.999936572681529898e-02
2.800000000000000266e-01 2.999936572681511857e-02
2.899999999999999800e-01 2.999936572681394589e-02
2.999999999999999889e-01 2.999936572681633634e-02
3.099999999999999978e-01 2.999936572681470917e-02
3.200000000000000067e-01 2.999936572681352956e-02
3.300000000000000155e-01 2.999936572681816127e-02
3.400000000000000244e-01 2.999936572681558000e-02
3.500000000000000333e-01 2.999936572681481672e-02
3.599999999999999867e-01 2.999936572681414712e-02
3.699999999999999956e-01 2.999936572681199259e-02
3.800000000000000044e-01 2.999936572681313404e-02
3.900000000000000133e-01 2.999936572681833474e-02
4.000000000000000222e-01 2.999936572681205157e-02
4.100000000000000311e-01 2.999936572681499367e-02
4.199999999999999845e-01 2.999936572681352609e-02
4.299999999999999933e-01 2.999936572681528510e-02
4.400000000000000022e-01 2.999936572681032726e-02
4.500000000000000111e-01 2.999936572681203076e-02
4.600000000000000200e-01 2.999936572681348099e-02
4.700000000000000289e-01 2.999936572681640573e-02
4.799999999999999822e-01 2.999936572681546204e-02
4.899999999999999911e-01 2.999936572681289465e-02
5.000000000000000000e-01 2.999936572681385916e-02
5.100000000000000089e-01 2.999936572681675961e-02
5.200000000000000178e-01 2.999936572681390773e-02
5.300000000000000266e-01 2.999936572680993521e-02
5.400000000000000355e-01 2.999936572681279751e-02
5.500000000000000444e-01 2.999936572681546898e-02
5.600000000000000533e-01 2.999936572681489999e-02
5.700000000000000622e-01 2.999936572681800515e-02
5.799999999999999600e-01 2.999936572681418528e-02
5.899999999999999689e-01 2.999936572681276281e-02
5.999999999999999778e-01 2.999936572681419916e-02
6.099999999999999867e-01 2.999936572681455998e-02
6.199999999999999956e-01 2.999936572681313057e-02
6.300000000000000044e-01 2.999936572681472305e-02
6.400000000000000133e-01 2.999936572681756453e-02
6.500000000000000222e-01 2.999936572681485142e-02
6.600000000000000311e-01 2.999936572681527469e-02
6.700000000000000400e-01 2.999936572681359201e-02
6.800000000000000488e-01 2.999936572681451141e-02
6.900000000000000577e-01 2.999936572681632246e-02
7.000000000000000666e-01 2.999936572681190586e-02
7.099999999999999645e-01 2.999936572681774494e-02
7.199999999999999734e-01 2.999936572681444202e-02
7.299999999999999822e-01 2.999936572681669369e-02
7.399999999999999911e-01 2.999936572681556612e-02
7.500000000000000000e-01 2.999936572681318608e-02
7.600000000000000089e-01 2.999936572681385222e-02
7.700000000000000178e-01 2.999936572681416794e-02
7.800000000000000266e-01 2.999936572681488264e-02
7.900000000000000355e-01 2.999936572681573613e-02
8.000000000000000444e-01 2.999936572681464325e-02
8.100000000000000533e-01 2.999936572681414712e-02
8.200000000000000622e-01 2.999936572681529551e-02
8.300000000000000711e-01 2.999936572681353650e-02
8.399999999999999689e-01 2.999936572681462937e-02
8.499999999999999778e-01 2.999936572681543775e-02
8.599999999999999867e-01 2.999936572681421998e-02
8.699999999999999956e-01 2.999936572681378283e-02
8.800000000000000044e-01 2.999936572681738065e-02
8.900000000000000133e-01 2.999936572681582980e-02
9.000000000000000222e-01 2.999936572681502489e-02
9.100000000000000311e-01 2.999936572681441774e-02
9.200000000000000400e-01 2.999936572681299873e-02
9.300000000000000488e-01 2.999936572681489305e-02
9.400000000000000577e-01 2.999936572681375854e-02
9.500000000000000666e-01 2.999936572681533020e-02
9.599999999999999645e-01 2.999936572681339425e-02
9.699999999999999734e-01 2.999936572681397365e-02
9.799999999999999822e-01 2.999936572681328323e-02
9.899999999999999911e-01 2.999936572681624614e-02
1.000000000000000000e+00 2.999936572681520530e-02
1.010000000000000009e+00 2.999936572681420610e-02
1.020000000000000018e+00 2.999936572681408120e-02
1.030000000000000027e+00 2.999936572681444896e-02
1.040000000000000036e+00 2.999936572681279404e-02
1.050000000000000044e+00 2.999936572681451835e-02
1.060000000000000053e+00 2.999936572681542041e-02
1.070000000000000062e+00 2.999936572681492081e-02
1.080000000000000071e+00 2.999936572681480285e-02
1.090000000000000080e+00 2.999936572681530592e-02
1.100000000000000089e+00 2.999936572681533714e-02
1.110000000000000098e+00 2.999936572681315139e-02
1.120000000000000107e+00 2.999936572681612817e-02
1.130000000000000115e+00 2.999936572681587491e-02
1.140000000000000124e+00 2.999936572681508040e-02
1.150000000000000133e+00 2.999936572681471264e-02
1.159999999999999920e+00 2.999936572681319996e-02
1.169999999999999929e+00 2.999936572681467795e-02
1.179999999999999938e+00 2.999936572681484448e-02
1.189999999999999947e+00 2.999936572681678390e-02
1.199999999999999956e+00 2.999936572681527469e-02
1.209999999999999964e+00 2.999936572681501795e-02
1.219999999999999973e+00 2.999936572681358507e-02
1.229999999999999982e+00 2.999936572681575694e-02
1.239999999999999991e+00 2.999936572681517408e-02
1.250000000000000000e+00 2.999936572681540653e-02
1.260000000000000009e+00 2.999936572681449060e-02
1.270000000000000018e+00 2.999936572681393548e-02
1.280000000000000027e+00 2.999936572681593389e-02
1.290000000000000036e+00 2.999936572681482019e-02
1.300000000000000044e+00 2.999936572681446284e-02
1.310000000000000053e+00 2.999936572681561470e-02
1.320000000000000062e+00 2.999936572681573960e-02
1.330000000000000071e+00 2.999936572681385222e-02
1.340000000000000080e+00 2.999936572681545510e-02
1.350000000000000089e+00 2.999936572681623920e-02
1.360000000000000098e+00 2.999936572681407773e-02
1.370000000000000107e+00 2.999936572681529551e-02
1.380000000000000115e+00 2.999936572681340119e-02
1.390000000000000124e+00 2.999936572681368568e-02
1.400000000000000133e+00 2.999936572681581592e-02
1.409999999999999920e+00 2.999936572681473693e-02
1.419999999999999929e+00 2.999936572681452529e-02
1.429999999999999938e+00 2.999936572681517061e-02
1.439999999999999947e+00 2.999936572681511510e-02
1.449999999999999956e+00 2.999936572681392855e-02
1.459999999999999964e+00 2.999936572681317568e-02
1.469999999999999973e+00 2.999936572681448366e-02
1.479999999999999982e+00 2.999936572681611430e-02
1.489999999999999991e+00 2.999936572681551061e-02
1.500000000000000000e+00 2.999936572681484101e-02
1.510000000000000009e+00 2.999936572681510816e-02
1.520000000000000018e+00 2.999936572681518449e-02
1.530000000000000027e+00 2.999936572681599287e-02
1.540000000000000036e+00 2.999936572681486530e-02
1.550000000000000044e+00 2.999936572681613511e-02
1.560000000000000053e+00 2.999936572681500407e-02
1.570000000000000062e+00 2.999936572681429631e-02
1.580000000000000071e+00 2.999936572681533714e-02
1.590000000000000080e+00 2.999936572681343935e-02
1.600000000000000089e+00 2.999936572681604491e-02
1.610000000000000098e+00 2.999936572681473346e-02
1.620000000000000107e+00 2.999936572681478550e-02
1.630000000000000115e+00 2.999936572681533714e-02
1.640000000000000124e+00 2.999936572681566327e-02
1.650000000000000133e+00 2.999936572681429284e-02
1.660000000000000142e+00 2.999936572681430672e-02
1.669999999999999929e+00 2.999936572681403957e-02
1.679999999999999938e+00 2.999936572681593389e-02
1.689999999999999947e+00 2.999936572681485836e-02
1.699999999999999956e+00 2.999936572681445937e-02
1.709999999999999964e+00 2.999936572681439345e-02
1.719999999999999973e+00 2.999936572681391467e-02
1.729999999999999982e+00 2.999936572681450447e-02
1.739999999999999991e+00 2.999936572681376548e-02
1.750000000000000000e+00 2.999936572681529551e-02
1.760000000000000009e+00 2.999936572681543429e-02
1.770000000000000018e+00 2.999936572681462937e-02
1.780000000000000027e+00 2.999936572681628083e-02
1.790000000000000036e+00 2.999936572681427896e-02
1.800000000000000044e+00 2.999936572681508734e-02
1.810000000000000053e+00 2.999936572681304731e-02
1.820000000000000062e+00 2.999936572681331098e-02
1.830000000000000071e+00 2.999936572681408814e-02
1.840000000000000080e+00 2.999936572681483060e-02
1.850000000000000089e+00 2.999936572681543429e-02
1.860000000000000098e+00 2.999936572681564592e-02
1.870000000000000107e+00 2.999936572681455305e-02
1.880000000000000115e+00 2.999936572681463978e-02
1.890000000000000124e+00 2.999936572681537877e-02
1.900000000000000133e+00 2.999936572681517755e-02
1.910000000000000142e+00 2.999936572681588184e-02
1.919999999999999929e+00 2.999936572681337343e-02
1.929999999999999938e+00 2.999936572681416447e-02
1.939999999999999947e+00 2.999936572681566327e-02
1.949999999999999956e+00 2.999936572681367875e-02
1.959999999999999964e+00 2.999936572681338037e-02
1.969999999999999973e+00 2.999936572681494509e-02
1.979999999999999982e+00 2.999936572681669023e-02
1.989999999999999991e+00 2.999936572681546204e-02
2.000000000000000000e+00 2.999936572681348793e-02
2.010000000000000231e+00 2.999936572681558000e-02
2.020000000000000018e+00 2.999936572681363711e-02
2.030000000000000249e+00 2.999936572681367181e-02
2.040000000000000036e+00 2.999936572681505959e-02
2.049999999999999822e+00 2.999936572681499714e-02
2.060000000000000053e+00 2.999936572681387997e-02
2.069999999999999840e+00 2.999936572681392508e-02
2.080000000000000071e+00 2.999936572681408120e-02
2.089999999999999858e+00 2.999936572681507346e-02
2.100000000000000089e+00 2.999936572681359548e-02
2.109999999999999876e+00 2.999936572681556265e-02
2.120000000000000107e+00 2.999936572681467101e-02
2.129999999999999893e+00 2.999936572681475427e-02
2.140000000000000124e+00 2.999936572681442815e-02
2.149999999999999911e+00 2.999936572681421998e-02
2.160000000000000142e+00 2.999936572681453917e-02
2.169999999999999929e+00 2.999936572681391467e-02
2.180000000000000160e+00 2.999936572681453917e-02
2.189999999999999947e+00 2.999936572681443855e-02
2.200000000000000178e+00 2.999936572681458080e-02
2.209999999999999964e+00 2.999936572681489305e-02
2.220000000000000195e+00 2.999936572681587491e-02
2.229999999999999982e+00 2.999936572681539959e-02
2.240000000000000213e+00 2.999936572681642655e-02
2.250000000000000000e+00 2.999936572681418528e-02
2.260000000000000231e+00 2.999936572681453917e-02
2.270000000000000018e+00 2.999936572681585756e-02
2.280000000000000249e+00 2.999936572681396324e-02
2.290000000000000036e+00 2.999936572681525387e-02
2.300000000000000266e+00 2.999936572681248526e-02
2.310000000000000053e+00 2.999936572681564939e-02
2.319999999999999840e+00 2.999936572681308547e-02
2.330000000000000071e+00 2.999936572681427549e-02
2.339999999999999858e+00 2.999936572681415753e-02
2.350000000000000089e+00 2.999936572681394242e-02
2.359999999999999876e+00 2.999936572681451835e-02
2.370000000000000107e+00 2.999936572681498326e-02
2.379999999999999893e+00 2.999936572681538224e-02
2.390000000000000124e+00 2.999936572681552102e-02
2.399999999999999911e+00 2.999936572681389732e-02
2.410000000000000142e+00 2.999936572681578123e-02
2.419999999999999929e+00 2.999936572681500754e-02
2.430000000000000160e+00 2.999936572681479591e-02
2.439999999999999947e+00 2.999936572681474040e-02
2.450000000000000178e+00 2.999936572681513244e-02
2.459999999999999964e+00 2.999936572681406732e-02
2.470000000000000195e+00 2.999936572681495550e-02
2.479999999999999982e+00 2.999936572681526081e-02
2.490000000000000213e+00 2.999936572681426161e-02
2.500000000000000000e+00 2.999936572681485142e-02
2.510000000000000231e+00 2.999936572681360936e-02
2.520000000000000018e+00 2.999936572681418528e-02
2.530000000000000249e+00 2.999936572681496244e-02
2.540000000000000036e+00 2.999936572681566327e-02
2.550000000000000266e+00 2.999936572681339425e-02
2.560000000000000053e+00 2.999936572681532326e-02
2.569999999999999840e+00 2.999936572681536490e-02
2.580000000000000071e+00 2.999936572681571878e-02
2.589999999999999858e+00 2.999936572681439345e-02
2.600000000000000089e+00 2.999936572681467795e-02
2.609999999999999876e+00 2.999936572681537184e-02
2.620000000000000107e+00 2.999936572681334915e-02
2.629999999999999893e+00 2.999936572681527122e-02
2.640000000000000124e+00 2.999936572681432753e-02
2.649999999999999911e+00 2.999936572681585062e-02
2.660000000000000142e+00 2.999936572681463978e-02
2.669999999999999929e+00 2.999936572681535102e-02
2.680000000000000160e+00 2.999936572681342895e-02
2.689999999999999947e+00 2.999936572681435182e-02
2.700000000000000178e+00 2.999936572681421651e-02
2.709999999999999964e+00 2.999936572681448713e-02
2.720000000000000195e+00 2.999936572681452529e-02
2.729999999999999982e+00 2.999936572681512550e-02
2.740000000000000213e+00 2.999936572681429978e-02
2.750000000000000000e+00 2.999936572681536490e-02
2.760000000000000231e+00 2.999936572681511857e-02
2.770000000000000018e+00 2.999936572681532326e-02
2.780000000000000249e+00 2.999936572681539959e-02
2.790000000000000036e+00 2.999936572681431712e-02
2.800000000000000266e+00 2.999936572681392508e-02
2.810000000000000053e+00 2.999936572681622532e-02
2.819999999999999840e+00 2.999936572681542041e-02
2.830000000000000071e+00 2.999936572681502489e-02
2.839999999999999858e+00 2.999936572681470570e-02
2.850000000000000089e+00 2.999936572681604491e-02
2.859999999999999876e+00 2.999936572681478897e-02
2.870000000000000107e+00 2.999936572681517755e-02
2.879999999999999893e+00 2.999936572681458080e-02
2.890000000000000124e+00 2.999936572681567021e-02
2.899999999999999911e+00 2.999936572681527122e-02
2.910000000000000142e+00 2.999936572681639879e-02
2.919999999999999929e+00 2.999936572681440039e-02
2.930000000000000160e+00 2.999936572681408120e-02
2.939999999999999947e+00 2.999936572681410549e-02
2.950000000000000178e+00 2.999936572681477856e-02
2.959999999999999964e+00 2.999936572681505959e-02
2.970000000000000195e+00 2.999936572681526428e-02
2.979999999999999982e+00 2.999936572681519142e-02
2.990000000000000213e+00 2.999936572681490346e-02
3.000000000000000000e+00 2.999936572681509428e-02
3.010000000000000231e+00 2.999936572681428243e-02
3.020000000000000018e+00 2.999936572681511163e-02
3.030000000000000249e+00 2.999936572681435529e-02
3.040000000000000036e+00 2.999936572681592348e-02
3.050000000000000266e+00 2.999936572681466060e-02
3.060000000000000053e+00 2.999936572681447325e-02
3.070000000000000284e+00 2.999936572681484795e-02
3.080000000000000071e+00 2.999936572681400834e-02
3.089999999999999858e+00 2.999936572681434488e-02
3.100000000000000089e+00 2.999936572681424080e-02
3.109999999999999876e+00 2.999936572681497632e-02
3.120000000000000107e+00 2.999936572681527469e-02
3.129999999999999893e+00 2.999936572681537184e-02
3.140000000000000124e+00 2.999936572681510122e-02
3.149999999999999911e+00 2.999936572681570490e-02
3.160000000000000142e+00 2.999936572681427549e-02
3.169999999999999929e+00 2.999936572681471958e-02
3.180000000000000160e+00 2.999936572681518449e-02
3.189999999999999947e+00 2.999936572681559388e-02
3.200000000000000178e+00 2.999936572681500754e-02
3.209999999999999964e+00 2.999936572681556959e-02
3.220000000000000195e+00 2.999936572681481325e-02
3.229999999999999982e+00 2.999936572681506652e-02
3.240000000000000213e+00 2.999936572681469876e-02
3.250000000000000000e+00 2.999936572681550020e-02
3.260000000000000231e+00 2.999936572681551755e-02
3.270000000000000018e+00 2.999936572681425814e-02
3.280000000000000249e+00 2.999936572681584368e-02
3.290000000000000036e+00 2.999936572681476121e-02
3.300000000000000266e+00 2.999936572681472305e-02
3.310000000000000053e+00 2.999936572681562511e-02
3.320000000000000284e+00 2.999936572681579511e-02
3.330000000000000071e+00 2.999936572681540653e-02
3.339999999999999858e+00 2.999936572681510122e-02
3.350000000000000089e+00 2.999936572681609348e-02
3.359999999999999876e+00 2.999936572681522265e-02
3.370000000000000107e+00 2.999936572681630512e-02
3.379999999999999893e+00 2.999936572681477856e-02
3.390000000000000124e+00 2.999936572681489999e-02
3.399999999999999911e+00 2.999936572681517755e-02
3.410000000000000142e+00 2.999936572681564592e-02
3.419999999999999929e+00 2.999936572681596164e-02
3.430000000000000160e+00 2.999936572681551755e-02
3.439999999999999947e+00 2.999936572681620450e-02
3.450000000000000178e+00 2.999936572681580899e-02
3.459999999999999964e+00 2.999936572681497979e-02
3.470000000000000195e+00 2.999936572681542388e-02
3.479999999999999982e+00 2.999936572681565980e-02
3.490000000000000213e+00 2.999936572681532326e-02
3.500000000000000000e+00 2.999936572681537877e-02
3.510000000000000231e+00 2.999936572681593389e-02
3.520000000000000018e+00 2.999936572681528510e-02
3.530000000000000249e+00 2.999936572681595817e-02
3.540000000000000036e+00 2.999936572681571878e-02
3.550000000000000266e+00 2.999936572681512550e-02
3.560000000000000053e+00 2.999936572681584021e-02
3.570000000000000284e+00 2.999936572681571184e-02
3.580000000000000071e+00 2.999936572681399446e-02
3.589999999999999858e+00 2.999936572681524347e-02
3.600000000000000089e+00 2.999936572681524000e-02
3.609999999999999876e+00 2.999936572681587491e-02
3.620000000000000107e+00 2.999936572681580899e-02
3.629999999999999893e+00 2.999936572681541000e-02
3.640000000000000124e+00 2.999936572681632593e-02
3.649999999999999911e+00 2.999936572681544816e-02
3.660000000000000142e+00 2.999936572681575347e-02
3.669999999999999929e+00 2.999936572681507346e-02
3.680000000000000160e+00 2.999936572681560429e-02
3.689999999999999947e+00 2.999936572681561470e-02
3.700000000000000178e+00 2.999936572681511163e-02
3.709999999999999964e+00 2.999936572681536490e-02
3.720000000000000195e+00 2.999936572681522612e-02
3.729999999999999982e+00 2.999936572681546898e-02
3.740000000000000213e+00 2.999936572681568409e-02
3.750000000000000000e+00 2.999936572681571878e-02
3.760000000000000231e+00 2.999936572681538571e-02
3.770000000000000018e+00 2.999936572681588531e-02
3.780000000000000249e+00 2.999936572681571184e-02
3.790000000000000036e+00 2.999936572681516367e-02
3.800000000000000266e+00 2.999936572681603797e-02
3.810000000000000053e+00 2.999936572681588531e-02
3.820000000000000284e+00 2.999936572681603797e-02
3.830000000000000071e+00 2.999936572681610736e-02
3.839999999999999858e+00 2.999936572681586797e-02
3.850000000000000089e+00 2.999936572681545857e-02
3.859999999999999876e+00 2.999936572681584368e-02
3.870000000000000107e+00 2.999936572681621144e-02
3.879999999999999893e+00 2.999936572681533714e-02
3.890000000000000124e+00 2.999936572681587144e-02
3.899999999999999911e+00 2.999936572681594776e-02
3.910000000000000142e+00 2.999936572681605185e-02
3.919999999999999929e+00 2.999936572681571531e-02
3.930000000000000160e+00 2.999936572681576041e-02
3.939999999999999947e+00 2.999936572681585756e-02
3.950000000000000178e+00 2.999936572681559388e-02
3.959999999999999964e+00 2.999936572681586450e-02
3.970000000000000195e+00 2.999936572681555225e-02
3.979999999999999982e+00 2.999936572681550367e-02
3.990000000000000213e+00 2.999936572681595470e-02
4.000000000000000000e+00 2.999936572681594776e-02
4.009999999999999787e+00 2.999936572681590613e-02
4.020000000000000462e+00 2.999936572681590960e-02
4.030000000000000249e+00 2.999936572681605532e-02
4.040000000000000036e+00 2.999936572681569796e-02
4.049999999999999822e+00 2.999936572681553837e-02
4.060000000000000497e+00 2.999936572681571184e-02
4.070000000000000284e+00 2.999936572681598593e-02
4.080000000000000071e+00 2.999936572681596164e-02
4.089999999999999858e+00 2.999936572681572572e-02
4.099999999999999645e+00 2.999936572681639879e-02
4.110000000000000320e+00 2.999936572681585756e-02
4.120000000000000107e+00 2.999936572681586450e-02
4.129999999999999893e+00 2.999936572681594776e-02
4.139999999999999680e+00 2.999936572681589225e-02
4.150000000000000355e+00 2.999936572681588184e-02
4.160000000000000142e+00 2.999936572681611430e-02
4.169999999999999929e+00 2.999936572681601021e-02
4.179999999999999716e+00 2.999936572681591307e-02
4.190000000000000391e+00 2.999936572681589225e-02
4.200000000000000178e+00 2.999936572681598940e-02
4.209999999999999964e+00 2.999936572681586450e-02
4.219999999999999751e+00 2.999936572681590613e-02
4.230000000000000426e+00 2.999936572681599634e-02
4.240000000000000213e+00 2.999936572681603103e-02
4.250000000000000000e+00 2.999936572681601715e-02
4.259999999999999787e+00 2.999936572681594082e-02
4.270000000000000462e+00 2.999936572681586450e-02
4.280000000000000249e+00 2.999936572681592695e-02
4.290000000000000036e+00 2.999936572681614899e-02
4.299999999999999822e+00 2.999936572681643349e-02
4.310000000000000497e+00 2.999936572681609348e-02
4.320000000000000284e+00 2.999936572681580899e-02
4.330000000000000071e+00 2.999936572681587837e-02
4.339999999999999858e+00 2.999936572681579858e-02
4.350000000000000533e+00 2.999936572681592348e-02
4.360000000000000320e+00 2.999936572681626695e-02
4.370000000000000107e+00 2.999936572681627389e-02
4.379999999999999893e+00 2.999936572681616981e-02
4.389999999999999680e+00 2.999936572681575694e-02
4.400000000000000355e+00 2.999936572681602409e-02
4.410000000000000142e+00 2.999936572681614899e-02
4.419999999999999929e+00 2.999936572681601715e-02
4.429999999999999716e+00 2.999936572681596858e-02
4.440000000000000391e+00 2.999936572681609348e-02
4.450000000000000178e+00 2.999936572681616634e-02
4.459999999999999964e+00 2.999936572681597899e-02
4.469999999999999751e+00 2.999936572681632940e-02
4.480000000000000426e+00 2.999936572681621838e-02
4.490000000000000213e+00 2.999936572681601715e-02
4.500000000000000000e+00 2.999936572681618716e-02
4.509999999999999787e+00 2.999936572681613511e-02
4.520000000000000462e+00 2.999936572681618369e-02
4.530000000000000249e+00 2.999936572681606919e-02
4.540000000000000036e+00 2.999936572681605879e-02
4.549999999999999822e+00 2.999936572681613164e-02
4.560000000000000497e+00 2.999936572681603450e-02
4.570000000000000284e+00 2.999936572681608307e-02
4.580000000000000071e+00 2.999936572681615940e-02
4.589999999999999858e+00 2.999936572681611430e-02
4.600000000000000533e+00 2.999936572681614552e-02
4.610000000000000320e+00 2.999936572681613511e-02
4.620000000000000107e+00 2.999936572681609001e-02
4.629999999999999893e+00 2.999936572681618716e-02
4.639999999999999680e+00 2.999936572681618716e-02
4.650000000000000355e+00 2.999936572681608307e-02
4.660000000000000142e+00 2.999936572681606572e-02
4.669999999999999929e+00 2.999936572681606226e-02
4.679999999999999716e+00 2.999936572681606572e-02
4.690000000000000391e+00 2.999936572681612471e-02
4.700000000000000178e+00 2.999936572681612817e-02
4.709999999999999964e+00 2.999936572681615940e-02
4.719999999999999751e+00 2.999936572681611083e-02
4.730000000000000426e+00 2.999936572681615246e-02
4.740000000000000213e+00 2.999936572681609001e-02
4.750000000000000000e+00 2.999936572681616287e-02
4.759999999999999787e+00 2.999936572681614899e-02
4.770000000000000462e+00 2.999936572681612124e-02
4.780000000000000249e+00 2.999936572681616287e-02
4.790000000000000036e+00 2.999936572681615593e-02
4.799999999999999822e+00 2.999936572681615940e-02
4.810000000000000497e+00 2.999936572681615940e-02
4.820000000000000284e+00 2.999936572681614552e-02
4.830000000000000071e+00 2.999936572681616287e-02
4.839999999999999858e+00 2.999936572681615593e-02
4.850000000000000533e+00 2.999936572681613511e-02
4.860000000000000320e+00 2.999936572681614552e-02
4.870000000000000107e+00 2.999936572681615246e-02
4.879999999999999893e+00 2.999936572681616287e-02
4.889999999999999680e+00 2.999936572681615246e-02
4.900000000000000355e+00 2.999936572681615593e-02
4.910000000000000142e+00 2.999936572681615593e-02
4.919999999999999929e+00 2.999936572681616634e-02
4.929999999999999716e+00 2.999936572681616981e-02
4.940000000000000391e+00 2.999936572681616981e-02
4.950000000000000178e+00 2.999936572681616981e-02
4.959999999999999964e+00 2.999936572681616981e-02
4.969999999999999751e+00 2.999936572681615940e-02
4.980000000000000426e+00 2.999936572681616287e-02
4.990000000000000213e+00 2.999936572681616287e-02
5.000000000000000000e+00 2.999936572681615940e-02
5.009999999999999787e+00 2.999936572681615246e-02
5.020000000000000462e+00 2.999936572681614552e-02
5.030000000000000249e+00 2.999936572681614899e-02
5.040000000000000036e+00 2.999936572681614899e-02
5.049999999999999822e+00 2.999936572681615593e-02
5.060000000000000497e+00 2.999936572681614205e-02
5.070000000000000284e+00 2.999936572681613164e-02
5.080000000000000071e+00 2.999936572681613511e-02
5.089999999999999858e+00 2.999936572681612817e-02
5.100000000000000533e+00 2.999936572681614552e-02
5.110000000000000320e+00 2.999936572681614552e-02
5.120000000000000107e+00 2.999936572681614552e-02
5.129999999999999893e+00 2.999936572681615593e-02
5.139999999999999680e+00 2.999936572681615246e-02
5.150000000000000355e+00 2.999936572681614899e-02
5.160000000000000142e+00 2.999936572681612817e-02
5.169999999999999929e+00 2.999936572681614552e-02
5.179999999999999716e+00 2.999936572681614552e-02
5.190000000000000391e+00 2.999936572681615593e-02
5.200000000000000178e+00 2.999936572681613511e-02
5.209999999999999964e+00 2.999936572681612124e-02
5.219999999999999751e+00 2.999936572681611430e-02
5.230000000000000426e+00 2.999936572681611430e-02
5.240000000000000213e+00 2.999936572681612471e-02
5.250000000000000000e+00 2.999936572681613164e-02
5.259999999999999787e+00 2.999936572681614899e-02
5.270000000000000462e+00 2.999936572681613511e-02
5.280000000000000249e+00 2.999936572681611777e-02
5.290000000000000036e+00 2.999936572681613858e-02
5.299999999999999822e+00 2.999936572681610042e-02
5.310000000000000497e+00 2.999936572681616981e-02
5.320000000000000284e+00 2.999936572681613511e-02
5.330000000000000071e+00 2.999936572681614205e-02
5.339999999999999858e+00 2.999936572681610042e-02
5.350000000000000533e+00 2.999936572681623920e-02
5.360000000000000320e+00 2.999936572681616981e-02
5.370000000000000107e+00 2.999936572681607266e-02
5.379999999999999893e+00 2.999936572681611777e-02
5.389999999999999680e+00 2.999936572681615940e-02
5.400000000000000355e+00 2.999936572681618716e-02
5.410000000000000142e+00 2.999936572681613164e-02
5.419999999999999929e+00 2.999936572681623573e-02
5.429999999999999716e+00 2.999936572681615246e-02
5.440000000000000391e+00 2.999936572681619756e-02
5.450000000000000178e+00 2.999936572681619062e-02
5.459999999999999964e+00 2.999936572681606226e-02
5.469999999999999751e+00 2.999936572681622879e-02
5.480000000000000426e+00 2.999936572681628430e-02
5.490000000000000213e+00 2.999936572681625654e-02
5.500000000000000000e+00 2.999936572681615593e-02
5.509999999999999787e+00 2.999936572681618716e-02
5.520000000000000462e+00 2.999936572681608654e-02
5.530000000000000249e+00 2.999936572681618716e-02
5.540000000000000036e+00 2.999936572681621144e-02
5.549999999999999822e+00 2.999936572681630859e-02
5.560000000000000497e+00 2.999936572681611430e-02
5.570000000000000284e+00 2.999936572681604144e-02
5.580000000000000071e+00 2.999936572681603450e-02
5.589999999999999858e+00 2.999936572681621838e-02
5.600000000000000533e+00 2.999936572681621144e-02
5.610000000000000320e+00 2.999936572681650288e-02
5.620000000000000107e+00 2.999936572681627736e-02
5.629999999999999893e+00 2.999936572681618022e-02
5.639999999999999680e+00 2.999936572681637104e-02
5.650000000000000355e+00 2.999936572681620103e-02
5.660000000000000142e+00 2.999936572681634328e-02
5.669999999999999929e+00 2.999936572681634328e-02
5.679999999999999716e+00 2.999936572681620450e-02
5.690000000000000391e+00 2.999936572681587491e-02
5.700000000000000178e+00 2.999936572681632246e-02
5.709999999999999964e+00 2.999936572681629124e-02
5.719999999999999751e+00 2.999936572681656533e-02
5.730000000000000426e+00 2.999936572681621144e-02
5.740000000000000213e+00 2.999936572681637104e-02
5.750000000000000000e+00 2.999936572681613511e-02
5.759999999999999787e+00 2.999936572681639879e-02
5.770000000000000462e+00 2.999936572681622532e-02
5.780000000000000249e+00 2.999936572681613511e-02
5.790000000000000036e+00 2.999936572681626001e-02
5.799999999999999822e+00 2.999936572681660696e-02
5.810000000000000497e+00 2.999936572681640226e-02
5.820000000000000284e+00 2.999936572681639879e-02
5.830000000000000071e+00 2.999936572681633981e-02
5.839999999999999858e+00 2.999936572681653410e-02
5.850000000000000533e+00 2.999936572681620450e-02
5.860000000000000320e+00 2.999936572681651675e-02
5.870000000000000107e+00 2.999936572681656879e-02
5.879999999999999893e+00 2.999936572681630165e-02
5.889999999999999680e+00 2.999936572681656533e-02
5.900000000000000355e+00 2.999936572681682900e-02
5.910000000000000142e+00 2.999936572681646124e-02
5.919999999999999929e+00 2.999936572681622532e-02
5.929999999999999716e+00 2.999936572681625307e-02
5.940000000000000391e+00 2.999936572681618716e-02
5.950000000000000178e+00 2.999936572681630165e-02
5.959999999999999964e+00 2.999936572681694696e-02
5.969999999999999751e+00 2.999936572681616634e-02
5.980000000000000426e+00 2.999936572681671451e-02
5.990000000000000213e+00 2.999936572681627389e-02
6.000000000000000000e+00 2.999936572681665206e-02
6.009999999999999787e+00 2.999936572681649941e-02
6.020000000000000462e+00 2.999936572681643002e-02
6.030000000000000249e+00 2.999936572681645430e-02
6.040000000000000036e+00 2.999936572681615246e-02
6.049999999999999822e+00 2.999936572681640573e-02
6.060000000000000497e+00 2.999936572681634328e-02
6.070000000000000284e+00 2.999936572681630512e-02
6.080000000000000071e+00 2.999936572681633634e-02
6.089999999999999858e+00 2.999936572681647859e-02
6.100000000000000533e+00 2.999936572681661390e-02
6.110000000000000320e+00 2.999936572681653757e-02
6.120000000000000107e+00 2.999936572681615593e-02
6.129999999999999893e+00 2.999936572681664859e-02
6.140000000000000568e+00 2.999936572681629124e-02
6.150000000000000355e+00 2.999936572681627389e-02
6.160000000000000142e+00 2.999936572681657920e-02
6.169999999999999929e+00 2.999936572681649247e-02
6.179999999999999716e+00 2.999936572681643349e-02
6.190000000000000391e+00 2.999936572681622532e-02
6.200000000000000178e+00 2.999936572681681859e-02
6.209999999999999964e+00 2.999936572681637451e-02
6.219999999999999751e+00 2.999936572681659308e-02
6.230000000000000426e+00 2.999936572681643349e-02
6.240000000000000213e+00 2.999936572681637797e-02
6.250000000000000000e+00 2.999936572681702329e-02
6.259999999999999787e+00 2.999936572681745003e-02
6.270000000000000462e+00 2.999936572681666247e-02
6.280000000000000249e+00 2.999936572681725228e-02
6.290000000000000036e+00 2.999936572681673880e-02
6.299999999999999822e+00 2.999936572681671451e-02
6.310000000000000497e+00 2.999936572681653063e-02
6.320000000000000284e+00 2.999936572681647512e-02
6.330000000000000071e+00 2.999936572681605532e-02
6.339999999999999858e+00 2.999936572681698166e-02
6.350000000000000533e+00 2.999936572681682553e-02
6.360000000000000320e+00 2.999936572681678043e-02
6.370000000000000107e+00 2.999936572681680819e-02
6.379999999999999893e+00 2.999936572681716207e-02
6.390000000000000568e+00 2.999936572681678737e-02
6.400000000000000355e+00 2.999936572681652369e-02
6.410000000000000142e+00 2.999936572681793923e-02
6.419999999999999929e+00 2.999936572681666594e-02
6.429999999999999716e+00 2.999936572681680819e-02
6.440000000000000391e+00 2.999936572681680472e-02
6.450000000000000178e+00 2.999936572681701635e-02
6.459999999999999964e+00 2.999936572681544816e-02
6.469999999999999751e+00 2.999936572681688104e-02
6.480000000000000426e+00 2.999936572681606572e-02
6.490000000000000213e+00 2.999936572681757840e-02
6.500000000000000000e+00 2.999936572681692615e-02
6.509999999999999787e+00 2.999936572681705105e-02
6.520000000000000462e+00 2.999936572681759922e-02
6.530000000000000249e+00 2.999936572681656186e-02
6.540000000000000036e+00 2.999936572681699207e-02
6.549999999999999822e+00 2.999936572681719330e-02
6.560000000000000497e+00 2.999936572681843189e-02
6.570000000000000284e+00 2.999936572681735289e-02
6.580000000000000071e+00 2.999936572681754024e-02
6.589999999999999858e+00 2.999936572681717942e-02
6.600000000000000533e+00 2.999936572681727309e-02
6.610000000000000320e+00 2.999936572681780739e-02
6.620000000000000107e+00 2.999936572681679431e-02
6.629999999999999893e+00 2.999936572681707880e-02
6.640000000000000568e+00 2.999936572681731126e-02
6.650000000000000355e+00 2.999936572681586103e-02
6.660000000000000142e+00 2.999936572681667288e-02
6.669999999999999929e+00 2.999936572681726962e-02
6.679999999999999716e+00 2.999936572681649941e-02
6.690000000000000391e+00 2.999936572681644736e-02
6.700000000000000178e+00 2.999936572681678043e-02
6.709999999999999964e+00 2.999936572681768943e-02
6.719999999999999751e+00 2.999936572681645430e-02
6.730000000000000426e+00 2.999936572681606572e-02
6.740000000000000213e+00 2.999936572681716207e-02
6.750000000000000000e+00 2.999936572681602062e-02
6.759999999999999787e+00 2.999936572681786637e-02
6.770000000000000462e+00 2.999936572681755065e-02
6.780000000000000249e+00 2.999936572681731473e-02
6.790000000000000036e+00 2.999936572681683594e-02
6.799999999999999822e+00 2.999936572681786290e-02
6.810000000000000497e+00 2.999936572681713431e-02
6.820000000000000284e+00 2.999936572681716901e-02
6.830000000000000071e+00 2.999936572681701635e-02
6.839999999999999858e+00 2.999936572681591307e-02
6.850000000000000533e+00 2.999936572681570490e-02
6.860000000000000320e+00 2.999936572681746044e-02
6.870000000000000107e+00 2.999936572681840760e-02
6.879999999999999893e+00 2.999936572681755759e-02
6.890000000000000568e+00 2.999936572681823066e-02
6.900000000000000355e+00 2.999936572681789759e-02
6.910000000000000142e+00 2.999936572681681166e-02
6.919999999999999929e+00 2.999936572681745350e-02
6.929999999999999716e+00 2.999936572681729044e-02
6.940000000000000391e+00 2.999936572681740493e-02
6.950000000000000178e+00 2.999936572681736677e-02
6.959999999999999964e+00 2.999936572681673533e-02
6.969999999999999751e+00 2.999936572681661390e-02
6.980000000000000426e+00 2.999936572681649941e-02
6.990000000000000213e+00 2.999936572681791147e-02
7.000000000000000000e+00 2.999936572681734595e-02
7.009999999999999787e+00 2.999936572681767208e-02
7.020000000000000462e+00 2.999936572681789759e-02
7.030000000000000249e+00 2.999936572681830005e-02
7.040000000000000036e+00 2.999936572681592695e-02
7.049999999999999822e+00 2.999936572681774494e-02
7.060000000000000497e+00 2.999936572681615940e-02
7.070000000000000284e+00 2.999936572681678043e-02
7.080000000000000071e+00 2.999936572681694003e-02
7.089999999999999858e+00 2.999936572681715166e-02
7.100000000000000533e+00 2.999936572681735983e-02
7.110000000000000320e+00 2.999936572681783514e-02
7.120000000000000107e+00 2.999936572681586450e-02
7.129999999999999893e+00 2.999936572681734248e-02
7.140000000000000568e+00 2.999936572681653410e-02
7.150000000000000355e+00 2.999936572681757493e-02
7.160000000000000142e+00 2.999936572681787678e-02
7.169999999999999929e+00 2.999936572681719330e-02
7.179999999999999716e+00 2.999936572681666247e-02
7.190000000000000391e+00 2.999936572681731820e-02
7.200000000000000178e+00 2.999936572681771024e-02
7.209999999999999964e+00 2.999936572681690880e-02
7.219999999999999751e+00 2.999936572681722452e-02
7.230000000000000426e+00 2.999936572681797045e-02
7.240000000000000213e+00 2.999936572681641961e-02
7.250000000000000000e+00 2.999936572681644736e-02
7.259999999999999787e+00 2.999936572681707186e-02
7.270000000000000462e+00 2.999936572681747432e-02
7.280000000000000249e+00 2.999936572681731126e-02
7.290000000000000036e+00 2.999936572681684982e-02
7.299999999999999822e+00 2.999936572681784902e-02
7.310000000000000497e+00 2.999936572681654798e-02
7.320000000000000284e+00 2.999936572681662084e-02
7.330000000000000071e+00 2.999936572681746044e-02
7.339999999999999858e+00 2.999936572681664165e-02
7.350000000000000533e+00 2.999936572681732166e-02
7.360000000000000320e+00 2.999936572681778657e-02
7.370000000000000107e+00 2.999936572681695390e-02
7.379999999999999893e+00 2.999936572681708227e-02
7.390000000000000568e+00 2.999936572681720370e-02
7.400000000000000355e+00 2.999936572681749861e-02
7.410000000000000142e+00 2.999936572681715513e-02
7.419999999999999929e+00 2.999936572681718289e-02
7.429999999999999716e+00 2.999936572681783514e-02
7.440000000000000391e+00 2.999936572681844577e-02
7.450000000000000178e+00 2.999936572681712391e-02
7.459999999999999964e+00 2.999936572681677349e-02
7.469999999999999751e+00 2.999936572681690533e-02
7.480000000000000426e+00 2.999936572681908414e-02
7.490000000000000213e+00 2.999936572681682900e-02
7.500000000000000000e+00 2.999936572681730779e-02
7.509999999999999787e+00 2.999936572681752983e-02
7.520000000000000462e+00 2.999936572681696778e-02
7.530000000000000249e+00 2.999936572681782820e-02
7.540000000000000036e+00 2.999936572681757493e-02
7.549999999999999822e+00 2.999936572681792535e-02
7.560000000000000497e+00 2.999936572681694696e-02
7.570000000000000284e+00 2.999936572681723840e-02
7.580000000000000071e+00 2.999936572681789759e-02
7.589999999999999858e+00 2.999936572681736330e-02
7.600000000000000533e+00 2.999936572681769290e-02
7.610000000000000320e+00 2.999936572681626348e-02
7.620000000000000107e+00 2.999936572681725228e-02
7.629999999999999893e+00 2.999936572681752289e-02
7.640000000000000568e+00 2.999936572681674227e-02
7.650000000000000355e+00 2.999936572681669023e-02
7.660000000000000142e+00 2.999936572681689145e-02
7.669999999999999929e+00 2.999936572681760616e-02
7.679999999999999716e+00 2.999936572681682900e-02
7.690000000000000391e+00 2.999936572681753677e-02
7.700000000000000178e+00 2.999936572681647512e-02
7.709999999999999964e+00 2.999936572681621491e-02
7.719999999999999751e+00 2.999936572681771718e-02
7.730000000000000426e+00 2.999936572681685676e-02
7.740000000000000213e+00 2.999936572681716554e-02
7.750000000000000000e+00 2.999936572681634328e-02
7.759999999999999787e+00 2.999936572681735636e-02
7.770000000000000462e+00 2.999936572681674227e-02
7.780000000000000249e+00 2.999936572681753330e-02
7.790000000000000036e+00 2.999936572681738758e-02
7.799999999999999822e+00 2.999936572681660696e-02
7.810000000000000497e+00 2.999936572681776575e-02
7.820000000000000284e+00 2.999936572681688104e-02
7.830000000000000071e+00 2.999936572681735983e-02
7.839999999999999858e+00 2.999936572681616981e-02
7.850000000000000533e+00 2.999936572681700248e-02
7.860000000000000320e+00 2.999936572681655492e-02
7.870000000000000107e+00 2.999936572681721758e-02
7.879999999999999893e+00 2.999936572681622879e-02
7.890000000000000568e+00 2.999936572681585062e-02
7.900000000000000355e+00 2.999936572681723840e-02
7.910000000000000142e+00 2.999936572681635716e-02
7.919999999999999929e+00 2.999936572681679431e-02
7.930000000000000604e+00 2.999936572681734942e-02
7.940000000000000391e+00 2.999936572681803984e-02
7.950000000000000178e+00 2.999936572681839719e-02
7.959999999999999964e+00 2.999936572681802943e-02
7.969999999999999751e+00 2.999936572681797392e-02
7.980000000000000426e+00 2.999936572681610042e-02
7.990000000000000213e+00 2.999936572681775881e-02
8.000000000000000000e+00 2.999936572681632593e-02
8.009999999999999787e+00 2.999936572681668329e-02
8.019999999999999574e+00 2.999936572681749514e-02
8.029999999999999361e+00 2.999936572681665553e-02
8.040000000000000924e+00 2.999936572681555225e-02
8.050000000000000711e+00 2.999936572681757146e-02
8.060000000000000497e+00 2.999936572681632246e-02
8.070000000000000284e+00 2.999936572681668329e-02
8.080000000000000071e+00 2.999936572681673186e-02
8.089999999999999858e+00 2.999936572681694696e-02
8.099999999999999645e+00 2.999936572681609348e-02
8.109999999999999432e+00 2.999936572681506652e-02
8.120000000000000995e+00 2.999936572681542735e-02
8.130000000000000782e+00 2.999936572681600674e-02
8.140000000000000568e+00 2.999936572681688798e-02
8.150000000000000355e+00 2.999936572681655145e-02
8.160000000000000142e+00 2.999936572681657226e-02
8.169999999999999929e+00 2.999936572681683941e-02
8.179999999999999716e+00 2.999936572681804331e-02
8.189999999999999503e+00 2.999936572681648900e-02
8.199999999999999289e+00 2.999936572681840413e-02
8.210000000000000853e+00 2.999936572681739105e-02
8.220000000000000639e+00 2.999936572681671104e-02
8.230000000000000426e+00 2.999936572681709268e-02
8.240000000000000213e+00 2.999936572681573613e-02
8.250000000000000000e+00 2.999936572681690533e-02
8.259999999999999787e+00 2.999936572681784902e-02
8.269999999999999574e+00 2.999936572681620450e-02
8.279999999999999361e+00 2.999936572681437957e-02
8.290000000000000924e+00 2.999936572681759228e-02
8.300000000000000711e+00 2.999936572681754718e-02
8.310000000000000497e+00 2.999936572681629471e-02
8.320000000000000284e+00 2.999936572681652022e-02
8.330000000000000071e+00 2.999936572681571184e-02
8.339999999999999858e+00 2.999936572681520183e-02
8.349999999999999645e+00 2.999936572681689839e-02
8.359999999999999432e+00 2.999936572681799474e-02
8.370000000000000995e+00 2.999936572681761657e-02
8.380000000000000782e+00 2.999936572681770330e-02
8.390000000000000568e+00 2.999936572681642655e-02
8.400000000000000355e+00 2.999936572681780739e-02
8.410000000000000142e+00 2.999936572681895230e-02
8.419999999999999929e+00 2.999936572681678390e-02
8.429999999999999716e+00 2.999936572681713431e-02
8.439999999999999503e+00 2.999936572681714125e-02
8.449999999999999289e+00 2.999936572681767555e-02
8.460000000000000853e+00 2.999936572681639185e-02
8.470000000000000639e+00 2.999936572681483407e-02
8.480000000000000426e+00 2.999936572681538571e-02
8.490000000000000213e+00 2.999936572681749167e-02
8.500000000000000000e+00 2.999936572681580552e-02
8.509999999999999787e+00 2.999936572681714125e-02
8.519999999999999574e+00 2.999936572681687758e-02
8.529999999999999361e+00 2.999936572681621144e-02
8.540000000000000924e+00 2.999936572681697472e-02
8.550000000000000711e+00 2.999936572681760616e-02
8.560000000000000497e+00 2.999936572681603103e-02
8.570000000000000284e+00 2.999936572681773106e-02
8.580000000000000071e+00 2.999936572681791494e-02
8.589999999999999858e+00 2.999936572681790453e-02
8.599999999999999645e+00 2.999936572681609348e-02
8.609999999999999432e+00 2.999936572681623573e-02
8.620000000000000995e+00 2.999936572681551061e-02
8.630000000000000782e+00 2.999936572681682206e-02
8.640000000000000568e+00 2.999936572681577429e-02
8.650000000000000355e+00 2.999936572681598246e-02
8.660000000000000142e+00 2.999936572681708921e-02
8.669999999999999929e+00 2.999936572681744310e-02
8.679999999999999716e+00 2.999936572681827923e-02
8.689999999999999503e+00 2.999936572681811964e-02
8.700000000000001066e+00 2.999936572681705105e-02
8.710000000000000853e+00 2.999936572681639532e-02
8.720000000000000639e+00 2.999936572681604838e-02
8.730000000000000426e+00 2.999936572681723146e-02
8.740000000000000213e+00 2.999936572681731126e-02
8.750000000000000000e+00 2.999936572681815780e-02
8.759999999999999787e+00 2.999936572681706839e-02
8.769999999999999574e+00 2.999936572681695737e-02
8.779999999999999361e+00 2.999936572681665553e-02
8.790000000000000924e+00 2.999936572681631899e-02
8.800000000000000711e+00 2.999936572681745350e-02
8.810000000000000497e+00 2.999936572681593736e-02
8.820000000000000284e+00 2.999936572681689839e-02
8.830000000000000071e+00 2.999936572681713778e-02
8.839999999999999858e+00 2.999936572681465713e-02
8.849999999999999645e+00 2.999936572681793576e-02
8.859999999999999432e+00 2.999936572681671104e-02
8.870000000000000995e+00 2.999936572681537877e-02
8.880000000000000782e+00 2.999936572681730779e-02
8.890000000000000568e+00 2.999936572681638491e-02
8.900000000000000355e+00 2.999936572681750555e-02
8.910000000000000142e+00 2.999936572681498326e-02
8.919999999999999929e+00 2.999936572681783167e-02
8.929999999999999716e+00 2.999936572681576041e-02
8.939999999999999503e+00 2.999936572681780739e-02
8.950000000000001066e+00 2.999936572681799474e-02
8.960000000000000853e+00 2.999936572681501101e-02
8.970000000000000639e+00 2.999936572681671451e-02
8.980000000000000426e+00 2.999936572681728697e-02
8.990000000000000213e+00 2.999936572681600327e-02
9.000000000000000000e+00 2.999936572681773800e-02
9.009999999999999787e+00 2.999936572681541694e-02
9.019999999999999574e+00 2.999936572681747779e-02
9.029999999999999361e+00 2.999936572681696431e-02
9.040000000000000924e+00 2.999936572681631899e-02
9.050000000000000711e+00 2.999936572681559041e-02
9.060000000000000497e+00 2.999936572681591307e-02
9.070000000000000284e+00 2.999936572681671798e-02
9.080000000000000071e+00 2.999936572681642308e-02
9.089999999999999858e+00 2.999936572681594082e-02
9.099999999999999645e+00 2.999936572681697472e-02
9.109999999999999432e+00 2.999936572681487224e-02
9.120000000000000995e+00 2.999936572681709268e-02
9.130000000000000782e+00 2.999936572681699207e-02
9.140000000000000568e+00 2.999936572681635369e-02
9.150000000000000355e+00 2.999936572681597552e-02
9.160000000000000142e+00 2.999936572681636063e-02
9.169999999999999929e+00 2.999936572681688104e-02
9.179999999999999716e+00 2.999936572681843189e-02
9.189999999999999503e+00 2.999936572681651328e-02
9.200000000000001066e+00 2.999936572681508040e-02
9.210000000000000853e+00 2.999936572681678737e-02
9.220000000000000639e+00 2.999936572681630512e-02
9.230000000000000426e+00 2.999936572681994804e-02
9.240000000000000213e+00 2.999936572681725228e-02
9.250000000000000000e+00 2.999936572681669716e-02
9.259999999999999787e+00 2.999936572681614205e-02
9.269999999999999574e+00 2.999936572681848740e-02
9.279999999999999361e+00 2.999936572681751248e-02
9.290000000000000924e+00 2.999936572681572919e-02
9.300000000000000711e+00 2.999936572681691921e-02
9.310000000000000497e+00 2.999936572681939986e-02
9.320000000000000284e+00 2.999936572681634675e-02
9.330000000000000071e+00 2.999936572681586103e-02
9.339999999999999858e+00 2.999936572681800168e-02
9.349999999999999645e+00 2.999936572681589225e-02
9.359999999999999432e+00 2.999936572681627736e-02
9.370000000000000995e+00 2.999936572681592001e-02
9.380000000000000782e+00 2.999936572681389385e-02
9.390000000000000568e+00 2.999936572681471611e-02
9.400000000000000355e+00 2.999936572681522265e-02
9.410000000000000142e+00 2.999936572681484448e-02
9.419999999999999929e+00 2.999936572681635022e-02
9.429999999999999716e+00 2.999936572681471264e-02
9.439999999999999503e+00 2.999936572681866781e-02
9.450000000000001066e+00 2.999936572681469876e-02
9.460000000000000853e+00 2.999936572681776575e-02
9.470000000000000639e+00 2.999936572681673186e-02
9.480000000000000426e+00 2.999936572681517061e-02
9.490000000000000213e+00 2.999936572681352262e-02
9.500000000000000000e+00 2.999936572681436570e-02
9.509999999999999787e+00 2.999936572681601021e-02
9.519999999999999574e+00 2.999936572682029845e-02
9.529999999999999361e+00 2.999936572681548286e-02
9.540000000000000924e+00 2.999936572681772412e-02
9.550000000000000711e+00 2.999936572681987865e-02
9.560000000000000497e+00 2.999936572681922292e-02
9.570000000000000284e+00 2.999936572681820984e-02
9.580000000000000071e+00 2.999936572681689145e-02
9.589999999999999858e+00 2.999936572682082581e-02
9.599999999999999645e+00 2.999936572681871985e-02
9.609999999999999432e+00 2.999936572681941374e-02
9.620000000000000995e+00 2.999936572682126990e-02
9.630000000000000782e+00 2.999936572681499367e-02
9.640000000000000568e+00 2.999936572681807107e-02
9.650000000000000355e+00 2.999936572682032968e-02
9.660000000000000142e+00 2.999936572681996191e-02
9.669999999999999929e+00 2.999936572681613164e-02
9.679999999999999716e+00 2.999936572681479591e-02
9.689999999999999503e+00 2.999936572681968089e-02
9.700000000000001066e+00 2.999936572681698860e-02
9.710000000000000853e+00 2.999936572681813352e-02
9.720000000000000639e+00 2.999936572681788371e-02
9.730000000000000426e+00 2.999936572681577082e-02
9.740000000000000213e+00 2.999936572681874067e-02
9.750000000000000000e+00 2.999936572681836944e-02
9.759999999999999787e+00 2.999936572681343588e-02
9.769999999999999574e+00 2.999936572681764779e-02
9.779999999999999361e+00 2.999936572681346017e-02
9.790000000000000924e+00 2.999936572681845270e-02
9.800000000000000711e+00 2.999936572681704411e-02
9.810000000000000497e+00 2.999936572681482713e-02
9.820000000000000284e+00 2.999936572681588878e-02
9.830000000000000071e+00 2.999936572681745697e-02
9.839999999999999858e+00 2.999936572681794617e-02
9.849999999999999645e+00 2.999936572681526081e-02
9.859999999999999432e+00 2.999936572681457733e-02
9.870000000000000995e+00 2.999936572681685676e-02
9.880000000000000782e+00 2.999936572681621144e-02
9.890000000000000568e+00 2.999936572681514979e-02
9.900000000000000355e+00 2.999936572681844230e-02
9.910000000000000142e+00 2.999936572682034702e-02
9.919999999999999929e+00 2.999936572681769636e-02
9.929999999999999716e+00 2.999936572681699901e-02
9.939999999999999503e+00 2.999936572681673880e-02
9.950000000000001066e+00 2.999936572681858454e-02
9.960000000000000853e+00 2.999936572681670063e-02
9.970000000000000639e+00 2.999936572681644736e-02
