0.000000000000000000e+00 2.999935897431654785e-02
1.000000000000000021e-02 2.999935897432165488e-02
2.000000000000000042e-02 2.999935897431764420e-02
2.999999999999999889e-02 2.999935897431759910e-02
4.000000000000000083e-02 2.999935897431744644e-02
5.000000000000000278e-02 2.999935897431934770e-02
5.999999999999999778e-02 2.999935897431475068e-02
7.000000000000000666e-02 2.999935897431819237e-02
8.000000000000000167e-02 2.999935897431629805e-02
8.999999999999999667e-02 2.999935897431996179e-02
1.000000000000000056e-01 2.999935897432050302e-02
1.100000000000000006e-01 2.999935897432064180e-02
1.199999999999999956e-01 2.999935897431691909e-02
1.300000000000000044e-01 2.999935897432072854e-02
1.400000000000000133e-01 2.999935897431696419e-02
1.499999999999999944e-01 2.999935897431821319e-02
1.600000000000000033e-01 2.999935897432119344e-02
1.700000000000000122e-01 2.999935897431920545e-02
1.799999999999999933e-01 2.999935897431988546e-02
1.900000000000000022e-01 2.999935897431800849e-02
2.000000000000000111e-01 2.999935897431852891e-02
2.099999999999999922e-01 2.999935897432119344e-02
2.200000000000000011e-01 2.999935897431766502e-02
2.300000000000000100e-01 2.999935897432143977e-02
2.399999999999999911e-01 2.999935897432074935e-02
2.500000000000000000e-01 2.999935897431737011e-02
2.600000000000000089e-01 2.999935897431803972e-02
2.700000000000000178e-01 2.999935897431932688e-02
2.800000000000000266e-01 2.999935897432027751e-02
2.899999999999999800e-01 2.999935897432055507e-02
2.999999999999999889e-01 2.999935897432349716e-02
3.099999999999999978e-01 2.999935897431875442e-02
3.200000000000000067e-01 2.999935897431706827e-02
3.300000000000000155e-01 2.999935897431837278e-02
3.400000000000000244e-01 2.999935897431598580e-02
3.500000000000000333e-01 2.999935897432046139e-02
3.599999999999999867e-01 2.999935897431967730e-02
3.699999999999999956e-01 2.999935897432228285e-02
3.800000000000000044e-01 2.999935897431769971e-02
3.900000000000000133e-01 2.999935897432329940e-02
4.000000000000000222e-01 2.999935897431875789e-02
4.100000000000000311e-01 2.999935897431805359e-02
4.199999999999999845e-01 2.999935897431872667e-02
4.299999999999999933e-01 2.999935897432150569e-02
4.400000000000000022e-01 2.999935897431972587e-02
4.500000000000000111e-01 2.999935897432295245e-02
4.600000000000000200e-01 2.999935897432128712e-02
4.700000000000000289e-01 2.999935897431798421e-02
4.799999999999999822e-01 2.999935897431903545e-02
4.899999999999999911e-01 2.999935897431870238e-02
5.000000000000000000e-01 2.999935897432133569e-02
5.100000000000000089e-01 2.999935897432363940e-02
5.200000000000000178e-01 2.999935897431910137e-02
5.300000000000000266e-01 2.999935897432164794e-02
5.400000000000000355e-01 2.999935897431854973e-02
5.500000000000000444e-01 2.999935897431952811e-02
5.600000000000000533e-01 2.999935897432383369e-02
5.700000000000000622e-01 2.999935897431987852e-02
5.799999999999999600e-01 2.999935897432214407e-02
5.899999999999999689e-01 2.999935897432488494e-02
5.999999999999999778e-01 2.999935897431579152e-02
6.099999999999999867e-01 2.999935897431562498e-02
6.199999999999999956e-01 2.999935897431732848e-02
6.300000000000000044e-01 2.999935897431969117e-02
6.400000000000000133e-01 2.999935897431933729e-02
6.500000000000000222e-01 2.999935897431759563e-02
6.600000000000000311e-01 2.999935897431772053e-02
6.700000000000000400e-01 2.999935897431605519e-02
6.800000000000000488e-01 2.999935897432272347e-02
6.900000000000000577e-01 2.999935897431969811e-02
7.000000000000000666e-01 2.999935897431776216e-02
7.099999999999999645e-01 2.999935897431720011e-02
7.199999999999999734e-01 2.999935897432225509e-02
7.299999999999999822e-01 2.999935897432017690e-02
7.399999999999999911e-01 2.999935897431880646e-02
7.500000000000000000e-01 2.999935897431740828e-02
7.600000000000000089e-01 2.999935897432090548e-02
7.700000000000000178e-01 2.999935897432118651e-02
7.800000000000000266e-01 2.999935897431862605e-02
7.900000000000000355e-01 2.999935897431997914e-02
8.000000000000000444e-01 2.999935897431949341e-02
8.100000000000000533e-01 2.999935897431845605e-02
8.200000000000000622e-01 2.999935897432189774e-02
8.300000000000000711e-01 2.999935897432077364e-02
8.399999999999999689e-01 2.999935897431912218e-02
8.499999999999999778e-01 2.999935897431839707e-02
8.599999999999999867e-01 2.999935897431914994e-02
8.699999999999999956e-01 2.999935897431737358e-02
8.800000000000000044e-01 2.999935897431688439e-02
8.900000000000000133e-01 2.999935897432005893e-02
9.000000000000000222e-01 2.999935897431986812e-02
9.100000000000000311e-01 2.999935897431933035e-02
9.200000000000000400e-01 2.999935897432248061e-02
9.300000000000000488e-01 2.999935897431769277e-02
9.400000000000000577e-01 2.999935897431766502e-02
9.500000000000000666e-01 2.999935897432190815e-02
9.599999999999999645e-01 2.999935897432092630e-02
9.699999999999999734e-01 2.999935897431947954e-02
9.799999999999999822e-01 2.999935897431840748e-02
9.899999999999999911e-01 2.999935897432071119e-02
1.000000000000000000e+00 2.999935897432023588e-02
1.010000000000000009e+00 2.999935897431899728e-02
1.020000000000000018e+00 2.999935897431952464e-02
1.030000000000000027e+00 2.999935897431701623e-02
1.040000000000000036e+00 2.999935897432010057e-02
1.050000000000000044e+00 2.999935897431942056e-02
1.060000000000000053e+00 2.999935897431703705e-02
1.070000000000000062e+00 2.999935897431873708e-02
1.080000000000000071e+00 2.999935897431916729e-02
1.090000000000000080e+00 2.999935897432037119e-02
1.100000000000000089e+00 2.999935897432003812e-02
1.110000000000000098e+00 2.999935897431954199e-02
1.120000000000000107e+00 2.999935897431762338e-02
1.130000000000000115e+00 2.999935897431866769e-02
1.140000000000000124e+00 2.999935897431788706e-02
1.150000000000000133e+00 2.999935897431968423e-02
1.159999999999999920e+00 2.999935897432000689e-02
1.169999999999999929e+00 2.999935897432034343e-02
1.179999999999999938e+00 2.999935897431749848e-02
1.189999999999999947e+00 2.999935897431950382e-02
1.199999999999999956e+00 2.999935897431988199e-02
1.209999999999999964e+00 2.999935897431837278e-02
1.219999999999999973e+00 2.999935897431926790e-02
1.229999999999999982e+00 2.999935897431858789e-02
1.239999999999999991e+00 2.999935897431833809e-02
1.250000000000000000e+00 2.999935897431912218e-02
1.260000000000000009e+00 2.999935897432030180e-02
1.270000000000000018e+00 2.999935897431971199e-02
1.280000000000000027e+00 2.999935897431921933e-02
1.290000000000000036e+00 2.999935897431816809e-02
1.300000000000000044e+00 2.999935897431910137e-02
1.310000000000000053e+00 2.999935897431893136e-02
1.320000000000000062e+00 2.999935897431874748e-02
1.330000000000000071e+00 2.999935897432021853e-02
1.340000000000000080e+00 2.999935897431823054e-02
1.350000000000000089e+00 2.999935897432048221e-02
1.360000000000000098e+00 2.999935897432007281e-02
1.370000000000000107e+00 2.999935897432021159e-02
1.380000000000000115e+00 2.999935897431841442e-02
1.390000000000000124e+00 2.999935897431841442e-02
1.400000000000000133e+00 2.999935897432106507e-02
1.409999999999999920e+00 2.999935897431790788e-02
1.419999999999999929e+00 2.999935897431728338e-02
1.429999999999999938e+00 2.999935897431875442e-02
1.439999999999999947e+00 2.999935897431817156e-02
1.449999999999999956e+00 2.999935897431934423e-02
1.459999999999999964e+00 2.999935897431753665e-02
1.469999999999999973e+00 2.999935897431939280e-02
1.479999999999999982e+00 2.999935897431885157e-02
1.489999999999999991e+00 2.999935897431912565e-02
1.500000000000000000e+00 2.999935897431951770e-02
1.510000000000000009e+00 2.999935897432069037e-02
1.520000000000000018e+00 2.999935897432024628e-02
1.530000000000000027e+00 2.999935897431948648e-02
1.540000000000000036e+00 2.999935897431955240e-02
1.550000000000000044e+00 2.999935897431912912e-02
1.560000000000000053e+00 2.999935897431869197e-02
1.570000000000000062e+00 2.999935897431945525e-02
1.580000000000000071e+00 2.999935897431946566e-02
1.590000000000000080e+00 2.999935897431835891e-02
1.600000000000000089e+00 2.999935897431800155e-02
1.610000000000000098e+00 2.999935897431963566e-02
1.620000000000000107e+00 2.999935897431771012e-02
1.630000000000000115e+00 2.999935897431919504e-02
1.640000000000000124e+00 2.999935897431944137e-02
1.650000000000000133e+00 2.999935897432016302e-02
1.660000000000000142e+00 2.999935897431833809e-02
1.669999999999999929e+00 2.999935897431896259e-02
1.679999999999999938e+00 2.999935897431817156e-02
1.689999999999999947e+00 2.999935897431876830e-02
1.699999999999999956e+00 2.999935897431954199e-02
1.709999999999999964e+00 2.999935897431797727e-02
1.719999999999999973e+00 2.999935897431887932e-02
1.729999999999999982e+00 2.999935897431862952e-02
1.739999999999999991e+00 2.999935897431856013e-02
1.750000000000000000e+00 2.999935897432066262e-02
1.760000000000000009e+00 2.999935897431887238e-02
1.770000000000000018e+00 2.999935897431835891e-02
1.780000000000000027e+00 2.999935897431773441e-02
1.790000000000000036e+00 2.999935897431972934e-02
1.800000000000000044e+00 2.999935897431837972e-02
1.810000000000000053e+00 2.999935897431878912e-02
1.820000000000000062e+00 2.999935897431810911e-02
1.830000000000000071e+00 2.999935897431852197e-02
1.840000000000000080e+00 2.999935897431938586e-02
1.850000000000000089e+00 2.999935897431764767e-02
1.860000000000000098e+00 2.999935897431773441e-02
1.870000000000000107e+00 2.999935897431695031e-02
1.880000000000000115e+00 2.999935897431910831e-02
1.890000000000000124e+00 2.999935897431869197e-02
1.900000000000000133e+00 2.999935897431800502e-02
1.910000000000000142e+00 2.999935897431972587e-02
1.919999999999999929e+00 2.999935897431969464e-02
1.929999999999999938e+00 2.999935897431866422e-02
1.939999999999999947e+00 2.999935897431964260e-02
1.949999999999999956e+00 2.999935897432005200e-02
1.959999999999999964e+00 2.999935897431726950e-02
1.969999999999999973e+00 2.999935897431867116e-02
1.979999999999999982e+00 2.999935897431920545e-02
1.989999999999999991e+00 2.999935897431880993e-02
2.000000000000000000e+00 2.999935897431966342e-02
2.010000000000000231e+00 2.999935897431718623e-02
2.020000000000000018e+00 2.999935897431860871e-02
2.030000000000000249e+00 2.999935897431948995e-02
2.040000000000000036e+00 2.999935897431792176e-02
2.049999999999999822e+00 2.999935897431808482e-02
2.060000000000000053e+00 2.999935897431819237e-02
2.069999999999999840e+00 2.999935897431846299e-02
2.080000000000000071e+00 2.999935897432066609e-02
2.089999999999999858e+00 2.999935897431845605e-02
2.100000000000000089e+00 2.999935897431791829e-02
2.109999999999999876e+00 2.999935897431808829e-02
2.120000000000000107e+00 2.999935897431851850e-02
2.129999999999999893e+00 2.999935897432004159e-02
2.140000000000000124e+00 2.999935897431894177e-02
2.149999999999999911e+00 2.999935897431674214e-02
2.160000000000000142e+00 2.999935897431837972e-02
2.169999999999999929e+00 2.999935897431890708e-02
2.180000000000000160e+00 2.999935897431971199e-02
2.189999999999999947e+00 2.999935897431832421e-02
2.200000000000000178e+00 2.999935897431900769e-02
2.209999999999999964e+00 2.999935897431894871e-02
2.220000000000000195e+00 2.999935897431859483e-02
2.229999999999999982e+00 2.999935897431876136e-02
2.240000000000000213e+00 2.999935897431899035e-02
2.250000000000000000e+00 2.999935897431759216e-02
2.260000000000000231e+00 2.999935897431942750e-02
2.270000000000000018e+00 2.999935897431803278e-02
2.280000000000000249e+00 2.999935897431976750e-02
2.290000000000000036e+00 2.999935897431802584e-02
2.300000000000000266e+00 2.999935897431894177e-02
2.310000000000000053e+00 2.999935897431849768e-02
2.319999999999999840e+00 2.999935897431814380e-02
2.330000000000000071e+00 2.999935897431914300e-02
2.339999999999999858e+00 2.999935897431722093e-02
2.350000000000000089e+00 2.999935897431746379e-02
2.359999999999999876e+00 2.999935897431927137e-02
2.370000000000000107e+00 2.999935897431859136e-02
2.379999999999999893e+00 2.999935897431751930e-02
2.390000000000000124e+00 2.999935897431774134e-02
2.399999999999999911e+00 2.999935897431860871e-02
2.410000000000000142e+00 2.999935897431892790e-02
2.419999999999999929e+00 2.999935897431805359e-02
2.430000000000000160e+00 2.999935897431853238e-02
2.439999999999999947e+00 2.999935897431971199e-02
2.450000000000000178e+00 2.999935897431909443e-02
2.459999999999999964e+00 2.999935897431784543e-02
2.470000000000000195e+00 2.999935897431858789e-02
2.479999999999999982e+00 2.999935897431803278e-02
2.490000000000000213e+00 2.999935897431899381e-02
2.500000000000000000e+00 2.999935897431907361e-02
2.510000000000000231e+00 2.999935897431871973e-02
2.520000000000000018e+00 2.999935897431895565e-02
2.530000000000000249e+00 2.999935897432004506e-02
2.540000000000000036e+00 2.999935897431833115e-02
2.550000000000000266e+00 2.999935897431735971e-02
2.560000000000000053e+00 2.999935897431741175e-02
2.569999999999999840e+00 2.999935897431896259e-02
2.580000000000000071e+00 2.999935897431808829e-02
2.589999999999999858e+00 2.999935897431809870e-02
2.600000000000000089e+00 2.999935897431874401e-02
2.609999999999999876e+00 2.999935897431887238e-02
2.620000000000000107e+00 2.999935897431894177e-02
2.629999999999999893e+00 2.999935897431741175e-02
2.640000000000000124e+00 2.999935897431881687e-02
2.649999999999999911e+00 2.999935897431884116e-02
2.660000000000000142e+00 2.999935897431962872e-02
2.669999999999999929e+00 2.999935897431770665e-02
2.680000000000000160e+00 2.999935897431874054e-02
2.689999999999999947e+00 2.999935897431869197e-02
2.700000000000000178e+00 2.999935897432039200e-02
2.709999999999999964e+00 2.999935897431746032e-02
2.720000000000000195e+00 2.999935897431974322e-02
2.729999999999999982e+00 2.999935897431820625e-02
2.740000000000000213e+00 2.999935897431816809e-02
2.750000000000000000e+00 2.999935897431855666e-02
2.760000000000000231e+00 2.999935897431766849e-02
2.770000000000000018e+00 2.999935897431914994e-02
2.780000000000000249e+00 2.999935897431771359e-02
2.790000000000000036e+00 2.999935897431695725e-02
2.800000000000000266e+00 2.999935897431945872e-02
2.810000000000000053e+00 2.999935897431818196e-02
2.819999999999999840e+00 2.999935897431860871e-02
2.830000000000000071e+00 2.999935897431801890e-02
2.839999999999999858e+00 2.999935897431806053e-02
2.850000000000000089e+00 2.999935897431760604e-02
2.859999999999999876e+00 2.999935897431907361e-02
2.870000000000000107e+00 2.999935897431763379e-02
2.879999999999999893e+00 2.999935897431875789e-02
2.890000000000000124e+00 2.999935897431900422e-02
2.899999999999999911e+00 2.999935897431867809e-02
2.910000000000000142e+00 2.999935897431878912e-02
2.919999999999999929e+00 2.999935897431853932e-02
2.930000000000000160e+00 2.999935897431853932e-02
2.939999999999999947e+00 2.999935897431789400e-02
2.950000000000000178e+00 2.999935897431838666e-02
2.959999999999999964e+00 2.999935897431935811e-02
2.970000000000000195e+00 2.999935897431894871e-02
2.979999999999999982e+00 2.999935897431825135e-02
2.990000000000000213e+00 2.999935897431837278e-02
3.000000000000000000e+00 2.999935897431883769e-02
3.010000000000000231e+00 2.999935897431833462e-02
3.020000000000000018e+00 2.999935897431854626e-02
3.030000000000000249e+00 2.999935897431947260e-02
3.040000000000000036e+00 2.999935897432044404e-02
3.050000000000000266e+00 2.999935897431902504e-02
3.060000000000000053e+00 2.999935897431864687e-02
3.070000000000000284e+00 2.999935897431801890e-02
3.080000000000000071e+00 2.999935897431892096e-02
3.089999999999999858e+00 2.999935897431751236e-02
3.100000000000000089e+00 2.999935897431857401e-02
3.109999999999999876e+00 2.999935897431952464e-02
3.120000000000000107e+00 2.999935897431835891e-02
3.129999999999999893e+00 2.999935897431903892e-02
3.140000000000000124e+00 2.999935897432036425e-02
3.149999999999999911e+00 2.999935897431861911e-02
3.160000000000000142e+00 2.999935897431869197e-02
3.169999999999999929e+00 2.999935897431734930e-02
3.180000000000000160e+00 2.999935897431797033e-02
3.189999999999999947e+00 2.999935897431857401e-02
3.200000000000000178e+00 2.999935897431880300e-02
3.209999999999999964e+00 2.999935897431883769e-02
3.220000000000000195e+00 2.999935897431936158e-02
3.229999999999999982e+00 2.999935897431707521e-02
3.240000000000000213e+00 2.999935897431990628e-02
3.250000000000000000e+00 2.999935897431938586e-02
3.260000000000000231e+00 2.999935897431777604e-02
3.270000000000000018e+00 2.999935897431835544e-02
3.280000000000000249e+00 2.999935897431881687e-02
3.290000000000000036e+00 2.999935897431985771e-02
3.300000000000000266e+00 2.999935897431916382e-02
3.310000000000000053e+00 2.999935897431743950e-02
3.320000000000000284e+00 2.999935897431959403e-02
3.330000000000000071e+00 2.999935897431806053e-02
3.339999999999999858e+00 2.999935897431843523e-02
3.350000000000000089e+00 2.999935897431853932e-02
3.359999999999999876e+00 2.999935897431917076e-02
3.370000000000000107e+00 2.999935897431881687e-02
3.379999999999999893e+00 2.999935897431832074e-02
3.390000000000000124e+00 2.999935897431860177e-02
3.399999999999999911e+00 2.999935897431953852e-02
3.410000000000000142e+00 2.999935897431798074e-02
3.419999999999999929e+00 2.999935897431920198e-02
3.430000000000000160e+00 2.999935897431866422e-02
3.439999999999999947e+00 2.999935897431817503e-02
3.450000000000000178e+00 2.999935897431847687e-02
3.459999999999999964e+00 2.999935897431926790e-02
3.470000000000000195e+00 2.999935897431775522e-02
3.479999999999999982e+00 2.999935897431865034e-02
3.490000000000000213e+00 2.999935897431984383e-02
3.500000000000000000e+00 2.999935897431868850e-02
3.510000000000000231e+00 2.999935897431910484e-02
3.520000000000000018e+00 2.999935897431861564e-02
3.530000000000000249e+00 2.999935897431844217e-02
3.540000000000000036e+00 2.999935897431901810e-02
3.550000000000000266e+00 2.999935897431916035e-02
3.560000000000000053e+00 2.999935897431904586e-02
3.570000000000000284e+00 2.999935897431870585e-02
3.580000000000000071e+00 2.999935897431854973e-02
3.589999999999999858e+00 2.999935897431834503e-02
3.600000000000000089e+00 2.999935897431829299e-02
3.609999999999999876e+00 2.999935897431888626e-02
3.620000000000000107e+00 2.999935897431858789e-02
3.629999999999999893e+00 2.999935897431953158e-02
3.640000000000000124e+00 2.999935897431899728e-02
3.649999999999999911e+00 2.999935897431782461e-02
3.660000000000000142e+00 2.999935897431894871e-02
3.669999999999999929e+00 2.999935897431805706e-02
3.680000000000000160e+00 2.999935897431886545e-02
3.689999999999999947e+00 2.999935897431916382e-02
3.700000000000000178e+00 2.999935897431851156e-02
3.709999999999999964e+00 2.999935897431809176e-02
3.720000000000000195e+00 2.999935897431848381e-02
3.729999999999999982e+00 2.999935897431906667e-02
3.740000000000000213e+00 2.999935897431804666e-02
3.750000000000000000e+00 2.999935897431868850e-02
3.760000000000000231e+00 2.999935897431810217e-02
3.770000000000000018e+00 2.999935897431850462e-02
3.780000000000000249e+00 2.999935897431903892e-02
3.790000000000000036e+00 2.999935897431857054e-02
3.800000000000000266e+00 2.999935897431892443e-02
3.810000000000000053e+00 2.999935897431851156e-02
3.820000000000000284e+00 2.999935897431862258e-02
3.830000000000000071e+00 2.999935897431851156e-02
3.839999999999999858e+00 2.999935897431862952e-02
3.850000000000000089e+00 2.999935897431819931e-02
3.859999999999999876e+00 2.999935897431867116e-02
3.870000000000000107e+00 2.999935897431873014e-02
3.879999999999999893e+00 2.999935897431840401e-02
3.890000000000000124e+00 2.999935897431879606e-02
3.899999999999999911e+00 2.999935897431885157e-02
3.910000000000000142e+00 2.999935897431868503e-02
3.919999999999999929e+00 2.999935897431859483e-02
3.930000000000000160e+00 2.999935897431898341e-02
3.939999999999999947e+00 2.999935897431865728e-02
3.950000000000000178e+00 2.999935897431828952e-02
3.959999999999999964e+00 2.999935897431848381e-02
3.970000000000000195e+00 2.999935897431871626e-02
3.979999999999999982e+00 2.999935897431861218e-02
3.990000000000000213e+00 2.999935897431815768e-02
4.000000000000000000e+00 2.999935897431851503e-02
4.009999999999999787e+00 2.999935897431866422e-02
4.020000000000000462e+00 2.999935897431849768e-02
4.030000000000000249e+00 2.999935897431835544e-02
4.040000000000000036e+00 2.999935897431860871e-02
4.049999999999999822e+00 2.999935897431893136e-02
4.060000000000000497e+00 2.999935897431829646e-02
4.070000000000000284e+00 2.999935897431885504e-02
4.080000000000000071e+00 2.999935897431824094e-02
4.089999999999999858e+00 2.999935897431844217e-02
4.099999999999999645e+00 2.999935897431849074e-02
4.110000000000000320e+00 2.999935897431860177e-02
4.120000000000000107e+00 2.999935897431857054e-02
4.129999999999999893e+00 2.999935897431878912e-02
4.139999999999999680e+00 2.999935897431854973e-02
4.150000000000000355e+00 2.999935897431841789e-02
4.160000000000000142e+00 2.999935897431860871e-02
4.169999999999999929e+00 2.999935897431844911e-02
4.179999999999999716e+00 2.999935897431824788e-02
4.190000000000000391e+00 2.999935897431829646e-02
4.200000000000000178e+00 2.999935897431853238e-02
4.209999999999999964e+00 2.999935897431824094e-02
4.219999999999999751e+00 2.999935897431868503e-02
4.230000000000000426e+00 2.999935897431840748e-02
4.240000000000000213e+00 2.999935897431831033e-02
4.250000000000000000e+00 2.999935897431846299e-02
4.259999999999999787e+00 2.999935897431835544e-02
4.270000000000000462e+00 2.999935897431848381e-02
4.280000000000000249e+00 2.999935897431840054e-02
4.290000000000000036e+00 2.999935897431828952e-02
4.299999999999999822e+00 2.999935897431839360e-02
4.310000000000000497e+00 2.999935897431870585e-02
4.320000000000000284e+00 2.999935897431847687e-02
4.330000000000000071e+00 2.999935897431824788e-02
4.339999999999999858e+00 2.999935897431839013e-02
4.350000000000000533e+00 2.999935897431820625e-02
4.360000000000000320e+00 2.999935897431844564e-02
4.370000000000000107e+00 2.999935897431854626e-02
4.379999999999999893e+00 2.999935897431835891e-02
4.389999999999999680e+00 2.999935897431848034e-02
4.400000000000000355e+00 2.999935897431827564e-02
4.410000000000000142e+00 2.999935897431841095e-02
4.419999999999999929e+00 2.999935897431854973e-02
4.429999999999999716e+00 2.999935897431842483e-02
4.440000000000000391e+00 2.999935897431860177e-02
4.450000000000000178e+00 2.999935897431832768e-02
4.459999999999999964e+00 2.999935897431834850e-02
4.469999999999999751e+00 2.999935897431829993e-02
4.480000000000000426e+00 2.999935897431854973e-02
4.490000000000000213e+00 2.999935897431848728e-02
4.500000000000000000e+00 2.999935897431839013e-02
4.509999999999999787e+00 2.999935897431833809e-02
4.520000000000000462e+00 2.999935897431828605e-02
4.530000000000000249e+00 2.999935897431845605e-02
4.540000000000000036e+00 2.999935897431833462e-02
4.549999999999999822e+00 2.999935897431833115e-02
4.560000000000000497e+00 2.999935897431840748e-02
4.570000000000000284e+00 2.999935897431835891e-02
4.580000000000000071e+00 2.999935897431833115e-02
4.589999999999999858e+00 2.999935897431835544e-02
4.600000000000000533e+00 2.999935897431828952e-02
4.610000000000000320e+00 2.999935897431838319e-02
4.620000000000000107e+00 2.999935897431833809e-02
4.629999999999999893e+00 2.999935897431832768e-02
4.639999999999999680e+00 2.999935897431835891e-02
4.650000000000000355e+00 2.999935897431832421e-02
4.660000000000000142e+00 2.999935897431817156e-02
4.669999999999999929e+00 2.999935897431835197e-02
4.679999999999999716e+00 2.999935897431823054e-02
4.690000000000000391e+00 2.999935897431830339e-02
4.700000000000000178e+00 2.999935897431828952e-02
4.709999999999999964e+00 2.999935897431825829e-02
4.719999999999999751e+00 2.999935897431826523e-02
4.730000000000000426e+00 2.999935897431822360e-02
4.740000000000000213e+00 2.999935897431826176e-02
4.750000000000000000e+00 2.999935897431822360e-02
4.759999999999999787e+00 2.999935897431819584e-02
4.770000000000000462e+00 2.999935897431820972e-02
4.780000000000000249e+00 2.999935897431820972e-02
4.790000000000000036e+00 2.999935897431819584e-02
4.799999999999999822e+00 2.999935897431817849e-02
4.810000000000000497e+00 2.999935897431816115e-02
4.820000000000000284e+00 2.999935897431818196e-02
4.830000000000000071e+00 2.999935897431815074e-02
4.839999999999999858e+00 2.999935897431815421e-02
4.850000000000000533e+00 2.999935897431812992e-02
4.860000000000000320e+00 2.999935897431813339e-02
4.870000000000000107e+00 2.999935897431815768e-02
4.879999999999999893e+00 2.999935897431816462e-02
4.889999999999999680e+00 2.999935897431812645e-02
4.900000000000000355e+00 2.999935897431813686e-02
4.910000000000000142e+00 2.999935897431813339e-02
4.919999999999999929e+00 2.999935897431812992e-02
4.929999999999999716e+00 2.999935897431811951e-02
4.940000000000000391e+00 2.999935897431810911e-02
4.950000000000000178e+00 2.999935897431810217e-02
4.959999999999999964e+00 2.999935897431809176e-02
4.969999999999999751e+00 2.999935897431808135e-02
4.980000000000000426e+00 2.999935897431807441e-02
4.990000000000000213e+00 2.999935897431806747e-02
5.000000000000000000e+00 2.999935897431806747e-02
5.009999999999999787e+00 2.999935897431805706e-02
5.020000000000000462e+00 2.999935897431805706e-02
5.030000000000000249e+00 2.999935897431803625e-02
5.040000000000000036e+00 2.999935897431803278e-02
5.049999999999999822e+00 2.999935897431801543e-02
5.060000000000000497e+00 2.999935897431800502e-02
5.070000000000000284e+00 2.999935897431798767e-02
5.080000000000000071e+00 2.999935897431798421e-02
5.089999999999999858e+00 2.999935897431797033e-02
5.100000000000000533e+00 2.999935897431795645e-02
5.110000000000000320e+00 2.999935897431796339e-02
5.120000000000000107e+00 2.999935897431795992e-02
5.129999999999999893e+00 2.999935897431794951e-02
5.139999999999999680e+00 2.999935897431794257e-02
5.150000000000000355e+00 2.999935897431794604e-02
5.160000000000000142e+00 2.999935897431792522e-02
5.169999999999999929e+00 2.999935897431793563e-02
5.179999999999999716e+00 2.999935897431790094e-02
5.190000000000000391e+00 2.999935897431792522e-02
5.200000000000000178e+00 2.999935897431791482e-02
5.209999999999999964e+00 2.999935897431793910e-02
5.219999999999999751e+00 2.999935897431789747e-02
5.230000000000000426e+00 2.999935897431789747e-02
5.240000000000000213e+00 2.999935897431789747e-02
5.250000000000000000e+00 2.999935897431788012e-02
5.259999999999999787e+00 2.999935897431789747e-02
5.270000000000000462e+00 2.999935897431785584e-02
5.280000000000000249e+00 2.999935897431789400e-02
5.290000000000000036e+00 2.999935897431783155e-02
5.299999999999999822e+00 2.999935897431784890e-02
5.310000000000000497e+00 2.999935897431783502e-02
5.320000000000000284e+00 2.999935897431780379e-02
5.330000000000000071e+00 2.999935897431782114e-02
5.339999999999999858e+00 2.999935897431777604e-02
5.350000000000000533e+00 2.999935897431778298e-02
5.360000000000000320e+00 2.999935897431773787e-02
5.370000000000000107e+00 2.999935897431776910e-02
5.379999999999999893e+00 2.999935897431781767e-02
5.389999999999999680e+00 2.999935897431779339e-02
5.400000000000000355e+00 2.999935897431782808e-02
5.410000000000000142e+00 2.999935897431774828e-02
5.419999999999999929e+00 2.999935897431792176e-02
5.429999999999999716e+00 2.999935897431766502e-02
5.440000000000000391e+00 2.999935897431777257e-02
5.450000000000000178e+00 2.999935897431769624e-02
5.459999999999999964e+00 2.999935897431781420e-02
5.469999999999999751e+00 2.999935897431766849e-02
5.480000000000000426e+00 2.999935897431768583e-02
5.490000000000000213e+00 2.999935897431778298e-02
5.500000000000000000e+00 2.999935897431765461e-02
5.509999999999999787e+00 2.999935897431773094e-02
5.520000000000000462e+00 2.999935897431764420e-02
5.530000000000000249e+00 2.999935897431787318e-02
5.540000000000000036e+00 2.999935897431775869e-02
5.549999999999999822e+00 2.999935897431772053e-02
5.560000000000000497e+00 2.999935897431769624e-02
5.570000000000000284e+00 2.999935897431787318e-02
5.580000000000000071e+00 2.999935897431768930e-02
5.589999999999999858e+00 2.999935897431765461e-02
5.600000000000000533e+00 2.999935897431799461e-02
5.610000000000000320e+00 2.999935897431783849e-02
5.620000000000000107e+00 2.999935897431778298e-02
5.629999999999999893e+00 2.999935897431769277e-02
5.639999999999999680e+00 2.999935897431781767e-02
5.650000000000000355e+00 2.999935897431766849e-02
5.660000000000000142e+00 2.999935897431769971e-02
5.669999999999999929e+00 2.999935897431776910e-02
5.679999999999999716e+00 2.999935897431752624e-02
5.690000000000000391e+00 2.999935897431750542e-02
5.700000000000000178e+00 2.999935897431754359e-02
5.709999999999999964e+00 2.999935897431766155e-02
5.719999999999999751e+00 2.999935897431797033e-02
5.730000000000000426e+00 2.999935897431811604e-02
5.740000000000000213e+00 2.999935897431772053e-02
5.750000000000000000e+00 2.999935897431780032e-02
5.759999999999999787e+00 2.999935897431760257e-02
5.770000000000000462e+00 2.999935897431757481e-02
5.780000000000000249e+00 2.999935897431763726e-02
5.790000000000000036e+00 2.999935897431772053e-02
5.799999999999999822e+00 2.999935897431758175e-02
5.810000000000000497e+00 2.999935897431762338e-02
5.820000000000000284e+00 2.999935897431733889e-02
5.830000000000000071e+00 2.999935897431804319e-02
5.839999999999999858e+00 2.999935897431776216e-02
5.850000000000000533e+00 2.999935897431760604e-02
5.860000000000000320e+00 2.999935897431757481e-02
5.870000000000000107e+00 2.999935897431787318e-02
5.879999999999999893e+00 2.999935897431759216e-02
5.889999999999999680e+00 2.999935897431718970e-02
5.900000000000000355e+00 2.999935897431750542e-02
5.910000000000000142e+00 2.999935897431765114e-02
5.919999999999999929e+00 2.999935897431785931e-02
5.929999999999999716e+00 2.999935897431747767e-02
5.940000000000000391e+00 2.999935897431728338e-02
5.950000000000000178e+00 2.999935897431724868e-02
5.959999999999999964e+00 2.999935897431759910e-02
5.969999999999999751e+00 2.999935897431711684e-02
5.980000000000000426e+00 2.999935897431776910e-02
5.990000000000000213e+00 2.999935897431754012e-02
6.000000000000000000e+00 2.999935897431750195e-02
6.009999999999999787e+00 2.999935897431776216e-02
6.020000000000000462e+00 2.999935897431699888e-02
6.030000000000000249e+00 2.999935897431740481e-02
6.040000000000000036e+00 2.999935897431782808e-02
6.049999999999999822e+00 2.999935897431760257e-02
6.060000000000000497e+00 2.999935897431734930e-02
6.070000000000000284e+00 2.999935897431799114e-02
6.080000000000000071e+00 2.999935897431743950e-02
6.089999999999999858e+00 2.999935897431711684e-02
6.100000000000000533e+00 2.999935897431752971e-02
6.110000000000000320e+00 2.999935897431771359e-02
6.120000000000000107e+00 2.999935897431770665e-02
6.129999999999999893e+00 2.999935897431771359e-02
6.140000000000000568e+00 2.999935897431740828e-02
6.150000000000000355e+00 2.999935897431742909e-02
6.160000000000000142e+00 2.999935897431722093e-02
6.169999999999999929e+00 2.999935897431717929e-02
6.179999999999999716e+00 2.999935897431761644e-02
6.190000000000000391e+00 2.999935897431754012e-02
6.200000000000000178e+00 2.999935897431728338e-02
6.209999999999999964e+00 2.999935897431793216e-02
6.219999999999999751e+00 2.999935897431720705e-02
6.230000000000000426e+00 2.999935897431720011e-02
6.240000000000000213e+00 2.999935897431739440e-02
6.250000000000000000e+00 2.999935897431715154e-02
6.259999999999999787e+00 2.999935897431810217e-02
6.270000000000000462e+00 2.999935897431760604e-02
6.280000000000000249e+00 2.999935897431765808e-02
6.290000000000000036e+00 2.999935897431722787e-02
6.299999999999999822e+00 2.999935897431730072e-02
6.310000000000000497e+00 2.999935897431736317e-02
6.320000000000000284e+00 2.999935897431784543e-02
6.330000000000000071e+00 2.999935897431763726e-02
6.339999999999999858e+00 2.999935897431760951e-02
6.350000000000000533e+00 2.999935897431741175e-02
6.360000000000000320e+00 2.999935897431779339e-02
6.370000000000000107e+00 2.999935897431721746e-02
6.379999999999999893e+00 2.999935897431726256e-02
6.390000000000000568e+00 2.999935897431688092e-02
6.400000000000000355e+00 2.999935897431658949e-02
6.410000000000000142e+00 2.999935897431715154e-02
6.419999999999999929e+00 2.999935897431743603e-02
6.429999999999999716e+00 2.999935897431704052e-02
6.440000000000000391e+00 2.999935897431801890e-02
6.450000000000000178e+00 2.999935897431717235e-02
6.459999999999999964e+00 2.999935897431744297e-02
6.469999999999999751e+00 2.999935897431706480e-02
6.480000000000000426e+00 2.999935897431720011e-02
6.490000000000000213e+00 2.999935897431764767e-02
6.500000000000000000e+00 2.999935897431754706e-02
6.509999999999999787e+00 2.999935897431682194e-02
6.520000000000000462e+00 2.999935897431749154e-02
6.530000000000000249e+00 2.999935897431632928e-02
6.540000000000000036e+00 2.999935897431679765e-02
6.549999999999999822e+00 2.999935897431720705e-02
6.560000000000000497e+00 2.999935897431595805e-02
6.570000000000000284e+00 2.999935897431700582e-02
6.580000000000000071e+00 2.999935897431674908e-02
6.589999999999999858e+00 2.999935897431701970e-02
6.600000000000000533e+00 2.999935897431851156e-02
6.610000000000000320e+00 2.999935897431650275e-02
6.620000000000000107e+00 2.999935897431816115e-02
6.629999999999999893e+00 2.999935897431701623e-02
6.640000000000000568e+00 2.999935897431720011e-02
6.650000000000000355e+00 2.999935897431676643e-02
6.660000000000000142e+00 2.999935897431631887e-02
6.669999999999999929e+00 2.999935897431716195e-02
6.679999999999999716e+00 2.999935897431727644e-02
6.690000000000000391e+00 2.999935897431730072e-02
6.700000000000000178e+00 2.999935897431794604e-02
6.709999999999999964e+00 2.999935897431833809e-02
6.719999999999999751e+00 2.999935897431871279e-02
6.730000000000000426e+00 2.999935897431656173e-02
6.740000000000000213e+00 2.999935897431710644e-02
6.750000000000000000e+00 2.999935897431740134e-02
6.759999999999999787e+00 2.999935897431747767e-02
6.770000000000000462e+00 2.999935897431653745e-02
6.780000000000000249e+00 2.999935897431730072e-02
6.790000000000000036e+00 2.999935897431724174e-02
6.799999999999999822e+00 2.999935897431758175e-02
6.810000000000000497e+00 2.999935897431625642e-02
6.820000000000000284e+00 2.999935897431670745e-02
6.830000000000000071e+00 2.999935897431671439e-02
6.839999999999999858e+00 2.999935897431664847e-02
6.850000000000000533e+00 2.999935897431654092e-02
6.860000000000000320e+00 2.999935897431677684e-02
6.870000000000000107e+00 2.999935897431724521e-02
6.879999999999999893e+00 2.999935897431701970e-02
6.890000000000000568e+00 2.999935897431712378e-02
6.900000000000000355e+00 2.999935897431756440e-02
6.910000000000000142e+00 2.999935897431645071e-02
6.919999999999999929e+00 2.999935897431730072e-02
6.929999999999999716e+00 2.999935897431698500e-02
6.940000000000000391e+00 2.999935897431692949e-02
6.950000000000000178e+00 2.999935897431762338e-02
6.959999999999999964e+00 2.999935897431677337e-02
6.969999999999999751e+00 2.999935897431717582e-02
6.980000000000000426e+00 2.999935897431737705e-02
6.990000000000000213e+00 2.999935897431786624e-02
7.000000000000000000e+00 2.999935897431588172e-02
7.009999999999999787e+00 2.999935897431740481e-02
7.020000000000000462e+00 2.999935897431638132e-02
7.030000000000000249e+00 2.999935897431696766e-02
7.040000000000000036e+00 2.999935897431778992e-02
7.049999999999999822e+00 2.999935897431710990e-02
7.060000000000000497e+00 2.999935897431664500e-02
7.070000000000000284e+00 2.999935897431747767e-02
7.080000000000000071e+00 2.999935897431712378e-02
7.089999999999999858e+00 2.999935897431735277e-02
7.100000000000000533e+00 2.999935897431642295e-02
7.110000000000000320e+00 2.999935897431708562e-02
7.120000000000000107e+00 2.999935897431790441e-02
7.129999999999999893e+00 2.999935897431622173e-02
7.140000000000000568e+00 2.999935897431820972e-02
7.150000000000000355e+00 2.999935897431565274e-02
7.160000000000000142e+00 2.999935897431635010e-02
7.169999999999999929e+00 2.999935897431837278e-02
7.179999999999999716e+00 2.999935897431782461e-02
7.190000000000000391e+00 2.999935897431712378e-02
7.200000000000000178e+00 2.999935897431658949e-02
7.209999999999999964e+00 2.999935897431762685e-02
7.219999999999999751e+00 2.999935897431720358e-02
7.230000000000000426e+00 2.999935897431671092e-02
7.240000000000000213e+00 2.999935897431774134e-02
7.250000000000000000e+00 2.999935897431714460e-02
7.259999999999999787e+00 2.999935897431812298e-02
7.270000000000000462e+00 2.999935897431720358e-02
7.280000000000000249e+00 2.999935897431704399e-02
7.290000000000000036e+00 2.999935897431771706e-02
7.299999999999999822e+00 2.999935897431722440e-02
7.310000000000000497e+00 2.999935897431772400e-02
7.320000000000000284e+00 2.999935897431748114e-02
7.330000000000000071e+00 2.999935897431688786e-02
7.339999999999999858e+00 2.999935897431851156e-02
7.350000000000000533e+00 2.999935897431621132e-02
7.360000000000000320e+00 2.999935897431618009e-02
7.370000000000000107e+00 2.999935897431620091e-02
7.379999999999999893e+00 2.999935897431688092e-02
7.390000000000000568e+00 2.999935897431673520e-02
7.400000000000000355e+00 2.999935897431698847e-02
7.410000000000000142e+00 2.999935897431677337e-02
7.419999999999999929e+00 2.999935897431665194e-02
7.429999999999999716e+00 2.999935897431759563e-02
7.440000000000000391e+00 2.999935897431707174e-02
7.450000000000000178e+00 2.999935897431590948e-02
7.459999999999999964e+00 2.999935897431608295e-02
7.469999999999999751e+00 2.999935897431656173e-02
7.480000000000000426e+00 2.999935897431744297e-02
7.490000000000000213e+00 2.999935897431810911e-02
7.500000000000000000e+00 2.999935897431773441e-02
7.509999999999999787e+00 2.999935897431585397e-02
7.520000000000000462e+00 2.999935897431718623e-02
7.530000000000000249e+00 2.999935897431751930e-02
7.540000000000000036e+00 2.999935897431631540e-02
7.549999999999999822e+00 2.999935897431850115e-02
7.560000000000000497e+00 2.999935897431602050e-02
7.570000000000000284e+00 2.999935897431762338e-02
7.580000000000000071e+00 2.999935897431622867e-02
7.589999999999999858e+00 2.999935897431776910e-02
7.600000000000000533e+00 2.999935897431748461e-02
7.610000000000000320e+00 2.999935897431673520e-02
7.620000000000000107e+00 2.999935897431637438e-02
7.629999999999999893e+00 2.999935897431761644e-02
7.640000000000000568e+00 2.999935897431699194e-02
7.650000000000000355e+00 2.999935897431742216e-02
7.660000000000000142e+00 2.999935897431690174e-02
7.669999999999999929e+00 2.999935897431723480e-02
7.679999999999999716e+00 2.999935897431693990e-02
7.690000000000000391e+00 2.999935897431674908e-02
7.700000000000000178e+00 2.999935897431771359e-02
7.709999999999999964e+00 2.999935897431790788e-02
7.719999999999999751e+00 2.999935897431756093e-02
7.730000000000000426e+00 2.999935897431659990e-02
7.740000000000000213e+00 2.999935897431807094e-02
7.750000000000000000e+00 2.999935897431548620e-02
7.759999999999999787e+00 2.999935897431615234e-02
7.770000000000000462e+00 2.999935897431840748e-02
7.780000000000000249e+00 2.999935897431589560e-02
7.790000000000000036e+00 2.999935897431694337e-02
7.799999999999999822e+00 2.999935897431731113e-02
7.810000000000000497e+00 2.999935897431729726e-02
7.820000000000000284e+00 2.999935897431665194e-02
7.830000000000000071e+00 2.999935897431675602e-02
7.839999999999999858e+00 2.999935897431664500e-02
7.850000000000000533e+00 2.999935897431670051e-02
7.860000000000000320e+00 2.999935897431617315e-02
7.870000000000000107e+00 2.999935897431561457e-02
7.879999999999999893e+00 2.999935897431599274e-02
7.890000000000000568e+00 2.999935897431629805e-02
7.900000000000000355e+00 2.999935897431842483e-02
7.910000000000000142e+00 2.999935897431744991e-02
7.919999999999999929e+00 2.999935897431803972e-02
7.930000000000000604e+00 2.999935897431731460e-02
7.940000000000000391e+00 2.999935897431713766e-02
7.950000000000000178e+00 2.999935897431601009e-02
7.959999999999999964e+00 2.999935897431643683e-02
7.969999999999999751e+00 2.999935897431655479e-02
7.980000000000000426e+00 2.999935897431723480e-02
7.990000000000000213e+00 2.999935897431817156e-02
8.000000000000000000e+00 2.999935897431730419e-02
8.009999999999999787e+00 2.999935897431584009e-02
8.019999999999999574e+00 2.999935897431698847e-02
8.029999999999999361e+00 2.999935897431513232e-02
8.040000000000000924e+00 2.999935897431632581e-02
8.050000000000000711e+00 2.999935897431663806e-02
8.060000000000000497e+00 2.999935897431665888e-02
8.070000000000000284e+00 2.999935897431550008e-02
8.080000000000000071e+00 2.999935897431669357e-02
8.089999999999999858e+00 2.999935897431763032e-02
8.099999999999999645e+00 2.999935897431515661e-02
8.109999999999999432e+00 2.999935897431726256e-02
8.120000000000000995e+00 2.999935897431655132e-02
8.130000000000000782e+00 2.999935897431558335e-02
8.140000000000000568e+00 2.999935897431669010e-02
8.150000000000000355e+00 2.999935897431505252e-02
8.160000000000000142e+00 2.999935897431738052e-02
8.169999999999999929e+00 2.999935897431749848e-02
8.179999999999999716e+00 2.999935897431871973e-02
8.189999999999999503e+00 2.999935897431711684e-02
8.199999999999999289e+00 2.999935897431525722e-02
8.210000000000000853e+00 2.999935897431593723e-02
8.220000000000000639e+00 2.999935897431649928e-02
8.230000000000000426e+00 2.999935897431824788e-02
8.240000000000000213e+00 2.999935897431525375e-02
8.250000000000000000e+00 2.999935897431595458e-02
8.259999999999999787e+00 2.999935897431607601e-02
8.269999999999999574e+00 2.999935897431686010e-02
8.279999999999999361e+00 2.999935897431825482e-02
8.290000000000000924e+00 2.999935897431768236e-02
8.300000000000000711e+00 2.999935897431808135e-02
8.310000000000000497e+00 2.999935897431571172e-02
8.320000000000000284e+00 2.999935897431894177e-02
8.330000000000000071e+00 2.999935897431626683e-02
8.339999999999999858e+00 2.999935897431653051e-02
8.349999999999999645e+00 2.999935897431493803e-02
8.359999999999999432e+00 2.999935897431714460e-02
8.370000000000000995e+00 2.999935897431749501e-02
8.380000000000000782e+00 2.999935897431647153e-02
8.390000000000000568e+00 2.999935897431701276e-02
8.400000000000000355e+00 2.999935897431699194e-02
8.410000000000000142e+00 2.999935897431689480e-02
8.419999999999999929e+00 2.999935897431676990e-02
8.429999999999999716e+00 2.999935897431763032e-02
8.439999999999999503e+00 2.999935897431721399e-02
8.449999999999999289e+00 2.999935897431585397e-02
8.460000000000000853e+00 2.999935897431784543e-02
8.470000000000000639e+00 2.999935897431620785e-02
8.480000000000000426e+00 2.999935897431556253e-02
8.490000000000000213e+00 2.999935897431631193e-02
8.500000000000000000e+00 2.999935897431674908e-02
8.509999999999999787e+00 2.999935897431702317e-02
8.519999999999999574e+00 2.999935897431740828e-02
8.529999999999999361e+00 2.999935897431682888e-02
8.540000000000000924e+00 2.999935897431545151e-02
8.550000000000000711e+00 2.999935897431688786e-02
8.560000000000000497e+00 2.999935897431844217e-02
8.570000000000000284e+00 2.999935897431747767e-02
8.580000000000000071e+00 2.999935897431808829e-02
8.589999999999999858e+00 2.999935897431572213e-02
8.599999999999999645e+00 2.999935897431680112e-02
8.609999999999999432e+00 2.999935897431622520e-02
8.620000000000000995e+00 2.999935897431719664e-02
8.630000000000000782e+00 2.999935897431721746e-02
8.640000000000000568e+00 2.999935897431809523e-02
8.650000000000000355e+00 2.999935897431624254e-02
8.660000000000000142e+00 2.999935897431528498e-02
8.669999999999999929e+00 2.999935897431523640e-02
8.679999999999999716e+00 2.999935897431747073e-02
8.689999999999999503e+00 2.999935897431510456e-02
8.700000000000001066e+00 2.999935897431797727e-02
8.710000000000000853e+00 2.999935897431718623e-02
8.720000000000000639e+00 2.999935897431700235e-02
8.730000000000000426e+00 2.999935897431652704e-02
8.740000000000000213e+00 2.999935897431588172e-02
8.750000000000000000e+00 2.999935897431803972e-02
8.759999999999999787e+00 2.999935897431713072e-02
8.769999999999999574e+00 2.999935897431683235e-02
8.779999999999999361e+00 2.999935897431848381e-02
8.790000000000000924e+00 2.999935897431453558e-02
8.800000000000000711e+00 2.999935897431618009e-02
8.810000000000000497e+00 2.999935897431817156e-02
8.820000000000000284e+00 2.999935897431565274e-02
8.830000000000000071e+00 2.999935897431762685e-02
8.839999999999999858e+00 2.999935897431746379e-02
8.849999999999999645e+00 2.999935897431652010e-02
8.859999999999999432e+00 2.999935897431744297e-02
8.870000000000000995e+00 2.999935897431849421e-02
8.880000000000000782e+00 2.999935897431593723e-02
8.890000000000000568e+00 2.999935897431724868e-02
8.900000000000000355e+00 2.999935897431848034e-02
8.910000000000000142e+00 2.999935897431694337e-02
8.919999999999999929e+00 2.999935897431794257e-02
8.929999999999999716e+00 2.999935897431631193e-02
8.939999999999999503e+00 2.999935897431608989e-02
8.950000000000001066e+00 2.999935897431665194e-02
8.960000000000000853e+00 2.999935897431553825e-02
8.970000000000000639e+00 2.999935897431732154e-02
8.980000000000000426e+00 2.999935897431692949e-02
8.990000000000000213e+00 2.999935897431783155e-02
9.000000000000000000e+00 2.999935897431536477e-02
9.009999999999999787e+00 2.999935897431633622e-02
9.019999999999999574e+00 2.999935897431671786e-02
9.029999999999999361e+00 2.999935897431764420e-02
9.040000000000000924e+00 2.999935897431627724e-02
9.050000000000000711e+00 2.999935897431520518e-02
9.060000000000000497e+00 2.999935897431878218e-02
9.070000000000000284e+00 2.999935897431835544e-02
9.080000000000000071e+00 2.999935897431574641e-02
9.089999999999999858e+00 2.999935897431657214e-02
9.099999999999999645e+00 2.999935897431408802e-02
9.109999999999999432e+00 2.999935897431863299e-02
9.120000000000000995e+00 2.999935897431686010e-02
9.130000000000000782e+00 2.999935897431629458e-02
9.140000000000000568e+00 2.999935897431652010e-02
9.150000000000000355e+00 2.999935897431825482e-02
9.160000000000000142e+00 2.999935897431575335e-02
9.169999999999999929e+00 2.999935897431845605e-02
9.179999999999999716e+00 2.999935897431571172e-02
9.189999999999999503e+00 2.999935897431496579e-02
9.200000000000001066e+00 2.999935897431526416e-02
9.210000000000000853e+00 2.999935897431490334e-02
9.220000000000000639e+00 2.999935897431690174e-02
9.230000000000000426e+00 2.999935897431854626e-02
9.240000000000000213e+00 2.999935897431616275e-02
9.250000000000000000e+00 2.999935897431321719e-02
9.259999999999999787e+00 2.999935897431191614e-02
9.269999999999999574e+00 2.999935897431589907e-02
9.279999999999999361e+00 2.999935897431675602e-02
9.290000000000000924e+00 2.999935897431606560e-02
9.300000000000000711e+00 2.999935897431750195e-02
9.310000000000000497e+00 2.999935897431951076e-02
9.320000000000000284e+00 2.999935897431946566e-02
9.330000000000000071e+00 2.999935897431654785e-02
9.339999999999999858e+00 2.999935897431759563e-02
9.349999999999999645e+00 2.999935897431495191e-02
9.359999999999999432e+00 2.999935897431706480e-02
9.370000000000000995e+00 2.999935897431873361e-02
9.380000000000000782e+00 2.999935897431672827e-02
9.390000000000000568e+00 2.999935897431474374e-02
9.400000000000000355e+00 2.999935897431703011e-02
9.410000000000000142e+00 2.999935897431611070e-02
9.419999999999999929e+00 2.999935897431731807e-02
9.429999999999999716e+00 2.999935897431819584e-02
9.439999999999999503e+00 2.999935897431904586e-02
9.450000000000001066e+00 2.999935897431580192e-02
9.460000000000000853e+00 2.999935897431973975e-02
9.470000000000000639e+00 2.999935897431929913e-02
9.480000000000000426e+00 2.999935897431756093e-02
9.490000000000000213e+00 2.999935897431433435e-02
9.500000000000000000e+00 2.999935897431793910e-02
9.509999999999999787e+00 2.999935897431749848e-02
9.519999999999999574e+00 2.999935897431756440e-02
9.529999999999999361e+00 2.999935897431742216e-02
9.540000000000000924e+00 2.999935897431859483e-02
9.550000000000000711e+00 2.999935897432016302e-02
9.560000000000000497e+00 2.999935897431361964e-02
9.570000000000000284e+00 2.999935897431661030e-02
9.580000000000000071e+00 2.999935897431661724e-02
9.589999999999999858e+00 2.999935897431615234e-02
9.599999999999999645e+00 2.999935897431572907e-02
9.609999999999999432e+00 2.999935897431664153e-02
9.620000000000000995e+00 2.999935897431595111e-02
9.630000000000000782e+00 2.999935897431744297e-02
9.640000000000000568e+00 2.999935897431668316e-02
9.650000000000000355e+00 2.999935897431868503e-02
9.660000000000000142e+00 2.999935897431896953e-02
9.669999999999999929e+00 2.999935897431887932e-02
9.679999999999999716e+00 2.999935897431706480e-02
9.689999999999999503e+00 2.999935897431725909e-02
9.700000000000001066e+00 2.999935897431720011e-02
9.710000000000000853e+00 2.999935897431552437e-02
9.720000000000000639e+00 2.999935897431683235e-02
9.730000000000000426e+00 2.999935897431689480e-02
9.740000000000000213e+00 2.999935897431770665e-02
9.750000000000000000e+00 2.999935897431469517e-02
9.759999999999999787e+00 2.999935897431568743e-02
9.769999999999999574e+00 2.999935897431002182e-02
9.779999999999999361e+00 2.999935897431659990e-02
9.790000000000000924e+00 2.999935897431685317e-02
9.800000000000000711e+00 2.999935897431782461e-02
9.810000000000000497e+00 2.999935897431868850e-02
9.820000000000000284e+00 2.999935897431993750e-02
9.830000000000000071e+00 2.999935897432105120e-02
9.839999999999999858e+00 2.999935897431775522e-02
9.849999999999999645e+00 2.999935897431653745e-02
9.859999999999999432e+00 2.999935897431638132e-02
9.870000000000000995e+00 2.999935897431415047e-02
9.880000000000000782e+00 2.999935897431795992e-02
9.890000000000000568e+00 2.999935897431758175e-02
9.900000000000000355e+00 2.999935897431815768e-02
9.910000000000000142e+00 2.999935897431615234e-02
9.919999999999999929e+00 2.999935897431377924e-02
9.929999999999999716e+00 2.999935897431777604e-02
9.939999999999999503e+00 2.999935897431578805e-02
9.950000000000001066e+00 2.999935897431719664e-02
9.960000000000000853e+00 2.999935897431840054e-02
9.970000000000000639e+00 2.999935897431567355e-02
