0.000000000000000000e+00 4.683665978630183746e-01
1.000000000000000021e-02 4.683665978820672482e-01
2.000000000000000042e-02 4.683665978447820732e-01
2.999999999999999889e-02 4.683665978545951125e-01
4.000000000000000083e-02 4.683665978094664339e-01
5.000000000000000278e-02 4.683665978109396999e-01
5.999999999999999778e-02 4.683665977599275054e-01
7.000000000000000666e-02 4.683665977546243586e-01
8.000000000000000167e-02 4.683665977002214875e-01
8.999999999999999667e-02 4.683665976899903383e-01
1.000000000000000056e-01 4.683665976341274129e-01
1.100000000000000006e-01 4.683665976213732263e-01
1.199999999999999956e-01 4.683665975675408433e-01
1.300000000000000044e-01 4.683665975542793403e-01
1.400000000000000133e-01 4.683665975052781483e-01
1.499999999999999944e-01 4.683665974938709953e-01
1.600000000000000033e-01 4.683665974513969710e-01
1.700000000000000122e-01 4.683665974435038404e-01
1.799999999999999933e-01 4.683665974100257312e-01
1.900000000000000022e-01 4.683665974064942228e-01
2.000000000000000111e-01 4.683665973821550255e-01
2.099999999999999922e-01 4.683665973835811069e-01
2.200000000000000011e-01 4.683665973695670393e-01
2.300000000000000100e-01 4.683665973752594303e-01
2.399999999999999911e-01 4.683665973706359065e-01
2.500000000000000000e-01 4.683665973794834958e-01
2.600000000000000089e-01 4.683665973827075280e-01
2.700000000000000178e-01 4.683665973927807480e-01
2.800000000000000266e-01 4.683665974019111111e-01
2.899999999999999800e-01 4.683665974104451735e-01
2.999999999999999889e-01 4.683665974217682271e-01
3.099999999999999978e-01 4.683665974258112707e-01
3.200000000000000067e-01 4.683665974363609985e-01
3.300000000000000155e-01 4.683665974325017523e-01
3.400000000000000244e-01 4.683665974380770147e-01
3.500000000000000333e-01 4.683665974223229500e-01
3.599999999999999867e-01 4.683665974200578730e-01
3.699999999999999956e-01 4.683665973896384283e-01
3.800000000000000044e-01 4.683665973763413426e-01
3.900000000000000133e-01 4.683665973287450823e-01
4.000000000000000222e-01 4.683665973009633610e-01
4.100000000000000311e-01 4.683665972322515469e-01
4.199999999999999845e-01 4.683665971882195467e-01
4.299999999999999933e-01 4.683665971010912976e-01
4.400000000000000022e-01 4.683665970418096625e-01
4.500000000000000111e-01 4.683665969335537582e-01
4.600000000000000200e-01 4.683665968573709204e-01
4.700000000000000289e-01 4.683665967307688582e-01
4.799999999999999822e-01 4.683665966393903424e-01
4.899999999999999911e-01 4.683665964968724560e-01
5.000000000000000000e-01 4.683665963941637811e-01
5.100000000000000089e-01 4.683665962364688129e-01
5.200000000000000178e-01 4.683665961241054720e-01
5.300000000000000266e-01 4.683665959598876660e-01
5.400000000000000355e-01 4.683665958412069341e-01
5.500000000000000444e-01 4.683665956766535632e-01
5.600000000000000533e-01 4.683665955603584785e-01
5.700000000000000622e-01 4.683665953985731156e-01
5.799999999999999600e-01 4.683665952900780138e-01
5.899999999999999689e-01 4.683665951381636439e-01
5.999999999999999778e-01 4.683665950401085798e-01
6.099999999999999867e-01 4.683665949063028910e-01
6.199999999999999956e-01 4.683665948250806954e-01
6.300000000000000044e-01 4.683665947169575738e-01
6.400000000000000133e-01 4.683665946569590677e-01
6.500000000000000222e-01 4.683665945733781477e-01
6.600000000000000311e-01 4.683665945339725023e-01
6.700000000000000400e-01 4.683665944787221980e-01
6.800000000000000488e-01 4.683665944803660497e-01
6.900000000000000577e-01 4.683665944597394937e-01
7.000000000000000666e-01 4.683665944847599238e-01
7.099999999999999645e-01 4.683665945006200149e-01
7.199999999999999734e-01 4.683665945469436265e-01
7.299999999999999822e-01 4.683665945975452050e-01
7.399999999999999911e-01 4.683665946787455292e-01
7.500000000000000000e-01 4.683665947643064209e-01
7.600000000000000089e-01 4.683665948772633425e-01
7.700000000000000178e-01 4.683665949901828496e-01
7.800000000000000266e-01 4.683665951311632436e-01
7.900000000000000355e-01 4.683665952709841207e-01
8.000000000000000444e-01 4.683665954286398425e-01
8.100000000000000533e-01 4.683665955887960086e-01
8.200000000000000622e-01 4.683665957625586795e-01
8.300000000000000711e-01 4.683665959444476834e-01
8.399999999999999689e-01 4.683665961197452932e-01
8.499999999999999778e-01 4.683665963203334504e-01
8.599999999999999867e-01 4.683665965130354158e-01
8.699999999999999956e-01 4.683665967296231636e-01
8.800000000000000044e-01 4.683665969352979186e-01
8.900000000000000133e-01 4.683665971655024962e-01
9.000000000000000222e-01 4.683665973675279481e-01
9.100000000000000311e-01 4.683665975872415843e-01
9.200000000000000400e-01 4.683665977855038798e-01
9.300000000000000488e-01 4.683665980394063899e-01
9.400000000000000577e-01 4.683665982470682776e-01
9.500000000000000666e-01 4.683665985000503573e-01
9.599999999999999645e-01 4.683665987007565867e-01
9.699999999999999734e-01 4.683665989983932798e-01
9.799999999999999822e-01 4.683665992473851070e-01
9.899999999999999911e-01 4.683665995500449486e-01
1.000000000000000000e+00 4.683665998221447913e-01
1.010000000000000009e+00 4.683666001560476966e-01
1.020000000000000018e+00 4.683666004397159521e-01
1.030000000000000027e+00 4.683666008121428193e-01
1.040000000000000036e+00 4.683666011628010439e-01
1.050000000000000044e+00 4.683666015928202309e-01
1.060000000000000053e+00 4.683666019614438070e-01
1.070000000000000062e+00 4.683666024496083158e-01
1.080000000000000071e+00 4.683666029073408343e-01
1.090000000000000080e+00 4.683666034458174865e-01
1.100000000000000089e+00 4.683666039351952470e-01
1.110000000000000098e+00 4.683666045417466672e-01
1.120000000000000107e+00 4.683666051150204290e-01
1.130000000000000115e+00 4.683666057671220795e-01
1.140000000000000124e+00 4.683666063866744333e-01
1.150000000000000133e+00 4.683666071076964532e-01
1.159999999999999920e+00 4.683666077789353510e-01
1.169999999999999929e+00 4.683666085410181923e-01
1.179999999999999938e+00 4.683666092741808340e-01
1.189999999999999947e+00 4.683666101258591175e-01
1.199999999999999956e+00 4.683666109429667213e-01
1.209999999999999964e+00 4.683666118207588380e-01
1.219999999999999973e+00 4.683666127023158321e-01
1.229999999999999982e+00 4.683666136712999473e-01
1.239999999999999991e+00 4.683666145927372071e-01
1.250000000000000000e+00 4.683666155673154030e-01
1.260000000000000009e+00 4.683666164891963635e-01
1.270000000000000018e+00 4.683666174727877385e-01
1.280000000000000027e+00 4.683666184374691843e-01
1.290000000000000036e+00 4.683666194315478926e-01
1.300000000000000044e+00 4.683666204071377792e-01
1.310000000000000053e+00 4.683666214704288455e-01
1.320000000000000062e+00 4.683666224675030465e-01
1.330000000000000071e+00 4.683666234331016476e-01
1.340000000000000080e+00 4.683666243905021398e-01
1.350000000000000089e+00 4.683666253817522773e-01
1.360000000000000098e+00 4.683666263895145954e-01
1.370000000000000107e+00 4.683666273774722000e-01
1.380000000000000115e+00 4.683666282798256142e-01
1.390000000000000124e+00 4.683666292297727352e-01
1.400000000000000133e+00 4.683666300936588645e-01
1.409999999999999920e+00 4.683666309943941841e-01
1.419999999999999929e+00 4.683666318261809902e-01
1.429999999999999938e+00 4.683666327413290587e-01
1.439999999999999947e+00 4.683666336590022738e-01
1.449999999999999956e+00 4.683666345083471461e-01
1.459999999999999964e+00 4.683666353457149323e-01
1.469999999999999973e+00 4.683666362967159325e-01
1.479999999999999982e+00 4.683666373136815553e-01
1.489999999999999991e+00 4.683666382425175634e-01
1.500000000000000000e+00 4.683666392380543275e-01
1.510000000000000009e+00 4.683666401132619006e-01
1.520000000000000018e+00 4.683666410219357590e-01
1.530000000000000027e+00 4.683666419593437991e-01
1.540000000000000036e+00 4.683666429327665304e-01
1.550000000000000044e+00 4.683666437300230689e-01
1.560000000000000053e+00 4.683666446349796231e-01
1.570000000000000062e+00 4.683666455738534351e-01
1.580000000000000071e+00 4.683666466113695082e-01
1.590000000000000080e+00 4.683666475808249685e-01
1.600000000000000089e+00 4.683666486939550011e-01
1.610000000000000098e+00 4.683666496997117012e-01
1.620000000000000107e+00 4.683666508769522840e-01
1.630000000000000115e+00 4.683666520294867408e-01
1.640000000000000124e+00 4.683666531768109209e-01
1.650000000000000133e+00 4.683666543106769775e-01
1.660000000000000142e+00 4.683666555175779456e-01
1.669999999999999929e+00 4.683666567012046977e-01
1.679999999999999938e+00 4.683666580288368686e-01
1.689999999999999947e+00 4.683666593086201480e-01
1.699999999999999956e+00 4.683666606792291631e-01
1.709999999999999964e+00 4.683666620452204832e-01
1.719999999999999973e+00 4.683666634246088090e-01
1.729999999999999982e+00 4.683666648031000190e-01
1.739999999999999991e+00 4.683666662592499974e-01
1.750000000000000000e+00 4.683666675749789121e-01
1.760000000000000009e+00 4.683666691702660922e-01
1.770000000000000018e+00 4.683666706853157891e-01
1.780000000000000027e+00 4.683666723216846628e-01
1.790000000000000036e+00 4.683666736744785952e-01
1.800000000000000044e+00 4.683666752890870977e-01
1.810000000000000053e+00 4.683666768332727659e-01
1.820000000000000062e+00 4.683666786167490770e-01
1.830000000000000071e+00 4.683666802427641218e-01
1.840000000000000080e+00 4.683666820480345550e-01
1.850000000000000089e+00 4.683666838113654807e-01
1.860000000000000098e+00 4.683666855781548621e-01
1.870000000000000107e+00 4.683666873420418431e-01
1.880000000000000115e+00 4.683666893442698931e-01
1.890000000000000124e+00 4.683666912291379325e-01
1.900000000000000133e+00 4.683666931910893672e-01
1.910000000000000142e+00 4.683666950769495019e-01
1.919999999999999929e+00 4.683666969982417383e-01
1.929999999999999938e+00 4.683666989551493187e-01
1.939999999999999947e+00 4.683667008872292037e-01
1.949999999999999956e+00 4.683667030179863300e-01
1.959999999999999964e+00 4.683667051207450194e-01
1.969999999999999973e+00 4.683667072281432198e-01
1.979999999999999982e+00 4.683667093198668474e-01
1.989999999999999991e+00 4.683667112966881652e-01
2.000000000000000000e+00 4.683667133933598903e-01
2.010000000000000231e+00 4.683667156752799321e-01
2.020000000000000018e+00 4.683667178828000432e-01
2.030000000000000249e+00 4.683667201455761764e-01
2.040000000000000036e+00 4.683667225108728016e-01
2.049999999999999822e+00 4.683667246794547268e-01
2.060000000000000053e+00 4.683667269945694378e-01
2.069999999999999840e+00 4.683667293577662982e-01
2.080000000000000071e+00 4.683667316860936625e-01
2.089999999999999858e+00 4.683667339749191805e-01
2.100000000000000089e+00 4.683667362472046514e-01
2.109999999999999876e+00 4.683667385975325836e-01
2.120000000000000107e+00 4.683667411727037155e-01
2.129999999999999893e+00 4.683667435775728527e-01
2.140000000000000124e+00 4.683667459032391234e-01
2.149999999999999911e+00 4.683667483466834591e-01
2.160000000000000142e+00 4.683667511500319569e-01
2.169999999999999929e+00 4.683667537455766250e-01
2.180000000000000160e+00 4.683667561597678053e-01
2.189999999999999947e+00 4.683667587133867327e-01
2.200000000000000178e+00 4.683667616383847543e-01
2.209999999999999964e+00 4.683667643492081534e-01
2.220000000000000195e+00 4.683667670306250752e-01
2.229999999999999982e+00 4.683667697791851214e-01
2.240000000000000213e+00 4.683667724294908186e-01
2.250000000000000000e+00 4.683667752292389741e-01
2.260000000000000231e+00 4.683667785623795154e-01
2.270000000000000018e+00 4.683667817474882478e-01
2.280000000000000249e+00 4.683667847902054926e-01
2.290000000000000036e+00 4.683667879453008442e-01
2.300000000000000266e+00 4.683667915398457282e-01
2.310000000000000053e+00 4.683667951098263726e-01
2.319999999999999840e+00 4.683667983557337489e-01
2.330000000000000071e+00 4.683668021745149290e-01
2.339999999999999858e+00 4.683668054808614589e-01
2.350000000000000089e+00 4.683668090863727373e-01
2.359999999999999876e+00 4.683668126083622152e-01
2.370000000000000107e+00 4.683668163509917548e-01
2.379999999999999893e+00 4.683668204108104582e-01
2.390000000000000124e+00 4.683668243586393554e-01
2.399999999999999911e+00 4.683668284948007687e-01
2.410000000000000142e+00 4.683668328808511250e-01
2.419999999999999929e+00 4.683668370779691115e-01
2.430000000000000160e+00 4.683668416087438668e-01
2.439999999999999947e+00 4.683668461975302177e-01
2.450000000000000178e+00 4.683668507055321339e-01
2.459999999999999964e+00 4.683668553748959740e-01
2.470000000000000195e+00 4.683668602616717913e-01
2.479999999999999982e+00 4.683668657964870086e-01
2.490000000000000213e+00 4.683668707206478654e-01
2.500000000000000000e+00 4.683668757845164121e-01
2.510000000000000231e+00 4.683668806839892396e-01
2.520000000000000018e+00 4.683668860349853302e-01
2.530000000000000249e+00 4.683668913729304717e-01
2.540000000000000036e+00 4.683668968618773798e-01
2.550000000000000266e+00 4.683669024566344263e-01
2.560000000000000053e+00 4.683669085504086338e-01
2.569999999999999840e+00 4.683669143278091362e-01
2.580000000000000071e+00 4.683669206169203680e-01
2.589999999999999858e+00 4.683669265304029050e-01
2.600000000000000089e+00 4.683669329081558974e-01
2.609999999999999876e+00 4.683669388614007389e-01
2.620000000000000107e+00 4.683669451969693087e-01
2.629999999999999893e+00 4.683669514970056902e-01
2.640000000000000124e+00 4.683669580042605363e-01
2.649999999999999911e+00 4.683669639695011711e-01
2.660000000000000142e+00 4.683669705090804936e-01
2.669999999999999929e+00 4.683669771495888035e-01
2.680000000000000160e+00 4.683669839105177868e-01
2.689999999999999947e+00 4.683669906667058958e-01
2.700000000000000178e+00 4.683669974505673128e-01
2.709999999999999964e+00 4.683670036513671309e-01
2.720000000000000195e+00 4.683670106355241058e-01
2.729999999999999982e+00 4.683670171739710564e-01
2.740000000000000213e+00 4.683670240910264848e-01
2.750000000000000000e+00 4.683670306982024023e-01
2.760000000000000231e+00 4.683670370904763902e-01
2.770000000000000018e+00 4.683670439215965042e-01
2.780000000000000249e+00 4.683670501026126476e-01
2.790000000000000036e+00 4.683670572254587938e-01
2.800000000000000266e+00 4.683670640556471532e-01
2.810000000000000053e+00 4.683670706829666797e-01
2.819999999999999840e+00 4.683670779340119994e-01
2.830000000000000071e+00 4.683670848217764693e-01
2.839999999999999858e+00 4.683670915647585864e-01
2.850000000000000089e+00 4.683670982768122770e-01
2.859999999999999876e+00 4.683671053018444996e-01
2.870000000000000107e+00 4.683671120721027425e-01
2.879999999999999893e+00 4.683671193658067167e-01
2.890000000000000124e+00 4.683671261330333846e-01
2.899999999999999911e+00 4.683671332186933323e-01
2.910000000000000142e+00 4.683671396818100408e-01
2.919999999999999929e+00 4.683671466622417734e-01
2.930000000000000160e+00 4.683671538124001277e-01
2.939999999999999947e+00 4.683671605008168926e-01
2.950000000000000178e+00 4.683671673980571715e-01
2.959999999999999964e+00 4.683671740232185354e-01
2.970000000000000195e+00 4.683671811572229782e-01
2.979999999999999982e+00 4.683671873676299446e-01
2.990000000000000213e+00 4.683671945436867490e-01
3.000000000000000000e+00 4.683672011322454476e-01
3.010000000000000231e+00 4.683672073935684077e-01
3.020000000000000018e+00 4.683672144090416656e-01
3.030000000000000249e+00 4.683672212169197047e-01
3.040000000000000036e+00 4.683672281198622556e-01
3.050000000000000266e+00 4.683672352623473589e-01
3.060000000000000053e+00 4.683672417318392456e-01
3.070000000000000284e+00 4.683672491583791841e-01
3.080000000000000071e+00 4.683672557405683112e-01
3.089999999999999858e+00 4.683672625817326129e-01
3.100000000000000089e+00 4.683672704454323044e-01
3.109999999999999876e+00 4.683672770486444481e-01
3.120000000000000107e+00 4.683672846868798811e-01
3.129999999999999893e+00 4.683672915521813196e-01
3.140000000000000124e+00 4.683672987576276148e-01
3.149999999999999911e+00 4.683673060228352170e-01
3.160000000000000142e+00 4.683673136715071350e-01
3.169999999999999929e+00 4.683673211708629380e-01
3.180000000000000160e+00 4.683673281917316022e-01
3.189999999999999947e+00 4.683673360911895234e-01
3.200000000000000178e+00 4.683673444651256235e-01
3.209999999999999964e+00 4.683673519693146714e-01
3.220000000000000195e+00 4.683673602396641322e-01
3.229999999999999982e+00 4.683673684495943679e-01
3.240000000000000213e+00 4.683673771812792985e-01
3.250000000000000000e+00 4.683673857055965506e-01
3.260000000000000231e+00 4.683673940170564043e-01
3.270000000000000018e+00 4.683674031764453183e-01
3.280000000000000249e+00 4.683674117549088134e-01
3.290000000000000036e+00 4.683674214057649277e-01
3.300000000000000266e+00 4.683674303604829503e-01
3.310000000000000053e+00 4.683674399331546057e-01
3.320000000000000284e+00 4.683674493381594361e-01
3.330000000000000071e+00 4.683674590877006660e-01
3.339999999999999858e+00 4.683674693409410894e-01
3.350000000000000089e+00 4.683674797073275053e-01
3.359999999999999876e+00 4.683674893698387964e-01
3.370000000000000107e+00 4.683674997419141062e-01
3.379999999999999893e+00 4.683675097815815924e-01
3.390000000000000124e+00 4.683675205468524338e-01
3.399999999999999911e+00 4.683675298949031562e-01
3.410000000000000142e+00 4.683675394002724812e-01
3.419999999999999929e+00 4.683675500057828955e-01
3.430000000000000160e+00 4.683675601819288215e-01
3.439999999999999947e+00 4.683675702759234061e-01
3.450000000000000178e+00 4.683675804781181617e-01
3.459999999999999964e+00 4.683675907161459206e-01
3.470000000000000195e+00 4.683675999854362004e-01
3.479999999999999982e+00 4.683676099547857685e-01
3.490000000000000213e+00 4.683676196554336646e-01
3.500000000000000000e+00 4.683676295739488959e-01
3.510000000000000231e+00 4.683676387470454561e-01
3.520000000000000018e+00 4.683676491152697907e-01
3.530000000000000249e+00 4.683676588375613736e-01
3.540000000000000036e+00 4.683676687765749858e-01
3.550000000000000266e+00 4.683676786314487361e-01
3.560000000000000053e+00 4.683676891240752260e-01
3.570000000000000284e+00 4.683676988748782244e-01
3.580000000000000071e+00 4.683677090140729860e-01
3.589999999999999858e+00 4.683677193418109841e-01
3.600000000000000089e+00 4.683677299793029825e-01
3.609999999999999876e+00 4.683677396410523830e-01
3.620000000000000107e+00 4.683677497123249212e-01
3.629999999999999893e+00 4.683677591363470394e-01
3.640000000000000124e+00 4.683677685389933121e-01
3.649999999999999911e+00 4.683677789395147562e-01
3.660000000000000142e+00 4.683677886972871240e-01
3.669999999999999929e+00 4.683677988515080326e-01
3.680000000000000160e+00 4.683678097000514295e-01
3.689999999999999947e+00 4.683678197048398162e-01
3.700000000000000178e+00 4.683678307445012790e-01
3.709999999999999964e+00 4.683678410840883544e-01
3.720000000000000195e+00 4.683678518125726220e-01
3.729999999999999982e+00 4.683678624842680382e-01
3.740000000000000213e+00 4.683678730357222486e-01
3.750000000000000000e+00 4.683678833280656151e-01
3.760000000000000231e+00 4.683678944838518543e-01
3.770000000000000018e+00 4.683679058958708508e-01
3.780000000000000249e+00 4.683679167497934448e-01
3.790000000000000036e+00 4.683679275259163277e-01
3.800000000000000266e+00 4.683679383530129359e-01
3.810000000000000053e+00 4.683679495695616257e-01
3.820000000000000284e+00 4.683679609542025779e-01
3.830000000000000071e+00 4.683679721120146411e-01
3.839999999999999858e+00 4.683679833725536978e-01
3.850000000000000089e+00 4.683679946995447652e-01
3.859999999999999876e+00 4.683680064443789259e-01
3.870000000000000107e+00 4.683680177926796695e-01
3.879999999999999893e+00 4.683680291927467820e-01
3.890000000000000124e+00 4.683680406306675037e-01
3.899999999999999911e+00 4.683680518905729562e-01
3.910000000000000142e+00 4.683680630137022072e-01
3.919999999999999929e+00 4.683680740002185705e-01
3.930000000000000160e+00 4.683680855706159885e-01
3.939999999999999947e+00 4.683680965122251072e-01
3.950000000000000178e+00 4.683681072161137160e-01
3.959999999999999964e+00 4.683681176927079193e-01
3.970000000000000195e+00 4.683681283422132524e-01
3.979999999999999982e+00 4.683681389295746844e-01
3.990000000000000213e+00 4.683681491660194873e-01
4.000000000000000000e+00 4.683681604402011867e-01
4.009999999999999787e+00 4.683681711303201989e-01
4.020000000000000462e+00 4.683681816465072867e-01
4.030000000000000249e+00 4.683681923027472882e-01
4.040000000000000036e+00 4.683682029932961233e-01
4.049999999999999822e+00 4.683682137339589269e-01
4.060000000000000497e+00 4.683682244945364115e-01
4.070000000000000284e+00 4.683682348518209970e-01
4.080000000000000071e+00 4.683682456532653471e-01
4.089999999999999858e+00 4.683682552651207143e-01
4.099999999999999645e+00 4.683682658250638009e-01
4.110000000000000320e+00 4.683682759731919720e-01
4.120000000000000107e+00 4.683682856545972606e-01
4.129999999999999893e+00 4.683682956979267065e-01
4.139999999999999680e+00 4.683683058863435944e-01
4.150000000000000355e+00 4.683683153157339740e-01
4.160000000000000142e+00 4.683683254733680412e-01
4.169999999999999929e+00 4.683683353692388307e-01
4.179999999999999716e+00 4.683683450017146477e-01
4.190000000000000391e+00 4.683683543938705340e-01
4.200000000000000178e+00 4.683683637724894155e-01
4.209999999999999964e+00 4.683683730654233379e-01
4.219999999999999751e+00 4.683683828560893381e-01
4.230000000000000426e+00 4.683683925556758054e-01
4.240000000000000213e+00 4.683684019852031311e-01
4.250000000000000000e+00 4.683684108997802631e-01
4.259999999999999787e+00 4.683684203359879672e-01
4.270000000000000462e+00 4.683684291662821852e-01
4.280000000000000249e+00 4.683684386017185619e-01
4.290000000000000036e+00 4.683684480010236184e-01
4.299999999999999822e+00 4.683684565605499284e-01
4.310000000000000497e+00 4.683684661954565787e-01
4.320000000000000284e+00 4.683684757650307118e-01
4.330000000000000071e+00 4.683684846168083560e-01
4.339999999999999858e+00 4.683684934521856191e-01
4.350000000000000533e+00 4.683685020891097395e-01
4.360000000000000320e+00 4.683685109892277154e-01
4.370000000000000107e+00 4.683685200522900161e-01
4.379999999999999893e+00 4.683685290721899541e-01
4.389999999999999680e+00 4.683685380509763352e-01
4.400000000000000355e+00 4.683685469354565423e-01
4.410000000000000142e+00 4.683685551816728632e-01
4.419999999999999929e+00 4.683685642614127675e-01
4.429999999999999716e+00 4.683685728882551191e-01
4.440000000000000391e+00 4.683685815506402617e-01
4.450000000000000178e+00 4.683685905002533123e-01
4.459999999999999964e+00 4.683685990661929921e-01
4.469999999999999751e+00 4.683686079793245027e-01
4.480000000000000426e+00 4.683686170291964657e-01
4.490000000000000213e+00 4.683686256505006917e-01
4.500000000000000000e+00 4.683686352118313634e-01
4.509999999999999787e+00 4.683686435266715686e-01
4.520000000000000462e+00 4.683686523762118359e-01
4.530000000000000249e+00 4.683686610026636665e-01
4.540000000000000036e+00 4.683686702420517545e-01
4.549999999999999822e+00 4.683686787439231836e-01
4.560000000000000497e+00 4.683686878113162422e-01
4.570000000000000284e+00 4.683686960415275324e-01
4.580000000000000071e+00 4.683687053860691174e-01
4.589999999999999858e+00 4.683687136823299069e-01
4.600000000000000533e+00 4.683687229368079796e-01
4.610000000000000320e+00 4.683687316083108287e-01
4.620000000000000107e+00 4.683687403087763435e-01
4.629999999999999893e+00 4.683687491772278721e-01
4.639999999999999680e+00 4.683687581946939793e-01
4.650000000000000355e+00 4.683687667132456767e-01
4.660000000000000142e+00 4.683687756567248561e-01
4.669999999999999929e+00 4.683687839176086665e-01
4.679999999999999716e+00 4.683687922943563509e-01
4.690000000000000391e+00 4.683688004184135556e-01
4.700000000000000178e+00 4.683688090395017878e-01
4.709999999999999964e+00 4.683688174861389553e-01
4.719999999999999751e+00 4.683688265380859250e-01
4.730000000000000426e+00 4.683688342812525329e-01
4.740000000000000213e+00 4.683688427121860398e-01
4.750000000000000000e+00 4.683688510057413823e-01
4.759999999999999787e+00 4.683688591182971761e-01
4.770000000000000462e+00 4.683688671780537049e-01
4.780000000000000249e+00 4.683688752801353217e-01
4.790000000000000036e+00 4.683688832467727270e-01
4.799999999999999822e+00 4.683688912602981813e-01
4.810000000000000497e+00 4.683688989737763153e-01
4.820000000000000284e+00 4.683689070415876787e-01
4.830000000000000071e+00 4.683689147828305477e-01
4.839999999999999858e+00 4.683689225210681539e-01
4.850000000000000533e+00 4.683689298087996833e-01
4.860000000000000320e+00 4.683689373708709858e-01
4.870000000000000107e+00 4.683689443421734655e-01
4.879999999999999893e+00 4.683689517853521500e-01
4.889999999999999680e+00 4.683689590733003949e-01
4.900000000000000355e+00 4.683689661446300834e-01
4.910000000000000142e+00 4.683689730544151608e-01
4.919999999999999929e+00 4.683689799466790871e-01
4.929999999999999716e+00 4.683689868535750866e-01
4.940000000000000391e+00 4.683689940955267916e-01
4.950000000000000178e+00 4.683690009372923901e-01
4.959999999999999964e+00 4.683690073559262923e-01
4.969999999999999751e+00 4.683690138413088011e-01
4.980000000000000426e+00 4.683690205945791885e-01
4.990000000000000213e+00 4.683690267709498256e-01
5.000000000000000000e+00 4.683690334038631553e-01
5.009999999999999787e+00 4.683690394691628067e-01
5.020000000000000462e+00 4.683690455737522518e-01
5.030000000000000249e+00 4.683690515605901106e-01
5.040000000000000036e+00 4.683690580071319665e-01
5.049999999999999822e+00 4.683690637524275946e-01
5.060000000000000497e+00 4.683690695129363313e-01
5.070000000000000284e+00 4.683690752888801656e-01
5.080000000000000071e+00 4.683690812238910928e-01
5.089999999999999858e+00 4.683690868870581947e-01
5.100000000000000533e+00 4.683690927959333061e-01
5.110000000000000320e+00 4.683690985646054017e-01
5.120000000000000107e+00 4.683691044812490212e-01
5.129999999999999893e+00 4.683691098785731644e-01
5.139999999999999680e+00 4.683691156566233138e-01
5.150000000000000355e+00 4.683691211160972423e-01
5.160000000000000142e+00 4.683691269259395717e-01
5.169999999999999929e+00 4.683691325541994299e-01
5.179999999999999716e+00 4.683691380247301805e-01
5.190000000000000391e+00 4.683691437885995068e-01
5.200000000000000178e+00 4.683691496065650606e-01
5.209999999999999964e+00 4.683691552718623474e-01
5.219999999999999751e+00 4.683691613301060874e-01
5.230000000000000426e+00 4.683691670622309733e-01
5.240000000000000213e+00 4.683691730454140334e-01
5.250000000000000000e+00 4.683691789028399111e-01
5.259999999999999787e+00 4.683691847033285560e-01
5.270000000000000462e+00 4.683691908843779506e-01
5.280000000000000249e+00 4.683691968357655000e-01
5.290000000000000036e+00 4.683692032238132574e-01
5.299999999999999822e+00 4.683692094659321348e-01
5.310000000000000497e+00 4.683692155576710814e-01
5.320000000000000284e+00 4.683692219259124045e-01
5.330000000000000071e+00 4.683692282888442526e-01
5.339999999999999858e+00 4.683692344829090692e-01
5.350000000000000533e+00 4.683692410851396648e-01
5.360000000000000320e+00 4.683692474788954674e-01
5.370000000000000107e+00 4.683692539954393830e-01
5.379999999999999893e+00 4.683692605953942989e-01
5.389999999999999680e+00 4.683692672886974329e-01
5.400000000000000355e+00 4.683692737541521600e-01
5.410000000000000142e+00 4.683692804883987093e-01
5.419999999999999929e+00 4.683692873796646006e-01
5.429999999999999716e+00 4.683692938790442462e-01
5.440000000000000391e+00 4.683693009990901879e-01
5.450000000000000178e+00 4.683693075539307471e-01
5.459999999999999964e+00 4.683693142832431322e-01
5.469999999999999751e+00 4.683693208593369128e-01
5.480000000000000426e+00 4.683693277311020142e-01
5.490000000000000213e+00 4.683693340162898289e-01
5.500000000000000000e+00 4.683693406094035505e-01
5.509999999999999787e+00 4.683693467010450751e-01
5.520000000000000462e+00 4.683693531964751022e-01
5.530000000000000249e+00 4.683693593955611800e-01
5.540000000000000036e+00 4.683693658300332463e-01
5.549999999999999822e+00 4.683693719803299627e-01
5.560000000000000497e+00 4.683693781374809184e-01
5.570000000000000284e+00 4.683693840004122255e-01
5.580000000000000071e+00 4.683693904595321866e-01
5.589999999999999858e+00 4.683693961977736797e-01
5.600000000000000533e+00 4.683694021617642589e-01
5.610000000000000320e+00 4.683694078444177178e-01
5.620000000000000107e+00 4.683694134798851438e-01
5.629999999999999893e+00 4.683694190472365015e-01
5.639999999999999680e+00 4.683694249044850211e-01
5.650000000000000355e+00 4.683694306136708119e-01
5.660000000000000142e+00 4.683694369474928898e-01
5.669999999999999929e+00 4.683694426310151537e-01
5.679999999999999716e+00 4.683694487909167981e-01
5.690000000000000391e+00 4.683694544228148016e-01
5.700000000000000178e+00 4.683694602301309851e-01
5.709999999999999964e+00 4.683694661012958171e-01
5.719999999999999751e+00 4.683694715574414635e-01
5.730000000000000426e+00 4.683694771273811952e-01
5.740000000000000213e+00 4.683694831574005124e-01
5.750000000000000000e+00 4.683694887984056199e-01
5.759999999999999787e+00 4.683694951796438244e-01
5.770000000000000462e+00 4.683695012026395377e-01
5.780000000000000249e+00 4.683695071513378494e-01
5.790000000000000036e+00 4.683695129147028569e-01
5.799999999999999822e+00 4.683695193139346680e-01
5.810000000000000497e+00 4.683695248870676786e-01
5.820000000000000284e+00 4.683695310231963393e-01
5.830000000000000071e+00 4.683695369362443905e-01
5.839999999999999858e+00 4.683695434761372400e-01
5.850000000000000533e+00 4.683695488055286682e-01
5.860000000000000320e+00 4.683695551732416362e-01
5.870000000000000107e+00 4.683695613164283733e-01
5.879999999999999893e+00 4.683695677029429127e-01
5.889999999999999680e+00 4.683695737316014851e-01
5.900000000000000355e+00 4.683695801083251897e-01
5.910000000000000142e+00 4.683695862378431385e-01
5.919999999999999929e+00 4.683695925337489907e-01
5.929999999999999716e+00 4.683695983436020338e-01
5.940000000000000391e+00 4.683696044812255543e-01
5.950000000000000178e+00 4.683696106485233379e-01
5.959999999999999964e+00 4.683696170413738091e-01
5.969999999999999751e+00 4.683696230271621186e-01
5.980000000000000426e+00 4.683696295940737442e-01
5.990000000000000213e+00 4.683696359661786990e-01
6.000000000000000000e+00 4.683696424602650232e-01
6.009999999999999787e+00 4.683696487725936275e-01
6.020000000000000462e+00 4.683696553546542463e-01
6.030000000000000249e+00 4.683696613047933499e-01
6.040000000000000036e+00 4.683696674322513909e-01
6.049999999999999822e+00 4.683696739269084253e-01
6.060000000000000497e+00 4.683696798618123269e-01
6.070000000000000284e+00 4.683696857669057967e-01
6.080000000000000071e+00 4.683696921284515868e-01
6.089999999999999858e+00 4.683696981107310364e-01
6.100000000000000533e+00 4.683697045744978915e-01
6.110000000000000320e+00 4.683697108461087333e-01
6.120000000000000107e+00 4.683697170400391574e-01
6.129999999999999893e+00 4.683697234047394242e-01
6.140000000000000568e+00 4.683697301083184494e-01
6.150000000000000355e+00 4.683697366302802534e-01
6.160000000000000142e+00 4.683697433853004632e-01
6.169999999999999929e+00 4.683697496927919923e-01
6.179999999999999716e+00 4.683697563469606528e-01
6.190000000000000391e+00 4.683697630380305177e-01
6.200000000000000178e+00 4.683697703179157124e-01
6.209999999999999964e+00 4.683697771170098334e-01
6.219999999999999751e+00 4.683697841550760743e-01
6.230000000000000426e+00 4.683697908569898760e-01
6.240000000000000213e+00 4.683697981145061306e-01
6.250000000000000000e+00 4.683698045638763352e-01
6.259999999999999787e+00 4.683698114508858534e-01
6.270000000000000462e+00 4.683698184352372285e-01
6.280000000000000249e+00 4.683698250489018444e-01
6.290000000000000036e+00 4.683698319222133755e-01
6.299999999999999822e+00 4.683698394445519053e-01
6.310000000000000497e+00 4.683698468466396259e-01
6.320000000000000284e+00 4.683698542056572434e-01
6.330000000000000071e+00 4.683698610771114268e-01
6.339999999999999858e+00 4.683698686284395452e-01
6.350000000000000533e+00 4.683698758841711163e-01
6.360000000000000320e+00 4.683698828588915841e-01
6.370000000000000107e+00 4.683698898493925955e-01
6.379999999999999893e+00 4.683698972201563171e-01
6.390000000000000568e+00 4.683699047450564645e-01
6.400000000000000355e+00 4.683699118435989406e-01
6.410000000000000142e+00 4.683699190953805602e-01
6.419999999999999929e+00 4.683699267630181406e-01
6.429999999999999716e+00 4.683699344235422446e-01
6.440000000000000391e+00 4.683699412105661319e-01
6.450000000000000178e+00 4.683699484241362065e-01
6.459999999999999964e+00 4.683699551899463409e-01
6.469999999999999751e+00 4.683699627564732459e-01
6.480000000000000426e+00 4.683699706199898616e-01
6.490000000000000213e+00 4.683699777298059863e-01
6.500000000000000000e+00 4.683699852099141303e-01
6.509999999999999787e+00 4.683699926850364292e-01
6.520000000000000462e+00 4.683699995445675390e-01
6.530000000000000249e+00 4.683700064362208426e-01
6.540000000000000036e+00 4.683700130936735984e-01
6.549999999999999822e+00 4.683700204142770551e-01
6.560000000000000497e+00 4.683700278357454949e-01
6.570000000000000284e+00 4.683700343348231598e-01
6.580000000000000071e+00 4.683700418115240294e-01
6.589999999999999858e+00 4.683700496226063659e-01
6.600000000000000533e+00 4.683700569423238091e-01
6.610000000000000320e+00 4.683700639743224037e-01
6.620000000000000107e+00 4.683700717718037865e-01
6.629999999999999893e+00 4.683700790808682513e-01
6.640000000000000568e+00 4.683700867228837716e-01
6.650000000000000355e+00 4.683700937015950472e-01
6.660000000000000142e+00 4.683701010162111267e-01
6.669999999999999929e+00 4.683701086834667349e-01
6.679999999999999716e+00 4.683701161222461051e-01
6.690000000000000391e+00 4.683701232672028425e-01
6.700000000000000178e+00 4.683701308485190840e-01
6.709999999999999964e+00 4.683701385219413149e-01
6.719999999999999751e+00 4.683701470433935254e-01
6.730000000000000426e+00 4.683701548888055122e-01
6.740000000000000213e+00 4.683701633388373531e-01
6.750000000000000000e+00 4.683701705610637811e-01
6.759999999999999787e+00 4.683701785636989467e-01
6.770000000000000462e+00 4.683701864764708289e-01
6.780000000000000249e+00 4.683701949159225220e-01
6.790000000000000036e+00 4.683702028667895978e-01
6.799999999999999822e+00 4.683702108977342293e-01
6.810000000000000497e+00 4.683702193348021070e-01
6.820000000000000284e+00 4.683702276625303362e-01
6.830000000000000071e+00 4.683702346771859704e-01
6.839999999999999858e+00 4.683702424837888345e-01
6.850000000000000533e+00 4.683702511974663363e-01
6.860000000000000320e+00 4.683702597207849427e-01
6.870000000000000107e+00 4.683702673077020928e-01
6.879999999999999893e+00 4.683702748698392315e-01
6.890000000000000568e+00 4.683702828512689154e-01
6.900000000000000355e+00 4.683702913327553174e-01
6.910000000000000142e+00 4.683702995027397842e-01
6.919999999999999929e+00 4.683703079279172288e-01
6.929999999999999716e+00 4.683703159505664404e-01
6.940000000000000391e+00 4.683703232990978349e-01
6.950000000000000178e+00 4.683703310304704881e-01
6.959999999999999964e+00 4.683703390171806147e-01
6.969999999999999751e+00 4.683703464743661504e-01
6.980000000000000426e+00 4.683703540897894979e-01
6.990000000000000213e+00 4.683703617460290292e-01
7.000000000000000000e+00 4.683703701425535604e-01
7.009999999999999787e+00 4.683703779514265531e-01
7.020000000000000462e+00 4.683703854781035569e-01
7.030000000000000249e+00 4.683703919753665068e-01
7.040000000000000036e+00 4.683703991808626510e-01
7.049999999999999822e+00 4.683704061418559883e-01
7.060000000000000497e+00 4.683704137251961663e-01
7.070000000000000284e+00 4.683704207690180255e-01
7.080000000000000071e+00 4.683704278391344622e-01
7.089999999999999858e+00 4.683704349377912912e-01
7.100000000000000533e+00 4.683704420795505308e-01
7.110000000000000320e+00 4.683704499673407295e-01
7.120000000000000107e+00 4.683704575164494011e-01
7.129999999999999893e+00 4.683704641082249154e-01
7.140000000000000568e+00 4.683704713478518133e-01
7.150000000000000355e+00 4.683704788139892439e-01
7.160000000000000142e+00 4.683704859627221273e-01
7.169999999999999929e+00 4.683704932108671004e-01
7.179999999999999716e+00 4.683704999648569123e-01
7.190000000000000391e+00 4.683705075077723712e-01
7.200000000000000178e+00 4.683705153528880949e-01
7.209999999999999964e+00 4.683705224614898022e-01
7.219999999999999751e+00 4.683705302058429054e-01
7.230000000000000426e+00 4.683705370277218005e-01
7.240000000000000213e+00 4.683705446359119895e-01
7.250000000000000000e+00 4.683705516961828019e-01
7.259999999999999787e+00 4.683705585916464464e-01
7.270000000000000462e+00 4.683705660217702960e-01
7.280000000000000249e+00 4.683705735294320660e-01
7.290000000000000036e+00 4.683705809088340999e-01
7.299999999999999822e+00 4.683705884664602914e-01
7.310000000000000497e+00 4.683705957526622665e-01
7.320000000000000284e+00 4.683706035139195700e-01
7.330000000000000071e+00 4.683706112216265982e-01
7.339999999999999858e+00 4.683706186567173635e-01
7.350000000000000533e+00 4.683706259308904607e-01
7.360000000000000320e+00 4.683706330391258499e-01
7.370000000000000107e+00 4.683706406032029368e-01
7.379999999999999893e+00 4.683706480393123317e-01
7.390000000000000568e+00 4.683706560541709973e-01
7.400000000000000355e+00 4.683706631057243941e-01
7.410000000000000142e+00 4.683706707302618399e-01
7.419999999999999929e+00 4.683706784130059475e-01
7.429999999999999716e+00 4.683706857077624686e-01
7.440000000000000391e+00 4.683706935066261901e-01
7.450000000000000178e+00 4.683707003382560075e-01
7.459999999999999964e+00 4.683707079667283057e-01
7.469999999999999751e+00 4.683707153873765683e-01
7.480000000000000426e+00 4.683707235057941176e-01
7.490000000000000213e+00 4.683707310682270752e-01
7.500000000000000000e+00 4.683707388612972089e-01
7.509999999999999787e+00 4.683707466740318348e-01
7.520000000000000462e+00 4.683707535299502234e-01
7.530000000000000249e+00 4.683707604770429578e-01
7.540000000000000036e+00 4.683707685241120244e-01
7.549999999999999822e+00 4.683707758211411165e-01
7.560000000000000497e+00 4.683707828936386486e-01
7.570000000000000284e+00 4.683707901429887688e-01
7.580000000000000071e+00 4.683707977622287855e-01
7.589999999999999858e+00 4.683708051663321159e-01
7.600000000000000533e+00 4.683708123165722936e-01
7.610000000000000320e+00 4.683708193773756245e-01
7.620000000000000107e+00 4.683708264049656345e-01
7.629999999999999893e+00 4.683708332472500402e-01
7.640000000000000568e+00 4.683708408614189467e-01
7.650000000000000355e+00 4.683708474440986258e-01
7.660000000000000142e+00 4.683708547282378620e-01
7.669999999999999929e+00 4.683708617579788736e-01
7.679999999999999716e+00 4.683708687574939522e-01
7.690000000000000391e+00 4.683708760443200392e-01
7.700000000000000178e+00 4.683708826804360292e-01
7.709999999999999964e+00 4.683708892346365449e-01
7.719999999999999751e+00 4.683708965598762930e-01
7.730000000000000426e+00 4.683709033230324947e-01
7.740000000000000213e+00 4.683709103146678765e-01
7.750000000000000000e+00 4.683709166311181837e-01
7.759999999999999787e+00 4.683709232433762581e-01
7.770000000000000462e+00 4.683709297694728102e-01
7.780000000000000249e+00 4.683709364244862949e-01
7.790000000000000036e+00 4.683709427804730319e-01
7.799999999999999822e+00 4.683709491810130743e-01
7.810000000000000497e+00 4.683709554337890379e-01
7.820000000000000284e+00 4.683709618044588630e-01
7.830000000000000071e+00 4.683709681473308684e-01
7.839999999999999858e+00 4.683709743712821671e-01
7.850000000000000533e+00 4.683709809806294033e-01
7.860000000000000320e+00 4.683709874985457211e-01
7.870000000000000107e+00 4.683709933751100674e-01
7.879999999999999893e+00 4.683709992758612328e-01
7.890000000000000568e+00 4.683710050492589372e-01
7.900000000000000355e+00 4.683710114120306356e-01
7.910000000000000142e+00 4.683710167732965113e-01
7.919999999999999929e+00 4.683710221524333139e-01
7.930000000000000604e+00 4.683710280098621892e-01
7.940000000000000391e+00 4.683710337881707986e-01
7.950000000000000178e+00 4.683710388866749175e-01
7.959999999999999964e+00 4.683710448075564803e-01
7.969999999999999751e+00 4.683710505915900102e-01
7.980000000000000426e+00 4.683710566497700789e-01
7.990000000000000213e+00 4.683710621058704282e-01
8.000000000000000000e+00 4.683710677403034039e-01
8.009999999999999787e+00 4.683710735558663796e-01
8.019999999999999574e+00 4.683710786772699586e-01
8.029999999999999361e+00 4.683710832783324340e-01
8.040000000000000924e+00 4.683710882390668684e-01
8.050000000000000711e+00 4.683710936228538402e-01
8.060000000000000497e+00 4.683710990890624370e-01
8.070000000000000284e+00 4.683711041266542252e-01
8.080000000000000071e+00 4.683711093497413547e-01
8.089999999999999858e+00 4.683711140696812381e-01
8.099999999999999645e+00 4.683711191690961284e-01
8.109999999999999432e+00 4.683711240727855274e-01
8.120000000000000995e+00 4.683711287112553023e-01
8.130000000000000782e+00 4.683711334318250152e-01
8.140000000000000568e+00 4.683711379746595682e-01
8.150000000000000355e+00 4.683711420999958630e-01
8.160000000000000142e+00 4.683711471643144386e-01
8.169999999999999929e+00 4.683711516774786698e-01
8.179999999999999716e+00 4.683711563378038512e-01
8.189999999999999503e+00 4.683711605771640474e-01
8.199999999999999289e+00 4.683711651050366243e-01
8.210000000000000853e+00 4.683711691846457192e-01
8.220000000000000639e+00 4.683711737267067798e-01
8.230000000000000426e+00 4.683711782251680500e-01
8.240000000000000213e+00 4.683711823900102433e-01
8.250000000000000000e+00 4.683711868418798940e-01
8.259999999999999787e+00 4.683711912612787409e-01
8.269999999999999574e+00 4.683711958809552711e-01
8.279999999999999361e+00 4.683712002504846761e-01
8.290000000000000924e+00 4.683712043672716430e-01
8.300000000000000711e+00 4.683712087763227672e-01
8.310000000000000497e+00 4.683712130513563165e-01
8.320000000000000284e+00 4.683712173972450765e-01
8.330000000000000071e+00 4.683712219703021207e-01
8.339999999999999858e+00 4.683712263496470629e-01
8.349999999999999645e+00 4.683712305601986925e-01
8.359999999999999432e+00 4.683712351990677591e-01
8.370000000000000995e+00 4.683712396313965409e-01
8.380000000000000782e+00 4.683712437585821897e-01
8.390000000000000568e+00 4.683712481494801128e-01
8.400000000000000355e+00 4.683712525244881353e-01
8.410000000000000142e+00 4.683712565650146598e-01
8.419999999999999929e+00 4.683712609551332062e-01
8.429999999999999716e+00 4.683712650426092305e-01
8.439999999999999503e+00 4.683712694263890697e-01
8.449999999999999289e+00 4.683712737185945496e-01
8.460000000000000853e+00 4.683712781633163624e-01
8.470000000000000639e+00 4.683712823622929178e-01
8.480000000000000426e+00 4.683712866271929620e-01
8.490000000000000213e+00 4.683712907454656293e-01
8.500000000000000000e+00 4.683712950751974802e-01
8.509999999999999787e+00 4.683712993876958386e-01
8.519999999999999574e+00 4.683713035149573156e-01
8.529999999999999361e+00 4.683713076062867575e-01
8.540000000000000924e+00 4.683713118795364561e-01
8.550000000000000711e+00 4.683713157978018349e-01
8.560000000000000497e+00 4.683713198390928589e-01
8.570000000000000284e+00 4.683713238861784700e-01
8.580000000000000071e+00 4.683713277847504908e-01
8.589999999999999858e+00 4.683713316335830212e-01
8.599999999999999645e+00 4.683713356021982910e-01
8.609999999999999432e+00 4.683713392663145791e-01
8.620000000000000995e+00 4.683713431556776330e-01
8.630000000000000782e+00 4.683713466531658209e-01
8.640000000000000568e+00 4.683713502962255637e-01
8.650000000000000355e+00 4.683713537698315776e-01
8.660000000000000142e+00 4.683713575741986213e-01
8.669999999999999929e+00 4.683713611641274199e-01
8.679999999999999716e+00 4.683713647181473316e-01
8.689999999999999503e+00 4.683713681356833081e-01
8.700000000000001066e+00 4.683713715376369158e-01
8.710000000000000853e+00 4.683713748863783666e-01
8.720000000000000639e+00 4.683713784852497897e-01
8.730000000000000426e+00 4.683713817934223589e-01
8.740000000000000213e+00 4.683713851723567689e-01
8.750000000000000000e+00 4.683713881695414361e-01
8.759999999999999787e+00 4.683713916738285188e-01
8.769999999999999574e+00 4.683713948676425098e-01
8.779999999999999361e+00 4.683713982577662471e-01
8.790000000000000924e+00 4.683714013849895053e-01
8.800000000000000711e+00 4.683714045908718426e-01
8.810000000000000497e+00 4.683714077567403544e-01
8.820000000000000284e+00 4.683714109769764322e-01
8.830000000000000071e+00 4.683714139660735132e-01
8.839999999999999858e+00 4.683714169619158652e-01
8.849999999999999645e+00 4.683714197831015946e-01
8.859999999999999432e+00 4.683714227912695316e-01
8.870000000000000995e+00 4.683714255257545034e-01
8.880000000000000782e+00 4.683714283555349134e-01
8.890000000000000568e+00 4.683714310482638421e-01
8.900000000000000355e+00 4.683714338496461349e-01
8.910000000000000142e+00 4.683714365143403779e-01
8.919999999999999929e+00 4.683714392020772999e-01
8.929999999999999716e+00 4.683714416572688499e-01
8.939999999999999503e+00 4.683714445004910076e-01
8.950000000000001066e+00 4.683714468862250624e-01
8.960000000000000853e+00 4.683714494862006306e-01
8.970000000000000639e+00 4.683714518285178596e-01
8.980000000000000426e+00 4.683714542736051589e-01
8.990000000000000213e+00 4.683714566155692816e-01
9.000000000000000000e+00 4.683714589932180261e-01
9.009999999999999787e+00 4.683714611544140261e-01
9.019999999999999574e+00 4.683714634978118352e-01
9.029999999999999361e+00 4.683714656777103746e-01
9.040000000000000924e+00 4.683714678741914827e-01
9.050000000000000711e+00 4.683714699620524224e-01
9.060000000000000497e+00 4.683714720407635701e-01
9.070000000000000284e+00 4.683714741546068927e-01
9.080000000000000071e+00 4.683714763697465200e-01
9.089999999999999858e+00 4.683714783368790879e-01
9.099999999999999645e+00 4.683714804479985894e-01
9.109999999999999432e+00 4.683714823678520323e-01
9.120000000000000995e+00 4.683714844556391421e-01
9.130000000000000782e+00 4.683714864043597714e-01
9.140000000000000568e+00 4.683714884243549981e-01
9.150000000000000355e+00 4.683714904237916143e-01
9.160000000000000142e+00 4.683714923003405306e-01
9.169999999999999929e+00 4.683714941873204918e-01
9.179999999999999716e+00 4.683714961788951192e-01
9.189999999999999503e+00 4.683714981623255946e-01
9.200000000000001066e+00 4.683715002791689064e-01
9.210000000000000853e+00 4.683715021866255435e-01
9.220000000000000639e+00 4.683715042470715795e-01
9.230000000000000426e+00 4.683715061728719875e-01
9.240000000000000213e+00 4.683715081305168670e-01
9.250000000000000000e+00 4.683715101002313141e-01
9.259999999999999787e+00 4.683715121123222525e-01
9.269999999999999574e+00 4.683715141399092952e-01
9.279999999999999361e+00 4.683715161521085357e-01
9.290000000000000924e+00 4.683715180481722307e-01
9.300000000000000711e+00 4.683715200619737451e-01
9.310000000000000497e+00 4.683715219363526749e-01
9.320000000000000284e+00 4.683715238112148294e-01
9.330000000000000071e+00 4.683715257181632063e-01
9.339999999999999858e+00 4.683715276083446621e-01
9.349999999999999645e+00 4.683715293706739446e-01
9.359999999999999432e+00 4.683715311623423694e-01
9.370000000000000995e+00 4.683715328913742315e-01
9.380000000000000782e+00 4.683715345619013926e-01
9.390000000000000568e+00 4.683715361419412693e-01
9.400000000000000355e+00 4.683715377525587420e-01
9.410000000000000142e+00 4.683715392712788916e-01
9.419999999999999929e+00 4.683715407598803560e-01
9.429999999999999716e+00 4.683715422599022959e-01
9.439999999999999503e+00 4.683715436991257586e-01
9.450000000000001066e+00 4.683715450531458768e-01
9.460000000000000853e+00 4.683715463413476998e-01
9.470000000000000639e+00 4.683715475294889519e-01
9.480000000000000426e+00 4.683715487167107172e-01
9.490000000000000213e+00 4.683715498569259728e-01
9.500000000000000000e+00 4.683715509184762094e-01
9.509999999999999787e+00 4.683715518871368055e-01
9.519999999999999574e+00 4.683715528114175686e-01
9.529999999999999361e+00 4.683715536743888741e-01
9.540000000000000924e+00 4.683715545464622876e-01
9.550000000000000711e+00 4.683715552956208561e-01
9.560000000000000497e+00 4.683715560528517452e-01
9.570000000000000284e+00 4.683715567457845119e-01
9.580000000000000071e+00 4.683715574198388243e-01
9.589999999999999858e+00 4.683715579591986033e-01
9.599999999999999645e+00 4.683715586112832119e-01
9.609999999999999432e+00 4.683715590791015515e-01
9.620000000000000995e+00 4.683715596280634830e-01
9.630000000000000782e+00 4.683715600602251783e-01
9.640000000000000568e+00 4.683715605209362587e-01
9.650000000000000355e+00 4.683715608429969146e-01
9.660000000000000142e+00 4.683715612716342624e-01
9.669999999999999929e+00 4.683715615715179914e-01
9.679999999999999716e+00 4.683715619666615204e-01
9.689999999999999503e+00 4.683715622618597196e-01
9.700000000000001066e+00 4.683715626392041531e-01
9.710000000000000853e+00 4.683715629123449964e-01
9.720000000000000639e+00 4.683715632486478153e-01
9.730000000000000426e+00 4.683715634999586763e-01
9.740000000000000213e+00 4.683715638494905242e-01
9.750000000000000000e+00 4.683715641001100494e-01
9.759999999999999787e+00 4.683715644124863409e-01
9.769999999999999574e+00 4.683715646092382334e-01
9.779999999999999361e+00 4.683715648976222168e-01
9.790000000000000924e+00 4.683715651078894648e-01
9.800000000000000711e+00 4.683715654376272575e-01
9.810000000000000497e+00 4.683715656241959624e-01
9.820000000000000284e+00 4.683715659349855231e-01
9.830000000000000071e+00 4.683715661241372730e-01
9.839999999999999858e+00 4.683715664640671905e-01
9.849999999999999645e+00 4.683715666697545466e-01
9.859999999999999432e+00 4.683715670055064728e-01
9.870000000000000995e+00 4.683715672167328425e-01
9.880000000000000782e+00 4.683715675498019149e-01
9.890000000000000568e+00 4.683715677654552989e-01
9.900000000000000355e+00 4.683715681075948933e-01
9.910000000000000142e+00 4.683715683203532043e-01
9.919999999999999929e+00 4.683715686641161668e-01
9.929999999999999716e+00 4.683715688662110077e-01
9.939999999999999503e+00 4.683715692089139848e-01
9.950000000000001066e+00 4.683715694177074673e-01
9.960000000000000853e+00 4.683715697466466210e-01
9.970000000000000639e+00 4.683715699449472747e-01
