0.000000000000000000e+00 2.999935169539905133e-02
1.000000000000000021e-02 2.999935169540093177e-02
2.000000000000000042e-02 2.999935169540261792e-02
2.999999999999999889e-02 2.999935169540339161e-02
4.000000000000000083e-02 2.999935169539858296e-02
5.000000000000000278e-02 2.999935169539686558e-02
5.999999999999999778e-02 2.999935169540106708e-02
7.000000000000000666e-02 2.999935169539984584e-02
8.000000000000000167e-02 2.999935169540789495e-02
8.999999999999999667e-02 2.999935169539752131e-02
1.000000000000000056e-01 2.999935169540163954e-02
1.100000000000000006e-01 2.999935169540380100e-02
1.199999999999999956e-01 2.999935169540133770e-02
1.300000000000000044e-01 2.999935169539668517e-02
1.400000000000000133e-01 2.999935169539894378e-02
1.499999999999999944e-01 2.999935169540175403e-02
1.600000000000000033e-01 2.999935169540290242e-02
1.700000000000000122e-01 2.999935169540119198e-02
1.799999999999999933e-01 2.999935169539994645e-02
1.900000000000000022e-01 2.999935169540130994e-02
2.000000000000000111e-01 2.999935169540075483e-02
2.099999999999999922e-01 2.999935169540145913e-02
2.200000000000000011e-01 2.999935169540348875e-02
2.300000000000000100e-01 2.999935169539867316e-02
2.399999999999999911e-01 2.999935169540312099e-02
2.500000000000000000e-01 2.999935169539838867e-02
2.600000000000000089e-01 2.999935169540236465e-02
2.700000000000000178e-01 2.999935169540124402e-02
2.800000000000000266e-01 2.999935169539897500e-02
2.899999999999999800e-01 2.999935169540130647e-02
2.999999999999999889e-01 2.999935169539903052e-02
3.099999999999999978e-01 2.999935169540107402e-02
3.200000000000000067e-01 2.999935169539920746e-02
3.300000000000000155e-01 2.999935169539964114e-02
3.400000000000000244e-01 2.999935169539828458e-02
3.500000000000000333e-01 2.999935169540069585e-02
3.599999999999999867e-01 2.999935169540274629e-02
3.699999999999999956e-01 2.999935169539903052e-02
3.800000000000000044e-01 2.999935169539862112e-02
3.900000000000000133e-01 2.999935169540019625e-02
4.000000000000000222e-01 2.999935169540021013e-02
4.100000000000000311e-01 2.999935169539871133e-02
4.199999999999999845e-01 2.999935169539968277e-02
4.299999999999999933e-01 2.999935169540256588e-02
4.400000000000000022e-01 2.999935169539900970e-02
4.500000000000000111e-01 2.999935169540293364e-02
4.600000000000000200e-01 2.999935169539980767e-02
4.700000000000000289e-01 2.999935169539871133e-02
4.799999999999999822e-01 2.999935169540281221e-02
4.899999999999999911e-01 2.999935169540025870e-02
5.000000000000000000e-01 2.999935169539959257e-02
5.100000000000000089e-01 2.999935169540318691e-02
5.200000000000000178e-01 2.999935169540118504e-02
5.300000000000000266e-01 2.999935169540488000e-02
5.400000000000000355e-01 2.999935169539960991e-02
5.500000000000000444e-01 2.999935169539918317e-02
5.600000000000000533e-01 2.999935169540458163e-02
5.700000000000000622e-01 2.999935169539933930e-02
5.799999999999999600e-01 2.999935169540251384e-02
5.899999999999999689e-01 2.999935169539992910e-02
5.999999999999999778e-01 2.999935169540111912e-02
6.099999999999999867e-01 2.999935169540100116e-02
6.199999999999999956e-01 2.999935169539810070e-02
6.300000000000000044e-01 2.999935169540132729e-02
6.400000000000000133e-01 2.999935169540314528e-02
6.500000000000000222e-01 2.999935169540136892e-02
6.600000000000000311e-01 2.999935169540028992e-02
6.700000000000000400e-01 2.999935169540134811e-02
6.800000000000000488e-01 2.999935169540163954e-02
6.900000000000000577e-01 2.999935169539839908e-02
7.000000000000000666e-01 2.999935169539861071e-02
7.099999999999999645e-01 2.999935169540068197e-02
7.199999999999999734e-01 2.999935169539944338e-02
7.299999999999999822e-01 2.999935169540180607e-02
7.399999999999999911e-01 2.999935169539673374e-02
7.500000000000000000e-01 2.999935169540218771e-02
7.600000000000000089e-01 2.999935169539983890e-02
7.700000000000000178e-01 2.999935169540071667e-02
7.800000000000000266e-01 2.999935169540170546e-02
7.900000000000000355e-01 2.999935169540113300e-02
8.000000000000000444e-01 2.999935169540243751e-02
8.100000000000000533e-01 2.999935169540004706e-02
8.200000000000000622e-01 2.999935169540269425e-02
8.300000000000000711e-01 2.999935169539802438e-02
8.399999999999999689e-01 2.999935169540497368e-02
8.499999999999999778e-01 2.999935169539624108e-02
8.599999999999999867e-01 2.999935169540251384e-02
8.699999999999999956e-01 2.999935169540076871e-02
8.800000000000000044e-01 2.999935169540218424e-02
8.900000000000000133e-01 2.999935169540009910e-02
9.000000000000000222e-01 2.999935169540160484e-02
9.100000000000000311e-01 2.999935169539987706e-02
9.200000000000000400e-01 2.999935169540126137e-02
9.300000000000000488e-01 2.999935169540275323e-02
9.400000000000000577e-01 2.999935169539929419e-02
9.500000000000000666e-01 2.999935169540143484e-02
9.599999999999999645e-01 2.999935169540197261e-02
9.699999999999999734e-01 2.999935169539784743e-02
9.799999999999999822e-01 2.999935169540039748e-02
9.899999999999999911e-01 2.999935169540098728e-02
1.000000000000000000e+00 2.999935169540087279e-02
1.010000000000000009e+00 2.999935169540005400e-02
1.020000000000000018e+00 2.999935169540231261e-02
1.030000000000000027e+00 2.999935169540093871e-02
1.040000000000000036e+00 2.999935169540061258e-02
1.050000000000000044e+00 2.999935169540033503e-02
1.060000000000000053e+00 2.999935169540124402e-02
1.070000000000000062e+00 2.999935169540089708e-02
1.080000000000000071e+00 2.999935169540085891e-02
1.090000000000000080e+00 2.999935169540104973e-02
1.100000000000000089e+00 2.999935169539902358e-02
1.110000000000000098e+00 2.999935169540151464e-02
1.120000000000000107e+00 2.999935169540071667e-02
1.130000000000000115e+00 2.999935169540020319e-02
1.140000000000000124e+00 2.999935169539814928e-02
1.150000000000000133e+00 2.999935169540063687e-02
1.159999999999999920e+00 2.999935169540119545e-02
1.169999999999999929e+00 2.999935169539852398e-02
1.179999999999999938e+00 2.999935169540198648e-02
1.189999999999999947e+00 2.999935169540004706e-02
1.199999999999999956e+00 2.999935169540183383e-02
1.209999999999999964e+00 2.999935169540041136e-02
1.219999999999999973e+00 2.999935169539968277e-02
1.229999999999999982e+00 2.999935169540045299e-02
1.239999999999999991e+00 2.999935169539810070e-02
1.250000000000000000e+00 2.999935169540223628e-02
1.260000000000000009e+00 2.999935169540056401e-02
1.270000000000000018e+00 2.999935169539878071e-02
1.280000000000000027e+00 2.999935169540188240e-02
1.290000000000000036e+00 2.999935169540025870e-02
1.300000000000000044e+00 2.999935169539906521e-02
1.310000000000000053e+00 2.999935169539910684e-02
1.320000000000000062e+00 2.999935169539948848e-02
1.330000000000000071e+00 2.999935169539950930e-02
1.340000000000000080e+00 2.999935169540067156e-02
1.350000000000000089e+00 2.999935169540161872e-02
1.360000000000000098e+00 2.999935169540015462e-02
1.370000000000000107e+00 2.999935169539950930e-02
1.380000000000000115e+00 2.999935169540046687e-02
1.390000000000000124e+00 2.999935169540014074e-02
1.400000000000000133e+00 2.999935169540206281e-02
1.409999999999999920e+00 2.999935169539971400e-02
1.419999999999999929e+00 2.999935169539991522e-02
1.429999999999999938e+00 2.999935169540077912e-02
1.439999999999999947e+00 2.999935169540051544e-02
1.449999999999999956e+00 2.999935169540052932e-02
1.459999999999999964e+00 2.999935169540167770e-02
1.469999999999999973e+00 2.999935169539982155e-02
1.479999999999999982e+00 2.999935169540009217e-02
1.489999999999999991e+00 2.999935169540215649e-02
1.500000000000000000e+00 2.999935169540075830e-02
1.510000000000000009e+00 2.999935169540029686e-02
1.520000000000000018e+00 2.999935169540033503e-02
1.530000000000000027e+00 2.999935169540030033e-02
1.540000000000000036e+00 2.999935169540011992e-02
1.550000000000000044e+00 2.999935169540149382e-02
1.560000000000000053e+00 2.999935169539970706e-02
1.570000000000000062e+00 2.999935169540183383e-02
1.580000000000000071e+00 2.999935169539993257e-02
1.590000000000000080e+00 2.999935169540018931e-02
1.600000000000000089e+00 2.999935169539955787e-02
1.610000000000000098e+00 2.999935169539996033e-02
1.620000000000000107e+00 2.999935169540129259e-02
1.630000000000000115e+00 2.999935169539927685e-02
1.640000000000000124e+00 2.999935169540052932e-02
1.650000000000000133e+00 2.999935169540009217e-02
1.660000000000000142e+00 2.999935169540137933e-02
1.669999999999999929e+00 2.999935169539945379e-02
1.679999999999999938e+00 2.999935169539952665e-02
1.689999999999999947e+00 2.999935169539947460e-02
1.699999999999999956e+00 2.999935169540259711e-02
1.709999999999999964e+00 2.999935169540127872e-02
1.719999999999999973e+00 2.999935169540042870e-02
1.729999999999999982e+00 2.999935169540129606e-02
1.739999999999999991e+00 2.999935169540216690e-02
1.750000000000000000e+00 2.999935169540008176e-02
1.760000000000000009e+00 2.999935169540016849e-02
1.770000000000000018e+00 2.999935169540007135e-02
1.780000000000000027e+00 2.999935169540133423e-02
1.790000000000000036e+00 2.999935169540057789e-02
1.800000000000000044e+00 2.999935169540104279e-02
1.810000000000000053e+00 2.999935169539972440e-02
1.820000000000000062e+00 2.999935169539903398e-02
1.830000000000000071e+00 2.999935169539973134e-02
1.840000000000000080e+00 2.999935169540055013e-02
1.850000000000000089e+00 2.999935169540082769e-02
1.860000000000000098e+00 2.999935169540123014e-02
1.870000000000000107e+00 2.999935169540170199e-02
1.880000000000000115e+00 2.999935169539892643e-02
1.890000000000000124e+00 2.999935169540080687e-02
1.900000000000000133e+00 2.999935169540115729e-02
1.910000000000000142e+00 2.999935169540013380e-02
1.919999999999999929e+00 2.999935169540007482e-02
1.929999999999999938e+00 2.999935169539947460e-02
1.939999999999999947e+00 2.999935169540019972e-02
1.949999999999999956e+00 2.999935169540116076e-02
1.959999999999999964e+00 2.999935169540140362e-02
1.969999999999999973e+00 2.999935169540021707e-02
1.979999999999999982e+00 2.999935169539897500e-02
1.989999999999999991e+00 2.999935169540095606e-02
2.000000000000000000e+00 2.999935169540009217e-02
2.010000000000000231e+00 2.999935169539994992e-02
2.020000000000000018e+00 2.999935169539975910e-02
2.030000000000000249e+00 2.999935169540079993e-02
2.040000000000000036e+00 2.999935169539857255e-02
2.049999999999999822e+00 2.999935169539945726e-02
2.060000000000000053e+00 2.999935169539972440e-02
2.069999999999999840e+00 2.999935169540089708e-02
2.080000000000000071e+00 2.999935169540050156e-02
2.089999999999999858e+00 2.999935169540085197e-02
2.100000000000000089e+00 2.999935169539959604e-02
2.109999999999999876e+00 2.999935169539957175e-02
2.120000000000000107e+00 2.999935169540074789e-02
2.129999999999999893e+00 2.999935169540088320e-02
2.140000000000000124e+00 2.999935169540141403e-02
2.149999999999999911e+00 2.999935169540074095e-02
2.160000000000000142e+00 2.999935169540083116e-02
2.169999999999999929e+00 2.999935169540042176e-02
2.180000000000000160e+00 2.999935169539934277e-02
2.189999999999999947e+00 2.999935169540036972e-02
2.200000000000000178e+00 2.999935169539993257e-02
2.209999999999999964e+00 2.999935169539919705e-02
2.220000000000000195e+00 2.999935169539924562e-02
2.229999999999999982e+00 2.999935169539998808e-02
2.240000000000000213e+00 2.999935169539968971e-02
2.250000000000000000e+00 2.999935169540119545e-02
2.260000000000000231e+00 2.999935169540056401e-02
2.270000000000000018e+00 2.999935169539981114e-02
2.280000000000000249e+00 2.999935169540088320e-02
2.290000000000000036e+00 2.999935169540100810e-02
2.300000000000000266e+00 2.999935169540068197e-02
2.310000000000000053e+00 2.999935169540021360e-02
2.319999999999999840e+00 2.999935169540069932e-02
2.330000000000000071e+00 2.999935169540164301e-02
2.339999999999999858e+00 2.999935169540109137e-02
2.350000000000000089e+00 2.999935169540094565e-02
2.359999999999999876e+00 2.999935169540019972e-02
2.370000000000000107e+00 2.999935169540018931e-02
2.379999999999999893e+00 2.999935169539902358e-02
2.390000000000000124e+00 2.999935169540045993e-02
2.399999999999999911e+00 2.999935169540005747e-02
2.410000000000000142e+00 2.999935169540027258e-02
2.419999999999999929e+00 2.999935169539971747e-02
2.430000000000000160e+00 2.999935169540149382e-02
2.439999999999999947e+00 2.999935169540059871e-02
2.450000000000000178e+00 2.999935169540062993e-02
2.459999999999999964e+00 2.999935169540049115e-02
2.470000000000000195e+00 2.999935169539959257e-02
2.479999999999999982e+00 2.999935169540080687e-02
2.490000000000000213e+00 2.999935169539963420e-02
2.500000000000000000e+00 2.999935169540013033e-02
2.510000000000000231e+00 2.999935169539980073e-02
2.520000000000000018e+00 2.999935169540034197e-02
2.530000000000000249e+00 2.999935169540081381e-02
2.540000000000000036e+00 2.999935169540072707e-02
2.550000000000000266e+00 2.999935169539953012e-02
2.560000000000000053e+00 2.999935169539976604e-02
2.569999999999999840e+00 2.999935169540015115e-02
2.580000000000000071e+00 2.999935169539944338e-02
2.589999999999999858e+00 2.999935169540079299e-02
2.600000000000000089e+00 2.999935169539890562e-02
2.609999999999999876e+00 2.999935169539993257e-02
2.620000000000000107e+00 2.999935169540004359e-02
2.629999999999999893e+00 2.999935169540031768e-02
2.640000000000000124e+00 2.999935169540001237e-02
2.649999999999999911e+00 2.999935169540131341e-02
2.660000000000000142e+00 2.999935169540098381e-02
2.669999999999999929e+00 2.999935169540004012e-02
2.680000000000000160e+00 2.999935169540064728e-02
2.689999999999999947e+00 2.999935169540061258e-02
2.700000000000000178e+00 2.999935169539889174e-02
2.709999999999999964e+00 2.999935169539916929e-02
2.720000000000000195e+00 2.999935169539932542e-02
2.729999999999999982e+00 2.999935169539979379e-02
2.740000000000000213e+00 2.999935169540070279e-02
2.750000000000000000e+00 2.999935169539950236e-02
2.760000000000000231e+00 2.999935169539988400e-02
2.770000000000000018e+00 2.999935169539984930e-02
2.780000000000000249e+00 2.999935169539922480e-02
2.790000000000000036e+00 2.999935169540004359e-02
2.800000000000000266e+00 2.999935169539857602e-02
2.810000000000000053e+00 2.999935169539903052e-02
2.819999999999999840e+00 2.999935169540040442e-02
2.830000000000000071e+00 2.999935169539969665e-02
2.839999999999999858e+00 2.999935169539974522e-02
2.850000000000000089e+00 2.999935169539951277e-02
2.859999999999999876e+00 2.999935169539957522e-02
2.870000000000000107e+00 2.999935169540079993e-02
2.879999999999999893e+00 2.999935169539913113e-02
2.890000000000000124e+00 2.999935169539987012e-02
2.899999999999999911e+00 2.999935169540053626e-02
2.910000000000000142e+00 2.999935169539953358e-02
2.919999999999999929e+00 2.999935169540039748e-02
2.930000000000000160e+00 2.999935169540012686e-02
2.939999999999999947e+00 2.999935169540035931e-02
2.950000000000000178e+00 2.999935169539966889e-02
2.959999999999999964e+00 2.999935169539966195e-02
2.970000000000000195e+00 2.999935169539999155e-02
2.979999999999999982e+00 2.999935169539987012e-02
2.990000000000000213e+00 2.999935169539942603e-02
3.000000000000000000e+00 2.999935169540051891e-02
3.010000000000000231e+00 2.999935169540002278e-02
3.020000000000000018e+00 2.999935169540010257e-02
3.030000000000000249e+00 2.999935169540016849e-02
3.040000000000000036e+00 2.999935169539876337e-02
3.050000000000000266e+00 2.999935169539985277e-02
3.060000000000000053e+00 2.999935169539997420e-02
3.070000000000000284e+00 2.999935169539988747e-02
3.080000000000000071e+00 2.999935169539950930e-02
3.089999999999999858e+00 2.999935169539988053e-02
3.100000000000000089e+00 2.999935169539991522e-02
3.109999999999999876e+00 2.999935169539939828e-02
3.120000000000000107e+00 2.999935169539986665e-02
3.129999999999999893e+00 2.999935169540055707e-02
3.140000000000000124e+00 2.999935169539948848e-02
3.149999999999999911e+00 2.999935169539932889e-02
3.160000000000000142e+00 2.999935169540021707e-02
3.169999999999999929e+00 2.999935169540125096e-02
3.180000000000000160e+00 2.999935169539824642e-02
3.189999999999999947e+00 2.999935169540054666e-02
3.200000000000000178e+00 2.999935169540075483e-02
3.209999999999999964e+00 2.999935169539998461e-02
3.220000000000000195e+00 2.999935169539931501e-02
3.229999999999999982e+00 2.999935169539951971e-02
3.240000000000000213e+00 2.999935169540076871e-02
3.250000000000000000e+00 2.999935169540028992e-02
3.260000000000000231e+00 2.999935169539967930e-02
3.270000000000000018e+00 2.999935169539954399e-02
3.280000000000000249e+00 2.999935169539937399e-02
3.290000000000000036e+00 2.999935169539856561e-02
3.300000000000000266e+00 2.999935169540124402e-02
3.310000000000000053e+00 2.999935169539964114e-02
3.320000000000000284e+00 2.999935169540082769e-02
3.330000000000000071e+00 2.999935169540071320e-02
3.339999999999999858e+00 2.999935169539939481e-02
3.350000000000000089e+00 2.999935169539975563e-02
3.359999999999999876e+00 2.999935169539876337e-02
3.370000000000000107e+00 2.999935169539938440e-02
3.379999999999999893e+00 2.999935169539908256e-02
3.390000000000000124e+00 2.999935169539931848e-02
3.399999999999999911e+00 2.999935169540045299e-02
3.410000000000000142e+00 2.999935169539993604e-02
3.419999999999999929e+00 2.999935169539976604e-02
3.430000000000000160e+00 2.999935169539992216e-02
3.439999999999999947e+00 2.999935169540010604e-02
3.450000000000000178e+00 2.999935169540068197e-02
3.459999999999999964e+00 2.999935169539932195e-02
3.470000000000000195e+00 2.999935169539854479e-02
3.479999999999999982e+00 2.999935169539942256e-02
3.490000000000000213e+00 2.999935169539995686e-02
3.500000000000000000e+00 2.999935169539892643e-02
3.510000000000000231e+00 2.999935169539923868e-02
3.520000000000000018e+00 2.999935169539926991e-02
3.530000000000000249e+00 2.999935169539956481e-02
3.540000000000000036e+00 2.999935169539952318e-02
3.550000000000000266e+00 2.999935169539962032e-02
3.560000000000000053e+00 2.999935169539963420e-02
3.570000000000000284e+00 2.999935169540010604e-02
3.580000000000000071e+00 2.999935169540034544e-02
3.589999999999999858e+00 2.999935169540028645e-02
3.600000000000000089e+00 2.999935169540128566e-02
3.609999999999999876e+00 2.999935169539914501e-02
3.620000000000000107e+00 2.999935169539996033e-02
3.629999999999999893e+00 2.999935169539952318e-02
3.640000000000000124e+00 2.999935169540015462e-02
3.649999999999999911e+00 2.999935169540007829e-02
3.660000000000000142e+00 2.999935169539980073e-02
3.669999999999999929e+00 2.999935169539960644e-02
3.680000000000000160e+00 2.999935169540009910e-02
3.689999999999999947e+00 2.999935169539962726e-02
3.700000000000000178e+00 2.999935169539948501e-02
3.709999999999999964e+00 2.999935169540018237e-02
3.720000000000000195e+00 2.999935169539953358e-02
3.729999999999999982e+00 2.999935169539943991e-02
3.740000000000000213e+00 2.999935169539959604e-02
3.750000000000000000e+00 2.999935169539959604e-02
3.760000000000000231e+00 2.999935169539978685e-02
3.770000000000000018e+00 2.999935169539927338e-02
3.780000000000000249e+00 2.999935169540012686e-02
3.790000000000000036e+00 2.999935169539911378e-02
3.800000000000000266e+00 2.999935169539992216e-02
3.810000000000000053e+00 2.999935169539941215e-02
3.820000000000000284e+00 2.999935169539963767e-02
3.830000000000000071e+00 2.999935169539984237e-02
3.839999999999999858e+00 2.999935169539993257e-02
3.850000000000000089e+00 2.999935169539963767e-02
3.859999999999999876e+00 2.999935169539999155e-02
3.870000000000000107e+00 2.999935169539987706e-02
3.879999999999999893e+00 2.999935169539971053e-02
3.890000000000000124e+00 2.999935169540016155e-02
3.899999999999999911e+00 2.999935169539974522e-02
3.910000000000000142e+00 2.999935169540009217e-02
3.919999999999999929e+00 2.999935169540041136e-02
3.930000000000000160e+00 2.999935169539972787e-02
3.939999999999999947e+00 2.999935169539953705e-02
3.950000000000000178e+00 2.999935169539993257e-02
3.959999999999999964e+00 2.999935169539958563e-02
3.970000000000000195e+00 2.999935169539968277e-02
3.979999999999999982e+00 2.999935169539953012e-02
3.990000000000000213e+00 2.999935169539941909e-02
4.000000000000000000e+00 2.999935169539988400e-02
4.009999999999999787e+00 2.999935169539960644e-02
4.020000000000000462e+00 2.999935169539939828e-02
4.030000000000000249e+00 2.999935169539964114e-02
4.040000000000000036e+00 2.999935169539945379e-02
4.049999999999999822e+00 2.999935169539960644e-02
4.060000000000000497e+00 2.999935169539971747e-02
4.070000000000000284e+00 2.999935169539922133e-02
4.080000000000000071e+00 2.999935169539968971e-02
4.089999999999999858e+00 2.999935169539935664e-02
4.099999999999999645e+00 2.999935169539949542e-02
4.110000000000000320e+00 2.999935169539934277e-02
4.120000000000000107e+00 2.999935169539955093e-02
4.129999999999999893e+00 2.999935169539985971e-02
4.139999999999999680e+00 2.999935169539954399e-02
4.150000000000000355e+00 2.999935169539984237e-02
4.160000000000000142e+00 2.999935169539962379e-02
4.169999999999999929e+00 2.999935169540004706e-02
4.179999999999999716e+00 2.999935169539976604e-02
4.190000000000000391e+00 2.999935169539963420e-02
4.200000000000000178e+00 2.999935169539968277e-02
4.209999999999999964e+00 2.999935169540018584e-02
4.219999999999999751e+00 2.999935169539961338e-02
4.230000000000000426e+00 2.999935169539989094e-02
4.240000000000000213e+00 2.999935169539969318e-02
4.250000000000000000e+00 2.999935169539957869e-02
4.259999999999999787e+00 2.999935169539937399e-02
4.270000000000000462e+00 2.999935169539968277e-02
4.280000000000000249e+00 2.999935169539981461e-02
4.290000000000000036e+00 2.999935169539949542e-02
4.299999999999999822e+00 2.999935169539981808e-02
4.310000000000000497e+00 2.999935169539965155e-02
4.320000000000000284e+00 2.999935169539950236e-02
4.330000000000000071e+00 2.999935169539959604e-02
4.339999999999999858e+00 2.999935169539971053e-02
4.350000000000000533e+00 2.999935169539973481e-02
4.360000000000000320e+00 2.999935169540000890e-02
4.370000000000000107e+00 2.999935169539955787e-02
4.379999999999999893e+00 2.999935169539974522e-02
4.389999999999999680e+00 2.999935169539963767e-02
4.400000000000000355e+00 2.999935169539964808e-02
4.410000000000000142e+00 2.999935169539981461e-02
4.419999999999999929e+00 2.999935169539980767e-02
4.429999999999999716e+00 2.999935169539987012e-02
4.440000000000000391e+00 2.999935169539990829e-02
4.450000000000000178e+00 2.999935169539975910e-02
4.459999999999999964e+00 2.999935169539956481e-02
4.469999999999999751e+00 2.999935169539984930e-02
4.480000000000000426e+00 2.999935169539976257e-02
4.490000000000000213e+00 2.999935169540002972e-02
4.500000000000000000e+00 2.999935169539984237e-02
4.509999999999999787e+00 2.999935169539981808e-02
4.520000000000000462e+00 2.999935169539986665e-02
4.530000000000000249e+00 2.999935169539986665e-02
4.540000000000000036e+00 2.999935169539986318e-02
4.549999999999999822e+00 2.999935169539989788e-02
4.560000000000000497e+00 2.999935169539977992e-02
4.570000000000000284e+00 2.999935169539979379e-02
4.580000000000000071e+00 2.999935169539981808e-02
4.589999999999999858e+00 2.999935169539978339e-02
4.600000000000000533e+00 2.999935169539976604e-02
4.610000000000000320e+00 2.999935169539987012e-02
4.620000000000000107e+00 2.999935169539985971e-02
4.629999999999999893e+00 2.999935169539981461e-02
4.639999999999999680e+00 2.999935169539984237e-02
4.650000000000000355e+00 2.999935169539989441e-02
4.660000000000000142e+00 2.999935169539987012e-02
4.669999999999999929e+00 2.999935169539982502e-02
4.679999999999999716e+00 2.999935169539988400e-02
4.690000000000000391e+00 2.999935169539983196e-02
4.700000000000000178e+00 2.999935169539988400e-02
4.709999999999999964e+00 2.999935169539991175e-02
4.719999999999999751e+00 2.999935169539985624e-02
4.730000000000000426e+00 2.999935169539988400e-02
4.740000000000000213e+00 2.999935169539985971e-02
4.750000000000000000e+00 2.999935169539982849e-02
4.759999999999999787e+00 2.999935169539986318e-02
4.770000000000000462e+00 2.999935169539984930e-02
4.780000000000000249e+00 2.999935169539985277e-02
4.790000000000000036e+00 2.999935169539990829e-02
4.799999999999999822e+00 2.999935169539989441e-02
4.810000000000000497e+00 2.999935169539988400e-02
4.820000000000000284e+00 2.999935169539990482e-02
4.830000000000000071e+00 2.999935169539993257e-02
4.839999999999999858e+00 2.999935169539989788e-02
4.850000000000000533e+00 2.999935169539992563e-02
4.860000000000000320e+00 2.999935169539993257e-02
4.870000000000000107e+00 2.999935169539994298e-02
4.879999999999999893e+00 2.999935169539995339e-02
4.889999999999999680e+00 2.999935169539997420e-02
4.900000000000000355e+00 2.999935169539996033e-02
4.910000000000000142e+00 2.999935169539996380e-02
4.919999999999999929e+00 2.999935169539996727e-02
4.929999999999999716e+00 2.999935169539997767e-02
4.940000000000000391e+00 2.999935169539999502e-02
4.950000000000000178e+00 2.999935169539999849e-02
4.959999999999999964e+00 2.999935169540001237e-02
4.969999999999999751e+00 2.999935169540000543e-02
4.980000000000000426e+00 2.999935169540002278e-02
4.990000000000000213e+00 2.999935169540002625e-02
5.000000000000000000e+00 2.999935169540003665e-02
5.009999999999999787e+00 2.999935169540005400e-02
5.020000000000000462e+00 2.999935169540005747e-02
5.030000000000000249e+00 2.999935169540005747e-02
5.040000000000000036e+00 2.999935169540007482e-02
5.049999999999999822e+00 2.999935169540006441e-02
5.060000000000000497e+00 2.999935169540007482e-02
5.070000000000000284e+00 2.999935169540008523e-02
5.080000000000000071e+00 2.999935169540008523e-02
5.089999999999999858e+00 2.999935169540007482e-02
5.100000000000000533e+00 2.999935169540009217e-02
5.110000000000000320e+00 2.999935169540010604e-02
5.120000000000000107e+00 2.999935169540012339e-02
5.129999999999999893e+00 2.999935169540012686e-02
5.139999999999999680e+00 2.999935169540014074e-02
5.150000000000000355e+00 2.999935169540015809e-02
5.160000000000000142e+00 2.999935169540015809e-02
5.169999999999999929e+00 2.999935169540016155e-02
5.179999999999999716e+00 2.999935169540017543e-02
5.190000000000000391e+00 2.999935169540017543e-02
5.200000000000000178e+00 2.999935169540018931e-02
5.209999999999999964e+00 2.999935169540021707e-02
5.219999999999999751e+00 2.999935169540022054e-02
5.230000000000000426e+00 2.999935169540022054e-02
5.240000000000000213e+00 2.999935169540021707e-02
5.250000000000000000e+00 2.999935169540024829e-02
5.259999999999999787e+00 2.999935169540022400e-02
5.270000000000000462e+00 2.999935169540025176e-02
5.280000000000000249e+00 2.999935169540026911e-02
5.290000000000000036e+00 2.999935169540028992e-02
5.299999999999999822e+00 2.999935169540030380e-02
5.310000000000000497e+00 2.999935169540024482e-02
5.320000000000000284e+00 2.999935169540026217e-02
5.330000000000000071e+00 2.999935169540030380e-02
5.339999999999999858e+00 2.999935169540027952e-02
5.350000000000000533e+00 2.999935169540030033e-02
5.360000000000000320e+00 2.999935169540027952e-02
5.370000000000000107e+00 2.999935169540033850e-02
5.379999999999999893e+00 2.999935169540034891e-02
5.389999999999999680e+00 2.999935169540038013e-02
5.400000000000000355e+00 2.999935169540037666e-02
5.410000000000000142e+00 2.999935169540025176e-02
5.419999999999999929e+00 2.999935169540028645e-02
5.429999999999999716e+00 2.999935169540034197e-02
5.440000000000000391e+00 2.999935169540027952e-02
5.450000000000000178e+00 2.999935169540033850e-02
5.459999999999999964e+00 2.999935169540039401e-02
5.469999999999999751e+00 2.999935169540044258e-02
5.480000000000000426e+00 2.999935169540043217e-02
5.490000000000000213e+00 2.999935169540049462e-02
5.500000000000000000e+00 2.999935169540035237e-02
5.509999999999999787e+00 2.999935169540033850e-02
5.520000000000000462e+00 2.999935169540043217e-02
5.530000000000000249e+00 2.999935169540031421e-02
5.540000000000000036e+00 2.999935169540035584e-02
5.549999999999999822e+00 2.999935169540034197e-02
5.560000000000000497e+00 2.999935169540036278e-02
5.570000000000000284e+00 2.999935169540045993e-02
5.580000000000000071e+00 2.999935169540045299e-02
5.589999999999999858e+00 2.999935169540022400e-02
5.600000000000000533e+00 2.999935169540010604e-02
5.610000000000000320e+00 2.999935169540050156e-02
5.620000000000000107e+00 2.999935169540064381e-02
5.629999999999999893e+00 2.999935169540066116e-02
5.639999999999999680e+00 2.999935169540063340e-02
5.650000000000000355e+00 2.999935169540026564e-02
5.660000000000000142e+00 2.999935169540050156e-02
5.669999999999999929e+00 2.999935169540050156e-02
5.679999999999999716e+00 2.999935169540066462e-02
5.690000000000000391e+00 2.999935169540041829e-02
5.700000000000000178e+00 2.999935169540038013e-02
5.709999999999999964e+00 2.999935169540069932e-02
5.719999999999999751e+00 2.999935169540036972e-02
5.730000000000000426e+00 2.999935169540056401e-02
5.740000000000000213e+00 2.999935169540016849e-02
5.750000000000000000e+00 2.999935169540008523e-02
5.759999999999999787e+00 2.999935169540038013e-02
5.770000000000000462e+00 2.999935169540060564e-02
5.780000000000000249e+00 2.999935169540029339e-02
5.790000000000000036e+00 2.999935169540056401e-02
5.799999999999999822e+00 2.999935169540060911e-02
5.810000000000000497e+00 2.999935169540049462e-02
5.820000000000000284e+00 2.999935169540055707e-02
5.830000000000000071e+00 2.999935169540048768e-02
5.839999999999999858e+00 2.999935169540100116e-02
5.850000000000000533e+00 2.999935169540041136e-02
5.860000000000000320e+00 2.999935169540021360e-02
5.870000000000000107e+00 2.999935169540084157e-02
5.879999999999999893e+00 2.999935169540057095e-02
5.889999999999999680e+00 2.999935169540034891e-02
5.900000000000000355e+00 2.999935169540071320e-02
5.910000000000000142e+00 2.999935169540069585e-02
5.919999999999999929e+00 2.999935169540113994e-02
5.929999999999999716e+00 2.999935169540057442e-02
5.940000000000000391e+00 2.999935169540059177e-02
5.950000000000000178e+00 2.999935169540106014e-02
5.959999999999999964e+00 2.999935169540073054e-02
5.969999999999999751e+00 2.999935169540076524e-02
5.980000000000000426e+00 2.999935169540076871e-02
5.990000000000000213e+00 2.999935169540099422e-02
6.000000000000000000e+00 2.999935169540047034e-02
6.009999999999999787e+00 2.999935169540100810e-02
6.020000000000000462e+00 2.999935169540064381e-02
6.030000000000000249e+00 2.999935169540056401e-02
6.040000000000000036e+00 2.999935169540039054e-02
6.049999999999999822e+00 2.999935169540098728e-02
6.060000000000000497e+00 2.999935169540054666e-02
6.070000000000000284e+00 2.999935169540072361e-02
6.080000000000000071e+00 2.999935169540055013e-02
6.089999999999999858e+00 2.999935169540102892e-02
6.100000000000000533e+00 2.999935169540099422e-02
6.110000000000000320e+00 2.999935169540064034e-02
6.120000000000000107e+00 2.999935169540068197e-02
6.129999999999999893e+00 2.999935169540095259e-02
6.140000000000000568e+00 2.999935169540128566e-02
6.150000000000000355e+00 2.999935169540125096e-02
6.160000000000000142e+00 2.999935169540096647e-02
6.169999999999999929e+00 2.999935169540119545e-02
6.179999999999999716e+00 2.999935169540060564e-02
6.190000000000000391e+00 2.999935169540079993e-02
6.200000000000000178e+00 2.999935169540143137e-02
6.209999999999999964e+00 2.999935169540035584e-02
6.219999999999999751e+00 2.999935169540104626e-02
6.230000000000000426e+00 2.999935169540017890e-02
6.240000000000000213e+00 2.999935169540103586e-02
6.250000000000000000e+00 2.999935169540110177e-02
6.259999999999999787e+00 2.999935169540076524e-02
6.270000000000000462e+00 2.999935169540101504e-02
6.280000000000000249e+00 2.999935169540043564e-02
6.290000000000000036e+00 2.999935169540154586e-02
6.299999999999999822e+00 2.999935169540067503e-02
6.310000000000000497e+00 2.999935169540034197e-02
6.320000000000000284e+00 2.999935169540168117e-02
6.330000000000000071e+00 2.999935169540051197e-02
6.339999999999999858e+00 2.999935169540111218e-02
6.350000000000000533e+00 2.999935169540095259e-02
6.360000000000000320e+00 2.999935169540039748e-02
6.370000000000000107e+00 2.999935169540125790e-02
6.379999999999999893e+00 2.999935169540113994e-02
6.390000000000000568e+00 2.999935169540045299e-02
6.400000000000000355e+00 2.999935169540083810e-02
6.410000000000000142e+00 2.999935169540081381e-02
6.419999999999999929e+00 2.999935169540039054e-02
6.429999999999999716e+00 2.999935169540157015e-02
6.440000000000000391e+00 2.999935169540101504e-02
6.450000000000000178e+00 2.999935169540113300e-02
6.459999999999999964e+00 2.999935169540138280e-02
6.469999999999999751e+00 2.999935169540077565e-02
6.480000000000000426e+00 2.999935169540042176e-02
6.490000000000000213e+00 2.999935169540170546e-02
6.500000000000000000e+00 2.999935169540022054e-02
6.509999999999999787e+00 2.999935169540089014e-02
6.520000000000000462e+00 2.999935169540034891e-02
6.530000000000000249e+00 2.999935169540027258e-02
6.540000000000000036e+00 2.999935169540061605e-02
6.549999999999999822e+00 2.999935169540095953e-02
6.560000000000000497e+00 2.999935169540058136e-02
6.570000000000000284e+00 2.999935169540150423e-02
6.580000000000000071e+00 2.999935169540127872e-02
6.589999999999999858e+00 2.999935169540127178e-02
6.600000000000000533e+00 2.999935169540102545e-02
6.610000000000000320e+00 2.999935169540033503e-02
6.620000000000000107e+00 2.999935169540165689e-02
6.629999999999999893e+00 2.999935169540027258e-02
6.640000000000000568e+00 2.999935169540129606e-02
6.650000000000000355e+00 2.999935169540165342e-02
6.660000000000000142e+00 2.999935169540212179e-02
6.669999999999999929e+00 2.999935169540074095e-02
6.679999999999999716e+00 2.999935169540094912e-02
6.690000000000000391e+00 2.999935169540078952e-02
6.700000000000000178e+00 2.999935169540116076e-02
6.709999999999999964e+00 2.999935169540152505e-02
6.719999999999999751e+00 2.999935169540141749e-02
6.730000000000000426e+00 2.999935169540018931e-02
6.740000000000000213e+00 2.999935169540014074e-02
6.750000000000000000e+00 2.999935169540076871e-02
6.759999999999999787e+00 2.999935169540182689e-02
6.770000000000000462e+00 2.999935169540024482e-02
6.780000000000000249e+00 2.999935169540174015e-02
6.790000000000000036e+00 2.999935169540075483e-02
6.799999999999999822e+00 2.999935169540076524e-02
6.810000000000000497e+00 2.999935169540048768e-02
6.820000000000000284e+00 2.999935169539975563e-02
6.830000000000000071e+00 2.999935169540165689e-02
6.839999999999999858e+00 2.999935169540202465e-02
6.850000000000000533e+00 2.999935169540221200e-02
6.860000000000000320e+00 2.999935169540163260e-02
6.870000000000000107e+00 2.999935169540105667e-02
6.879999999999999893e+00 2.999935169540022747e-02
6.890000000000000568e+00 2.999935169540059177e-02
6.900000000000000355e+00 2.999935169540046687e-02
6.910000000000000142e+00 2.999935169540173321e-02
6.919999999999999929e+00 2.999935169540226404e-02
6.929999999999999716e+00 2.999935169540175750e-02
6.940000000000000391e+00 2.999935169540110524e-02
6.950000000000000178e+00 2.999935169540213567e-02
6.959999999999999964e+00 2.999935169540141403e-02
6.969999999999999751e+00 2.999935169540091442e-02
6.980000000000000426e+00 2.999935169540186158e-02
6.990000000000000213e+00 2.999935169540150770e-02
7.000000000000000000e+00 2.999935169540079993e-02
7.009999999999999787e+00 2.999935169540127178e-02
7.020000000000000462e+00 2.999935169540110177e-02
7.030000000000000249e+00 2.999935169540157709e-02
7.040000000000000036e+00 2.999935169540255547e-02
7.049999999999999822e+00 2.999935169540147648e-02
7.060000000000000497e+00 2.999935169540145219e-02
7.070000000000000284e+00 2.999935169540280527e-02
7.080000000000000071e+00 2.999935169540127872e-02
7.089999999999999858e+00 2.999935169540230567e-02
7.100000000000000533e+00 2.999935169540050503e-02
7.110000000000000320e+00 2.999935169540174709e-02
7.120000000000000107e+00 2.999935169540166729e-02
7.129999999999999893e+00 2.999935169540134811e-02
7.140000000000000568e+00 2.999935169540124402e-02
7.150000000000000355e+00 2.999935169540264915e-02
7.160000000000000142e+00 2.999935169540074442e-02
7.169999999999999929e+00 2.999935169540187199e-02
7.179999999999999716e+00 2.999935169540118851e-02
7.190000000000000391e+00 2.999935169540104973e-02
7.200000000000000178e+00 2.999935169540191710e-02
7.209999999999999964e+00 2.999935169539988053e-02
7.219999999999999751e+00 2.999935169540131688e-02
7.230000000000000426e+00 2.999935169540146954e-02
7.240000000000000213e+00 2.999935169540140709e-02
7.250000000000000000e+00 2.999935169540176444e-02
7.259999999999999787e+00 2.999935169540112606e-02
7.270000000000000462e+00 2.999935169540101504e-02
7.280000000000000249e+00 2.999935169540232649e-02
7.290000000000000036e+00 2.999935169540133423e-02
7.299999999999999822e+00 2.999935169540073748e-02
7.310000000000000497e+00 2.999935169540203159e-02
7.320000000000000284e+00 2.999935169540088667e-02
7.330000000000000071e+00 2.999935169540241323e-02
7.339999999999999858e+00 2.999935169540039748e-02
7.350000000000000533e+00 2.999935169540102198e-02
7.360000000000000320e+00 2.999935169540329793e-02
7.370000000000000107e+00 2.999935169540149382e-02
7.379999999999999893e+00 2.999935169540166383e-02
7.390000000000000568e+00 2.999935169540094912e-02
7.400000000000000355e+00 2.999935169540074095e-02
7.410000000000000142e+00 2.999935169540165342e-02
7.419999999999999929e+00 2.999935169540055707e-02
7.429999999999999716e+00 2.999935169540185464e-02
7.440000000000000391e+00 2.999935169540152505e-02
7.450000000000000178e+00 2.999935169540066116e-02
7.459999999999999964e+00 2.999935169540221200e-02
7.469999999999999751e+00 2.999935169540235771e-02
7.480000000000000426e+00 2.999935169540132382e-02
7.490000000000000213e+00 2.999935169540063340e-02
7.500000000000000000e+00 2.999935169540147301e-02
7.509999999999999787e+00 2.999935169540138974e-02
7.520000000000000462e+00 2.999935169540192403e-02
7.530000000000000249e+00 2.999935169540227098e-02
7.540000000000000036e+00 2.999935169540113994e-02
7.549999999999999822e+00 2.999935169540324242e-02
7.560000000000000497e+00 2.999935169540159791e-02
7.570000000000000284e+00 2.999935169540206975e-02
7.580000000000000071e+00 2.999935169540213914e-02
7.589999999999999858e+00 2.999935169540222241e-02
7.600000000000000533e+00 2.999935169540316610e-02
7.610000000000000320e+00 2.999935169540186158e-02
7.620000000000000107e+00 2.999935169540143831e-02
7.629999999999999893e+00 2.999935169540179913e-02
7.640000000000000568e+00 2.999935169540320079e-02
7.650000000000000355e+00 2.999935169540275670e-02
7.660000000000000142e+00 2.999935169540135504e-02
7.669999999999999929e+00 2.999935169540234731e-02
7.679999999999999716e+00 2.999935169540170199e-02
7.690000000000000391e+00 2.999935169540187546e-02
7.700000000000000178e+00 2.999935169540197955e-02
7.709999999999999964e+00 2.999935169540269772e-02
7.719999999999999751e+00 2.999935169540268731e-02
7.730000000000000426e+00 2.999935169540147301e-02
7.740000000000000213e+00 2.999935169540284691e-02
7.750000000000000000e+00 2.999935169540120239e-02
7.759999999999999787e+00 2.999935169540210445e-02
7.770000000000000462e+00 2.999935169540085544e-02
7.780000000000000249e+00 2.999935169540277752e-02
7.790000000000000036e+00 2.999935169540092136e-02
7.799999999999999822e+00 2.999935169540336038e-02
7.810000000000000497e+00 2.999935169540203506e-02
7.820000000000000284e+00 2.999935169540109137e-02
7.830000000000000071e+00 2.999935169540280874e-02
7.839999999999999858e+00 2.999935169540296834e-02
7.850000000000000533e+00 2.999935169540122321e-02
7.860000000000000320e+00 2.999935169540265956e-02
7.870000000000000107e+00 2.999935169540178873e-02
7.879999999999999893e+00 2.999935169540347835e-02
7.890000000000000568e+00 2.999935169540256241e-02
7.900000000000000355e+00 2.999935169540271507e-02
7.910000000000000142e+00 2.999935169540160138e-02
7.919999999999999929e+00 2.999935169540223281e-02
7.930000000000000604e+00 2.999935169540161872e-02
7.940000000000000391e+00 2.999935169540121627e-02
7.950000000000000178e+00 2.999935169540186852e-02
7.959999999999999964e+00 2.999935169540320426e-02
7.969999999999999751e+00 2.999935169540326324e-02
7.980000000000000426e+00 2.999935169540263180e-02
7.990000000000000213e+00 2.999935169540222935e-02
8.000000000000000000e+00 2.999935169540149382e-02
8.009999999999999787e+00 2.999935169540278099e-02
8.019999999999999574e+00 2.999935169540181995e-02
8.029999999999999361e+00 2.999935169540151464e-02
8.040000000000000924e+00 2.999935169540146260e-02
8.050000000000000711e+00 2.999935169540172974e-02
8.060000000000000497e+00 2.999935169540314528e-02
8.070000000000000284e+00 2.999935169540301344e-02
8.080000000000000071e+00 2.999935169540147994e-02
8.089999999999999858e+00 2.999935169540265609e-02
8.099999999999999645e+00 2.999935169540065422e-02
8.109999999999999432e+00 2.999935169540137933e-02
8.120000000000000995e+00 2.999935169540243751e-02
8.130000000000000782e+00 2.999935169540105667e-02
8.140000000000000568e+00 2.999935169540161525e-02
8.150000000000000355e+00 2.999935169540275323e-02
8.160000000000000142e+00 2.999935169540345753e-02
8.169999999999999929e+00 2.999935169540238200e-02
8.179999999999999716e+00 2.999935169540220853e-02
8.189999999999999503e+00 2.999935169540340202e-02
8.199999999999999289e+00 2.999935169540299956e-02
8.210000000000000853e+00 2.999935169540095259e-02
8.220000000000000639e+00 2.999935169540378713e-02
8.230000000000000426e+00 2.999935169540138280e-02
8.240000000000000213e+00 2.999935169540187893e-02
8.250000000000000000e+00 2.999935169540406815e-02
8.259999999999999787e+00 2.999935169540186852e-02
8.269999999999999574e+00 2.999935169540281915e-02
8.279999999999999361e+00 2.999935169540382182e-02
8.290000000000000924e+00 2.999935169540198301e-02
8.300000000000000711e+00 2.999935169540401264e-02
8.310000000000000497e+00 2.999935169540482449e-02
8.320000000000000284e+00 2.999935169540108790e-02
8.330000000000000071e+00 2.999935169540206281e-02
8.339999999999999858e+00 2.999935169540386692e-02
8.349999999999999645e+00 2.999935169540389468e-02
8.359999999999999432e+00 2.999935169540306201e-02
8.370000000000000995e+00 2.999935169540237506e-02
8.380000000000000782e+00 2.999935169540344018e-02
8.390000000000000568e+00 2.999935169540365876e-02
8.400000000000000355e+00 2.999935169540414101e-02
8.410000000000000142e+00 2.999935169540264568e-02
8.419999999999999929e+00 2.999935169540280874e-02
8.429999999999999716e+00 2.999935169540429714e-02
8.439999999999999503e+00 2.999935169540419305e-02
8.449999999999999289e+00 2.999935169540320079e-02
8.460000000000000853e+00 2.999935169540277752e-02
8.470000000000000639e+00 2.999935169540334304e-02
8.480000000000000426e+00 2.999935169540340896e-02
8.490000000000000213e+00 2.999935169540271160e-02
8.500000000000000000e+00 2.999935169540375243e-02
8.509999999999999787e+00 2.999935169540163260e-02
8.519999999999999574e+00 2.999935169540168117e-02
8.529999999999999361e+00 2.999935169540291283e-02
8.540000000000000924e+00 2.999935169540446020e-02
8.550000000000000711e+00 2.999935169540270119e-02
8.560000000000000497e+00 2.999935169540352692e-02
8.570000000000000284e+00 2.999935169540260405e-02
8.580000000000000071e+00 2.999935169540392937e-02
8.589999999999999858e+00 2.999935169540329100e-02
8.599999999999999645e+00 2.999935169540249996e-02
8.609999999999999432e+00 2.999935169540288160e-02
8.620000000000000995e+00 2.999935169540406468e-02
8.630000000000000782e+00 2.999935169540330487e-02
8.640000000000000568e+00 2.999935169540227445e-02
8.650000000000000355e+00 2.999935169540410285e-02
8.660000000000000142e+00 2.999935169540431795e-02
8.669999999999999929e+00 2.999935169540270813e-02
8.679999999999999716e+00 2.999935169540206281e-02
8.689999999999999503e+00 2.999935169540408897e-02
8.700000000000001066e+00 2.999935169540391550e-02
8.710000000000000853e+00 2.999935169540390856e-02
8.720000000000000639e+00 2.999935169540460939e-02
8.730000000000000426e+00 2.999935169540481061e-02
8.740000000000000213e+00 2.999935169540331181e-02
8.750000000000000000e+00 2.999935169540246180e-02
8.759999999999999787e+00 2.999935169540349222e-02
8.769999999999999574e+00 2.999935169540550450e-02
8.779999999999999361e+00 2.999935169540506041e-02
8.790000000000000924e+00 2.999935169540316610e-02
8.800000000000000711e+00 2.999935169540481061e-02
8.810000000000000497e+00 2.999935169540544899e-02
8.820000000000000284e+00 2.999935169540395713e-02
8.830000000000000071e+00 2.999935169540347488e-02
8.839999999999999858e+00 2.999935169540463714e-02
8.849999999999999645e+00 2.999935169540343671e-02
8.859999999999999432e+00 2.999935169540327712e-02
8.870000000000000995e+00 2.999935169540327712e-02
8.880000000000000782e+00 2.999935169540354774e-02
8.890000000000000568e+00 2.999935169540437693e-02
8.900000000000000355e+00 2.999935169540333263e-02
8.910000000000000142e+00 2.999935169540273588e-02
8.919999999999999929e+00 2.999935169540420693e-02
8.929999999999999716e+00 2.999935169540328406e-02
8.939999999999999503e+00 2.999935169540474122e-02
8.950000000000001066e+00 2.999935169540316610e-02
8.960000000000000853e+00 2.999935169540359631e-02
8.970000000000000639e+00 2.999935169540366570e-02
8.980000000000000426e+00 2.999935169540533450e-02
8.990000000000000213e+00 2.999935169540027258e-02
9.000000000000000000e+00 2.999935169540447755e-02
9.009999999999999787e+00 2.999935169540263180e-02
9.019999999999999574e+00 2.999935169540191710e-02
9.029999999999999361e+00 2.999935169540343671e-02
9.040000000000000924e+00 2.999935169540371774e-02
9.050000000000000711e+00 2.999935169540158056e-02
9.060000000000000497e+00 2.999935169540461286e-02
9.070000000000000284e+00 2.999935169540444632e-02
9.080000000000000071e+00 2.999935169540387386e-02
9.089999999999999858e+00 2.999935169540327018e-02
9.099999999999999645e+00 2.999935169540188587e-02
9.109999999999999432e+00 2.999935169540195179e-02
9.120000000000000995e+00 2.999935169540184077e-02
9.130000000000000782e+00 2.999935169540464408e-02
9.140000000000000568e+00 2.999935169540288854e-02
9.150000000000000355e+00 2.999935169540222241e-02
9.160000000000000142e+00 2.999935169540319385e-02
9.169999999999999929e+00 2.999935169540302038e-02
9.179999999999999716e+00 2.999935169540401264e-02
9.189999999999999503e+00 2.999935169540289548e-02
9.200000000000001066e+00 2.999935169540280527e-02
9.210000000000000853e+00 2.999935169540732943e-02
9.220000000000000639e+00 2.999935169540246874e-02
9.230000000000000426e+00 2.999935169540195873e-02
9.240000000000000213e+00 2.999935169540260058e-02
9.250000000000000000e+00 2.999935169540628166e-02
9.259999999999999787e+00 2.999935169540186158e-02
9.269999999999999574e+00 2.999935169540829741e-02
9.279999999999999361e+00 2.999935169540362406e-02
9.290000000000000924e+00 2.999935169540399182e-02
9.300000000000000711e+00 2.999935169540487653e-02
9.310000000000000497e+00 2.999935169540351304e-02
9.320000000000000284e+00 2.999935169540411672e-02
9.330000000000000071e+00 2.999935169540282609e-02
9.339999999999999858e+00 2.999935169540283650e-02
9.349999999999999645e+00 2.999935169540228486e-02
9.359999999999999432e+00 2.999935169540248955e-02
9.370000000000000995e+00 2.999935169540107749e-02
9.380000000000000782e+00 2.999935169540422428e-02
9.390000000000000568e+00 2.999935169540362753e-02
9.400000000000000355e+00 2.999935169540458857e-02
9.410000000000000142e+00 2.999935169540382182e-02
9.419999999999999929e+00 2.999935169540395713e-02
9.429999999999999716e+00 2.999935169540319385e-02
9.439999999999999503e+00 2.999935169540560859e-02
9.450000000000001066e+00 2.999935169540700330e-02
9.460000000000000853e+00 2.999935169540184077e-02
9.470000000000000639e+00 2.999935169540545593e-02
9.480000000000000426e+00 2.999935169540494245e-02
9.490000000000000213e+00 2.999935169540232996e-02
9.500000000000000000e+00 2.999935169540542818e-02
9.509999999999999787e+00 2.999935169540371080e-02
9.519999999999999574e+00 2.999935169540402999e-02
9.529999999999999361e+00 2.999935169540788801e-02
9.540000000000000924e+00 2.999935169540671534e-02
9.550000000000000711e+00 2.999935169540014768e-02
9.560000000000000497e+00 2.999935169540335345e-02
9.570000000000000284e+00 2.999935169540329793e-02
9.580000000000000071e+00 2.999935169540107749e-02
9.589999999999999858e+00 2.999935169540431795e-02
9.599999999999999645e+00 2.999935169540469265e-02
9.609999999999999432e+00 2.999935169540528246e-02
9.620000000000000995e+00 2.999935169540269425e-02
9.630000000000000782e+00 2.999935169540533450e-02
9.640000000000000568e+00 2.999935169540440122e-02
9.650000000000000355e+00 2.999935169540411672e-02
9.660000000000000142e+00 2.999935169540557389e-02
9.669999999999999929e+00 2.999935169540025176e-02
9.679999999999999716e+00 2.999935169540747168e-02
9.689999999999999503e+00 2.999935169540505348e-02
9.700000000000001066e+00 2.999935169540543511e-02
9.710000000000000853e+00 2.999935169540645513e-02
9.720000000000000639e+00 2.999935169540393284e-02
9.730000000000000426e+00 2.999935169540727045e-02
9.740000000000000213e+00 2.999935169540612206e-02
9.750000000000000000e+00 2.999935169540331181e-02
9.759999999999999787e+00 2.999935169540076524e-02
9.769999999999999574e+00 2.999935169540462673e-02
9.779999999999999361e+00 2.999935169540036972e-02
9.790000000000000924e+00 2.999935169540490429e-02
9.800000000000000711e+00 2.999935169540255200e-02
9.810000000000000497e+00 2.999935169540571961e-02
9.820000000000000284e+00 2.999935169540585145e-02
9.830000000000000071e+00 2.999935169540629207e-02
9.839999999999999858e+00 2.999935169540402305e-02
9.849999999999999645e+00 2.999935169539904439e-02
9.859999999999999432e+00 2.999935169540336385e-02
9.870000000000000995e+00 2.999935169540741964e-02
9.880000000000000782e+00 2.999935169540337773e-02
9.890000000000000568e+00 2.999935169540426591e-02
9.900000000000000355e+00 2.999935169540295099e-02
9.910000000000000142e+00 2.999935169540302038e-02
9.919999999999999929e+00 2.999935169540619145e-02
9.929999999999999716e+00 2.999935169540706228e-02
9.939999999999999503e+00 2.999935169540291283e-02
9.950000000000001066e+00 2.999935169540631288e-02
9.960000000000000853e+00 2.999935169540705188e-02
9.970000000000000639e+00 2.999935169540225016e-02
