0.000000000000000000e+00 2.999938494115540061e-02
1.000000000000000021e-02 2.999938494115721513e-02
2.000000000000000042e-02 2.999938494115833229e-02
2.999999999999999889e-02 2.999938494115433202e-02
4.000000000000000083e-02 2.999938494115811025e-02
5.000000000000000278e-02 2.999938494115529306e-02
5.999999999999999778e-02 2.999938494115399895e-02
7.000000000000000666e-02 2.999938494115393650e-02
8.000000000000000167e-02 2.999938494115384630e-02
8.999999999999999667e-02 2.999938494115455406e-02
1.000000000000000056e-01 2.999938494115235790e-02
1.100000000000000006e-01 2.999938494115467896e-02
1.199999999999999956e-01 2.999938494115163973e-02
1.300000000000000044e-01 2.999938494115676757e-02
1.400000000000000133e-01 2.999938494115310730e-02
1.499999999999999944e-01 2.999938494115543183e-02
1.600000000000000033e-01 2.999938494115404405e-02
1.700000000000000122e-01 2.999938494115428345e-02
1.799999999999999933e-01 2.999938494115904353e-02
1.900000000000000022e-01 2.999938494115459570e-02
2.000000000000000111e-01 2.999938494115329118e-02
2.099999999999999922e-01 2.999938494115623674e-02
2.200000000000000011e-01 2.999938494115534510e-02
2.300000000000000100e-01 2.999938494115261811e-02
2.399999999999999911e-01 2.999938494115524795e-02
2.500000000000000000e-01 2.999938494115351323e-02
2.600000000000000089e-01 2.999938494115513693e-02
2.700000000000000178e-01 2.999938494115681614e-02
2.800000000000000266e-01 2.999938494115886659e-02
2.899999999999999800e-01 2.999938494115576143e-02
2.999999999999999889e-01 2.999938494115506060e-02
3.099999999999999978e-01 2.999938494115505019e-02
3.200000000000000067e-01 2.999938494115151483e-02
3.300000000000000155e-01 2.999938494115272566e-02
3.400000000000000244e-01 2.999938494115602511e-02
3.500000000000000333e-01 2.999938494115622634e-02
3.599999999999999867e-01 2.999938494115780493e-02
3.699999999999999956e-01 2.999938494115390181e-02
3.800000000000000044e-01 2.999938494115609103e-02
3.900000000000000133e-01 2.999938494115567816e-02
4.000000000000000222e-01 2.999938494115448120e-02
4.100000000000000311e-01 2.999938494115706594e-02
4.199999999999999845e-01 2.999938494115262505e-02
4.299999999999999933e-01 2.999938494115373874e-02
4.400000000000000022e-01 2.999938494115558796e-02
4.500000000000000111e-01 2.999938494115442916e-02
4.600000000000000200e-01 2.999938494115227464e-02
4.700000000000000289e-01 2.999938494115336751e-02
4.799999999999999822e-01 2.999938494115238913e-02
4.899999999999999911e-01 2.999938494115263546e-02
5.000000000000000000e-01 2.999938494115597654e-02
5.100000000000000089e-01 2.999938494115643103e-02
5.200000000000000178e-01 2.999938494115438406e-02
5.300000000000000266e-01 2.999938494115485937e-02
5.400000000000000355e-01 2.999938494115205606e-02
5.500000000000000444e-01 2.999938494115508489e-02
5.600000000000000533e-01 2.999938494115187912e-02
5.700000000000000622e-01 2.999938494115468590e-02
5.799999999999999600e-01 2.999938494115296506e-02
5.899999999999999689e-01 2.999938494115608062e-02
5.999999999999999778e-01 2.999938494115686818e-02
6.099999999999999867e-01 2.999938494115526877e-02
6.199999999999999956e-01 2.999938494115524795e-02
6.300000000000000044e-01 2.999938494115476570e-02
6.400000000000000133e-01 2.999938494115888393e-02
6.500000000000000222e-01 2.999938494115622634e-02
6.600000000000000311e-01 2.999938494115313506e-02
6.700000000000000400e-01 2.999938494115621940e-02
6.800000000000000488e-01 2.999938494115830800e-02
6.900000000000000577e-01 2.999938494115646920e-02
7.000000000000000666e-01 2.999938494115463039e-02
7.099999999999999645e-01 2.999938494115455059e-02
7.199999999999999734e-01 2.999938494115393650e-02
7.299999999999999822e-01 2.999938494115375262e-02
7.399999999999999911e-01 2.999938494115621593e-02
7.500000000000000000e-01 2.999938494115425916e-02
7.600000000000000089e-01 2.999938494115858209e-02
7.700000000000000178e-01 2.999938494115154258e-02
7.800000000000000266e-01 2.999938494115632695e-02
7.900000000000000355e-01 2.999938494115480039e-02
8.000000000000000444e-01 2.999938494115581694e-02
8.100000000000000533e-01 2.999938494115138299e-02
8.200000000000000622e-01 2.999938494115323567e-02
8.300000000000000711e-01 2.999938494115409610e-02
8.399999999999999689e-01 2.999938494115260076e-02
8.499999999999999778e-01 2.999938494115315935e-02
8.599999999999999867e-01 2.999938494115569898e-02
8.699999999999999956e-01 2.999938494115308649e-02
8.800000000000000044e-01 2.999938494115337098e-02
8.900000000000000133e-01 2.999938494115547694e-02
9.000000000000000222e-01 2.999938494115590021e-02
9.100000000000000311e-01 2.999938494115329118e-02
9.200000000000000400e-01 2.999938494115632001e-02
9.300000000000000488e-01 2.999938494115590368e-02
9.400000000000000577e-01 2.999938494115721166e-02
9.500000000000000666e-01 2.999938494115488366e-02
9.599999999999999645e-01 2.999938494115683002e-02
9.699999999999999734e-01 2.999938494115609103e-02
9.799999999999999822e-01 2.999938494115785698e-02
9.899999999999999911e-01 2.999938494115811025e-02
1.000000000000000000e+00 2.999938494115322526e-02
1.010000000000000009e+00 2.999938494115443263e-02
1.020000000000000018e+00 2.999938494115637205e-02
1.030000000000000027e+00 2.999938494114976623e-02
1.040000000000000036e+00 2.999938494115560531e-02
1.050000000000000044e+00 2.999938494115395038e-02
1.060000000000000053e+00 2.999938494115590715e-02
1.070000000000000062e+00 2.999938494115270832e-02
1.080000000000000071e+00 2.999938494115687165e-02
1.090000000000000080e+00 2.999938494115294424e-02
1.100000000000000089e+00 2.999938494115705206e-02
1.110000000000000098e+00 2.999938494115574061e-02
1.120000000000000107e+00 2.999938494115573367e-02
1.130000000000000115e+00 2.999938494115325302e-02
1.140000000000000124e+00 2.999938494115730533e-02
1.150000000000000133e+00 2.999938494115643103e-02
1.159999999999999920e+00 2.999938494115216708e-02
1.169999999999999929e+00 2.999938494115094584e-02
1.179999999999999938e+00 2.999938494115572327e-02
1.189999999999999947e+00 2.999938494115101523e-02
1.199999999999999956e+00 2.999938494115497040e-02
1.209999999999999964e+00 2.999938494115573021e-02
1.219999999999999973e+00 2.999938494115447080e-02
1.229999999999999982e+00 2.999938494115133442e-02
1.239999999999999991e+00 2.999938494115529306e-02
1.250000000000000000e+00 2.999938494115559837e-02
1.260000000000000009e+00 2.999938494115341261e-02
1.270000000000000018e+00 2.999938494115438753e-02
1.280000000000000027e+00 2.999938494115744411e-02
1.290000000000000036e+00 2.999938494115291301e-02
1.300000000000000044e+00 2.999938494115664614e-02
1.310000000000000053e+00 2.999938494115100482e-02
1.320000000000000062e+00 2.999938494115155299e-02
1.330000000000000071e+00 2.999938494115519244e-02
1.340000000000000080e+00 2.999938494115290955e-02
1.350000000000000089e+00 2.999938494115306914e-02
1.360000000000000098e+00 2.999938494115374915e-02
1.370000000000000107e+00 2.999938494115305526e-02
1.380000000000000115e+00 2.999938494115518897e-02
1.390000000000000124e+00 2.999938494115395732e-02
1.400000000000000133e+00 2.999938494115075502e-02
1.409999999999999920e+00 2.999938494115509877e-02
1.419999999999999929e+00 2.999938494115574061e-02
1.429999999999999938e+00 2.999938494115839127e-02
1.439999999999999947e+00 2.999938494115953966e-02
1.449999999999999956e+00 2.999938494115731227e-02
1.459999999999999964e+00 2.999938494115526530e-02
1.469999999999999973e+00 2.999938494115927251e-02
1.479999999999999982e+00 2.999938494115541449e-02
1.489999999999999991e+00 2.999938494115243076e-02
1.500000000000000000e+00 2.999938494115530346e-02
1.510000000000000009e+00 2.999938494115630960e-02
1.520000000000000018e+00 2.999938494115558449e-02
1.530000000000000027e+00 2.999938494115272913e-02
1.540000000000000036e+00 2.999938494115399895e-02
1.550000000000000044e+00 2.999938494115364854e-02
1.560000000000000053e+00 2.999938494115374915e-02
1.570000000000000062e+00 2.999938494115588980e-02
1.580000000000000071e+00 2.999938494115499468e-02
1.590000000000000080e+00 2.999938494115292342e-02
1.600000000000000089e+00 2.999938494115477611e-02
1.610000000000000098e+00 2.999938494115216014e-02
1.620000000000000107e+00 2.999938494115623328e-02
1.630000000000000115e+00 2.999938494115197279e-02
1.640000000000000124e+00 2.999938494115395385e-02
1.650000000000000133e+00 2.999938494115478652e-02
1.660000000000000142e+00 2.999938494115321833e-02
1.669999999999999929e+00 2.999938494115615348e-02
1.679999999999999938e+00 2.999938494115302751e-02
1.689999999999999947e+00 2.999938494115369364e-02
1.699999999999999956e+00 2.999938494114985990e-02
1.709999999999999964e+00 2.999938494115359650e-02
1.719999999999999973e+00 2.999938494115487325e-02
1.729999999999999982e+00 2.999938494115527224e-02
1.739999999999999991e+00 2.999938494115281587e-02
1.750000000000000000e+00 2.999938494115245505e-02
1.760000000000000009e+00 2.999938494115625756e-02
1.770000000000000018e+00 2.999938494115444651e-02
1.780000000000000027e+00 2.999938494115218790e-02
1.790000000000000036e+00 2.999938494115591409e-02
1.800000000000000044e+00 2.999938494115273607e-02
1.810000000000000053e+00 2.999938494115412385e-02
1.820000000000000062e+00 2.999938494115457488e-02
1.830000000000000071e+00 2.999938494115228504e-02
1.840000000000000080e+00 2.999938494115781534e-02
1.850000000000000089e+00 2.999938494115362078e-02
1.860000000000000098e+00 2.999938494115738513e-02
1.870000000000000107e+00 2.999938494115506060e-02
1.880000000000000115e+00 2.999938494115590021e-02
1.890000000000000124e+00 2.999938494115257995e-02
1.900000000000000133e+00 2.999938494115231627e-02
1.910000000000000142e+00 2.999938494115579266e-02
1.919999999999999929e+00 2.999938494115327037e-02
1.929999999999999938e+00 2.999938494115307261e-02
1.939999999999999947e+00 2.999938494115550122e-02
1.949999999999999956e+00 2.999938494115502938e-02
1.959999999999999964e+00 2.999938494115204912e-02
1.969999999999999973e+00 2.999938494115471019e-02
1.979999999999999982e+00 2.999938494115367976e-02
1.989999999999999991e+00 2.999938494115396079e-02
2.000000000000000000e+00 2.999938494115270832e-02
2.010000000000000231e+00 2.999938494115271526e-02
2.020000000000000018e+00 2.999938494115449161e-02
2.030000000000000249e+00 2.999938494115561918e-02
2.040000000000000036e+00 2.999938494115587245e-02
2.049999999999999822e+00 2.999938494115197973e-02
2.060000000000000053e+00 2.999938494115561224e-02
2.069999999999999840e+00 2.999938494115231280e-02
2.080000000000000071e+00 2.999938494115630266e-02
2.089999999999999858e+00 2.999938494115771473e-02
2.100000000000000089e+00 2.999938494115494958e-02
2.109999999999999876e+00 2.999938494115100829e-02
2.120000000000000107e+00 2.999938494115104992e-02
2.129999999999999893e+00 2.999938494115423834e-02
2.140000000000000124e+00 2.999938494115531734e-02
2.149999999999999911e+00 2.999938494115361731e-02
2.160000000000000142e+00 2.999938494115596613e-02
2.169999999999999929e+00 2.999938494115863413e-02
2.180000000000000160e+00 2.999938494115490101e-02
2.189999999999999947e+00 2.999938494115120258e-02
2.200000000000000178e+00 2.999938494115170912e-02
2.209999999999999964e+00 2.999938494115672247e-02
2.220000000000000195e+00 2.999938494115481427e-02
2.229999999999999982e+00 2.999938494115329812e-02
2.240000000000000213e+00 2.999938494115471713e-02
2.250000000000000000e+00 2.999938494115788473e-02
2.260000000000000231e+00 2.999938494115671553e-02
2.270000000000000018e+00 2.999938494115301710e-02
2.280000000000000249e+00 2.999938494115536591e-02
2.290000000000000036e+00 2.999938494115796106e-02
2.300000000000000266e+00 2.999938494115711105e-02
2.310000000000000053e+00 2.999938494115390875e-02
2.319999999999999840e+00 2.999938494115387752e-02
2.330000000000000071e+00 2.999938494115298240e-02
2.339999999999999858e+00 2.999938494115668430e-02
2.350000000000000089e+00 2.999938494115523061e-02
2.359999999999999876e+00 2.999938494115291301e-02
2.370000000000000107e+00 2.999938494115255913e-02
2.379999999999999893e+00 2.999938494115558449e-02
2.390000000000000124e+00 2.999938494115348894e-02
2.399999999999999911e+00 2.999938494115353058e-02
2.410000000000000142e+00 2.999938494115442916e-02
2.419999999999999929e+00 2.999938494115635818e-02
2.430000000000000160e+00 2.999938494115763840e-02
2.439999999999999947e+00 2.999938494115380813e-02
2.450000000000000178e+00 2.999938494115214280e-02
2.459999999999999964e+00 2.999938494115819698e-02
2.470000000000000195e+00 2.999938494115589327e-02
2.479999999999999982e+00 2.999938494115212892e-02
2.490000000000000213e+00 2.999938494115601817e-02
2.500000000000000000e+00 2.999938494115646920e-02
2.510000000000000231e+00 2.999938494115356874e-02
2.520000000000000018e+00 2.999938494115620899e-02
2.530000000000000249e+00 2.999938494115399201e-02
2.540000000000000036e+00 2.999938494115444304e-02
2.550000000000000266e+00 2.999938494115365201e-02
2.560000000000000053e+00 2.999938494115907822e-02
2.569999999999999840e+00 2.999938494115267015e-02
2.580000000000000071e+00 2.999938494115646573e-02
2.589999999999999858e+00 2.999938494115199014e-02
2.600000000000000089e+00 2.999938494115301363e-02
2.609999999999999876e+00 2.999938494115501203e-02
2.620000000000000107e+00 2.999938494115383242e-02
2.629999999999999893e+00 2.999938494115693410e-02
2.640000000000000124e+00 2.999938494115339180e-02
2.649999999999999911e+00 2.999938494115413426e-02
2.660000000000000142e+00 2.999938494115278464e-02
2.669999999999999929e+00 2.999938494115520632e-02
2.680000000000000160e+00 2.999938494115412732e-02
2.689999999999999947e+00 2.999938494115410303e-02
2.700000000000000178e+00 2.999938494115454712e-02
2.709999999999999964e+00 2.999938494115602511e-02
2.720000000000000195e+00 2.999938494115435283e-02
2.729999999999999982e+00 2.999938494115700002e-02
2.740000000000000213e+00 2.999938494115324955e-02
2.750000000000000000e+00 2.999938494115305873e-02
2.760000000000000231e+00 2.999938494115553245e-02
2.770000000000000018e+00 2.999938494115380119e-02
2.780000000000000249e+00 2.999938494115793677e-02
2.790000000000000036e+00 2.999938494115158422e-02
2.800000000000000266e+00 2.999938494115600429e-02
2.810000000000000053e+00 2.999938494115266321e-02
2.819999999999999840e+00 2.999938494115289567e-02
2.830000000000000071e+00 2.999938494115538673e-02
2.839999999999999858e+00 2.999938494115743370e-02
2.850000000000000089e+00 2.999938494115363466e-02
2.859999999999999876e+00 2.999938494115442916e-02
2.870000000000000107e+00 2.999938494115866189e-02
2.879999999999999893e+00 2.999938494115484897e-02
2.890000000000000124e+00 2.999938494115314200e-02
2.899999999999999911e+00 2.999938494115452284e-02
2.910000000000000142e+00 2.999938494115651777e-02
2.919999999999999929e+00 2.999938494115246199e-02
2.930000000000000160e+00 2.999938494115802351e-02
2.939999999999999947e+00 2.999938494115049481e-02
2.950000000000000178e+00 2.999938494115549775e-02
2.959999999999999964e+00 2.999938494115701390e-02
2.970000000000000195e+00 2.999938494115758289e-02
2.979999999999999982e+00 2.999938494115901924e-02
2.990000000000000213e+00 2.999938494115252791e-02
3.000000000000000000e+00 2.999938494115834617e-02
3.010000000000000231e+00 2.999938494115278464e-02
3.020000000000000018e+00 2.999938494115157381e-02
3.030000000000000249e+00 2.999938494115442916e-02
3.040000000000000036e+00 2.999938494115670859e-02
3.050000000000000266e+00 2.999938494115311424e-02
3.060000000000000053e+00 2.999938494115015480e-02
3.070000000000000284e+00 2.999938494115369017e-02
3.080000000000000071e+00 2.999938494115277077e-02
3.089999999999999858e+00 2.999938494115348200e-02
3.100000000000000089e+00 2.999938494115478999e-02
3.109999999999999876e+00 2.999938494115456447e-02
3.120000000000000107e+00 2.999938494115616042e-02
3.129999999999999893e+00 2.999938494115527224e-02
3.140000000000000124e+00 2.999938494115792983e-02
3.149999999999999911e+00 2.999938494115557061e-02
3.160000000000000142e+00 2.999938494115457141e-02
3.169999999999999929e+00 2.999938494115508489e-02
3.180000000000000160e+00 2.999938494115146972e-02
3.189999999999999947e+00 2.999938494115473794e-02
3.200000000000000178e+00 2.999938494115259729e-02
3.209999999999999964e+00 2.999938494115497387e-02
3.220000000000000195e+00 2.999938494116023355e-02
3.229999999999999982e+00 2.999938494115483856e-02
3.240000000000000213e+00 2.999938494115437712e-02
3.250000000000000000e+00 2.999938494115380813e-02
3.260000000000000231e+00 2.999938494115527918e-02
3.270000000000000018e+00 2.999938494115253831e-02
3.280000000000000249e+00 2.999938494115548041e-02
3.290000000000000036e+00 2.999938494115495305e-02
3.300000000000000266e+00 2.999938494115474488e-02
3.310000000000000053e+00 2.999938494115444998e-02
3.320000000000000284e+00 2.999938494115663920e-02
3.330000000000000071e+00 2.999938494115615348e-02
3.339999999999999858e+00 2.999938494115379425e-02
3.350000000000000089e+00 2.999938494115382895e-02
3.359999999999999876e+00 2.999938494115782575e-02
3.370000000000000107e+00 2.999938494115628879e-02
3.379999999999999893e+00 2.999938494115381854e-02
3.390000000000000124e+00 2.999938494115900883e-02
3.399999999999999911e+00 2.999938494115437018e-02
3.410000000000000142e+00 2.999938494115502591e-02
3.419999999999999929e+00 2.999938494115847454e-02
3.430000000000000160e+00 2.999938494115512999e-02
3.439999999999999947e+00 2.999938494115429038e-02
3.450000000000000178e+00 2.999938494115579612e-02
3.459999999999999964e+00 2.999938494115481080e-02
3.470000000000000195e+00 2.999938494115130666e-02
3.479999999999999982e+00 2.999938494115131707e-02
3.490000000000000213e+00 2.999938494115602858e-02
3.500000000000000000e+00 2.999938494115157034e-02
3.510000000000000231e+00 2.999938494115181320e-02
3.520000000000000018e+00 2.999938494115482468e-02
3.530000000000000249e+00 2.999938494115399548e-02
3.540000000000000036e+00 2.999938494115284363e-02
3.550000000000000266e+00 2.999938494115816229e-02
3.560000000000000053e+00 2.999938494115756207e-02
3.570000000000000284e+00 2.999938494115617776e-02
3.580000000000000071e+00 2.999938494115626103e-02
3.589999999999999858e+00 2.999938494115561224e-02
3.600000000000000089e+00 2.999938494115544571e-02
3.609999999999999876e+00 2.999938494115339180e-02
3.620000000000000107e+00 2.999938494115572327e-02
3.629999999999999893e+00 2.999938494115555326e-02
3.640000000000000124e+00 2.999938494115440141e-02
3.649999999999999911e+00 2.999938494115263893e-02
3.660000000000000142e+00 2.999938494115160503e-02
3.669999999999999929e+00 2.999938494115398160e-02
3.680000000000000160e+00 2.999938494115260423e-02
3.689999999999999947e+00 2.999938494115658369e-02
3.700000000000000178e+00 2.999938494115319057e-02
3.709999999999999964e+00 2.999938494115379425e-02
3.720000000000000195e+00 2.999938494115546306e-02
3.729999999999999982e+00 2.999938494115618470e-02
3.740000000000000213e+00 2.999938494115355139e-02
3.750000000000000000e+00 2.999938494115482121e-02
3.760000000000000231e+00 2.999938494115399895e-02
3.770000000000000018e+00 2.999938494115508142e-02
3.780000000000000249e+00 2.999938494115359303e-02
3.790000000000000036e+00 2.999938494115362425e-02
3.800000000000000266e+00 2.999938494115513693e-02
3.810000000000000053e+00 2.999938494115513346e-02
3.820000000000000284e+00 2.999938494115059195e-02
3.830000000000000071e+00 2.999938494115063359e-02
3.839999999999999858e+00 2.999938494115491489e-02
3.850000000000000089e+00 2.999938494115353058e-02
3.859999999999999876e+00 2.999938494115264934e-02
3.870000000000000107e+00 2.999938494115716656e-02
3.879999999999999893e+00 2.999938494115599735e-02
3.890000000000000124e+00 2.999938494115295812e-02
3.899999999999999911e+00 2.999938494115438753e-02
3.910000000000000142e+00 2.999938494115503285e-02
3.919999999999999929e+00 2.999938494115596266e-02
3.930000000000000160e+00 2.999938494115245505e-02
3.939999999999999947e+00 2.999938494115213586e-02
3.950000000000000178e+00 2.999938494115417242e-02
3.959999999999999964e+00 2.999938494115558449e-02
3.970000000000000195e+00 2.999938494115893597e-02
3.979999999999999982e+00 2.999938494115404058e-02
3.990000000000000213e+00 2.999938494115108809e-02
4.000000000000000000e+00 2.999938494115179932e-02
4.009999999999999787e+00 2.999938494115488366e-02
4.020000000000000462e+00 2.999938494115959864e-02
4.030000000000000249e+00 2.999938494115476570e-02
4.040000000000000036e+00 2.999938494115027623e-02
4.049999999999999822e+00 2.999938494115673634e-02
4.060000000000000497e+00 2.999938494115595572e-02
4.070000000000000284e+00 2.999938494115478999e-02
4.080000000000000071e+00 2.999938494115336404e-02
4.089999999999999858e+00 2.999938494115754126e-02
4.099999999999999645e+00 2.999938494115215321e-02
4.110000000000000320e+00 2.999938494115421753e-02
4.120000000000000107e+00 2.999938494115299281e-02
4.129999999999999893e+00 2.999938494115381160e-02
4.139999999999999680e+00 2.999938494115482815e-02
4.150000000000000355e+00 2.999938494115071685e-02
4.160000000000000142e+00 2.999938494115863760e-02
4.169999999999999929e+00 2.999938494115286791e-02
4.179999999999999716e+00 2.999938494115465815e-02
4.190000000000000391e+00 2.999938494115211504e-02
4.200000000000000178e+00 2.999938494115362078e-02
4.209999999999999964e+00 2.999938494115127197e-02
4.219999999999999751e+00 2.999938494115375956e-02
4.230000000000000426e+00 2.999938494115442916e-02
4.240000000000000213e+00 2.999938494115637552e-02
4.250000000000000000e+00 2.999938494115188953e-02
4.259999999999999787e+00 2.999938494115607368e-02
4.270000000000000462e+00 2.999938494115446733e-02
4.280000000000000249e+00 2.999938494115337445e-02
4.290000000000000036e+00 2.999938494115372487e-02
4.299999999999999822e+00 2.999938494115347853e-02
4.310000000000000497e+00 2.999938494115347853e-02
4.320000000000000284e+00 2.999938494115182361e-02
4.330000000000000071e+00 2.999938494115711798e-02
4.339999999999999858e+00 2.999938494115688553e-02
4.350000000000000533e+00 2.999938494115336057e-02
4.360000000000000320e+00 2.999938494115340568e-02
4.370000000000000107e+00 2.999938494115237178e-02
4.379999999999999893e+00 2.999938494115565735e-02
4.389999999999999680e+00 2.999938494115645532e-02
4.400000000000000355e+00 2.999938494115450549e-02
4.410000000000000142e+00 2.999938494115689941e-02
4.419999999999999929e+00 2.999938494115406487e-02
4.429999999999999716e+00 2.999938494115320792e-02
4.440000000000000391e+00 2.999938494115494958e-02
4.450000000000000178e+00 2.999938494114999521e-02
4.459999999999999964e+00 2.999938494115773208e-02
4.469999999999999751e+00 2.999938494115406487e-02
4.480000000000000426e+00 2.999938494115317322e-02
4.490000000000000213e+00 2.999938494115505366e-02
4.500000000000000000e+00 2.999938494115370405e-02
4.509999999999999787e+00 2.999938494115308649e-02
4.520000000000000462e+00 2.999938494115494264e-02
4.530000000000000249e+00 2.999938494115492182e-02
4.540000000000000036e+00 2.999938494115267362e-02
4.549999999999999822e+00 2.999938494115830800e-02
4.560000000000000497e+00 2.999938494115690982e-02
4.570000000000000284e+00 2.999938494115179238e-02
4.580000000000000071e+00 2.999938494115606674e-02
4.589999999999999858e+00 2.999938494115396773e-02
4.600000000000000533e+00 2.999938494115777718e-02
4.610000000000000320e+00 2.999938494115364160e-02
4.620000000000000107e+00 2.999938494115248974e-02
4.629999999999999893e+00 2.999938494115520285e-02
4.639999999999999680e+00 2.999938494115263893e-02
4.650000000000000355e+00 2.999938494115325996e-02
4.660000000000000142e+00 2.999938494115609450e-02
4.669999999999999929e+00 2.999938494115488019e-02
4.679999999999999716e+00 2.999938494115674328e-02
4.690000000000000391e+00 2.999938494115227117e-02
4.700000000000000178e+00 2.999938494115676757e-02
4.709999999999999964e+00 2.999938494115470325e-02
4.719999999999999751e+00 2.999938494115264240e-02
4.730000000000000426e+00 2.999938494115503632e-02
4.740000000000000213e+00 2.999938494115736085e-02
4.750000000000000000e+00 2.999938494115160850e-02
4.759999999999999787e+00 2.999938494115765575e-02
4.770000000000000462e+00 2.999938494115534163e-02
4.780000000000000249e+00 2.999938494115599388e-02
4.790000000000000036e+00 2.999938494115179585e-02
4.799999999999999822e+00 2.999938494114992235e-02
4.810000000000000497e+00 2.999938494115328078e-02
4.820000000000000284e+00 2.999938494115636511e-02
4.830000000000000071e+00 2.999938494115597307e-02
4.839999999999999858e+00 2.999938494115223300e-02
4.850000000000000533e+00 2.999938494115727758e-02
4.860000000000000320e+00 2.999938494115310036e-02
4.870000000000000107e+00 2.999938494115575796e-02
4.879999999999999893e+00 2.999938494115469978e-02
4.889999999999999680e+00 2.999938494115703125e-02
4.900000000000000355e+00 2.999938494115729146e-02
4.910000000000000142e+00 2.999938494115425916e-02
4.919999999999999929e+00 2.999938494115382201e-02
4.929999999999999716e+00 2.999938494115426610e-02
4.940000000000000391e+00 2.999938494115677451e-02
4.950000000000000178e+00 2.999938494115093196e-02
4.959999999999999964e+00 2.999938494115575449e-02
4.969999999999999751e+00 2.999938494115325649e-02
4.980000000000000426e+00 2.999938494115586204e-02
4.990000000000000213e+00 2.999938494115213239e-02
5.000000000000000000e+00 2.999938494115523061e-02
5.009999999999999787e+00 2.999938494115680226e-02
5.020000000000000462e+00 2.999938494115354445e-02
5.030000000000000249e+00 2.999938494115333629e-02
5.040000000000000036e+00 2.999938494115077930e-02
5.049999999999999822e+00 2.999938494115540408e-02
5.060000000000000497e+00 2.999938494115254872e-02
5.070000000000000284e+00 2.999938494115455059e-02
5.080000000000000071e+00 2.999938494115161891e-02
5.089999999999999858e+00 2.999938494115568510e-02
5.100000000000000533e+00 2.999938494115584817e-02
5.110000000000000320e+00 2.999938494115370405e-02
5.120000000000000107e+00 2.999938494115489407e-02
5.129999999999999893e+00 2.999938494115754820e-02
5.139999999999999680e+00 2.999938494115205606e-02
5.150000000000000355e+00 2.999938494115533469e-02
5.160000000000000142e+00 2.999938494115478652e-02
5.169999999999999929e+00 2.999938494115485937e-02
5.179999999999999716e+00 2.999938494115082441e-02
5.190000000000000391e+00 2.999938494115651430e-02
5.200000000000000178e+00 2.999938494115246546e-02
5.209999999999999964e+00 2.999938494115251750e-02
5.219999999999999751e+00 2.999938494115452284e-02
5.230000000000000426e+00 2.999938494115636164e-02
5.240000000000000213e+00 2.999938494115523061e-02
5.250000000000000000e+00 2.999938494115321486e-02
5.259999999999999787e+00 2.999938494115471019e-02
5.270000000000000462e+00 2.999938494115507448e-02
5.280000000000000249e+00 2.999938494115398854e-02
5.290000000000000036e+00 2.999938494115654899e-02
5.299999999999999822e+00 2.999938494115797494e-02
5.310000000000000497e+00 2.999938494115539714e-02
5.320000000000000284e+00 2.999938494115299281e-02
5.330000000000000071e+00 2.999938494115167095e-02
5.339999999999999858e+00 2.999938494115350282e-02
5.350000000000000533e+00 2.999938494115373874e-02
5.360000000000000320e+00 2.999938494115211504e-02
5.370000000000000107e+00 2.999938494115590715e-02
5.379999999999999893e+00 2.999938494115333282e-02
5.389999999999999680e+00 2.999938494115037338e-02
5.400000000000000355e+00 2.999938494115363119e-02
5.410000000000000142e+00 2.999938494115203177e-02
5.419999999999999929e+00 2.999938494115840862e-02
5.429999999999999716e+00 2.999938494115341608e-02
5.440000000000000391e+00 2.999938494115352017e-02
5.450000000000000178e+00 2.999938494115539367e-02
5.459999999999999964e+00 2.999938494115467896e-02
5.469999999999999751e+00 2.999938494115711105e-02
5.480000000000000426e+00 2.999938494115481774e-02
5.490000000000000213e+00 2.999938494115341261e-02
5.500000000000000000e+00 2.999938494115377691e-02
5.509999999999999787e+00 2.999938494115685084e-02
5.520000000000000462e+00 2.999938494115394344e-02
5.530000000000000249e+00 2.999938494115452284e-02
5.540000000000000036e+00 2.999938494115479692e-02
5.549999999999999822e+00 2.999938494115172299e-02
5.560000000000000497e+00 2.999938494115534857e-02
5.570000000000000284e+00 2.999938494115398160e-02
5.580000000000000071e+00 2.999938494115307955e-02
5.589999999999999858e+00 2.999938494115593143e-02
5.600000000000000533e+00 2.999938494115277771e-02
5.610000000000000320e+00 2.999938494115874515e-02
5.620000000000000107e+00 2.999938494115428692e-02
5.629999999999999893e+00 2.999938494115490101e-02
5.639999999999999680e+00 2.999938494115224688e-02
5.650000000000000355e+00 2.999938494115358609e-02
5.660000000000000142e+00 2.999938494115459223e-02
5.669999999999999929e+00 2.999938494115152524e-02
5.679999999999999716e+00 2.999938494115066828e-02
5.690000000000000391e+00 2.999938494115473447e-02
5.700000000000000178e+00 2.999938494115258342e-02
5.709999999999999964e+00 2.999938494115232321e-02
5.719999999999999751e+00 2.999938494115434243e-02
5.730000000000000426e+00 2.999938494115337098e-02
5.740000000000000213e+00 2.999938494115613266e-02
5.750000000000000000e+00 2.999938494116141316e-02
5.759999999999999787e+00 2.999938494115399201e-02
5.770000000000000462e+00 2.999938494115777024e-02
5.780000000000000249e+00 2.999938494115839821e-02
5.790000000000000036e+00 2.999938494115391915e-02
5.799999999999999822e+00 2.999938494115552898e-02
5.810000000000000497e+00 2.999938494114959275e-02
5.820000000000000284e+00 2.999938494115449855e-02
5.830000000000000071e+00 2.999938494116013987e-02
5.839999999999999858e+00 2.999938494115261117e-02
5.850000000000000533e+00 2.999938494115693757e-02
5.860000000000000320e+00 2.999938494115642756e-02
5.870000000000000107e+00 2.999938494115639287e-02
5.879999999999999893e+00 2.999938494115503285e-02
5.889999999999999680e+00 2.999938494115809290e-02
5.900000000000000355e+00 2.999938494115459570e-02
5.910000000000000142e+00 2.999938494115272219e-02
5.919999999999999929e+00 2.999938494115630960e-02
5.929999999999999716e+00 2.999938494115740595e-02
5.940000000000000391e+00 2.999938494115726023e-02
5.950000000000000178e+00 2.999938494115487672e-02
5.959999999999999964e+00 2.999938494115540408e-02
5.969999999999999751e+00 2.999938494115703472e-02
5.980000000000000426e+00 2.999938494115361384e-02
5.990000000000000213e+00 2.999938494115928986e-02
6.000000000000000000e+00 2.999938494115638593e-02
6.009999999999999787e+00 2.999938494115354445e-02
6.020000000000000462e+00 2.999938494115541102e-02
6.030000000000000249e+00 2.999938494115745452e-02
6.040000000000000036e+00 2.999938494115332588e-02
6.049999999999999822e+00 2.999938494115459570e-02
6.060000000000000497e+00 2.999938494115276036e-02
6.070000000000000284e+00 2.999938494115417936e-02
6.080000000000000071e+00 2.999938494115158422e-02
6.089999999999999858e+00 2.999938494115621940e-02
6.100000000000000533e+00 2.999938494115454712e-02
6.110000000000000320e+00 2.999938494115206647e-02
6.120000000000000107e+00 2.999938494115822474e-02
6.129999999999999893e+00 2.999938494115710411e-02
6.140000000000000568e+00 2.999938494115493917e-02
6.150000000000000355e+00 2.999938494115559837e-02
6.160000000000000142e+00 2.999938494115632695e-02
6.169999999999999929e+00 2.999938494115372833e-02
6.179999999999999716e+00 2.999938494115517162e-02
6.190000000000000391e+00 2.999938494115364160e-02
6.200000000000000178e+00 2.999938494115194157e-02
6.209999999999999964e+00 2.999938494115177157e-02
6.219999999999999751e+00 2.999938494115309343e-02
6.230000000000000426e+00 2.999938494115579612e-02
6.240000000000000213e+00 2.999938494115627491e-02
6.250000000000000000e+00 2.999938494115685778e-02
6.259999999999999787e+00 2.999938494115475182e-02
6.270000000000000462e+00 2.999938494115497734e-02
6.280000000000000249e+00 2.999938494115335710e-02
6.290000000000000036e+00 2.999938494115449161e-02
6.299999999999999822e+00 2.999938494115379078e-02
6.310000000000000497e+00 2.999938494115603899e-02
6.320000000000000284e+00 2.999938494115659410e-02
6.330000000000000071e+00 2.999938494115152177e-02
6.339999999999999858e+00 2.999938494115189300e-02
6.350000000000000533e+00 2.999938494115215321e-02
6.360000000000000320e+00 2.999938494115613960e-02
6.370000000000000107e+00 2.999938494115566429e-02
6.379999999999999893e+00 2.999938494115469978e-02
6.390000000000000568e+00 2.999938494115728799e-02
6.400000000000000355e+00 2.999938494115543530e-02
6.410000000000000142e+00 2.999938494115316281e-02
6.419999999999999929e+00 2.999938494115258689e-02
6.429999999999999716e+00 2.999938494115352711e-02
6.440000000000000391e+00 2.999938494115464427e-02
6.450000000000000178e+00 2.999938494115409610e-02
6.459999999999999964e+00 2.999938494115523754e-02
6.469999999999999751e+00 2.999938494115502244e-02
6.480000000000000426e+00 2.999938494115517856e-02
6.490000000000000213e+00 2.999938494115376303e-02
6.500000000000000000e+00 2.999938494115213239e-02
6.509999999999999787e+00 2.999938494115348547e-02
6.520000000000000462e+00 2.999938494115501203e-02
6.530000000000000249e+00 2.999938494115199014e-02
6.540000000000000036e+00 2.999938494115547000e-02
6.549999999999999822e+00 2.999938494115629573e-02
6.560000000000000497e+00 2.999938494115383242e-02
6.570000000000000284e+00 2.999938494115142462e-02
6.580000000000000071e+00 2.999938494115263199e-02
6.589999999999999858e+00 2.999938494115207341e-02
6.600000000000000533e+00 2.999938494115260076e-02
6.610000000000000320e+00 2.999938494115308649e-02
6.620000000000000107e+00 2.999938494115016868e-02
6.629999999999999893e+00 2.999938494115182014e-02
6.640000000000000568e+00 2.999938494115834270e-02
6.650000000000000355e+00 2.999938494115415161e-02
6.660000000000000142e+00 2.999938494115444651e-02
6.669999999999999929e+00 2.999938494115181667e-02
6.679999999999999716e+00 2.999938494115779106e-02
6.690000000000000391e+00 2.999938494115652818e-02
6.700000000000000178e+00 2.999938494115499815e-02
6.709999999999999964e+00 2.999938494115350282e-02
6.719999999999999751e+00 2.999938494115483509e-02
6.730000000000000426e+00 2.999938494115126850e-02
6.740000000000000213e+00 2.999938494115177157e-02
6.750000000000000000e+00 2.999938494115834617e-02
6.759999999999999787e+00 2.999938494115524101e-02
6.770000000000000462e+00 2.999938494115588980e-02
6.780000000000000249e+00 2.999938494115228504e-02
6.790000000000000036e+00 2.999938494115842597e-02
6.799999999999999822e+00 2.999938494115871393e-02
6.810000000000000497e+00 2.999938494115429732e-02
6.820000000000000284e+00 2.999938494115705900e-02
6.830000000000000071e+00 2.999938494115662879e-02
6.839999999999999858e+00 2.999938494115108115e-02
6.850000000000000533e+00 2.999938494115852311e-02
6.860000000000000320e+00 2.999938494115486631e-02
6.870000000000000107e+00 2.999938494115405099e-02
6.879999999999999893e+00 2.999938494115616389e-02
6.890000000000000568e+00 2.999938494115695839e-02
6.900000000000000355e+00 2.999938494115626450e-02
6.910000000000000142e+00 2.999938494115216361e-02
6.919999999999999929e+00 2.999938494115565388e-02
6.929999999999999716e+00 2.999938494115575449e-02
6.940000000000000391e+00 2.999938494115620552e-02
6.950000000000000178e+00 2.999938494115706941e-02
6.959999999999999964e+00 2.999938494115295118e-02
6.969999999999999751e+00 2.999938494115339874e-02
6.980000000000000426e+00 2.999938494115342649e-02
6.990000000000000213e+00 2.999938494115340915e-02
7.000000000000000000e+00 2.999938494115615001e-02
7.009999999999999787e+00 2.999938494115421753e-02
7.020000000000000462e+00 2.999938494115448120e-02
7.030000000000000249e+00 2.999938494115388793e-02
7.040000000000000036e+00 2.999938494115347506e-02
7.049999999999999822e+00 2.999938494115691676e-02
7.060000000000000497e+00 2.999938494115666349e-02
7.070000000000000284e+00 2.999938494115545959e-02
7.080000000000000071e+00 2.999938494115325649e-02
7.089999999999999858e+00 2.999938494115163973e-02
7.100000000000000533e+00 2.999938494115625062e-02
7.110000000000000320e+00 2.999938494115367282e-02
7.120000000000000107e+00 2.999938494115492876e-02
7.129999999999999893e+00 2.999938494115765575e-02
7.140000000000000568e+00 2.999938494115380466e-02
7.150000000000000355e+00 2.999938494115424181e-02
7.160000000000000142e+00 2.999938494115596613e-02
7.169999999999999929e+00 2.999938494115307261e-02
7.179999999999999716e+00 2.999938494115712145e-02
7.190000000000000391e+00 2.999938494115576490e-02
7.200000000000000178e+00 2.999938494115581694e-02
7.209999999999999964e+00 2.999938494115455059e-02
7.219999999999999751e+00 2.999938494116160745e-02
7.230000000000000426e+00 2.999938494115584123e-02
7.240000000000000213e+00 2.999938494115622634e-02
7.250000000000000000e+00 2.999938494115757595e-02
7.259999999999999787e+00 2.999938494115804433e-02
7.270000000000000462e+00 2.999938494115675716e-02
7.280000000000000249e+00 2.999938494115618123e-02
7.290000000000000036e+00 2.999938494115681614e-02
7.299999999999999822e+00 2.999938494115574755e-02
7.310000000000000497e+00 2.999938494115265628e-02
7.320000000000000284e+00 2.999938494115443610e-02
7.330000000000000071e+00 2.999938494115621246e-02
7.339999999999999858e+00 2.999938494115271179e-02
7.350000000000000533e+00 2.999938494115405446e-02
7.360000000000000320e+00 2.999938494115393650e-02
7.370000000000000107e+00 2.999938494115205953e-02
7.379999999999999893e+00 2.999938494115506754e-02
7.390000000000000568e+00 2.999938494115376650e-02
7.400000000000000355e+00 2.999938494115298587e-02
7.410000000000000142e+00 2.999938494115307608e-02
7.419999999999999929e+00 2.999938494115546653e-02
7.429999999999999716e+00 2.999938494115463386e-02
7.440000000000000391e+00 2.999938494115730880e-02
7.450000000000000178e+00 2.999938494115614654e-02
7.459999999999999964e+00 2.999938494115501897e-02
7.469999999999999751e+00 2.999938494115767310e-02
7.480000000000000426e+00 2.999938494115366241e-02
7.490000000000000213e+00 2.999938494115207341e-02
7.500000000000000000e+00 2.999938494115375609e-02
7.509999999999999787e+00 2.999938494115630266e-02
7.520000000000000462e+00 2.999938494115359650e-02
7.530000000000000249e+00 2.999938494115401283e-02
7.540000000000000036e+00 2.999938494115785351e-02
7.549999999999999822e+00 2.999938494115405793e-02
7.560000000000000497e+00 2.999938494115649001e-02
7.570000000000000284e+00 2.999938494115458182e-02
7.580000000000000071e+00 2.999938494115625409e-02
7.589999999999999858e+00 2.999938494115372140e-02
7.600000000000000533e+00 2.999938494115573714e-02
7.610000000000000320e+00 2.999938494115735044e-02
7.620000000000000107e+00 2.999938494115517509e-02
7.629999999999999893e+00 2.999938494115598694e-02
7.640000000000000568e+00 2.999938494115580306e-02
7.650000000000000355e+00 2.999938494115989701e-02
7.660000000000000142e+00 2.999938494115464080e-02
7.669999999999999929e+00 2.999938494115504672e-02
7.679999999999999716e+00 2.999938494115397813e-02
7.690000000000000391e+00 2.999938494115644838e-02
7.700000000000000178e+00 2.999938494115702778e-02
7.709999999999999964e+00 2.999938494115434243e-02
7.719999999999999751e+00 2.999938494115420365e-02
7.730000000000000426e+00 2.999938494115358609e-02
7.740000000000000213e+00 2.999938494115742330e-02
7.750000000000000000e+00 2.999938494115199361e-02
7.759999999999999787e+00 2.999938494115458182e-02
7.770000000000000462e+00 2.999938494115487672e-02
7.780000000000000249e+00 2.999938494115510917e-02
7.790000000000000036e+00 2.999938494115431814e-02
7.799999999999999822e+00 2.999938494115627491e-02
7.810000000000000497e+00 2.999938494115632001e-02
7.820000000000000284e+00 2.999938494115239607e-02
7.830000000000000071e+00 2.999938494115726023e-02
7.839999999999999858e+00 2.999938494115598001e-02
7.850000000000000533e+00 2.999938494115554979e-02
7.860000000000000320e+00 2.999938494115461304e-02
7.870000000000000107e+00 2.999938494115645185e-02
7.879999999999999893e+00 2.999938494115409610e-02
7.890000000000000568e+00 2.999938494115567469e-02
7.900000000000000355e+00 2.999938494115423834e-02
7.910000000000000142e+00 2.999938494115529652e-02
7.919999999999999929e+00 2.999938494115562959e-02
7.930000000000000604e+00 2.999938494115306914e-02
7.940000000000000391e+00 2.999938494115922047e-02
7.950000000000000178e+00 2.999938494115394691e-02
7.959999999999999964e+00 2.999938494115254525e-02
7.969999999999999751e+00 2.999938494115403712e-02
7.980000000000000426e+00 2.999938494115518203e-02
7.990000000000000213e+00 2.999938494115218790e-02
8.000000000000000000e+00 2.999938494115565735e-02
8.009999999999999787e+00 2.999938494115542489e-02
8.019999999999999574e+00 2.999938494115841903e-02
8.029999999999999361e+00 2.999938494115743370e-02
8.040000000000000924e+00 2.999938494115630613e-02
8.050000000000000711e+00 2.999938494115423140e-02
8.060000000000000497e+00 2.999938494115363119e-02
8.070000000000000284e+00 2.999938494115170218e-02
8.080000000000000071e+00 2.999938494115437712e-02
8.089999999999999858e+00 2.999938494115595919e-02
8.099999999999999645e+00 2.999938494115254525e-02
8.109999999999999432e+00 2.999938494115832188e-02
8.120000000000000995e+00 2.999938494115739207e-02
8.130000000000000782e+00 2.999938494115968537e-02
8.140000000000000568e+00 2.999938494115971313e-02
8.150000000000000355e+00 2.999938494115331894e-02
8.160000000000000142e+00 2.999938494115425916e-02
8.169999999999999929e+00 2.999938494115446386e-02
8.179999999999999716e+00 2.999938494115560184e-02
8.189999999999999503e+00 2.999938494115672594e-02
8.199999999999999289e+00 2.999938494115365201e-02
8.210000000000000853e+00 2.999938494115189994e-02
8.220000000000000639e+00 2.999938494115980681e-02
8.230000000000000426e+00 2.999938494115159809e-02
8.240000000000000213e+00 2.999938494115525836e-02
8.250000000000000000e+00 2.999938494115092502e-02
8.259999999999999787e+00 2.999938494115690982e-02
8.269999999999999574e+00 2.999938494115214280e-02
8.279999999999999361e+00 2.999938494115492182e-02
8.290000000000000924e+00 2.999938494115590021e-02
8.300000000000000711e+00 2.999938494115186524e-02
8.310000000000000497e+00 2.999938494115915802e-02
8.320000000000000284e+00 2.999938494115761412e-02
8.330000000000000071e+00 2.999938494115738513e-02
8.339999999999999858e+00 2.999938494115352711e-02
8.349999999999999645e+00 2.999938494115680226e-02
8.359999999999999432e+00 2.999938494115420018e-02
8.370000000000000995e+00 2.999938494115586898e-02
8.380000000000000782e+00 2.999938494115818657e-02
8.390000000000000568e+00 2.999938494115377691e-02
8.400000000000000355e+00 2.999938494115573714e-02
8.410000000000000142e+00 2.999938494115279158e-02
8.419999999999999929e+00 2.999938494115421059e-02
8.429999999999999716e+00 2.999938494115812412e-02
8.439999999999999503e+00 2.999938494115551163e-02
8.449999999999999289e+00 2.999938494115311077e-02
8.460000000000000853e+00 2.999938494115443957e-02
8.470000000000000639e+00 2.999938494115577531e-02
8.480000000000000426e+00 2.999938494115560184e-02
8.490000000000000213e+00 2.999938494115595572e-02
8.500000000000000000e+00 2.999938494115686471e-02
8.509999999999999787e+00 2.999938494115108809e-02
8.519999999999999574e+00 2.999938494115536938e-02
8.529999999999999361e+00 2.999938494115351323e-02
8.540000000000000924e+00 2.999938494115721166e-02
8.550000000000000711e+00 2.999938494115596613e-02
8.560000000000000497e+00 2.999938494115780840e-02
8.570000000000000284e+00 2.999938494115654899e-02
8.580000000000000071e+00 2.999938494115162932e-02
8.589999999999999858e+00 2.999938494115618123e-02
8.599999999999999645e+00 2.999938494115517162e-02
8.609999999999999432e+00 2.999938494115472407e-02
8.620000000000000995e+00 2.999938494115495999e-02
8.630000000000000782e+00 2.999938494115756207e-02
8.640000000000000568e+00 2.999938494115259729e-02
8.650000000000000355e+00 2.999938494115559837e-02
8.660000000000000142e+00 2.999938494115495652e-02
8.669999999999999929e+00 2.999938494115559143e-02
8.679999999999999716e+00 2.999938494115560184e-02
8.689999999999999503e+00 2.999938494115426263e-02
8.700000000000001066e+00 2.999938494115289567e-02
8.710000000000000853e+00 2.999938494115757942e-02
8.720000000000000639e+00 2.999938494115579959e-02
8.730000000000000426e+00 2.999938494115789167e-02
8.740000000000000213e+00 2.999938494115519244e-02
8.750000000000000000e+00 2.999938494115500162e-02
8.759999999999999787e+00 2.999938494115792290e-02
8.769999999999999574e+00 2.999938494115793677e-02
8.779999999999999361e+00 2.999938494115269097e-02
8.790000000000000924e+00 2.999938494115657675e-02
8.800000000000000711e+00 2.999938494115547694e-02
8.810000000000000497e+00 2.999938494115495999e-02
8.820000000000000284e+00 2.999938494115427998e-02
8.830000000000000071e+00 2.999938494115233015e-02
8.839999999999999858e+00 2.999938494115204218e-02
8.849999999999999645e+00 2.999938494115852311e-02
8.859999999999999432e+00 2.999938494115417242e-02
8.870000000000000995e+00 2.999938494115250362e-02
8.880000000000000782e+00 2.999938494115303791e-02
8.890000000000000568e+00 2.999938494115561224e-02
8.900000000000000355e+00 2.999938494115541449e-02
8.910000000000000142e+00 2.999938494115297893e-02
8.919999999999999929e+00 2.999938494115524448e-02
8.929999999999999716e+00 2.999938494115449855e-02
8.939999999999999503e+00 2.999938494115617429e-02
8.950000000000001066e+00 2.999938494115735738e-02
8.960000000000000853e+00 2.999938494115705206e-02
8.970000000000000639e+00 2.999938494115166054e-02
8.980000000000000426e+00 2.999938494115521673e-02
8.990000000000000213e+00 2.999938494115564000e-02
9.000000000000000000e+00 2.999938494115181320e-02
9.009999999999999787e+00 2.999938494115423487e-02
9.019999999999999574e+00 2.999938494115142462e-02
9.029999999999999361e+00 2.999938494115667736e-02
9.040000000000000924e+00 2.999938494115390528e-02
9.050000000000000711e+00 2.999938494115391915e-02
9.060000000000000497e+00 2.999938494115499121e-02
9.070000000000000284e+00 2.999938494115209422e-02
9.080000000000000071e+00 2.999938494115594531e-02
9.089999999999999858e+00 2.999938494115558449e-02
9.099999999999999645e+00 2.999938494115630960e-02
9.109999999999999432e+00 2.999938494115906087e-02
9.120000000000000995e+00 2.999938494115642756e-02
9.130000000000000782e+00 2.999938494115714921e-02
9.140000000000000568e+00 2.999938494115704513e-02
9.150000000000000355e+00 2.999938494115077930e-02
9.160000000000000142e+00 2.999938494115759677e-02
9.169999999999999929e+00 2.999938494115796106e-02
9.179999999999999716e+00 2.999938494115583082e-02
9.189999999999999503e+00 2.999938494115652124e-02
9.200000000000001066e+00 2.999938494115506754e-02
9.210000000000000853e+00 2.999938494115267362e-02
9.220000000000000639e+00 2.999938494115450549e-02
9.230000000000000426e+00 2.999938494115555326e-02
9.240000000000000213e+00 2.999938494115197279e-02
9.250000000000000000e+00 2.999938494116090315e-02
9.259999999999999787e+00 2.999938494115437018e-02
9.269999999999999574e+00 2.999938494115391915e-02
9.279999999999999361e+00 2.999938494115433202e-02
9.290000000000000924e+00 2.999938494115953619e-02
9.300000000000000711e+00 2.999938494115551510e-02
9.310000000000000497e+00 2.999938494115302404e-02
9.320000000000000284e+00 2.999938494115633042e-02
9.330000000000000071e+00 2.999938494115790555e-02
9.339999999999999858e+00 2.999938494115306914e-02
9.349999999999999645e+00 2.999938494115720472e-02
9.359999999999999432e+00 2.999938494115364854e-02
9.370000000000000995e+00 2.999938494115851270e-02
9.380000000000000782e+00 2.999938494115384630e-02
9.390000000000000568e+00 2.999938494115383936e-02
9.400000000000000355e+00 2.999938494115519591e-02
9.410000000000000142e+00 2.999938494115708676e-02
9.419999999999999929e+00 2.999938494115317322e-02
9.429999999999999716e+00 2.999938494115530346e-02
9.439999999999999503e+00 2.999938494115654206e-02
9.450000000000001066e+00 2.999938494115791596e-02
9.460000000000000853e+00 2.999938494115637552e-02
9.470000000000000639e+00 2.999938494115721860e-02
9.480000000000000426e+00 2.999938494115520632e-02
9.490000000000000213e+00 2.999938494115166748e-02
9.500000000000000000e+00 2.999938494115659410e-02
9.509999999999999787e+00 2.999938494115707635e-02
9.519999999999999574e+00 2.999938494115570592e-02
9.529999999999999361e+00 2.999938494115590368e-02
9.540000000000000924e+00 2.999938494115726717e-02
9.550000000000000711e+00 2.999938494115141421e-02
9.560000000000000497e+00 2.999938494115614307e-02
9.570000000000000284e+00 2.999938494115350976e-02
9.580000000000000071e+00 2.999938494115371446e-02
9.589999999999999858e+00 2.999938494115593837e-02
9.599999999999999645e+00 2.999938494115710064e-02
9.609999999999999432e+00 2.999938494115405793e-02
9.620000000000000995e+00 2.999938494115451937e-02
9.630000000000000782e+00 2.999938494115192075e-02
9.640000000000000568e+00 2.999938494115448120e-02
9.650000000000000355e+00 2.999938494115289220e-02
9.660000000000000142e+00 2.999938494115753779e-02
9.669999999999999929e+00 2.999938494115345772e-02
9.679999999999999716e+00 2.999938494115747534e-02
9.689999999999999503e+00 2.999938494115354445e-02
9.700000000000001066e+00 2.999938494115654553e-02
9.710000000000000853e+00 2.999938494115734350e-02
9.720000000000000639e+00 2.999938494115646226e-02
9.730000000000000426e+00 2.999938494115260770e-02
9.740000000000000213e+00 2.999938494115537285e-02
9.750000000000000000e+00 2.999938494115497040e-02
9.759999999999999787e+00 2.999938494115446386e-02
9.769999999999999574e+00 2.999938494115581694e-02
9.779999999999999361e+00 2.999938494115542142e-02
9.790000000000000924e+00 2.999938494115696880e-02
9.800000000000000711e+00 2.999938494115397813e-02
9.810000000000000497e+00 2.999938494115545612e-02
9.820000000000000284e+00 2.999938494115728799e-02
9.830000000000000071e+00 2.999938494115872434e-02
9.839999999999999858e+00 2.999938494115084869e-02
9.849999999999999645e+00 2.999938494115323220e-02
9.859999999999999432e+00 2.999938494115324955e-02
9.870000000000000995e+00 2.999938494115544918e-02
9.880000000000000782e+00 2.999938494115728799e-02
9.890000000000000568e+00 2.999938494115737125e-02
9.900000000000000355e+00 2.999938494115435283e-02
9.910000000000000142e+00 2.999938494115557755e-02
9.919999999999999929e+00 2.999938494115482468e-02
9.929999999999999716e+00 2.999938494115429385e-02
9.939999999999999503e+00 2.999938494115498774e-02
9.950000000000001066e+00 2.999938494115047746e-02
9.960000000000000853e+00 2.999938494115634083e-02
9.970000000000000639e+00 2.999938494115421753e-02
