0.000000000000000000e+00 2.999935822731046586e-02
1.000000000000000021e-02 2.999935822731216589e-02
2.000000000000000042e-02 2.999935822730986565e-02
2.999999999999999889e-02 2.999935822731273488e-02
4.000000000000000083e-02 2.999935822730992810e-02
5.000000000000000278e-02 2.999935822731325877e-02
5.999999999999999778e-02 2.999935822731385551e-02
7.000000000000000666e-02 2.999935822731752619e-02
8.000000000000000167e-02 2.999935822731133669e-02
8.999999999999999667e-02 2.999935822731412266e-02
1.000000000000000056e-01 2.999935822731329693e-02
1.100000000000000006e-01 2.999935822731289101e-02
1.199999999999999956e-01 2.999935822730892890e-02
1.300000000000000044e-01 2.999935822730922727e-02
1.400000000000000133e-01 2.999935822731177038e-02
1.499999999999999944e-01 2.999935822731352592e-02
1.600000000000000033e-01 2.999935822731343918e-02
1.700000000000000122e-01 2.999935822731122914e-02
1.799999999999999933e-01 2.999935822731073301e-02
1.900000000000000022e-01 2.999935822731231508e-02
2.000000000000000111e-01 2.999935822731068791e-02
2.099999999999999922e-01 2.999935822731394572e-02
2.200000000000000011e-01 2.999935822731290488e-02
2.300000000000000100e-01 2.999935822731561452e-02
2.399999999999999911e-01 2.999935822731099669e-02
2.500000000000000000e-01 2.999935822731403245e-02
2.600000000000000089e-01 2.999935822731377918e-02
2.700000000000000178e-01 2.999935822731253365e-02
2.800000000000000266e-01 2.999935822731559718e-02
2.899999999999999800e-01 2.999935822731170099e-02
2.999999999999999889e-01 2.999935822731053525e-02
3.099999999999999978e-01 2.999935822731415042e-02
3.200000000000000067e-01 2.999935822731223875e-02
3.300000000000000155e-01 2.999935822731173568e-02
3.400000000000000244e-01 2.999935822731063934e-02
3.500000000000000333e-01 2.999935822731278345e-02
3.599999999999999867e-01 2.999935822731373061e-02
3.699999999999999956e-01 2.999935822731237406e-02
3.800000000000000044e-01 2.999935822731316162e-02
3.900000000000000133e-01 2.999935822731333857e-02
4.000000000000000222e-01 2.999935822730993851e-02
4.100000000000000311e-01 2.999935822731080934e-02
4.199999999999999845e-01 2.999935822731739435e-02
4.299999999999999933e-01 2.999935822731599616e-02
4.400000000000000022e-01 2.999935822731237406e-02
4.500000000000000111e-01 2.999935822731266202e-02
4.600000000000000200e-01 2.999935822731419552e-02
4.700000000000000289e-01 2.999935822731131935e-02
4.799999999999999822e-01 2.999935822731233243e-02
4.899999999999999911e-01 2.999935822731123261e-02
5.000000000000000000e-01 2.999935822731258223e-02
5.100000000000000089e-01 2.999935822731313734e-02
5.200000000000000178e-01 2.999935822731119445e-02
5.300000000000000266e-01 2.999935822731288060e-02
5.400000000000000355e-01 2.999935822731231161e-02
5.500000000000000444e-01 2.999935822731176344e-02
5.600000000000000533e-01 2.999935822731100016e-02
5.700000000000000622e-01 2.999935822731298815e-02
5.799999999999999600e-01 2.999935822731503166e-02
5.899999999999999689e-01 2.999935822731127771e-02
5.999999999999999778e-01 2.999935822731313734e-02
6.099999999999999867e-01 2.999935822730827317e-02
6.199999999999999956e-01 2.999935822731200977e-02
6.300000000000000044e-01 2.999935822731333510e-02
6.400000000000000133e-01 2.999935822731023341e-02
6.500000000000000222e-01 2.999935822731258916e-02
6.600000000000000311e-01 2.999935822731263427e-02
6.700000000000000400e-01 2.999935822730998708e-02
6.800000000000000488e-01 2.999935822731310958e-02
6.900000000000000577e-01 2.999935822731167323e-02
7.000000000000000666e-01 2.999935822731634311e-02
7.099999999999999645e-01 2.999935822731405327e-02
7.199999999999999734e-01 2.999935822731418164e-02
7.299999999999999822e-01 2.999935822730836685e-02
7.399999999999999911e-01 2.999935822731104179e-02
7.500000000000000000e-01 2.999935822731157262e-02
7.600000000000000089e-01 2.999935822731443144e-02
7.700000000000000178e-01 2.999935822731381735e-02
7.800000000000000266e-01 2.999935822731242957e-02
7.900000000000000355e-01 2.999935822731263080e-02
8.000000000000000444e-01 2.999935822731027157e-02
8.100000000000000533e-01 2.999935822731339408e-02
8.200000000000000622e-01 2.999935822731025770e-02
8.300000000000000711e-01 2.999935822731450777e-02
8.399999999999999689e-01 2.999935822731156221e-02
8.499999999999999778e-01 2.999935822731104873e-02
8.599999999999999867e-01 2.999935822731213467e-02
8.699999999999999956e-01 2.999935822731356061e-02
8.800000000000000044e-01 2.999935822731009116e-02
8.900000000000000133e-01 2.999935822731245733e-02
9.000000000000000222e-01 2.999935822731232549e-02
9.100000000000000311e-01 2.999935822731208956e-02
9.200000000000000400e-01 2.999935822731106261e-02
9.300000000000000488e-01 2.999935822731192997e-02
9.400000000000000577e-01 2.999935822731417123e-02
9.500000000000000666e-01 2.999935822731154833e-02
9.599999999999999645e-01 2.999935822731230467e-02
9.699999999999999734e-01 2.999935822731147200e-02
9.799999999999999822e-01 2.999935822731141302e-02
9.899999999999999911e-01 2.999935822731383817e-02
1.000000000000000000e+00 2.999935822731187793e-02
1.010000000000000009e+00 2.999935822731117363e-02
1.020000000000000018e+00 2.999935822731061158e-02
1.030000000000000027e+00 2.999935822731152404e-02
1.040000000000000036e+00 2.999935822731162119e-02
1.050000000000000044e+00 2.999935822731195773e-02
1.060000000000000053e+00 2.999935822731169405e-02
1.070000000000000062e+00 2.999935822731119792e-02
1.080000000000000071e+00 2.999935822731156915e-02
1.090000000000000080e+00 2.999935822731194038e-02
1.100000000000000089e+00 2.999935822731081281e-02
1.110000000000000098e+00 2.999935822731118057e-02
1.120000000000000107e+00 2.999935822731137486e-02
1.130000000000000115e+00 2.999935822731070525e-02
1.140000000000000124e+00 2.999935822731152751e-02
1.150000000000000133e+00 2.999935822731388674e-02
1.159999999999999920e+00 2.999935822731182589e-02
1.169999999999999929e+00 2.999935822731304019e-02
1.179999999999999938e+00 2.999935822731239141e-02
1.189999999999999947e+00 2.999935822731333857e-02
1.199999999999999956e+00 2.999935822731224916e-02
1.209999999999999964e+00 2.999935822731193691e-02
1.219999999999999973e+00 2.999935822731134710e-02
1.229999999999999982e+00 2.999935822731103138e-02
1.239999999999999991e+00 2.999935822731081281e-02
1.250000000000000000e+00 2.999935822731274182e-02
1.260000000000000009e+00 2.999935822731172180e-02
1.270000000000000018e+00 2.999935822731308876e-02
1.280000000000000027e+00 2.999935822731154139e-02
1.290000000000000036e+00 2.999935822731110424e-02
1.300000000000000044e+00 2.999935822731279733e-02
1.310000000000000053e+00 2.999935822731209650e-02
1.320000000000000062e+00 2.999935822731289101e-02
1.330000000000000071e+00 2.999935822731081975e-02
1.340000000000000080e+00 2.999935822731078852e-02
1.350000000000000089e+00 2.999935822731235324e-02
1.360000000000000098e+00 2.999935822731072954e-02
1.370000000000000107e+00 2.999935822731200977e-02
1.380000000000000115e+00 2.999935822730976850e-02
1.390000000000000124e+00 2.999935822731147200e-02
1.400000000000000133e+00 2.999935822731131935e-02
1.409999999999999920e+00 2.999935822731041035e-02
1.419999999999999929e+00 2.999935822731126731e-02
1.429999999999999938e+00 2.999935822731092730e-02
1.439999999999999947e+00 2.999935822731152057e-02
1.449999999999999956e+00 2.999935822731170793e-02
1.459999999999999964e+00 2.999935822731191609e-02
1.469999999999999973e+00 2.999935822731209997e-02
1.479999999999999982e+00 2.999935822731109036e-02
1.489999999999999991e+00 2.999935822731274876e-02
1.500000000000000000e+00 2.999935822731252671e-02
1.510000000000000009e+00 2.999935822731107649e-02
1.520000000000000018e+00 2.999935822731129159e-02
1.530000000000000027e+00 2.999935822731140261e-02
1.540000000000000036e+00 2.999935822731230814e-02
1.550000000000000044e+00 2.999935822731090995e-02
1.560000000000000053e+00 2.999935822731178078e-02
1.570000000000000062e+00 2.999935822731118057e-02
1.580000000000000071e+00 2.999935822731384510e-02
1.590000000000000080e+00 2.999935822730982055e-02
1.600000000000000089e+00 2.999935822731158303e-02
1.610000000000000098e+00 2.999935822731209997e-02
1.620000000000000107e+00 2.999935822731237406e-02
1.630000000000000115e+00 2.999935822731075730e-02
1.640000000000000124e+00 2.999935822731189528e-02
1.650000000000000133e+00 2.999935822731166629e-02
1.660000000000000142e+00 2.999935822731069485e-02
1.669999999999999929e+00 2.999935822731332469e-02
1.679999999999999938e+00 2.999935822731098628e-02
1.689999999999999947e+00 2.999935822731179119e-02
1.699999999999999956e+00 2.999935822731158303e-02
1.709999999999999964e+00 2.999935822731267937e-02
1.719999999999999973e+00 2.999935822731131241e-02
1.729999999999999982e+00 2.999935822730940421e-02
1.739999999999999991e+00 2.999935822731036178e-02
1.750000000000000000e+00 2.999935822731183283e-02
1.760000000000000009e+00 2.999935822731208263e-02
1.770000000000000018e+00 2.999935822731030627e-02
1.780000000000000027e+00 2.999935822731002177e-02
1.790000000000000036e+00 2.999935822731042423e-02
1.800000000000000044e+00 2.999935822731104179e-02
1.810000000000000053e+00 2.999935822731090301e-02
1.820000000000000062e+00 2.999935822731180507e-02
1.830000000000000071e+00 2.999935822731139567e-02
1.840000000000000080e+00 2.999935822731199242e-02
1.850000000000000089e+00 2.999935822731206181e-02
1.860000000000000098e+00 2.999935822731139567e-02
1.870000000000000107e+00 2.999935822731213814e-02
1.880000000000000115e+00 2.999935822731160384e-02
1.890000000000000124e+00 2.999935822731172874e-02
1.900000000000000133e+00 2.999935822731092383e-02
1.910000000000000142e+00 2.999935822731234283e-02
1.919999999999999929e+00 2.999935822731299856e-02
1.929999999999999938e+00 2.999935822731161425e-02
1.939999999999999947e+00 2.999935822731071566e-02
1.949999999999999956e+00 2.999935822731122220e-02
1.959999999999999964e+00 2.999935822731061852e-02
1.969999999999999973e+00 2.999935822731294999e-02
1.979999999999999982e+00 2.999935822731057342e-02
1.989999999999999991e+00 2.999935822731090301e-02
2.000000000000000000e+00 2.999935822731119445e-02
2.010000000000000231e+00 2.999935822731081975e-02
2.020000000000000018e+00 2.999935822731205487e-02
2.030000000000000249e+00 2.999935822731233243e-02
2.040000000000000036e+00 2.999935822731063587e-02
2.049999999999999822e+00 2.999935822731147200e-02
2.060000000000000053e+00 2.999935822731370286e-02
2.069999999999999840e+00 2.999935822731297427e-02
2.080000000000000071e+00 2.999935822731116322e-02
2.089999999999999858e+00 2.999935822731109036e-02
2.100000000000000089e+00 2.999935822731177731e-02
2.109999999999999876e+00 2.999935822731043117e-02
2.120000000000000107e+00 2.999935822731035484e-02
2.129999999999999893e+00 2.999935822731140261e-02
2.140000000000000124e+00 2.999935822731153445e-02
2.149999999999999911e+00 2.999935822731122914e-02
2.160000000000000142e+00 2.999935822731250590e-02
2.169999999999999929e+00 2.999935822731021606e-02
2.180000000000000160e+00 2.999935822731029586e-02
2.189999999999999947e+00 2.999935822731048668e-02
2.200000000000000178e+00 2.999935822731269325e-02
2.209999999999999964e+00 2.999935822731120832e-02
2.220000000000000195e+00 2.999935822731200630e-02
2.229999999999999982e+00 2.999935822731140955e-02
2.240000000000000213e+00 2.999935822731098281e-02
2.250000000000000000e+00 2.999935822731182589e-02
2.260000000000000231e+00 2.999935822731181201e-02
2.270000000000000018e+00 2.999935822731222487e-02
2.280000000000000249e+00 2.999935822731052831e-02
2.290000000000000036e+00 2.999935822731198548e-02
2.300000000000000266e+00 2.999935822731174956e-02
2.310000000000000053e+00 2.999935822731261345e-02
2.319999999999999840e+00 2.999935822731190221e-02
2.330000000000000071e+00 2.999935822731143731e-02
2.339999999999999858e+00 2.999935822731095159e-02
2.350000000000000089e+00 2.999935822731229773e-02
2.359999999999999876e+00 2.999935822731138180e-02
2.370000000000000107e+00 2.999935822731215548e-02
2.379999999999999893e+00 2.999935822731094812e-02
2.390000000000000124e+00 2.999935822731199936e-02
2.399999999999999911e+00 2.999935822731204793e-02
2.410000000000000142e+00 2.999935822731012933e-02
2.419999999999999929e+00 2.999935822731108342e-02
2.430000000000000160e+00 2.999935822731159690e-02
2.439999999999999947e+00 2.999935822731033402e-02
2.450000000000000178e+00 2.999935822731098628e-02
2.459999999999999964e+00 2.999935822731063934e-02
2.470000000000000195e+00 2.999935822731013280e-02
2.479999999999999982e+00 2.999935822731103832e-02
2.490000000000000213e+00 2.999935822731118751e-02
2.500000000000000000e+00 2.999935822731254753e-02
2.510000000000000231e+00 2.999935822731113547e-02
2.520000000000000018e+00 2.999935822731068791e-02
2.530000000000000249e+00 2.999935822731150670e-02
2.540000000000000036e+00 2.999935822731037913e-02
2.550000000000000266e+00 2.999935822731191609e-02
2.560000000000000053e+00 2.999935822731075730e-02
2.569999999999999840e+00 2.999935822730940768e-02
2.580000000000000071e+00 2.999935822731066362e-02
2.589999999999999858e+00 2.999935822731218671e-02
2.600000000000000089e+00 2.999935822731175997e-02
2.609999999999999876e+00 2.999935822731054566e-02
2.620000000000000107e+00 2.999935822731148935e-02
2.629999999999999893e+00 2.999935822731146853e-02
2.640000000000000124e+00 2.999935822731077811e-02
2.649999999999999911e+00 2.999935822731097934e-02
2.660000000000000142e+00 2.999935822731169752e-02
2.669999999999999929e+00 2.999935822731118751e-02
2.680000000000000160e+00 2.999935822731164548e-02
2.689999999999999947e+00 2.999935822731047974e-02
2.700000000000000178e+00 2.999935822731095852e-02
2.709999999999999964e+00 2.999935822731103485e-02
2.720000000000000195e+00 2.999935822731149976e-02
2.729999999999999982e+00 2.999935822731154139e-02
2.740000000000000213e+00 2.999935822730987606e-02
2.750000000000000000e+00 2.999935822731138874e-02
2.760000000000000231e+00 2.999935822731270019e-02
2.770000000000000018e+00 2.999935822731201324e-02
2.780000000000000249e+00 2.999935822731010504e-02
2.790000000000000036e+00 2.999935822730991422e-02
2.800000000000000266e+00 2.999935822731172527e-02
2.810000000000000053e+00 2.999935822731127771e-02
2.819999999999999840e+00 2.999935822731073995e-02
2.830000000000000071e+00 2.999935822731078852e-02
2.839999999999999858e+00 2.999935822731054219e-02
2.850000000000000089e+00 2.999935822731162119e-02
2.859999999999999876e+00 2.999935822731234630e-02
2.870000000000000107e+00 2.999935822731146506e-02
2.879999999999999893e+00 2.999935822731010504e-02
2.890000000000000124e+00 2.999935822731074342e-02
2.899999999999999911e+00 2.999935822731089607e-02
2.910000000000000142e+00 2.999935822731046586e-02
2.919999999999999929e+00 2.999935822731082669e-02
2.930000000000000160e+00 2.999935822731047974e-02
2.939999999999999947e+00 2.999935822731287366e-02
2.950000000000000178e+00 2.999935822731072954e-02
2.959999999999999964e+00 2.999935822731168017e-02
2.970000000000000195e+00 2.999935822731109036e-02
2.979999999999999982e+00 2.999935822731170099e-02
2.990000000000000213e+00 2.999935822731104526e-02
3.000000000000000000e+00 2.999935822731062546e-02
3.010000000000000231e+00 2.999935822731147200e-02
3.020000000000000018e+00 2.999935822731123955e-02
3.030000000000000249e+00 2.999935822731223181e-02
3.040000000000000036e+00 2.999935822731071566e-02
3.050000000000000266e+00 2.999935822731098281e-02
3.060000000000000053e+00 2.999935822731204099e-02
3.070000000000000284e+00 2.999935822731204099e-02
3.080000000000000071e+00 2.999935822731160384e-02
3.089999999999999858e+00 2.999935822731002524e-02
3.100000000000000089e+00 2.999935822731066709e-02
3.109999999999999876e+00 2.999935822731060117e-02
3.120000000000000107e+00 2.999935822731122567e-02
3.129999999999999893e+00 2.999935822731136792e-02
3.140000000000000124e+00 2.999935822731136098e-02
3.149999999999999911e+00 2.999935822731139914e-02
3.160000000000000142e+00 2.999935822731043117e-02
3.169999999999999929e+00 2.999935822731141302e-02
3.180000000000000160e+00 2.999935822731157262e-02
3.189999999999999947e+00 2.999935822731245733e-02
3.200000000000000178e+00 2.999935822731108342e-02
3.209999999999999964e+00 2.999935822731204099e-02
3.220000000000000195e+00 2.999935822731156568e-02
3.229999999999999982e+00 2.999935822731109036e-02
3.240000000000000213e+00 2.999935822731169752e-02
3.250000000000000000e+00 2.999935822731134710e-02
3.260000000000000231e+00 2.999935822731122220e-02
3.270000000000000018e+00 2.999935822731145119e-02
3.280000000000000249e+00 2.999935822731025076e-02
3.290000000000000036e+00 2.999935822731181201e-02
3.300000000000000266e+00 2.999935822731176344e-02
3.310000000000000053e+00 2.999935822731063587e-02
3.320000000000000284e+00 2.999935822731034790e-02
3.330000000000000071e+00 2.999935822731106261e-02
3.339999999999999858e+00 2.999935822731242263e-02
3.350000000000000089e+00 2.999935822731123955e-02
3.359999999999999876e+00 2.999935822731136098e-02
3.370000000000000107e+00 2.999935822731225610e-02
3.379999999999999893e+00 2.999935822731155874e-02
3.390000000000000124e+00 2.999935822731126384e-02
3.399999999999999911e+00 2.999935822731247120e-02
3.410000000000000142e+00 2.999935822731077811e-02
3.419999999999999929e+00 2.999935822731115281e-02
3.430000000000000160e+00 2.999935822731145812e-02
3.439999999999999947e+00 2.999935822731129506e-02
3.450000000000000178e+00 2.999935822731030627e-02
3.459999999999999964e+00 2.999935822731118751e-02
3.470000000000000195e+00 2.999935822731180160e-02
3.479999999999999982e+00 2.999935822731245386e-02
3.490000000000000213e+00 2.999935822731186405e-02
3.500000000000000000e+00 2.999935822731123608e-02
3.510000000000000231e+00 2.999935822731178078e-02
3.520000000000000018e+00 2.999935822731164548e-02
3.530000000000000249e+00 2.999935822731090648e-02
3.540000000000000036e+00 2.999935822731196466e-02
3.550000000000000266e+00 2.999935822731180160e-02
3.560000000000000053e+00 2.999935822731178425e-02
3.570000000000000284e+00 2.999935822731158996e-02
3.580000000000000071e+00 2.999935822731107302e-02
3.589999999999999858e+00 2.999935822731174262e-02
3.600000000000000089e+00 2.999935822731179813e-02
3.609999999999999876e+00 2.999935822731080587e-02
3.620000000000000107e+00 2.999935822731174262e-02
3.629999999999999893e+00 2.999935822731095159e-02
3.640000000000000124e+00 2.999935822731216589e-02
3.649999999999999911e+00 2.999935822731133322e-02
3.660000000000000142e+00 2.999935822731219365e-02
3.669999999999999929e+00 2.999935822731115975e-02
3.680000000000000160e+00 2.999935822731081628e-02
3.689999999999999947e+00 2.999935822731152057e-02
3.700000000000000178e+00 2.999935822731183976e-02
3.709999999999999964e+00 2.999935822731161078e-02
3.720000000000000195e+00 2.999935822731186405e-02
3.729999999999999982e+00 2.999935822731078505e-02
3.740000000000000213e+00 2.999935822731103832e-02
3.750000000000000000e+00 2.999935822731154833e-02
3.760000000000000231e+00 2.999935822731138874e-02
3.770000000000000018e+00 2.999935822731123608e-02
3.780000000000000249e+00 2.999935822731182589e-02
3.790000000000000036e+00 2.999935822731187446e-02
3.800000000000000266e+00 2.999935822731219365e-02
3.810000000000000053e+00 2.999935822731174956e-02
3.820000000000000284e+00 2.999935822731152057e-02
3.830000000000000071e+00 2.999935822731125690e-02
3.839999999999999858e+00 2.999935822731162466e-02
3.850000000000000089e+00 2.999935822731183976e-02
3.859999999999999876e+00 2.999935822731150323e-02
3.870000000000000107e+00 2.999935822731159690e-02
3.879999999999999893e+00 2.999935822731148588e-02
3.890000000000000124e+00 2.999935822731136098e-02
3.899999999999999911e+00 2.999935822731145812e-02
3.910000000000000142e+00 2.999935822731201671e-02
3.919999999999999929e+00 2.999935822731183629e-02
3.930000000000000160e+00 2.999935822731147894e-02
3.939999999999999947e+00 2.999935822731163507e-02
3.950000000000000178e+00 2.999935822731170446e-02
3.959999999999999964e+00 2.999935822731163160e-02
3.970000000000000195e+00 2.999935822731179119e-02
3.979999999999999982e+00 2.999935822731132282e-02
3.990000000000000213e+00 2.999935822731113894e-02
4.000000000000000000e+00 2.999935822731125690e-02
4.009999999999999787e+00 2.999935822731108342e-02
4.020000000000000462e+00 2.999935822731163160e-02
4.030000000000000249e+00 2.999935822731138527e-02
4.040000000000000036e+00 2.999935822731172180e-02
4.049999999999999822e+00 2.999935822731147894e-02
4.060000000000000497e+00 2.999935822731153445e-02
4.070000000000000284e+00 2.999935822731140955e-02
4.080000000000000071e+00 2.999935822731102097e-02
4.089999999999999858e+00 2.999935822731158303e-02
4.099999999999999645e+00 2.999935822731208609e-02
4.110000000000000320e+00 2.999935822731135404e-02
4.120000000000000107e+00 2.999935822731162119e-02
4.129999999999999893e+00 2.999935822731141649e-02
4.139999999999999680e+00 2.999935822731173221e-02
4.150000000000000355e+00 2.999935822731178425e-02
4.160000000000000142e+00 2.999935822731134710e-02
4.169999999999999929e+00 2.999935822731135751e-02
4.179999999999999716e+00 2.999935822731157609e-02
4.190000000000000391e+00 2.999935822731140608e-02
4.200000000000000178e+00 2.999935822731105567e-02
4.209999999999999964e+00 2.999935822731195773e-02
4.219999999999999751e+00 2.999935822731146506e-02
4.230000000000000426e+00 2.999935822731152751e-02
4.240000000000000213e+00 2.999935822731125690e-02
4.250000000000000000e+00 2.999935822731122914e-02
4.259999999999999787e+00 2.999935822731144425e-02
4.270000000000000462e+00 2.999935822731176344e-02
4.280000000000000249e+00 2.999935822731139914e-02
4.290000000000000036e+00 2.999935822731127077e-02
4.299999999999999822e+00 2.999935822731141649e-02
4.310000000000000497e+00 2.999935822731169752e-02
4.320000000000000284e+00 2.999935822731154833e-02
4.330000000000000071e+00 2.999935822731135751e-02
4.339999999999999858e+00 2.999935822731145812e-02
4.350000000000000533e+00 2.999935822731144772e-02
4.360000000000000320e+00 2.999935822731148935e-02
4.370000000000000107e+00 2.999935822731146506e-02
4.379999999999999893e+00 2.999935822731119792e-02
4.389999999999999680e+00 2.999935822731138180e-02
4.400000000000000355e+00 2.999935822731120486e-02
4.410000000000000142e+00 2.999935822731107649e-02
4.419999999999999929e+00 2.999935822731117016e-02
4.429999999999999716e+00 2.999935822731109036e-02
4.440000000000000391e+00 2.999935822731113894e-02
4.450000000000000178e+00 2.999935822731131241e-02
4.459999999999999964e+00 2.999935822731115975e-02
4.469999999999999751e+00 2.999935822731131241e-02
4.480000000000000426e+00 2.999935822731123261e-02
4.490000000000000213e+00 2.999935822731126384e-02
4.500000000000000000e+00 2.999935822731120139e-02
4.509999999999999787e+00 2.999935822731125690e-02
4.520000000000000462e+00 2.999935822731109730e-02
4.530000000000000249e+00 2.999935822731118751e-02
4.540000000000000036e+00 2.999935822731141996e-02
4.549999999999999822e+00 2.999935822731122220e-02
4.560000000000000497e+00 2.999935822731122914e-02
4.570000000000000284e+00 2.999935822731122567e-02
4.580000000000000071e+00 2.999935822731126731e-02
4.589999999999999858e+00 2.999935822731125690e-02
4.600000000000000533e+00 2.999935822731119445e-02
4.610000000000000320e+00 2.999935822731119445e-02
4.620000000000000107e+00 2.999935822731123608e-02
4.629999999999999893e+00 2.999935822731137486e-02
4.639999999999999680e+00 2.999935822731121179e-02
4.650000000000000355e+00 2.999935822731122567e-02
4.660000000000000142e+00 2.999935822731127424e-02
4.669999999999999929e+00 2.999935822731126037e-02
4.679999999999999716e+00 2.999935822731127424e-02
4.690000000000000391e+00 2.999935822731116669e-02
4.700000000000000178e+00 2.999935822731127424e-02
4.709999999999999964e+00 2.999935822731121526e-02
4.719999999999999751e+00 2.999935822731127771e-02
4.730000000000000426e+00 2.999935822731120139e-02
4.740000000000000213e+00 2.999935822731117016e-02
4.750000000000000000e+00 2.999935822731119792e-02
4.759999999999999787e+00 2.999935822731117363e-02
4.770000000000000462e+00 2.999935822731115975e-02
4.780000000000000249e+00 2.999935822731117016e-02
4.790000000000000036e+00 2.999935822731118404e-02
4.799999999999999822e+00 2.999935822731115975e-02
4.810000000000000497e+00 2.999935822731112853e-02
4.820000000000000284e+00 2.999935822731115975e-02
4.830000000000000071e+00 2.999935822731113894e-02
4.839999999999999858e+00 2.999935822731113894e-02
4.850000000000000533e+00 2.999935822731114241e-02
4.860000000000000320e+00 2.999935822731114934e-02
4.870000000000000107e+00 2.999935822731112506e-02
4.879999999999999893e+00 2.999935822731113200e-02
4.889999999999999680e+00 2.999935822731111812e-02
4.900000000000000355e+00 2.999935822731112159e-02
4.910000000000000142e+00 2.999935822731110771e-02
4.919999999999999929e+00 2.999935822731110077e-02
4.929999999999999716e+00 2.999935822731107996e-02
4.940000000000000391e+00 2.999935822731107996e-02
4.950000000000000178e+00 2.999935822731107302e-02
4.959999999999999964e+00 2.999935822731106608e-02
4.969999999999999751e+00 2.999935822731105220e-02
4.980000000000000426e+00 2.999935822731104526e-02
4.990000000000000213e+00 2.999935822731103485e-02
5.000000000000000000e+00 2.999935822731102791e-02
5.009999999999999787e+00 2.999935822731103485e-02
5.020000000000000462e+00 2.999935822731103832e-02
5.030000000000000249e+00 2.999935822731103832e-02
5.040000000000000036e+00 2.999935822731102444e-02
5.049999999999999822e+00 2.999935822731102097e-02
5.060000000000000497e+00 2.999935822731101057e-02
5.070000000000000284e+00 2.999935822731100710e-02
5.080000000000000071e+00 2.999935822731098975e-02
5.089999999999999858e+00 2.999935822731098975e-02
5.100000000000000533e+00 2.999935822731097934e-02
5.110000000000000320e+00 2.999935822731097240e-02
5.120000000000000107e+00 2.999935822731097240e-02
5.129999999999999893e+00 2.999935822731094465e-02
5.139999999999999680e+00 2.999935822731095852e-02
5.150000000000000355e+00 2.999935822731094118e-02
5.160000000000000142e+00 2.999935822731093424e-02
5.169999999999999929e+00 2.999935822731094118e-02
5.179999999999999716e+00 2.999935822731093077e-02
5.190000000000000391e+00 2.999935822731094118e-02
5.200000000000000178e+00 2.999935822731090301e-02
5.209999999999999964e+00 2.999935822731091342e-02
5.219999999999999751e+00 2.999935822731090648e-02
5.230000000000000426e+00 2.999935822731088220e-02
5.240000000000000213e+00 2.999935822731088914e-02
5.250000000000000000e+00 2.999935822731089954e-02
5.259999999999999787e+00 2.999935822731085097e-02
5.270000000000000462e+00 2.999935822731087873e-02
5.280000000000000249e+00 2.999935822731087526e-02
5.290000000000000036e+00 2.999935822731082669e-02
5.299999999999999822e+00 2.999935822731089261e-02
5.310000000000000497e+00 2.999935822731084750e-02
5.320000000000000284e+00 2.999935822731082322e-02
5.330000000000000071e+00 2.999935822731079199e-02
5.339999999999999858e+00 2.999935822731083016e-02
5.350000000000000533e+00 2.999935822731094465e-02
5.360000000000000320e+00 2.999935822731076424e-02
5.370000000000000107e+00 2.999935822731078158e-02
5.379999999999999893e+00 2.999935822731083709e-02
5.389999999999999680e+00 2.999935822731081975e-02
5.400000000000000355e+00 2.999935822731079199e-02
5.410000000000000142e+00 2.999935822731072954e-02
5.419999999999999929e+00 2.999935822731067403e-02
5.429999999999999716e+00 2.999935822731072260e-02
5.440000000000000391e+00 2.999935822731077464e-02
5.450000000000000178e+00 2.999935822731071913e-02
5.459999999999999964e+00 2.999935822731079546e-02
5.469999999999999751e+00 2.999935822731073301e-02
5.480000000000000426e+00 2.999935822731079893e-02
5.490000000000000213e+00 2.999935822731074342e-02
5.500000000000000000e+00 2.999935822731073648e-02
5.509999999999999787e+00 2.999935822731068097e-02
5.520000000000000462e+00 2.999935822731072607e-02
5.530000000000000249e+00 2.999935822731073301e-02
5.540000000000000036e+00 2.999935822731079199e-02
5.549999999999999822e+00 2.999935822731081975e-02
5.560000000000000497e+00 2.999935822731072954e-02
5.570000000000000284e+00 2.999935822731095852e-02
5.580000000000000071e+00 2.999935822731059770e-02
5.589999999999999858e+00 2.999935822731078852e-02
5.600000000000000533e+00 2.999935822731072607e-02
5.610000000000000320e+00 2.999935822731084750e-02
5.620000000000000107e+00 2.999935822731050056e-02
5.629999999999999893e+00 2.999935822731033402e-02
5.639999999999999680e+00 2.999935822731079893e-02
5.650000000000000355e+00 2.999935822731073301e-02
5.660000000000000142e+00 2.999935822731054913e-02
5.669999999999999929e+00 2.999935822731083709e-02
5.679999999999999716e+00 2.999935822731075036e-02
5.690000000000000391e+00 2.999935822731078852e-02
5.700000000000000178e+00 2.999935822731082322e-02
5.709999999999999964e+00 2.999935822731042423e-02
5.719999999999999751e+00 2.999935822731086138e-02
5.730000000000000426e+00 2.999935822731060811e-02
5.740000000000000213e+00 2.999935822731051444e-02
5.750000000000000000e+00 2.999935822731065668e-02
5.759999999999999787e+00 2.999935822731054219e-02
5.770000000000000462e+00 2.999935822731039647e-02
5.780000000000000249e+00 2.999935822731035484e-02
5.790000000000000036e+00 2.999935822731093424e-02
5.799999999999999822e+00 2.999935822731064627e-02
5.810000000000000497e+00 2.999935822731055607e-02
5.820000000000000284e+00 2.999935822731055954e-02
5.830000000000000071e+00 2.999935822731096546e-02
5.839999999999999858e+00 2.999935822731111118e-02
5.850000000000000533e+00 2.999935822731065321e-02
5.860000000000000320e+00 2.999935822731045892e-02
5.870000000000000107e+00 2.999935822731017443e-02
5.879999999999999893e+00 2.999935822731055607e-02
5.889999999999999680e+00 2.999935822731059770e-02
5.900000000000000355e+00 2.999935822731077117e-02
5.910000000000000142e+00 2.999935822731033749e-02
5.919999999999999929e+00 2.999935822731056301e-02
5.929999999999999716e+00 2.999935822731061852e-02
5.940000000000000391e+00 2.999935822731032709e-02
5.950000000000000178e+00 2.999935822731068791e-02
5.959999999999999964e+00 2.999935822731013974e-02
5.969999999999999751e+00 2.999935822731068791e-02
5.980000000000000426e+00 2.999935822731075730e-02
5.990000000000000213e+00 2.999935822731077117e-02
6.000000000000000000e+00 2.999935822731079199e-02
6.009999999999999787e+00 2.999935822731081281e-02
6.020000000000000462e+00 2.999935822731029239e-02
6.030000000000000249e+00 2.999935822731042770e-02
6.040000000000000036e+00 2.999935822731038260e-02
6.049999999999999822e+00 2.999935822731036525e-02
6.060000000000000497e+00 2.999935822731077117e-02
6.070000000000000284e+00 2.999935822731021606e-02
6.080000000000000071e+00 2.999935822731051444e-02
6.089999999999999858e+00 2.999935822731059076e-02
6.100000000000000533e+00 2.999935822731063934e-02
6.110000000000000320e+00 2.999935822731081281e-02
6.120000000000000107e+00 2.999935822731034096e-02
6.129999999999999893e+00 2.999935822731092036e-02
6.140000000000000568e+00 2.999935822731093077e-02
6.150000000000000355e+00 2.999935822731074689e-02
6.160000000000000142e+00 2.999935822731077811e-02
6.169999999999999929e+00 2.999935822731044852e-02
6.179999999999999716e+00 2.999935822731029239e-02
6.190000000000000391e+00 2.999935822731027504e-02
6.200000000000000178e+00 2.999935822731021953e-02
6.209999999999999964e+00 2.999935822731058382e-02
6.219999999999999751e+00 2.999935822731010157e-02
6.230000000000000426e+00 2.999935822731034443e-02
6.240000000000000213e+00 2.999935822731088914e-02
6.250000000000000000e+00 2.999935822731079199e-02
6.259999999999999787e+00 2.999935822730981361e-02
6.270000000000000462e+00 2.999935822731101404e-02
6.280000000000000249e+00 2.999935822731071913e-02
6.290000000000000036e+00 2.999935822731028545e-02
6.299999999999999822e+00 2.999935822730964360e-02
6.310000000000000497e+00 2.999935822731035137e-02
6.320000000000000284e+00 2.999935822731109036e-02
6.330000000000000071e+00 2.999935822731071913e-02
6.339999999999999858e+00 2.999935822731062546e-02
6.350000000000000533e+00 2.999935822730999055e-02
6.360000000000000320e+00 2.999935822731025076e-02
6.370000000000000107e+00 2.999935822731049362e-02
6.379999999999999893e+00 2.999935822731011545e-02
6.390000000000000568e+00 2.999935822731081628e-02
6.400000000000000355e+00 2.999935822731091342e-02
6.410000000000000142e+00 2.999935822730970605e-02
6.419999999999999929e+00 2.999935822730976503e-02
6.429999999999999716e+00 2.999935822731075383e-02
6.440000000000000391e+00 2.999935822731007729e-02
6.450000000000000178e+00 2.999935822731007382e-02
6.459999999999999964e+00 2.999935822731008422e-02
6.469999999999999751e+00 2.999935822731051444e-02
6.480000000000000426e+00 2.999935822731117710e-02
6.490000000000000213e+00 2.999935822731132976e-02
6.500000000000000000e+00 2.999935822731045199e-02
6.509999999999999787e+00 2.999935822731038260e-02
6.520000000000000462e+00 2.999935822731010504e-02
6.530000000000000249e+00 2.999935822731142690e-02
6.540000000000000036e+00 2.999935822731063240e-02
6.549999999999999822e+00 2.999935822731077464e-02
6.560000000000000497e+00 2.999935822731091689e-02
6.570000000000000284e+00 2.999935822731067403e-02
6.580000000000000071e+00 2.999935822730978585e-02
6.589999999999999858e+00 2.999935822731059076e-02
6.600000000000000533e+00 2.999935822731118751e-02
6.610000000000000320e+00 2.999935822731071566e-02
6.620000000000000107e+00 2.999935822731061158e-02
6.629999999999999893e+00 2.999935822731033749e-02
6.640000000000000568e+00 2.999935822731011198e-02
6.650000000000000355e+00 2.999935822731018137e-02
6.660000000000000142e+00 2.999935822731037219e-02
6.669999999999999929e+00 2.999935822731042076e-02
6.679999999999999716e+00 2.999935822731054913e-02
6.690000000000000391e+00 2.999935822730967136e-02
6.700000000000000178e+00 2.999935822731029586e-02
6.709999999999999964e+00 2.999935822731045892e-02
6.719999999999999751e+00 2.999935822731075036e-02
6.730000000000000426e+00 2.999935822731090648e-02
6.740000000000000213e+00 2.999935822731057689e-02
6.750000000000000000e+00 2.999935822730969912e-02
6.759999999999999787e+00 2.999935822731077117e-02
6.770000000000000462e+00 2.999935822731024729e-02
6.780000000000000249e+00 2.999935822730934870e-02
6.790000000000000036e+00 2.999935822730957075e-02
6.799999999999999822e+00 2.999935822731147547e-02
6.810000000000000497e+00 2.999935822730885951e-02
6.820000000000000284e+00 2.999935822731019872e-02
6.830000000000000071e+00 2.999935822731081281e-02
6.839999999999999858e+00 2.999935822731122914e-02
6.850000000000000533e+00 2.999935822731114587e-02
6.860000000000000320e+00 2.999935822730990381e-02
6.870000000000000107e+00 2.999935822731112853e-02
6.879999999999999893e+00 2.999935822731106261e-02
6.890000000000000568e+00 2.999935822730868951e-02
6.900000000000000355e+00 2.999935822731051790e-02
6.910000000000000142e+00 2.999935822730934523e-02
6.919999999999999929e+00 2.999935822731056995e-02
6.929999999999999716e+00 2.999935822730993504e-02
6.940000000000000391e+00 2.999935822731037913e-02
6.950000000000000178e+00 2.999935822731097934e-02
6.959999999999999964e+00 2.999935822731087873e-02
6.969999999999999751e+00 2.999935822731059423e-02
6.980000000000000426e+00 2.999935822731067403e-02
6.990000000000000213e+00 2.999935822731036178e-02
7.000000000000000000e+00 2.999935822731060464e-02
7.009999999999999787e+00 2.999935822731030627e-02
7.020000000000000462e+00 2.999935822731089607e-02
7.030000000000000249e+00 2.999935822731101057e-02
7.040000000000000036e+00 2.999935822731043811e-02
7.049999999999999822e+00 2.999935822731026810e-02
7.060000000000000497e+00 2.999935822731158303e-02
7.070000000000000284e+00 2.999935822731012586e-02
7.080000000000000071e+00 2.999935822731069485e-02
7.089999999999999858e+00 2.999935822731043811e-02
7.100000000000000533e+00 2.999935822730974769e-02
7.110000000000000320e+00 2.999935822731018137e-02
7.120000000000000107e+00 2.999935822731012239e-02
7.129999999999999893e+00 2.999935822731072954e-02
7.140000000000000568e+00 2.999935822730964707e-02
7.150000000000000355e+00 2.999935822731059770e-02
7.160000000000000142e+00 2.999935822731057689e-02
7.169999999999999929e+00 2.999935822730928625e-02
7.179999999999999716e+00 2.999935822730956034e-02
7.190000000000000391e+00 2.999935822730989687e-02
7.200000000000000178e+00 2.999935822731011892e-02
7.209999999999999964e+00 2.999935822731025770e-02
7.219999999999999751e+00 2.999935822731190221e-02
7.230000000000000426e+00 2.999935822730955687e-02
7.240000000000000213e+00 2.999935822731043464e-02
7.250000000000000000e+00 2.999935822731068791e-02
7.259999999999999787e+00 2.999935822731112506e-02
7.270000000000000462e+00 2.999935822730930707e-02
7.280000000000000249e+00 2.999935822730954993e-02
7.290000000000000036e+00 2.999935822731126037e-02
7.299999999999999822e+00 2.999935822731055260e-02
7.310000000000000497e+00 2.999935822731087526e-02
7.320000000000000284e+00 2.999935822730992463e-02
7.330000000000000071e+00 2.999935822731112506e-02
7.339999999999999858e+00 2.999935822731095506e-02
7.350000000000000533e+00 2.999935822731050403e-02
7.360000000000000320e+00 2.999935822731050750e-02
7.370000000000000107e+00 2.999935822731063240e-02
7.379999999999999893e+00 2.999935822731078852e-02
7.390000000000000568e+00 2.999935822730995238e-02
7.400000000000000355e+00 2.999935822731050056e-02
7.410000000000000142e+00 2.999935822730925503e-02
7.419999999999999929e+00 2.999935822731041729e-02
7.429999999999999716e+00 2.999935822731009810e-02
7.440000000000000391e+00 2.999935822730946319e-02
7.450000000000000178e+00 2.999935822731151364e-02
7.459999999999999964e+00 2.999935822730808582e-02
7.469999999999999751e+00 2.999935822730977891e-02
7.480000000000000426e+00 2.999935822731159690e-02
7.490000000000000213e+00 2.999935822731033402e-02
7.500000000000000000e+00 2.999935822731216589e-02
7.509999999999999787e+00 2.999935822730949442e-02
7.520000000000000462e+00 2.999935822731045545e-02
7.530000000000000249e+00 2.999935822730994892e-02
7.540000000000000036e+00 2.999935822730994545e-02
7.549999999999999822e+00 2.999935822730962626e-02
7.560000000000000497e+00 2.999935822730875196e-02
7.570000000000000284e+00 2.999935822731072607e-02
7.580000000000000071e+00 2.999935822731071913e-02
7.589999999999999858e+00 2.999935822731193344e-02
7.600000000000000533e+00 2.999935822730946666e-02
7.610000000000000320e+00 2.999935822731077117e-02
7.620000000000000107e+00 2.999935822730918564e-02
7.629999999999999893e+00 2.999935822730892196e-02
7.640000000000000568e+00 2.999935822730943544e-02
7.650000000000000355e+00 2.999935822730953952e-02
7.660000000000000142e+00 2.999935822731007729e-02
7.669999999999999929e+00 2.999935822730949442e-02
7.679999999999999716e+00 2.999935822730936952e-02
7.690000000000000391e+00 2.999935822731016055e-02
7.700000000000000178e+00 2.999935822731060464e-02
7.709999999999999964e+00 2.999935822731028198e-02
7.719999999999999751e+00 2.999935822730965748e-02
7.730000000000000426e+00 2.999935822731045892e-02
7.740000000000000213e+00 2.999935822731059770e-02
7.750000000000000000e+00 2.999935822731051444e-02
7.759999999999999787e+00 2.999935822730916829e-02
7.770000000000000462e+00 2.999935822731053525e-02
7.780000000000000249e+00 2.999935822730973034e-02
7.790000000000000036e+00 2.999935822731088220e-02
7.799999999999999822e+00 2.999935822731004259e-02
7.810000000000000497e+00 2.999935822731069485e-02
7.820000000000000284e+00 2.999935822731102097e-02
7.830000000000000071e+00 2.999935822730937299e-02
7.839999999999999858e+00 2.999935822731119792e-02
7.850000000000000533e+00 2.999935822730916135e-02
7.860000000000000320e+00 2.999935822731093771e-02
7.870000000000000107e+00 2.999935822731004259e-02
7.879999999999999893e+00 2.999935822730947360e-02
7.890000000000000568e+00 2.999935822730952564e-02
7.900000000000000355e+00 2.999935822731039647e-02
7.910000000000000142e+00 2.999935822730837726e-02
7.919999999999999929e+00 2.999935822730959156e-02
7.930000000000000604e+00 2.999935822730928972e-02
7.940000000000000391e+00 2.999935822730962626e-02
7.950000000000000178e+00 2.999935822730950136e-02
7.959999999999999964e+00 2.999935822731065321e-02
7.969999999999999751e+00 2.999935822731131241e-02
7.980000000000000426e+00 2.999935822731092730e-02
7.990000000000000213e+00 2.999935822730872767e-02
8.000000000000000000e+00 2.999935822730996279e-02
8.009999999999999787e+00 2.999935822731023688e-02
8.019999999999999574e+00 2.999935822731000443e-02
8.029999999999999361e+00 2.999935822730969912e-02
8.040000000000000924e+00 2.999935822731082322e-02
8.050000000000000711e+00 2.999935822731095852e-02
8.060000000000000497e+00 2.999935822730825929e-02
8.070000000000000284e+00 2.999935822730952217e-02
8.080000000000000071e+00 2.999935822730877277e-02
8.089999999999999858e+00 2.999935822731038260e-02
8.099999999999999645e+00 2.999935822731001483e-02
8.109999999999999432e+00 2.999935822730930013e-02
8.120000000000000995e+00 2.999935822730874502e-02
8.130000000000000782e+00 2.999935822730952217e-02
8.140000000000000568e+00 2.999935822730979973e-02
8.150000000000000355e+00 2.999935822730974422e-02
8.160000000000000142e+00 2.999935822730974422e-02
8.169999999999999929e+00 2.999935822731036178e-02
8.179999999999999716e+00 2.999935822731108342e-02
8.189999999999999503e+00 2.999935822730677437e-02
8.199999999999999289e+00 2.999935822730866869e-02
8.210000000000000853e+00 2.999935822730862012e-02
8.220000000000000639e+00 2.999935822730809970e-02
8.230000000000000426e+00 2.999935822731107302e-02
8.240000000000000213e+00 2.999935822730983442e-02
8.250000000000000000e+00 2.999935822730848828e-02
8.259999999999999787e+00 2.999935822731114934e-02
8.269999999999999574e+00 2.999935822730952217e-02
8.279999999999999361e+00 2.999935822730927237e-02
8.290000000000000924e+00 2.999935822730968524e-02
8.300000000000000711e+00 2.999935822731031321e-02
8.310000000000000497e+00 2.999935822730988300e-02
8.320000000000000284e+00 2.999935822731025423e-02
8.330000000000000071e+00 2.999935822731052137e-02
8.339999999999999858e+00 2.999935822731095852e-02
8.349999999999999645e+00 2.999935822731075036e-02
8.359999999999999432e+00 2.999935822730916135e-02
8.370000000000000995e+00 2.999935822730900870e-02
8.380000000000000782e+00 2.999935822730884910e-02
8.390000000000000568e+00 2.999935822730918911e-02
8.400000000000000355e+00 2.999935822730837032e-02
8.410000000000000142e+00 2.999935822730886992e-02
8.419999999999999929e+00 2.999935822730877971e-02
8.429999999999999716e+00 2.999935822730933482e-02
8.439999999999999503e+00 2.999935822730912666e-02
8.449999999999999289e+00 2.999935822730927931e-02
8.460000000000000853e+00 2.999935822730953952e-02
8.470000000000000639e+00 2.999935822730909543e-02
8.480000000000000426e+00 2.999935822730693397e-02
8.490000000000000213e+00 2.999935822731165241e-02
8.500000000000000000e+00 2.999935822730880053e-02
8.509999999999999787e+00 2.999935822730727744e-02
8.519999999999999574e+00 2.999935822730870685e-02
8.529999999999999361e+00 2.999935822730768337e-02
8.540000000000000924e+00 2.999935822731047627e-02
8.550000000000000711e+00 2.999935822730948054e-02
8.560000000000000497e+00 2.999935822730886992e-02
8.570000000000000284e+00 2.999935822730976850e-02
8.580000000000000071e+00 2.999935822731014320e-02
8.589999999999999858e+00 2.999935822731048668e-02
8.599999999999999645e+00 2.999935822730942156e-02
8.609999999999999432e+00 2.999935822731055607e-02
8.620000000000000995e+00 2.999935822730802337e-02
8.630000000000000782e+00 2.999935822730863053e-02
8.640000000000000568e+00 2.999935822731093771e-02
8.650000000000000355e+00 2.999935822731034790e-02
8.660000000000000142e+00 2.999935822730979279e-02
8.669999999999999929e+00 2.999935822731109730e-02
8.679999999999999716e+00 2.999935822730974422e-02
8.689999999999999503e+00 2.999935822731044852e-02
8.700000000000001066e+00 2.999935822730936258e-02
8.710000000000000853e+00 2.999935822731020219e-02
8.720000000000000639e+00 2.999935822730959503e-02
8.730000000000000426e+00 2.999935822730903992e-02
8.740000000000000213e+00 2.999935822730862359e-02
8.750000000000000000e+00 2.999935822730991769e-02
8.759999999999999787e+00 2.999935822730966789e-02
8.769999999999999574e+00 2.999935822730879012e-02
8.779999999999999361e+00 2.999935822730800256e-02
8.790000000000000924e+00 2.999935822730927237e-02
8.800000000000000711e+00 2.999935822731049362e-02
8.810000000000000497e+00 2.999935822730922727e-02
8.820000000000000284e+00 2.999935822730789153e-02
8.830000000000000071e+00 2.999935822731116669e-02
8.839999999999999858e+00 2.999935822730789153e-02
8.849999999999999645e+00 2.999935822730694784e-02
8.859999999999999432e+00 2.999935822730842236e-02
8.870000000000000995e+00 2.999935822730945278e-02
8.880000000000000782e+00 2.999935822731068097e-02
8.890000000000000568e+00 2.999935822730930013e-02
8.900000000000000355e+00 2.999935822731000096e-02
8.910000000000000142e+00 2.999935822730652804e-02
8.919999999999999929e+00 2.999935822730976157e-02
8.929999999999999716e+00 2.999935822730967830e-02
8.939999999999999503e+00 2.999935822730906768e-02
8.950000000000001066e+00 2.999935822730939033e-02
8.960000000000000853e+00 2.999935822731009810e-02
8.970000000000000639e+00 2.999935822730947013e-02
8.980000000000000426e+00 2.999935822731059076e-02
8.990000000000000213e+00 2.999935822730944932e-02
9.000000000000000000e+00 2.999935822731080240e-02
9.009999999999999787e+00 2.999935822730860971e-02
9.019999999999999574e+00 2.999935822731088567e-02
9.029999999999999361e+00 2.999935822730866175e-02
9.040000000000000924e+00 2.999935822730906074e-02
9.050000000000000711e+00 2.999935822730892890e-02
9.060000000000000497e+00 2.999935822730859930e-02
9.070000000000000284e+00 2.999935822730949789e-02
9.080000000000000071e+00 2.999935822730781521e-02
9.089999999999999858e+00 2.999935822730822807e-02
9.099999999999999645e+00 2.999935822731032015e-02
9.109999999999999432e+00 2.999935822731172874e-02
9.120000000000000995e+00 2.999935822730862012e-02
9.130000000000000782e+00 2.999935822730991075e-02
9.140000000000000568e+00 2.999935822731138180e-02
9.150000000000000355e+00 2.999935822730685070e-02
9.160000000000000142e+00 2.999935822730567803e-02
9.169999999999999929e+00 2.999935822730802684e-02
9.179999999999999716e+00 2.999935822730933135e-02
9.189999999999999503e+00 2.999935822731270366e-02
9.200000000000001066e+00 2.999935822730988993e-02
9.210000000000000853e+00 2.999935822730957768e-02
9.220000000000000639e+00 2.999935822730650029e-02
9.230000000000000426e+00 2.999935822730888380e-02
9.240000000000000213e+00 2.999935822730779786e-02
9.250000000000000000e+00 2.999935822731051097e-02
9.259999999999999787e+00 2.999935822730932095e-02
9.269999999999999574e+00 2.999935822730978932e-02
9.279999999999999361e+00 2.999935822730855420e-02
9.290000000000000924e+00 2.999935822730661478e-02
9.300000000000000711e+00 2.999935822731343571e-02
9.310000000000000497e+00 2.999935822730964707e-02
9.320000000000000284e+00 2.999935822730737112e-02
9.330000000000000071e+00 2.999935822730761398e-02
9.339999999999999858e+00 2.999935822730834603e-02
9.349999999999999645e+00 2.999935822730773888e-02
9.359999999999999432e+00 2.999935822730868951e-02
9.370000000000000995e+00 2.999935822730870338e-02
9.380000000000000782e+00 2.999935822730978585e-02
9.390000000000000568e+00 2.999935822731117016e-02
9.400000000000000355e+00 2.999935822730744744e-02
9.410000000000000142e+00 2.999935822730764867e-02
9.419999999999999929e+00 2.999935822730559476e-02
9.429999999999999716e+00 2.999935822731041729e-02
9.439999999999999503e+00 2.999935822731108342e-02
9.450000000000001066e+00 2.999935822730898788e-02
9.460000000000000853e+00 2.999935822731055260e-02
9.470000000000000639e+00 2.999935822731366816e-02
9.480000000000000426e+00 2.999935822730911972e-02
9.490000000000000213e+00 2.999935822731319285e-02
9.500000000000000000e+00 2.999935822730610824e-02
9.509999999999999787e+00 2.999935822731079546e-02
9.519999999999999574e+00 2.999935822731255100e-02
9.529999999999999361e+00 2.999935822731016055e-02
9.540000000000000924e+00 2.999935822731028545e-02
9.550000000000000711e+00 2.999935822730891502e-02
9.560000000000000497e+00 2.999935822731143037e-02
9.570000000000000284e+00 2.999935822730981361e-02
9.580000000000000071e+00 2.999935822731231855e-02
9.589999999999999858e+00 2.999935822730570925e-02
9.599999999999999645e+00 2.999935822731110771e-02
9.609999999999999432e+00 2.999935822730810317e-02
9.620000000000000995e+00 2.999935822730871379e-02
9.630000000000000782e+00 2.999935822731093077e-02
9.640000000000000568e+00 2.999935822731277305e-02
9.650000000000000355e+00 2.999935822730889073e-02
9.660000000000000142e+00 2.999935822730785684e-02
9.669999999999999929e+00 2.999935822731241569e-02
9.679999999999999716e+00 2.999935822730939380e-02
9.689999999999999503e+00 2.999935822730979279e-02
9.700000000000001066e+00 2.999935822731289795e-02
9.710000000000000853e+00 2.999935822731008422e-02
9.720000000000000639e+00 2.999935822731149282e-02
9.730000000000000426e+00 2.999935822730565721e-02
9.740000000000000213e+00 2.999935822730917523e-02
9.750000000000000000e+00 2.999935822730930707e-02
9.759999999999999787e+00 2.999935822730864787e-02
9.769999999999999574e+00 2.999935822731078505e-02
9.779999999999999361e+00 2.999935822731080240e-02
9.790000000000000924e+00 2.999935822730474128e-02
9.800000000000000711e+00 2.999935822731338367e-02
9.810000000000000497e+00 2.999935822731061505e-02
9.820000000000000284e+00 2.999935822731219018e-02
9.830000000000000071e+00 2.999935822730862012e-02
9.839999999999999858e+00 2.999935822731084403e-02
9.849999999999999645e+00 2.999935822730741969e-02
9.859999999999999432e+00 2.999935822730541782e-02
9.870000000000000995e+00 2.999935822730752030e-02
9.880000000000000782e+00 2.999935822731095506e-02
9.890000000000000568e+00 2.999935822731194385e-02
9.900000000000000355e+00 2.999935822731117363e-02
9.910000000000000142e+00 2.999935822731109036e-02
9.919999999999999929e+00 2.999935822730966095e-02
9.929999999999999716e+00 2.999935822731259957e-02
9.939999999999999503e+00 2.999935822730886645e-02
9.950000000000001066e+00 2.999935822730704499e-02
9.960000000000000853e+00 2.999935822731060117e-02
9.970000000000000639e+00 2.999935822730977891e-02
