0.000000000000000000e+00 2.999936014161540612e-02
1.000000000000000021e-02 2.999936014161603062e-02
2.000000000000000042e-02 2.999936014161748432e-02
2.999999999999999889e-02 2.999936014161217607e-02
4.000000000000000083e-02 2.999936014162074560e-02
5.000000000000000278e-02 2.999936014161815392e-02
5.999999999999999778e-02 2.999936014161543735e-02
7.000000000000000666e-02 2.999936014161846617e-02
8.000000000000000167e-02 2.999936014161646430e-02
8.999999999999999667e-02 2.999936014161625961e-02
1.000000000000000056e-01 2.999936014161820944e-02
1.100000000000000006e-01 2.999936014161563164e-02
1.199999999999999956e-01 2.999936014161588144e-02
1.300000000000000044e-01 2.999936014162054437e-02
1.400000000000000133e-01 2.999936014161997538e-02
1.499999999999999944e-01 2.999936014161597858e-02
1.600000000000000033e-01 2.999936014161748779e-02
1.700000000000000122e-01 2.999936014161801515e-02
1.799999999999999933e-01 2.999936014161867087e-02
1.900000000000000022e-01 2.999936014161453182e-02
2.000000000000000111e-01 2.999936014161653716e-02
2.099999999999999922e-01 2.999936014161853556e-02
2.200000000000000011e-01 2.999936014162242134e-02
2.300000000000000100e-01 2.999936014161691880e-02
2.399999999999999911e-01 2.999936014161708187e-02
2.500000000000000000e-01 2.999936014161726228e-02
2.600000000000000089e-01 2.999936014161863618e-02
2.700000000000000178e-01 2.999936014161475040e-02
2.800000000000000266e-01 2.999936014161712697e-02
2.899999999999999800e-01 2.999936014161614165e-02
2.999999999999999889e-01 2.999936014161936476e-02
3.099999999999999978e-01 2.999936014162130418e-02
3.200000000000000067e-01 2.999936014161793882e-02
3.300000000000000155e-01 2.999936014161728309e-02
3.400000000000000244e-01 2.999936014161697431e-02
3.500000000000000333e-01 2.999936014162127296e-02
3.599999999999999867e-01 2.999936014162016273e-02
3.699999999999999956e-01 2.999936014161568715e-02
3.800000000000000044e-01 2.999936014161657186e-02
3.900000000000000133e-01 2.999936014161723105e-02
4.000000000000000222e-01 2.999936014161680084e-02
4.100000000000000311e-01 2.999936014161697778e-02
4.199999999999999845e-01 2.999936014161249179e-02
4.299999999999999933e-01 2.999936014161765085e-02
4.400000000000000022e-01 2.999936014161597164e-02
4.500000000000000111e-01 2.999936014161843842e-02
4.600000000000000200e-01 2.999936014161888598e-02
4.700000000000000289e-01 2.999936014161827535e-02
4.799999999999999822e-01 2.999936014161734207e-02
4.899999999999999911e-01 2.999936014161711656e-02
5.000000000000000000e-01 2.999936014162022171e-02
5.100000000000000089e-01 2.999936014161884434e-02
5.200000000000000178e-01 2.999936014161744616e-02
5.300000000000000266e-01 2.999936014161534020e-02
5.400000000000000355e-01 2.999936014161663778e-02
5.500000000000000444e-01 2.999936014161737677e-02
5.600000000000000533e-01 2.999936014161726922e-02
5.700000000000000622e-01 2.999936014161777575e-02
5.799999999999999600e-01 2.999936014161687370e-02
5.899999999999999689e-01 2.999936014161977416e-02
5.999999999999999778e-01 2.999936014161825454e-02
6.099999999999999867e-01 2.999936014161728309e-02
6.199999999999999956e-01 2.999936014161695003e-02
6.300000000000000044e-01 2.999936014161934394e-02
6.400000000000000133e-01 2.999936014161802209e-02
6.500000000000000222e-01 2.999936014161757453e-02
6.600000000000000311e-01 2.999936014161765779e-02
6.700000000000000400e-01 2.999936014161903516e-02
6.800000000000000488e-01 2.999936014161583980e-02
6.900000000000000577e-01 2.999936014161378242e-02
7.000000000000000666e-01 2.999936014161827535e-02
7.099999999999999645e-01 2.999936014161709574e-02
7.199999999999999734e-01 2.999936014161602715e-02
7.299999999999999822e-01 2.999936014161812617e-02
7.399999999999999911e-01 2.999936014161753636e-02
7.500000000000000000e-01 2.999936014161574613e-02
7.600000000000000089e-01 2.999936014162016967e-02
7.700000000000000178e-01 2.999936014162049233e-02
7.800000000000000266e-01 2.999936014161755371e-02
7.900000000000000355e-01 2.999936014161801862e-02
8.000000000000000444e-01 2.999936014161567327e-02
8.100000000000000533e-01 2.999936014161951742e-02
8.200000000000000622e-01 2.999936014161674533e-02
8.300000000000000711e-01 2.999936014161801168e-02
8.399999999999999689e-01 2.999936014161951395e-02
8.499999999999999778e-01 2.999936014161573225e-02
8.599999999999999867e-01 2.999936014161880271e-02
8.699999999999999956e-01 2.999936014161753983e-02
8.800000000000000044e-01 2.999936014161416406e-02
8.900000000000000133e-01 2.999936014161709921e-02
9.000000000000000222e-01 2.999936014161742881e-02
9.100000000000000311e-01 2.999936014161472611e-02
9.200000000000000400e-01 2.999936014161602715e-02
9.300000000000000488e-01 2.999936014161558306e-02
9.400000000000000577e-01 2.999936014161547898e-02
9.500000000000000666e-01 2.999936014161893455e-02
9.599999999999999645e-01 2.999936014161490999e-02
9.699999999999999734e-01 2.999936014161771677e-02
9.799999999999999822e-01 2.999936014161720677e-02
9.899999999999999911e-01 2.999936014161619716e-02
1.000000000000000000e+00 2.999936014161711309e-02
1.010000000000000009e+00 2.999936014161388997e-02
1.020000000000000018e+00 2.999936014161598552e-02
1.030000000000000027e+00 2.999936014161573919e-02
1.040000000000000036e+00 2.999936014161595776e-02
1.050000000000000044e+00 2.999936014161561776e-02
1.060000000000000053e+00 2.999936014161862924e-02
1.070000000000000062e+00 2.999936014161565592e-02
1.080000000000000071e+00 2.999936014161806719e-02
1.090000000000000080e+00 2.999936014161580164e-02
1.100000000000000089e+00 2.999936014161750167e-02
1.110000000000000098e+00 2.999936014161793535e-02
1.120000000000000107e+00 2.999936014161681125e-02
1.130000000000000115e+00 2.999936014161603409e-02
1.140000000000000124e+00 2.999936014161878883e-02
1.150000000000000133e+00 2.999936014161871944e-02
1.159999999999999920e+00 2.999936014161856332e-02
1.169999999999999929e+00 2.999936014161853556e-02
1.179999999999999938e+00 2.999936014161876108e-02
1.189999999999999947e+00 2.999936014161787290e-02
1.199999999999999956e+00 2.999936014161826842e-02
1.209999999999999964e+00 2.999936014161674880e-02
1.219999999999999973e+00 2.999936014161866046e-02
1.229999999999999982e+00 2.999936014161797004e-02
1.239999999999999991e+00 2.999936014161625267e-02
1.250000000000000000e+00 2.999936014161791453e-02
1.260000000000000009e+00 2.999936014161789372e-02
1.270000000000000018e+00 2.999936014161523612e-02
1.280000000000000027e+00 2.999936014161681125e-02
1.290000000000000036e+00 2.999936014161819209e-02
1.300000000000000044e+00 2.999936014161572184e-02
1.310000000000000053e+00 2.999936014161753289e-02
1.320000000000000062e+00 2.999936014161782086e-02
1.330000000000000071e+00 2.999936014161809494e-02
1.340000000000000080e+00 2.999936014161719289e-02
1.350000000000000089e+00 2.999936014161701942e-02
1.360000000000000098e+00 2.999936014161757453e-02
1.370000000000000107e+00 2.999936014161836556e-02
1.380000000000000115e+00 2.999936014161716513e-02
1.390000000000000124e+00 2.999936014161707493e-02
1.400000000000000133e+00 2.999936014161723105e-02
1.409999999999999920e+00 2.999936014161648859e-02
1.419999999999999929e+00 2.999936014161590572e-02
1.429999999999999938e+00 2.999936014161697084e-02
1.439999999999999947e+00 2.999936014161696390e-02
1.449999999999999956e+00 2.999936014161748779e-02
1.459999999999999964e+00 2.999936014161611389e-02
1.469999999999999973e+00 2.999936014161744269e-02
1.479999999999999982e+00 2.999936014161606185e-02
1.489999999999999991e+00 2.999936014161853903e-02
1.500000000000000000e+00 2.999936014161782433e-02
1.510000000000000009e+00 2.999936014161561776e-02
1.520000000000000018e+00 2.999936014161676961e-02
1.530000000000000027e+00 2.999936014161688064e-02
1.540000000000000036e+00 2.999936014161638451e-02
1.550000000000000044e+00 2.999936014161610348e-02
1.560000000000000053e+00 2.999936014161714085e-02
1.570000000000000062e+00 2.999936014161564898e-02
1.580000000000000071e+00 2.999936014161515979e-02
1.590000000000000080e+00 2.999936014161669329e-02
1.600000000000000089e+00 2.999936014161672798e-02
1.610000000000000098e+00 2.999936014161590225e-02
1.620000000000000107e+00 2.999936014161527428e-02
1.630000000000000115e+00 2.999936014161797698e-02
1.640000000000000124e+00 2.999936014161667247e-02
1.650000000000000133e+00 2.999936014161730044e-02
1.660000000000000142e+00 2.999936014161604797e-02
1.669999999999999929e+00 2.999936014161724146e-02
1.679999999999999938e+00 2.999936014161765779e-02
1.689999999999999947e+00 2.999936014161704023e-02
1.699999999999999956e+00 2.999936014161675921e-02
1.709999999999999964e+00 2.999936014161829617e-02
1.719999999999999973e+00 2.999936014161701248e-02
1.729999999999999982e+00 2.999936014161696390e-02
1.739999999999999991e+00 2.999936014161676268e-02
1.750000000000000000e+00 2.999936014161730044e-02
1.760000000000000009e+00 2.999936014161631859e-02
1.770000000000000018e+00 2.999936014161751555e-02
1.780000000000000027e+00 2.999936014161719289e-02
1.790000000000000036e+00 2.999936014161722758e-02
1.800000000000000044e+00 2.999936014161674186e-02
1.810000000000000053e+00 2.999936014161745657e-02
1.820000000000000062e+00 2.999936014161830658e-02
1.830000000000000071e+00 2.999936014161638451e-02
1.840000000000000080e+00 2.999936014161742881e-02
1.850000000000000089e+00 2.999936014161674880e-02
1.860000000000000098e+00 2.999936014161693268e-02
1.870000000000000107e+00 2.999936014161736289e-02
1.880000000000000115e+00 2.999936014161608960e-02
1.890000000000000124e+00 2.999936014161778963e-02
1.900000000000000133e+00 2.999936014161732473e-02
1.910000000000000142e+00 2.999936014161688411e-02
1.919999999999999929e+00 2.999936014161861883e-02
1.929999999999999938e+00 2.999936014161707493e-02
1.939999999999999947e+00 2.999936014161761616e-02
1.949999999999999956e+00 2.999936014161698472e-02
1.959999999999999964e+00 2.999936014161640185e-02
1.969999999999999973e+00 2.999936014161767514e-02
1.979999999999999982e+00 2.999936014161774106e-02
1.989999999999999991e+00 2.999936014161658920e-02
2.000000000000000000e+00 2.999936014161794576e-02
2.010000000000000231e+00 2.999936014161837250e-02
2.020000000000000018e+00 2.999936014161676961e-02
2.030000000000000249e+00 2.999936014161676615e-02
2.040000000000000036e+00 2.999936014161664471e-02
2.049999999999999822e+00 2.999936014161772718e-02
2.060000000000000053e+00 2.999936014161733167e-02
2.069999999999999840e+00 2.999936014161761616e-02
2.080000000000000071e+00 2.999936014161750167e-02
2.089999999999999858e+00 2.999936014161687717e-02
2.100000000000000089e+00 2.999936014161697431e-02
2.109999999999999876e+00 2.999936014161729350e-02
2.120000000000000107e+00 2.999936014161572878e-02
2.129999999999999893e+00 2.999936014161729003e-02
2.140000000000000124e+00 2.999936014161772718e-02
2.149999999999999911e+00 2.999936014161752942e-02
2.160000000000000142e+00 2.999936014161731779e-02
2.169999999999999929e+00 2.999936014161739412e-02
2.180000000000000160e+00 2.999936014161656839e-02
2.189999999999999947e+00 2.999936014161712350e-02
2.200000000000000178e+00 2.999936014161673492e-02
2.209999999999999964e+00 2.999936014161681125e-02
2.220000000000000195e+00 2.999936014161767861e-02
2.229999999999999982e+00 2.999936014161688064e-02
2.240000000000000213e+00 2.999936014161760228e-02
2.250000000000000000e+00 2.999936014161735248e-02
2.260000000000000231e+00 2.999936014161644002e-02
2.270000000000000018e+00 2.999936014161559694e-02
2.280000000000000249e+00 2.999936014161608613e-02
2.290000000000000036e+00 2.999936014161723799e-02
2.300000000000000266e+00 2.999936014161671757e-02
2.310000000000000053e+00 2.999936014161768555e-02
2.319999999999999840e+00 2.999936014161721023e-02
2.330000000000000071e+00 2.999936014161740799e-02
2.339999999999999858e+00 2.999936014161602021e-02
2.350000000000000089e+00 2.999936014161837250e-02
2.359999999999999876e+00 2.999936014161730738e-02
2.370000000000000107e+00 2.999936014161764392e-02
2.379999999999999893e+00 2.999936014161622838e-02
2.390000000000000124e+00 2.999936014161713738e-02
2.399999999999999911e+00 2.999936014161637410e-02
2.410000000000000142e+00 2.999936014161657186e-02
2.419999999999999929e+00 2.999936014161765085e-02
2.430000000000000160e+00 2.999936014161618675e-02
2.439999999999999947e+00 2.999936014161708533e-02
2.450000000000000178e+00 2.999936014161731085e-02
2.459999999999999964e+00 2.999936014161790065e-02
2.470000000000000195e+00 2.999936014161642961e-02
2.479999999999999982e+00 2.999936014161715125e-02
2.490000000000000213e+00 2.999936014161645736e-02
2.500000000000000000e+00 2.999936014161713738e-02
2.510000000000000231e+00 2.999936014161861189e-02
2.520000000000000018e+00 2.999936014161650594e-02
2.530000000000000249e+00 2.999936014161688411e-02
2.540000000000000036e+00 2.999936014161621450e-02
2.550000000000000266e+00 2.999936014161758840e-02
2.560000000000000053e+00 2.999936014161735942e-02
2.569999999999999840e+00 2.999936014161869169e-02
2.580000000000000071e+00 2.999936014161762310e-02
2.589999999999999858e+00 2.999936014161680431e-02
2.600000000000000089e+00 2.999936014161713391e-02
2.609999999999999876e+00 2.999936014161621797e-02
2.620000000000000107e+00 2.999936014161596817e-02
2.629999999999999893e+00 2.999936014161799780e-02
2.640000000000000124e+00 2.999936014161678349e-02
2.649999999999999911e+00 2.999936014161778269e-02
2.660000000000000142e+00 2.999936014161811229e-02
2.669999999999999929e+00 2.999936014161694309e-02
2.680000000000000160e+00 2.999936014161670716e-02
2.689999999999999947e+00 2.999936014161765085e-02
2.700000000000000178e+00 2.999936014161651981e-02
2.709999999999999964e+00 2.999936014161770290e-02
2.720000000000000195e+00 2.999936014161661696e-02
2.729999999999999982e+00 2.999936014161838638e-02
2.740000000000000213e+00 2.999936014161795617e-02
2.750000000000000000e+00 2.999936014161589531e-02
2.760000000000000231e+00 2.999936014161640532e-02
2.770000000000000018e+00 2.999936014161709574e-02
2.780000000000000249e+00 2.999936014161695003e-02
2.790000000000000036e+00 2.999936014161738718e-02
2.800000000000000266e+00 2.999936014161734901e-02
2.810000000000000053e+00 2.999936014161747738e-02
2.819999999999999840e+00 2.999936014161723799e-02
2.830000000000000071e+00 2.999936014161715472e-02
2.839999999999999858e+00 2.999936014161793535e-02
2.850000000000000089e+00 2.999936014161659614e-02
2.859999999999999876e+00 2.999936014161810188e-02
2.870000000000000107e+00 2.999936014161668288e-02
2.879999999999999893e+00 2.999936014161772024e-02
2.890000000000000124e+00 2.999936014161587450e-02
2.899999999999999911e+00 2.999936014161824760e-02
2.910000000000000142e+00 2.999936014161611736e-02
2.919999999999999929e+00 2.999936014161629777e-02
2.930000000000000160e+00 2.999936014161701942e-02
2.939999999999999947e+00 2.999936014161674533e-02
2.950000000000000178e+00 2.999936014161665859e-02
2.959999999999999964e+00 2.999936014161737330e-02
2.970000000000000195e+00 2.999936014161697778e-02
2.979999999999999982e+00 2.999936014161625614e-02
2.990000000000000213e+00 2.999936014161899353e-02
3.000000000000000000e+00 2.999936014161716513e-02
3.010000000000000231e+00 2.999936014161673839e-02
3.020000000000000018e+00 2.999936014161701248e-02
3.030000000000000249e+00 2.999936014161747044e-02
3.040000000000000036e+00 2.999936014161740452e-02
3.050000000000000266e+00 2.999936014161670716e-02
3.060000000000000053e+00 2.999936014161731432e-02
3.070000000000000284e+00 2.999936014161686329e-02
3.080000000000000071e+00 2.999936014161657533e-02
3.089999999999999858e+00 2.999936014161656839e-02
3.100000000000000089e+00 2.999936014161716513e-02
3.109999999999999876e+00 2.999936014161706105e-02
3.120000000000000107e+00 2.999936014161589531e-02
3.129999999999999893e+00 2.999936014161689452e-02
3.140000000000000124e+00 2.999936014161719289e-02
3.149999999999999911e+00 2.999936014161721370e-02
3.160000000000000142e+00 2.999936014161570449e-02
3.169999999999999929e+00 2.999936014161717554e-02
3.180000000000000160e+00 2.999936014161700901e-02
3.189999999999999947e+00 2.999936014161702635e-02
3.200000000000000178e+00 2.999936014161794229e-02
3.209999999999999964e+00 2.999936014161702288e-02
3.220000000000000195e+00 2.999936014161656145e-02
3.229999999999999982e+00 2.999936014161739065e-02
3.240000000000000213e+00 2.999936014161593348e-02
3.250000000000000000e+00 2.999936014161779657e-02
3.260000000000000231e+00 2.999936014161692574e-02
3.270000000000000018e+00 2.999936014161620063e-02
3.280000000000000249e+00 2.999936014161682513e-02
3.290000000000000036e+00 2.999936014161719289e-02
3.300000000000000266e+00 2.999936014161664818e-02
3.310000000000000053e+00 2.999936014161811923e-02
3.320000000000000284e+00 2.999936014161774800e-02
3.330000000000000071e+00 2.999936014161651635e-02
3.339999999999999858e+00 2.999936014161613818e-02
3.350000000000000089e+00 2.999936014161707146e-02
3.359999999999999876e+00 2.999936014161764739e-02
3.370000000000000107e+00 2.999936014161702635e-02
3.379999999999999893e+00 2.999936014161719636e-02
3.390000000000000124e+00 2.999936014161707840e-02
3.399999999999999911e+00 2.999936014161622838e-02
3.410000000000000142e+00 2.999936014161684941e-02
3.419999999999999929e+00 2.999936014161668635e-02
3.430000000000000160e+00 2.999936014161714432e-02
3.439999999999999947e+00 2.999936014161633246e-02
3.450000000000000178e+00 2.999936014161724493e-02
3.459999999999999964e+00 2.999936014161641920e-02
3.470000000000000195e+00 2.999936014161644696e-02
3.479999999999999982e+00 2.999936014161785208e-02
3.490000000000000213e+00 2.999936014161710268e-02
3.500000000000000000e+00 2.999936014161706452e-02
3.510000000000000231e+00 2.999936014161710615e-02
3.520000000000000018e+00 2.999936014161805331e-02
3.530000000000000249e+00 2.999936014161682860e-02
3.540000000000000036e+00 2.999936014161602715e-02
3.550000000000000266e+00 2.999936014161797698e-02
3.560000000000000053e+00 2.999936014161695350e-02
3.570000000000000284e+00 2.999936014161705064e-02
3.580000000000000071e+00 2.999936014161643655e-02
3.589999999999999858e+00 2.999936014161717207e-02
3.600000000000000089e+00 2.999936014161700901e-02
3.609999999999999876e+00 2.999936014161667941e-02
3.620000000000000107e+00 2.999936014161753636e-02
3.629999999999999893e+00 2.999936014161729697e-02
3.640000000000000124e+00 2.999936014161729350e-02
3.649999999999999911e+00 2.999936014161637410e-02
3.660000000000000142e+00 2.999936014161710615e-02
3.669999999999999929e+00 2.999936014161637063e-02
3.680000000000000160e+00 2.999936014161685982e-02
3.689999999999999947e+00 2.999936014161681819e-02
3.700000000000000178e+00 2.999936014161700901e-02
3.709999999999999964e+00 2.999936014161715125e-02
3.720000000000000195e+00 2.999936014161707146e-02
3.729999999999999982e+00 2.999936014161719289e-02
3.740000000000000213e+00 2.999936014161657186e-02
3.750000000000000000e+00 2.999936014161750514e-02
3.760000000000000231e+00 2.999936014161742881e-02
3.770000000000000018e+00 2.999936014161745657e-02
3.780000000000000249e+00 2.999936014161693962e-02
3.790000000000000036e+00 2.999936014161704717e-02
3.800000000000000266e+00 2.999936014161622838e-02
3.810000000000000053e+00 2.999936014161667594e-02
3.820000000000000284e+00 2.999936014161692227e-02
3.830000000000000071e+00 2.999936014161724146e-02
3.839999999999999858e+00 2.999936014161709227e-02
3.850000000000000089e+00 2.999936014161726228e-02
3.859999999999999876e+00 2.999936014161665165e-02
3.870000000000000107e+00 2.999936014161724146e-02
3.879999999999999893e+00 2.999936014161719289e-02
3.890000000000000124e+00 2.999936014161670716e-02
3.899999999999999911e+00 2.999936014161671410e-02
3.910000000000000142e+00 2.999936014161693615e-02
3.919999999999999929e+00 2.999936014161752595e-02
3.930000000000000160e+00 2.999936014161718248e-02
3.939999999999999947e+00 2.999936014161715819e-02
3.950000000000000178e+00 2.999936014161732820e-02
3.959999999999999964e+00 2.999936014161696043e-02
3.970000000000000195e+00 2.999936014161676268e-02
3.979999999999999982e+00 2.999936014161683207e-02
3.990000000000000213e+00 2.999936014161710962e-02
4.000000000000000000e+00 2.999936014161700554e-02
4.009999999999999787e+00 2.999936014161645043e-02
4.020000000000000462e+00 2.999936014161669329e-02
4.030000000000000249e+00 2.999936014161724840e-02
4.040000000000000036e+00 2.999936014161713738e-02
4.049999999999999822e+00 2.999936014161667594e-02
4.060000000000000497e+00 2.999936014161681125e-02
4.070000000000000284e+00 2.999936014161716513e-02
4.080000000000000071e+00 2.999936014161715819e-02
4.089999999999999858e+00 2.999936014161733860e-02
4.099999999999999645e+00 2.999936014161732473e-02
4.110000000000000320e+00 2.999936014161687370e-02
4.120000000000000107e+00 2.999936014161719289e-02
4.129999999999999893e+00 2.999936014161678696e-02
4.139999999999999680e+00 2.999936014161685288e-02
4.150000000000000355e+00 2.999936014161741493e-02
4.160000000000000142e+00 2.999936014161663431e-02
4.169999999999999929e+00 2.999936014161673839e-02
4.179999999999999716e+00 2.999936014161708187e-02
4.190000000000000391e+00 2.999936014161720677e-02
4.200000000000000178e+00 2.999936014161699860e-02
4.209999999999999964e+00 2.999936014161680431e-02
4.219999999999999751e+00 2.999936014161669329e-02
4.230000000000000426e+00 2.999936014161685288e-02
4.240000000000000213e+00 2.999936014161683900e-02
4.250000000000000000e+00 2.999936014161701942e-02
4.259999999999999787e+00 2.999936014161687370e-02
4.270000000000000462e+00 2.999936014161651635e-02
4.280000000000000249e+00 2.999936014161658920e-02
4.290000000000000036e+00 2.999936014161686676e-02
4.299999999999999822e+00 2.999936014161679737e-02
4.310000000000000497e+00 2.999936014161673492e-02
4.320000000000000284e+00 2.999936014161670716e-02
4.330000000000000071e+00 2.999936014161674880e-02
4.339999999999999858e+00 2.999936014161673839e-02
4.350000000000000533e+00 2.999936014161672451e-02
4.360000000000000320e+00 2.999936014161676961e-02
4.370000000000000107e+00 2.999936014161675574e-02
4.379999999999999893e+00 2.999936014161679737e-02
4.389999999999999680e+00 2.999936014161675574e-02
4.400000000000000355e+00 2.999936014161680084e-02
4.410000000000000142e+00 2.999936014161669676e-02
4.419999999999999929e+00 2.999936014161665512e-02
4.429999999999999716e+00 2.999936014161662043e-02
4.440000000000000391e+00 2.999936014161667247e-02
4.450000000000000178e+00 2.999936014161670716e-02
4.459999999999999964e+00 2.999936014161668982e-02
4.469999999999999751e+00 2.999936014161664125e-02
4.480000000000000426e+00 2.999936014161676961e-02
4.490000000000000213e+00 2.999936014161672104e-02
4.500000000000000000e+00 2.999936014161659614e-02
4.509999999999999787e+00 2.999936014161667247e-02
4.520000000000000462e+00 2.999936014161663778e-02
4.530000000000000249e+00 2.999936014161673492e-02
4.540000000000000036e+00 2.999936014161661696e-02
4.549999999999999822e+00 2.999936014161665859e-02
4.560000000000000497e+00 2.999936014161651288e-02
4.570000000000000284e+00 2.999936014161658920e-02
4.580000000000000071e+00 2.999936014161657533e-02
4.589999999999999858e+00 2.999936014161654757e-02
4.600000000000000533e+00 2.999936014161655104e-02
4.610000000000000320e+00 2.999936014161662390e-02
4.620000000000000107e+00 2.999936014161651981e-02
4.629999999999999893e+00 2.999936014161663431e-02
4.639999999999999680e+00 2.999936014161656145e-02
4.650000000000000355e+00 2.999936014161658226e-02
4.660000000000000142e+00 2.999936014161653369e-02
4.669999999999999929e+00 2.999936014161658920e-02
4.679999999999999716e+00 2.999936014161650247e-02
4.690000000000000391e+00 2.999936014161651981e-02
4.700000000000000178e+00 2.999936014161657186e-02
4.709999999999999964e+00 2.999936014161651288e-02
4.719999999999999751e+00 2.999936014161649900e-02
4.730000000000000426e+00 2.999936014161647124e-02
4.740000000000000213e+00 2.999936014161650941e-02
4.750000000000000000e+00 2.999936014161648512e-02
4.759999999999999787e+00 2.999936014161648859e-02
4.770000000000000462e+00 2.999936014161651288e-02
4.780000000000000249e+00 2.999936014161646430e-02
4.790000000000000036e+00 2.999936014161645043e-02
4.799999999999999822e+00 2.999936014161646430e-02
4.810000000000000497e+00 2.999936014161644349e-02
4.820000000000000284e+00 2.999936014161644002e-02
4.830000000000000071e+00 2.999936014161648512e-02
4.839999999999999858e+00 2.999936014161646430e-02
4.850000000000000533e+00 2.999936014161646430e-02
4.860000000000000320e+00 2.999936014161647471e-02
4.870000000000000107e+00 2.999936014161645390e-02
4.879999999999999893e+00 2.999936014161645736e-02
4.889999999999999680e+00 2.999936014161644349e-02
4.900000000000000355e+00 2.999936014161641573e-02
4.910000000000000142e+00 2.999936014161641573e-02
4.919999999999999929e+00 2.999936014161641573e-02
4.929999999999999716e+00 2.999936014161640532e-02
4.940000000000000391e+00 2.999936014161640532e-02
4.950000000000000178e+00 2.999936014161640185e-02
4.959999999999999964e+00 2.999936014161638451e-02
4.969999999999999751e+00 2.999936014161637757e-02
4.980000000000000426e+00 2.999936014161636369e-02
4.990000000000000213e+00 2.999936014161636022e-02
5.000000000000000000e+00 2.999936014161636369e-02
5.009999999999999787e+00 2.999936014161636022e-02
5.020000000000000462e+00 2.999936014161634981e-02
5.030000000000000249e+00 2.999936014161633593e-02
5.040000000000000036e+00 2.999936014161633593e-02
5.049999999999999822e+00 2.999936014161633593e-02
5.060000000000000497e+00 2.999936014161632900e-02
5.070000000000000284e+00 2.999936014161632206e-02
5.080000000000000071e+00 2.999936014161631165e-02
5.089999999999999858e+00 2.999936014161631165e-02
5.100000000000000533e+00 2.999936014161629430e-02
5.110000000000000320e+00 2.999936014161629083e-02
5.120000000000000107e+00 2.999936014161627001e-02
5.129999999999999893e+00 2.999936014161626655e-02
5.139999999999999680e+00 2.999936014161624920e-02
5.150000000000000355e+00 2.999936014161623879e-02
5.160000000000000142e+00 2.999936014161624226e-02
5.169999999999999929e+00 2.999936014161622144e-02
5.179999999999999716e+00 2.999936014161622144e-02
5.190000000000000391e+00 2.999936014161620063e-02
5.200000000000000178e+00 2.999936014161622838e-02
5.209999999999999964e+00 2.999936014161620756e-02
5.219999999999999751e+00 2.999936014161622144e-02
5.230000000000000426e+00 2.999936014161620756e-02
5.240000000000000213e+00 2.999936014161619716e-02
5.250000000000000000e+00 2.999936014161620756e-02
5.259999999999999787e+00 2.999936014161622491e-02
5.270000000000000462e+00 2.999936014161617981e-02
5.280000000000000249e+00 2.999936014161614858e-02
5.290000000000000036e+00 2.999936014161616593e-02
5.299999999999999822e+00 2.999936014161613471e-02
5.310000000000000497e+00 2.999936014161615205e-02
5.320000000000000284e+00 2.999936014161620063e-02
5.330000000000000071e+00 2.999936014161608266e-02
5.339999999999999858e+00 2.999936014161617287e-02
5.350000000000000533e+00 2.999936014161610348e-02
5.360000000000000320e+00 2.999936014161623185e-02
5.370000000000000107e+00 2.999936014161612430e-02
5.379999999999999893e+00 2.999936014161606879e-02
5.389999999999999680e+00 2.999936014161611389e-02
5.400000000000000355e+00 2.999936014161615205e-02
5.410000000000000142e+00 2.999936014161607226e-02
5.419999999999999929e+00 2.999936014161607920e-02
5.429999999999999716e+00 2.999936014161609307e-02
5.440000000000000391e+00 2.999936014161620063e-02
5.450000000000000178e+00 2.999936014161609654e-02
5.459999999999999964e+00 2.999936014161610695e-02
5.469999999999999751e+00 2.999936014161605491e-02
5.480000000000000426e+00 2.999936014161614165e-02
5.490000000000000213e+00 2.999936014161604450e-02
5.500000000000000000e+00 2.999936014161603756e-02
5.509999999999999787e+00 2.999936014161607573e-02
5.520000000000000462e+00 2.999936014161603409e-02
5.530000000000000249e+00 2.999936014161612430e-02
5.540000000000000036e+00 2.999936014161590225e-02
5.549999999999999822e+00 2.999936014161604450e-02
5.560000000000000497e+00 2.999936014161602021e-02
5.570000000000000284e+00 2.999936014161603756e-02
5.580000000000000071e+00 2.999936014161588838e-02
5.589999999999999858e+00 2.999936014161596817e-02
5.600000000000000533e+00 2.999936014161613124e-02
5.610000000000000320e+00 2.999936014161612430e-02
5.620000000000000107e+00 2.999936014161601328e-02
5.629999999999999893e+00 2.999936014161593348e-02
5.639999999999999680e+00 2.999936014161613818e-02
5.650000000000000355e+00 2.999936014161595776e-02
5.660000000000000142e+00 2.999936014161595083e-02
5.669999999999999929e+00 2.999936014161611042e-02
5.679999999999999716e+00 2.999936014161606879e-02
5.690000000000000391e+00 2.999936014161622144e-02
5.700000000000000178e+00 2.999936014161611736e-02
5.709999999999999964e+00 2.999936014161617981e-02
5.719999999999999751e+00 2.999936014161606532e-02
5.730000000000000426e+00 2.999936014161604797e-02
5.740000000000000213e+00 2.999936014161581552e-02
5.750000000000000000e+00 2.999936014161598552e-02
5.759999999999999787e+00 2.999936014161565939e-02
5.770000000000000462e+00 2.999936014161576348e-02
5.780000000000000249e+00 2.999936014161570449e-02
5.790000000000000036e+00 2.999936014161603409e-02
5.799999999999999822e+00 2.999936014161602021e-02
5.810000000000000497e+00 2.999936014161584674e-02
5.820000000000000284e+00 2.999936014161598552e-02
5.830000000000000071e+00 2.999936014161590919e-02
5.839999999999999858e+00 2.999936014161608613e-02
5.850000000000000533e+00 2.999936014161595429e-02
5.860000000000000320e+00 2.999936014161569062e-02
5.870000000000000107e+00 2.999936014161572878e-02
5.879999999999999893e+00 2.999936014161604103e-02
5.889999999999999680e+00 2.999936014161611736e-02
5.900000000000000355e+00 2.999936014161574960e-02
5.910000000000000142e+00 2.999936014161605144e-02
5.919999999999999929e+00 2.999936014161574613e-02
5.929999999999999716e+00 2.999936014161565245e-02
5.940000000000000391e+00 2.999936014161606185e-02
5.950000000000000178e+00 2.999936014161586062e-02
5.959999999999999964e+00 2.999936014161590919e-02
5.969999999999999751e+00 2.999936014161608960e-02
5.980000000000000426e+00 2.999936014161547551e-02
5.990000000000000213e+00 2.999936014161570103e-02
6.000000000000000000e+00 2.999936014161607573e-02
6.009999999999999787e+00 2.999936014161589531e-02
6.020000000000000462e+00 2.999936014161608266e-02
6.030000000000000249e+00 2.999936014161574960e-02
6.040000000000000036e+00 2.999936014161568021e-02
6.049999999999999822e+00 2.999936014161559000e-02
6.060000000000000497e+00 2.999936014161567327e-02
6.070000000000000284e+00 2.999936014161589878e-02
6.080000000000000071e+00 2.999936014161575654e-02
6.089999999999999858e+00 2.999936014161576348e-02
6.100000000000000533e+00 2.999936014161591960e-02
6.110000000000000320e+00 2.999936014161539918e-02
6.120000000000000107e+00 2.999936014161604103e-02
6.129999999999999893e+00 2.999936014161553449e-02
6.140000000000000568e+00 2.999936014161573572e-02
6.150000000000000355e+00 2.999936014161554143e-02
6.160000000000000142e+00 2.999936014161572878e-02
6.169999999999999929e+00 2.999936014161588144e-02
6.179999999999999716e+00 2.999936014161584674e-02
6.190000000000000391e+00 2.999936014161531939e-02
6.200000000000000178e+00 2.999936014161563511e-02
6.209999999999999964e+00 2.999936014161535061e-02
6.219999999999999751e+00 2.999936014161559000e-02
6.230000000000000426e+00 2.999936014161570103e-02
6.240000000000000213e+00 2.999936014161566633e-02
6.250000000000000000e+00 2.999936014161559000e-02
6.259999999999999787e+00 2.999936014161653369e-02
6.270000000000000462e+00 2.999936014161582246e-02
6.280000000000000249e+00 2.999936014161645043e-02
6.290000000000000036e+00 2.999936014161478162e-02
6.299999999999999822e+00 2.999936014161615552e-02
6.310000000000000497e+00 2.999936014161626655e-02
6.320000000000000284e+00 2.999936014161536449e-02
6.330000000000000071e+00 2.999936014161515979e-02
6.339999999999999858e+00 2.999936014161603409e-02
6.350000000000000533e+00 2.999936014161611389e-02
6.360000000000000320e+00 2.999936014161607920e-02
6.370000000000000107e+00 2.999936014161498979e-02
6.379999999999999893e+00 2.999936014161535755e-02
6.390000000000000568e+00 2.999936014161610348e-02
6.400000000000000355e+00 2.999936014161559694e-02
6.410000000000000142e+00 2.999936014161609654e-02
6.419999999999999929e+00 2.999936014161564898e-02
6.429999999999999716e+00 2.999936014161581205e-02
6.440000000000000391e+00 2.999936014161601328e-02
6.450000000000000178e+00 2.999936014161508693e-02
6.459999999999999964e+00 2.999936014161581205e-02
6.469999999999999751e+00 2.999936014161615899e-02
6.480000000000000426e+00 2.999936014161516326e-02
6.490000000000000213e+00 2.999936014161622838e-02
6.500000000000000000e+00 2.999936014161548592e-02
6.509999999999999787e+00 2.999936014161606879e-02
6.520000000000000462e+00 2.999936014161632553e-02
6.530000000000000249e+00 2.999936014161533673e-02
6.540000000000000036e+00 2.999936014161525000e-02
6.549999999999999822e+00 2.999936014161563858e-02
6.560000000000000497e+00 2.999936014161559000e-02
6.570000000000000284e+00 2.999936014161629083e-02
6.580000000000000071e+00 2.999936014161477468e-02
6.589999999999999858e+00 2.999936014161506612e-02
6.600000000000000533e+00 2.999936014161599940e-02
6.610000000000000320e+00 2.999936014161630818e-02
6.620000000000000107e+00 2.999936014161444509e-02
6.629999999999999893e+00 2.999936014161496550e-02
6.640000000000000568e+00 2.999936014161464631e-02
6.650000000000000355e+00 2.999936014161628042e-02
6.660000000000000142e+00 2.999936014161589184e-02
6.669999999999999929e+00 2.999936014161525000e-02
6.679999999999999716e+00 2.999936014161505571e-02
6.690000000000000391e+00 2.999936014161534714e-02
6.700000000000000178e+00 2.999936014161618328e-02
6.709999999999999964e+00 2.999936014161565245e-02
6.719999999999999751e+00 2.999936014161585368e-02
6.730000000000000426e+00 2.999936014161511122e-02
6.740000000000000213e+00 2.999936014161605491e-02
6.750000000000000000e+00 2.999936014161572878e-02
6.759999999999999787e+00 2.999936014161646430e-02
6.770000000000000462e+00 2.999936014161592307e-02
6.780000000000000249e+00 2.999936014161586756e-02
6.790000000000000036e+00 2.999936014161564551e-02
6.799999999999999822e+00 2.999936014161504183e-02
6.810000000000000497e+00 2.999936014161584327e-02
6.820000000000000284e+00 2.999936014161458386e-02
6.830000000000000071e+00 2.999936014161492734e-02
6.839999999999999858e+00 2.999936014161480244e-02
6.850000000000000533e+00 2.999936014161528469e-02
6.860000000000000320e+00 2.999936014161461856e-02
6.870000000000000107e+00 2.999936014161577388e-02
6.879999999999999893e+00 2.999936014161563511e-02
6.890000000000000568e+00 2.999936014161531939e-02
6.900000000000000355e+00 2.999936014161646777e-02
6.910000000000000142e+00 2.999936014161505918e-02
6.919999999999999929e+00 2.999936014161545123e-02
6.929999999999999716e+00 2.999936014161562470e-02
6.940000000000000391e+00 2.999936014161544429e-02
6.950000000000000178e+00 2.999936014161602368e-02
6.959999999999999964e+00 2.999936014161450407e-02
6.969999999999999751e+00 2.999936014161433406e-02
6.980000000000000426e+00 2.999936014161559347e-02
6.990000000000000213e+00 2.999936014161589184e-02
7.000000000000000000e+00 2.999936014161504877e-02
7.009999999999999787e+00 2.999936014161547551e-02
7.020000000000000462e+00 2.999936014161559694e-02
7.030000000000000249e+00 2.999936014161504183e-02
7.040000000000000036e+00 2.999936014161518061e-02
7.049999999999999822e+00 2.999936014161557959e-02
7.060000000000000497e+00 2.999936014161611042e-02
7.070000000000000284e+00 2.999936014161568021e-02
7.080000000000000071e+00 2.999936014161569062e-02
7.089999999999999858e+00 2.999936014161472264e-02
7.100000000000000533e+00 2.999936014161591960e-02
7.110000000000000320e+00 2.999936014161592654e-02
7.120000000000000107e+00 2.999936014161561776e-02
7.129999999999999893e+00 2.999936014161590225e-02
7.140000000000000568e+00 2.999936014161547204e-02
7.150000000000000355e+00 2.999936014161490999e-02
7.160000000000000142e+00 2.999936014161533326e-02
7.169999999999999929e+00 2.999936014161502795e-02
7.179999999999999716e+00 2.999936014161432019e-02
7.190000000000000391e+00 2.999936014161597858e-02
7.200000000000000178e+00 2.999936014161641573e-02
7.209999999999999964e+00 2.999936014161465325e-02
7.219999999999999751e+00 2.999936014161453182e-02
7.230000000000000426e+00 2.999936014161552061e-02
7.240000000000000213e+00 2.999936014161411896e-02
7.250000000000000000e+00 2.999936014161519796e-02
7.259999999999999787e+00 2.999936014161377201e-02
7.270000000000000462e+00 2.999936014161527775e-02
7.280000000000000249e+00 2.999936014161458386e-02
7.290000000000000036e+00 2.999936014161667941e-02
7.299999999999999822e+00 2.999936014161489611e-02
7.310000000000000497e+00 2.999936014161684594e-02
7.320000000000000284e+00 2.999936014161602368e-02
7.330000000000000071e+00 2.999936014161419529e-02
7.339999999999999858e+00 2.999936014161630471e-02
7.350000000000000533e+00 2.999936014161626655e-02
7.360000000000000320e+00 2.999936014161576001e-02
7.370000000000000107e+00 2.999936014161505571e-02
7.379999999999999893e+00 2.999936014161527775e-02
7.390000000000000568e+00 2.999936014161494122e-02
7.400000000000000355e+00 2.999936014161317527e-02
7.410000000000000142e+00 2.999936014161565592e-02
7.419999999999999929e+00 2.999936014161423692e-02
7.429999999999999716e+00 2.999936014161521877e-02
7.440000000000000391e+00 2.999936014161546510e-02
7.450000000000000178e+00 2.999936014161437570e-02
7.459999999999999964e+00 2.999936014161466019e-02
7.469999999999999751e+00 2.999936014161336956e-02
7.480000000000000426e+00 2.999936014161561082e-02
7.490000000000000213e+00 2.999936014161555531e-02
7.500000000000000000e+00 2.999936014161420916e-02
7.509999999999999787e+00 2.999936014161579123e-02
7.520000000000000462e+00 2.999936014161614858e-02
7.530000000000000249e+00 2.999936014161461162e-02
7.540000000000000036e+00 2.999936014161504877e-02
7.549999999999999822e+00 2.999936014161443121e-02
7.560000000000000497e+00 2.999936014161568715e-02
7.570000000000000284e+00 2.999936014161397324e-02
7.580000000000000071e+00 2.999936014161441039e-02
7.589999999999999858e+00 2.999936014161371650e-02
7.600000000000000533e+00 2.999936014161504183e-02
7.610000000000000320e+00 2.999936014161544429e-02
7.620000000000000107e+00 2.999936014161461856e-02
7.629999999999999893e+00 2.999936014161513897e-02
7.640000000000000568e+00 2.999936014161494122e-02
7.650000000000000355e+00 2.999936014161462897e-02
7.660000000000000142e+00 2.999936014161412590e-02
7.669999999999999929e+00 2.999936014161474693e-02
7.679999999999999716e+00 2.999936014161606185e-02
7.690000000000000391e+00 2.999936014161598205e-02
7.700000000000000178e+00 2.999936014161507652e-02
7.709999999999999964e+00 2.999936014161493775e-02
7.719999999999999751e+00 2.999936014161450407e-02
7.730000000000000426e+00 2.999936014161552061e-02
7.740000000000000213e+00 2.999936014161626655e-02
7.750000000000000000e+00 2.999936014161370609e-02
7.759999999999999787e+00 2.999936014161504530e-02
7.770000000000000462e+00 2.999936014161554837e-02
7.780000000000000249e+00 2.999936014161418835e-02
7.790000000000000036e+00 2.999936014161449366e-02
7.799999999999999822e+00 2.999936014161606185e-02
7.810000000000000497e+00 2.999936014161535408e-02
7.820000000000000284e+00 2.999936014161378589e-02
7.830000000000000071e+00 2.999936014161520142e-02
7.839999999999999858e+00 2.999936014161587450e-02
7.850000000000000533e+00 2.999936014161653022e-02
7.860000000000000320e+00 2.999936014161604103e-02
7.870000000000000107e+00 2.999936014161536796e-02
7.879999999999999893e+00 2.999936014161606879e-02
7.890000000000000568e+00 2.999936014161489958e-02
7.900000000000000355e+00 2.999936014161556225e-02
7.910000000000000142e+00 2.999936014161468795e-02
7.919999999999999929e+00 2.999936014161425774e-02
7.930000000000000604e+00 2.999936014161629083e-02
7.940000000000000391e+00 2.999936014161393508e-02
7.950000000000000178e+00 2.999936014161444162e-02
7.959999999999999964e+00 2.999936014161513204e-02
7.969999999999999751e+00 2.999936014161445202e-02
7.980000000000000426e+00 2.999936014161570103e-02
7.990000000000000213e+00 2.999936014161538531e-02
8.000000000000000000e+00 2.999936014161475040e-02
8.009999999999999787e+00 2.999936014161528469e-02
8.019999999999999574e+00 2.999936014161461162e-02
8.029999999999999361e+00 2.999936014161534714e-02
8.040000000000000924e+00 2.999936014161397324e-02
8.050000000000000711e+00 2.999936014161568021e-02
8.060000000000000497e+00 2.999936014161516326e-02
8.070000000000000284e+00 2.999936014161483366e-02
8.080000000000000071e+00 2.999936014161505918e-02
8.089999999999999858e+00 2.999936014161393508e-02
8.099999999999999645e+00 2.999936014161328629e-02
8.109999999999999432e+00 2.999936014161629777e-02
8.120000000000000995e+00 2.999936014161618675e-02
8.130000000000000782e+00 2.999936014161611736e-02
8.140000000000000568e+00 2.999936014161490999e-02
8.150000000000000355e+00 2.999936014161455611e-02
8.160000000000000142e+00 2.999936014161437570e-02
8.169999999999999929e+00 2.999936014161572184e-02
8.179999999999999716e+00 2.999936014161506959e-02
8.189999999999999503e+00 2.999936014161637410e-02
8.199999999999999289e+00 2.999936014161528469e-02
8.210000000000000853e+00 2.999936014161606879e-02
8.220000000000000639e+00 2.999936014161618675e-02
8.230000000000000426e+00 2.999936014161503489e-02
8.240000000000000213e+00 2.999936014161344588e-02
8.250000000000000000e+00 2.999936014161541653e-02
8.259999999999999787e+00 2.999936014161396630e-02
8.269999999999999574e+00 2.999936014161377201e-02
8.279999999999999361e+00 2.999936014161537490e-02
8.290000000000000924e+00 2.999936014161440345e-02
8.300000000000000711e+00 2.999936014161590225e-02
8.310000000000000497e+00 2.999936014161591613e-02
8.320000000000000284e+00 2.999936014161456999e-02
8.330000000000000071e+00 2.999936014161522224e-02
8.339999999999999858e+00 2.999936014161422304e-02
8.349999999999999645e+00 2.999936014161406692e-02
8.359999999999999432e+00 2.999936014161625961e-02
8.370000000000000995e+00 2.999936014161585368e-02
8.380000000000000782e+00 2.999936014161590919e-02
8.390000000000000568e+00 2.999936014161325853e-02
8.400000000000000355e+00 2.999936014161486142e-02
8.410000000000000142e+00 2.999936014161637410e-02
8.419999999999999929e+00 2.999936014161604103e-02
8.429999999999999716e+00 2.999936014161484754e-02
8.439999999999999503e+00 2.999936014161445202e-02
8.449999999999999289e+00 2.999936014161374426e-02
8.460000000000000853e+00 2.999936014161564551e-02
8.470000000000000639e+00 2.999936014161614165e-02
8.480000000000000426e+00 2.999936014161414671e-02
8.490000000000000213e+00 2.999936014161490305e-02
8.500000000000000000e+00 2.999936014161569756e-02
8.509999999999999787e+00 2.999936014161545816e-02
8.519999999999999574e+00 2.999936014161524306e-02
8.529999999999999361e+00 2.999936014161560388e-02
8.540000000000000924e+00 2.999936014161484060e-02
8.550000000000000711e+00 2.999936014161420222e-02
8.560000000000000497e+00 2.999936014161600981e-02
8.570000000000000284e+00 2.999936014161364711e-02
8.580000000000000071e+00 2.999936014161367834e-02
8.589999999999999858e+00 2.999936014161325853e-02
8.599999999999999645e+00 2.999936014161464631e-02
8.609999999999999432e+00 2.999936014161555531e-02
8.620000000000000995e+00 2.999936014161497591e-02
8.630000000000000782e+00 2.999936014161616593e-02
8.640000000000000568e+00 2.999936014161538878e-02
8.650000000000000355e+00 2.999936014161485448e-02
8.660000000000000142e+00 2.999936014161506265e-02
8.669999999999999929e+00 2.999936014161494122e-02
8.679999999999999716e+00 2.999936014161478509e-02
8.689999999999999503e+00 2.999936014161385528e-02
8.700000000000001066e+00 2.999936014161512510e-02
8.710000000000000853e+00 2.999936014161483366e-02
8.720000000000000639e+00 2.999936014161452835e-02
8.730000000000000426e+00 2.999936014161457692e-02
8.740000000000000213e+00 2.999936014161478509e-02
8.750000000000000000e+00 2.999936014161467407e-02
8.759999999999999787e+00 2.999936014161472958e-02
8.769999999999999574e+00 2.999936014161262363e-02
8.779999999999999361e+00 2.999936014161506612e-02
8.790000000000000924e+00 2.999936014161365405e-02
8.800000000000000711e+00 2.999936014161476427e-02
8.810000000000000497e+00 2.999936014161675574e-02
8.820000000000000284e+00 2.999936014161432712e-02
8.830000000000000071e+00 2.999936014161446937e-02
8.839999999999999858e+00 2.999936014161420222e-02
8.849999999999999645e+00 2.999936014161500020e-02
8.859999999999999432e+00 2.999936014161426467e-02
8.870000000000000995e+00 2.999936014161543735e-02
8.880000000000000782e+00 2.999936014161736289e-02
8.890000000000000568e+00 2.999936014161640185e-02
8.900000000000000355e+00 2.999936014161693615e-02
8.910000000000000142e+00 2.999936014161518755e-02
8.919999999999999929e+00 2.999936014161493775e-02
8.929999999999999716e+00 2.999936014161454917e-02
8.939999999999999503e+00 2.999936014161411549e-02
8.950000000000001066e+00 2.999936014161556572e-02
8.960000000000000853e+00 2.999936014161542347e-02
8.970000000000000639e+00 2.999936014161606879e-02
8.980000000000000426e+00 2.999936014161422998e-02
8.990000000000000213e+00 2.999936014161465325e-02
9.000000000000000000e+00 2.999936014161664471e-02
9.009999999999999787e+00 2.999936014161403569e-02
9.019999999999999574e+00 2.999936014161502101e-02
9.029999999999999361e+00 2.999936014161538531e-02
9.040000000000000924e+00 2.999936014161382059e-02
9.050000000000000711e+00 2.999936014161590225e-02
9.060000000000000497e+00 2.999936014161515285e-02
9.070000000000000284e+00 2.999936014161468101e-02
9.080000000000000071e+00 2.999936014161724146e-02
9.089999999999999858e+00 2.999936014161214484e-02
9.099999999999999645e+00 2.999936014161317527e-02
9.109999999999999432e+00 2.999936014161408426e-02
9.120000000000000995e+00 2.999936014161729003e-02
9.130000000000000782e+00 2.999936014161693615e-02
9.140000000000000568e+00 2.999936014161448672e-02
9.150000000000000355e+00 2.999936014161739412e-02
9.160000000000000142e+00 2.999936014161370956e-02
9.169999999999999929e+00 2.999936014161332098e-02
9.179999999999999716e+00 2.999936014161446590e-02
9.189999999999999503e+00 2.999936014161529163e-02
9.200000000000001066e+00 2.999936014161423345e-02
9.210000000000000853e+00 2.999936014161647818e-02
9.220000000000000639e+00 2.999936014161671063e-02
9.230000000000000426e+00 2.999936014161778963e-02
9.240000000000000213e+00 2.999936014161637063e-02
9.250000000000000000e+00 2.999936014161729697e-02
9.259999999999999787e+00 2.999936014161413284e-02
9.269999999999999574e+00 2.999936014161552061e-02
9.279999999999999361e+00 2.999936014161243975e-02
9.290000000000000924e+00 2.999936014161334874e-02
9.300000000000000711e+00 2.999936014161529510e-02
9.310000000000000497e+00 2.999936014161737330e-02
9.320000000000000284e+00 2.999936014161638104e-02
9.330000000000000071e+00 2.999936014161445896e-02
9.339999999999999858e+00 2.999936014161581899e-02
9.349999999999999645e+00 2.999936014161556919e-02
9.359999999999999432e+00 2.999936014161359854e-02
9.370000000000000995e+00 2.999936014161467407e-02
9.380000000000000782e+00 2.999936014161710268e-02
9.390000000000000568e+00 2.999936014161431325e-02
9.400000000000000355e+00 2.999936014161583286e-02
9.410000000000000142e+00 2.999936014161529163e-02
9.419999999999999929e+00 2.999936014161352915e-02
9.429999999999999716e+00 2.999936014161235995e-02
9.439999999999999503e+00 2.999936014161378936e-02
9.450000000000001066e+00 2.999936014161330711e-02
9.460000000000000853e+00 2.999936014161503489e-02
9.470000000000000639e+00 2.999936014161660308e-02
9.480000000000000426e+00 2.999936014161137809e-02
9.490000000000000213e+00 2.999936014161463244e-02
9.500000000000000000e+00 2.999936014161279710e-02
9.509999999999999787e+00 2.999936014161289424e-02
9.519999999999999574e+00 2.999936014161314057e-02
9.529999999999999361e+00 2.999936014161492387e-02
9.540000000000000924e+00 2.999936014161436529e-02
9.550000000000000711e+00 2.999936014161473999e-02
9.560000000000000497e+00 2.999936014161330364e-02
9.570000000000000284e+00 2.999936014161465325e-02
9.580000000000000071e+00 2.999936014161402181e-02
9.589999999999999858e+00 2.999936014161734207e-02
9.599999999999999645e+00 2.999936014161510428e-02
9.609999999999999432e+00 2.999936014161703329e-02
9.620000000000000995e+00 2.999936014161239464e-02
9.630000000000000782e+00 2.999936014161191239e-02
9.640000000000000568e+00 2.999936014161536796e-02
9.650000000000000355e+00 2.999936014161427855e-02
9.660000000000000142e+00 2.999936014161338690e-02
9.669999999999999929e+00 2.999936014161091319e-02
9.679999999999999716e+00 2.999936014161382405e-02
9.689999999999999503e+00 2.999936014161512857e-02
9.700000000000001066e+00 2.999936014161474346e-02
9.710000000000000853e+00 2.999936014161840026e-02
9.720000000000000639e+00 2.999936014161047604e-02
9.730000000000000426e+00 2.999936014161401487e-02
9.740000000000000213e+00 2.999936014161725187e-02
9.750000000000000000e+00 2.999936014161373038e-02
9.759999999999999787e+00 2.999936014161690145e-02
9.769999999999999574e+00 2.999936014161713044e-02
9.779999999999999361e+00 2.999936014161401140e-02
9.790000000000000924e+00 2.999936014161338690e-02
9.800000000000000711e+00 2.999936014161497244e-02
9.810000000000000497e+00 2.999936014161647124e-02
9.820000000000000284e+00 2.999936014161740452e-02
9.830000000000000071e+00 2.999936014161552408e-02
9.839999999999999858e+00 2.999936014161431325e-02
9.849999999999999645e+00 2.999936014161918435e-02
9.859999999999999432e+00 2.999936014161742187e-02
9.870000000000000995e+00 2.999936014161050379e-02
9.880000000000000782e+00 2.999936014161926762e-02
9.890000000000000568e+00 2.999936014161430631e-02
9.900000000000000355e+00 2.999936014161079523e-02
9.910000000000000142e+00 2.999936014161624920e-02
9.919999999999999929e+00 2.999936014161565592e-02
9.929999999999999716e+00 2.999936014161467407e-02
9.939999999999999503e+00 2.999936014161420916e-02
9.950000000000001066e+00 2.999936014161374426e-02
9.960000000000000853e+00 2.999936014161361936e-02
9.970000000000000639e+00 2.999936014161702982e-02
