0.000000000000000000e+00 2.771914099549091887e+06
1.000000000000000021e-02 2.771914099549106788e+06
2.000000000000000042e-02 2.771914099549118895e+06
2.999999999999999889e-02 2.771914099549131934e+06
4.000000000000000083e-02 2.771914099549143575e+06
5.000000000000000278e-02 2.771914099549158942e+06
5.999999999999999778e-02 2.771914099549171980e+06
7.000000000000000666e-02 2.771914099549185019e+06
8.000000000000000167e-02 2.771914099549198523e+06
8.999999999999999667e-02 2.771914099549213424e+06
1.000000000000000056e-01 2.771914099549227394e+06
1.100000000000000006e-01 2.771914099549239967e+06
1.199999999999999956e-01 2.771914099549253471e+06
1.300000000000000044e-01 2.771914099549267441e+06
1.400000000000000133e-01 2.771914099549281877e+06
1.499999999999999944e-01 2.771914099549297709e+06
1.600000000000000033e-01 2.771914099549309816e+06
1.700000000000000122e-01 2.771914099549322389e+06
1.799999999999999933e-01 2.771914099549334962e+06
1.900000000000000022e-01 2.771914099549347535e+06
2.000000000000000111e-01 2.771914099549362902e+06
2.099999999999999922e-01 2.771914099549377803e+06
2.200000000000000011e-01 2.771914099549391307e+06
2.300000000000000100e-01 2.771914099549404811e+06
2.399999999999999911e-01 2.771914099549416453e+06
2.500000000000000000e-01 2.771914099549430422e+06
2.600000000000000089e-01 2.771914099549443927e+06
2.700000000000000178e-01 2.771914099549457897e+06
2.800000000000000266e-01 2.771914099549471401e+06
2.899999999999999800e-01 2.771914099549486302e+06
2.999999999999999889e-01 2.771914099549498409e+06
3.099999999999999978e-01 2.771914099549511913e+06
3.200000000000000067e-01 2.771914099549526814e+06
3.300000000000000155e-01 2.771914099549540319e+06
3.400000000000000244e-01 2.771914099549555220e+06
3.500000000000000333e-01 2.771914099549568258e+06
3.599999999999999867e-01 2.771914099549583159e+06
3.699999999999999956e-01 2.771914099549596198e+06
3.800000000000000044e-01 2.771914099549611099e+06
3.900000000000000133e-01 2.771914099549626000e+06
4.000000000000000222e-01 2.771914099549639970e+06
4.100000000000000311e-01 2.771914099549653474e+06
4.199999999999999845e-01 2.771914099549667910e+06
4.299999999999999933e-01 2.771914099549679551e+06
4.400000000000000022e-01 2.771914099549693055e+06
4.500000000000000111e-01 2.771914099549705628e+06
4.600000000000000200e-01 2.771914099549719132e+06
4.700000000000000289e-01 2.771914099549734034e+06
4.799999999999999822e-01 2.771914099549745675e+06
4.899999999999999911e-01 2.771914099549759645e+06
5.000000000000000000e-01 2.771914099549772218e+06
5.100000000000000089e-01 2.771914099549783394e+06
5.200000000000000178e-01 2.771914099549795967e+06
5.300000000000000266e-01 2.771914099549810402e+06
5.400000000000000355e-01 2.771914099549823441e+06
5.500000000000000444e-01 2.771914099549835548e+06
5.600000000000000533e-01 2.771914099549849052e+06
5.700000000000000622e-01 2.771914099549863022e+06
5.799999999999999600e-01 2.771914099549876526e+06
5.899999999999999689e-01 2.771914099549890961e+06
5.999999999999999778e-01 2.771914099549903534e+06
6.099999999999999867e-01 2.771914099549916107e+06
6.199999999999999956e-01 2.771914099549927749e+06
6.300000000000000044e-01 2.771914099549938925e+06
6.400000000000000133e-01 2.771914099549952894e+06
6.500000000000000222e-01 2.771914099549964536e+06
6.600000000000000311e-01 2.771914099549976178e+06
6.700000000000000400e-01 2.771914099549989216e+06
6.800000000000000488e-01 2.771914099550003652e+06
6.900000000000000577e-01 2.771914099550019018e+06
7.000000000000000666e-01 2.771914099550030660e+06
7.099999999999999645e-01 2.771914099550044164e+06
7.199999999999999734e-01 2.771914099550059997e+06
7.299999999999999822e-01 2.771914099550070707e+06
7.399999999999999911e-01 2.771914099550083745e+06
7.500000000000000000e-01 2.771914099550100043e+06
7.600000000000000089e-01 2.771914099550115410e+06
7.700000000000000178e-01 2.771914099550128914e+06
7.800000000000000266e-01 2.771914099550143350e+06
7.900000000000000355e-01 2.771914099550156854e+06
8.000000000000000444e-01 2.771914099550170358e+06
8.100000000000000533e-01 2.771914099550181534e+06
8.200000000000000622e-01 2.771914099550193641e+06
8.300000000000000711e-01 2.771914099550206214e+06
8.399999999999999689e-01 2.771914099550221115e+06
8.499999999999999778e-01 2.771914099550234620e+06
8.599999999999999867e-01 2.771914099550248589e+06
8.699999999999999956e-01 2.771914099550261628e+06
8.800000000000000044e-01 2.771914099550276063e+06
8.900000000000000133e-01 2.771914099550288171e+06
9.000000000000000222e-01 2.771914099550302140e+06
9.100000000000000311e-01 2.771914099550315179e+06
9.200000000000000400e-01 2.771914099550329614e+06
9.300000000000000488e-01 2.771914099550343119e+06
9.400000000000000577e-01 2.771914099550354760e+06
9.500000000000000666e-01 2.771914099550368730e+06
9.599999999999999645e-01 2.771914099550381768e+06
9.699999999999999734e-01 2.771914099550393876e+06
9.799999999999999822e-01 2.771914099550407380e+06
9.899999999999999911e-01 2.771914099550420418e+06
1.000000000000000000e+00 2.771914099550432060e+06
1.010000000000000009e+00 2.771914099550447427e+06
1.020000000000000018e+00 2.771914099550458603e+06
1.030000000000000027e+00 2.771914099550473038e+06
1.040000000000000036e+00 2.771914099550485611e+06
1.050000000000000044e+00 2.771914099550498649e+06
1.060000000000000053e+00 2.771914099550511688e+06
1.070000000000000062e+00 2.771914099550526123e+06
1.080000000000000071e+00 2.771914099550540093e+06
1.090000000000000080e+00 2.771914099550554529e+06
1.100000000000000089e+00 2.771914099550567567e+06
1.110000000000000098e+00 2.771914099550580140e+06
1.120000000000000107e+00 2.771914099550595041e+06
1.130000000000000115e+00 2.771914099550609011e+06
1.140000000000000124e+00 2.771914099550624378e+06
1.150000000000000133e+00 2.771914099550635554e+06
1.159999999999999920e+00 2.771914099550649989e+06
1.169999999999999929e+00 2.771914099550663028e+06
1.179999999999999938e+00 2.771914099550676532e+06
1.189999999999999947e+00 2.771914099550690036e+06
1.199999999999999956e+00 2.771914099550701678e+06
1.209999999999999964e+00 2.771914099550716113e+06
1.219999999999999973e+00 2.771914099550730083e+06
1.229999999999999982e+00 2.771914099550743587e+06
1.239999999999999991e+00 2.771914099550754298e+06
1.250000000000000000e+00 2.771914099550765473e+06
1.260000000000000009e+00 2.771914099550778512e+06
1.270000000000000018e+00 2.771914099550792482e+06
1.280000000000000027e+00 2.771914099550805520e+06
1.290000000000000036e+00 2.771914099550820421e+06
1.300000000000000044e+00 2.771914099550832994e+06
1.310000000000000053e+00 2.771914099550846498e+06
1.320000000000000062e+00 2.771914099550861400e+06
1.330000000000000071e+00 2.771914099550871644e+06
1.340000000000000080e+00 2.771914099550887011e+06
1.350000000000000089e+00 2.771914099550900515e+06
1.360000000000000098e+00 2.771914099550913088e+06
1.370000000000000107e+00 2.771914099550926592e+06
1.380000000000000115e+00 2.771914099550938699e+06
1.390000000000000124e+00 2.771914099550952669e+06
1.400000000000000133e+00 2.771914099550965708e+06
1.409999999999999920e+00 2.771914099550978746e+06
1.419999999999999929e+00 2.771914099550992716e+06
1.429999999999999938e+00 2.771914099551003892e+06
1.439999999999999947e+00 2.771914099551018793e+06
1.449999999999999956e+00 2.771914099551032763e+06
1.459999999999999964e+00 2.771914099551045801e+06
1.469999999999999973e+00 2.771914099551058840e+06
1.479999999999999982e+00 2.771914099551072344e+06
1.489999999999999991e+00 2.771914099551085383e+06
1.500000000000000000e+00 2.771914099551099353e+06
1.510000000000000009e+00 2.771914099551111925e+06
1.520000000000000018e+00 2.771914099551126361e+06
1.530000000000000027e+00 2.771914099551141728e+06
1.540000000000000036e+00 2.771914099551156629e+06
1.550000000000000044e+00 2.771914099551168270e+06
1.560000000000000053e+00 2.771914099551179912e+06
1.570000000000000062e+00 2.771914099551190156e+06
1.580000000000000071e+00 2.771914099551204126e+06
1.590000000000000080e+00 2.771914099551216234e+06
1.600000000000000089e+00 2.771914099551227875e+06
1.610000000000000098e+00 2.771914099551241379e+06
1.620000000000000107e+00 2.771914099551254418e+06
1.630000000000000115e+00 2.771914099551269319e+06
1.640000000000000124e+00 2.771914099551282357e+06
1.650000000000000133e+00 2.771914099551296793e+06
1.660000000000000142e+00 2.771914099551310297e+06
1.669999999999999929e+00 2.771914099551321473e+06
1.679999999999999938e+00 2.771914099551335908e+06
1.689999999999999947e+00 2.771914099551346619e+06
1.699999999999999956e+00 2.771914099551357795e+06
1.709999999999999964e+00 2.771914099551368505e+06
1.719999999999999973e+00 2.771914099551380146e+06
1.729999999999999982e+00 2.771914099551392719e+06
1.739999999999999991e+00 2.771914099551407155e+06
1.750000000000000000e+00 2.771914099551418796e+06
1.760000000000000009e+00 2.771914099551429972e+06
1.770000000000000018e+00 2.771914099551440682e+06
1.780000000000000027e+00 2.771914099551455118e+06
1.790000000000000036e+00 2.771914099551470019e+06
1.800000000000000044e+00 2.771914099551484454e+06
1.810000000000000053e+00 2.771914099551496096e+06
1.820000000000000062e+00 2.771914099551508669e+06
1.830000000000000071e+00 2.771914099551520776e+06
1.840000000000000080e+00 2.771914099551533349e+06
1.850000000000000089e+00 2.771914099551544059e+06
1.860000000000000098e+00 2.771914099551553838e+06
1.870000000000000107e+00 2.771914099551564548e+06
1.880000000000000115e+00 2.771914099551576190e+06
1.890000000000000124e+00 2.771914099551588763e+06
1.900000000000000133e+00 2.771914099551598541e+06
1.910000000000000142e+00 2.771914099551608786e+06
1.919999999999999929e+00 2.771914099551622290e+06
1.929999999999999938e+00 2.771914099551634863e+06
1.939999999999999947e+00 2.771914099551647436e+06
1.949999999999999956e+00 2.771914099551661871e+06
1.959999999999999964e+00 2.771914099551672116e+06
1.969999999999999973e+00 2.771914099551684689e+06
1.979999999999999982e+00 2.771914099551695865e+06
1.989999999999999991e+00 2.771914099551709369e+06
2.000000000000000000e+00 2.771914099551721942e+06
2.010000000000000231e+00 2.771914099551732652e+06
2.020000000000000018e+00 2.771914099551743828e+06
2.030000000000000249e+00 2.771914099551755004e+06
2.040000000000000036e+00 2.771914099551765248e+06
2.049999999999999822e+00 2.771914099551775493e+06
2.060000000000000053e+00 2.771914099551788066e+06
2.069999999999999840e+00 2.771914099551799707e+06
2.080000000000000071e+00 2.771914099551810883e+06
2.089999999999999858e+00 2.771914099551820662e+06
2.100000000000000089e+00 2.771914099551830441e+06
2.109999999999999876e+00 2.771914099551839754e+06
2.120000000000000107e+00 2.771914099551852327e+06
2.129999999999999893e+00 2.771914099551866297e+06
2.140000000000000124e+00 2.771914099551878870e+06
2.149999999999999911e+00 2.771914099551890511e+06
2.160000000000000142e+00 2.771914099551900756e+06
2.169999999999999929e+00 2.771914099551910535e+06
2.180000000000000160e+00 2.771914099551921710e+06
2.189999999999999947e+00 2.771914099551934283e+06
2.200000000000000178e+00 2.771914099551943596e+06
2.209999999999999964e+00 2.771914099551954772e+06
2.220000000000000195e+00 2.771914099551965017e+06
2.229999999999999982e+00 2.771914099551977590e+06
2.240000000000000213e+00 2.771914099551987369e+06
2.250000000000000000e+00 2.771914099551999476e+06
2.260000000000000231e+00 2.771914099552009255e+06
2.270000000000000018e+00 2.771914099552021362e+06
2.280000000000000249e+00 2.771914099552030675e+06
2.290000000000000036e+00 2.771914099552043714e+06
2.300000000000000266e+00 2.771914099552053958e+06
2.310000000000000053e+00 2.771914099552062806e+06
2.319999999999999840e+00 2.771914099552070256e+06
2.330000000000000071e+00 2.771914099552080967e+06
2.339999999999999858e+00 2.771914099552090745e+06
2.350000000000000089e+00 2.771914099552100059e+06
2.359999999999999876e+00 2.771914099552112166e+06
2.370000000000000107e+00 2.771914099552121479e+06
2.379999999999999893e+00 2.771914099552132655e+06
2.390000000000000124e+00 2.771914099552142899e+06
2.399999999999999911e+00 2.771914099552152213e+06
2.410000000000000142e+00 2.771914099552163389e+06
2.419999999999999929e+00 2.771914099552171305e+06
2.430000000000000160e+00 2.771914099552182015e+06
2.439999999999999947e+00 2.771914099552192725e+06
2.450000000000000178e+00 2.771914099552202504e+06
2.459999999999999964e+00 2.771914099552212283e+06
2.470000000000000195e+00 2.771914099552220665e+06
2.479999999999999982e+00 2.771914099552231841e+06
2.490000000000000213e+00 2.771914099552245345e+06
2.500000000000000000e+00 2.771914099552258383e+06
2.510000000000000231e+00 2.771914099552268162e+06
2.520000000000000018e+00 2.771914099552280270e+06
2.530000000000000249e+00 2.771914099552290980e+06
2.540000000000000036e+00 2.771914099552299362e+06
2.550000000000000266e+00 2.771914099552308209e+06
2.560000000000000053e+00 2.771914099552319385e+06
2.569999999999999840e+00 2.771914099552331027e+06
2.580000000000000071e+00 2.771914099552342203e+06
2.589999999999999858e+00 2.771914099552352913e+06
2.600000000000000089e+00 2.771914099552362226e+06
2.609999999999999876e+00 2.771914099552373402e+06
2.620000000000000107e+00 2.771914099552383646e+06
2.629999999999999893e+00 2.771914099552392960e+06
2.640000000000000124e+00 2.771914099552403670e+06
2.649999999999999911e+00 2.771914099552414380e+06
2.660000000000000142e+00 2.771914099552422296e+06
2.669999999999999929e+00 2.771914099552433006e+06
2.680000000000000160e+00 2.771914099552443717e+06
2.689999999999999947e+00 2.771914099552451633e+06
2.700000000000000178e+00 2.771914099552461877e+06
2.709999999999999964e+00 2.771914099552471656e+06
2.720000000000000195e+00 2.771914099552481435e+06
2.729999999999999982e+00 2.771914099552494008e+06
2.740000000000000213e+00 2.771914099552504253e+06
2.750000000000000000e+00 2.771914099552514963e+06
2.760000000000000231e+00 2.771914099552525207e+06
2.770000000000000018e+00 2.771914099552536849e+06
2.780000000000000249e+00 2.771914099552543368e+06
2.790000000000000036e+00 2.771914099552552681e+06
2.800000000000000266e+00 2.771914099552561529e+06
2.810000000000000053e+00 2.771914099552569911e+06
2.819999999999999840e+00 2.771914099552579224e+06
2.830000000000000071e+00 2.771914099552588072e+06
2.839999999999999858e+00 2.771914099552596919e+06
2.850000000000000089e+00 2.771914099552607164e+06
2.859999999999999876e+00 2.771914099552613217e+06
2.870000000000000107e+00 2.771914099552624859e+06
2.879999999999999893e+00 2.771914099552634172e+06
2.890000000000000124e+00 2.771914099552643020e+06
2.899999999999999911e+00 2.771914099552653730e+06
2.910000000000000142e+00 2.771914099552665371e+06
2.919999999999999929e+00 2.771914099552673288e+06
2.930000000000000160e+00 2.771914099552683532e+06
2.939999999999999947e+00 2.771914099552690517e+06
2.950000000000000178e+00 2.771914099552697968e+06
2.959999999999999964e+00 2.771914099552706815e+06
2.970000000000000195e+00 2.771914099552713335e+06
2.979999999999999982e+00 2.771914099552720785e+06
2.990000000000000213e+00 2.771914099552730098e+06
3.000000000000000000e+00 2.771914099552736152e+06
3.010000000000000231e+00 2.771914099552741274e+06
3.020000000000000018e+00 2.771914099552747328e+06
3.030000000000000249e+00 2.771914099552754778e+06
3.040000000000000036e+00 2.771914099552760832e+06
3.050000000000000266e+00 2.771914099552769214e+06
3.060000000000000053e+00 2.771914099552776199e+06
3.070000000000000284e+00 2.771914099552783184e+06
3.080000000000000071e+00 2.771914099552790169e+06
3.089999999999999858e+00 2.771914099552797154e+06
3.100000000000000089e+00 2.771914099552808329e+06
3.109999999999999876e+00 2.771914099552814849e+06
3.120000000000000107e+00 2.771914099552824162e+06
3.129999999999999893e+00 2.771914099552831147e+06
3.140000000000000124e+00 2.771914099552840460e+06
3.149999999999999911e+00 2.771914099552850705e+06
3.160000000000000142e+00 2.771914099552856758e+06
3.169999999999999929e+00 2.771914099552861415e+06
3.180000000000000160e+00 2.771914099552870262e+06
3.189999999999999947e+00 2.771914099552878179e+06
3.200000000000000178e+00 2.771914099552885164e+06
3.209999999999999964e+00 2.771914099552892148e+06
3.220000000000000195e+00 2.771914099552901927e+06
3.229999999999999982e+00 2.771914099552907981e+06
3.240000000000000213e+00 2.771914099552914035e+06
3.250000000000000000e+00 2.771914099552920088e+06
3.260000000000000231e+00 2.771914099552925210e+06
3.270000000000000018e+00 2.771914099552932661e+06
3.280000000000000249e+00 2.771914099552936852e+06
3.290000000000000036e+00 2.771914099552942906e+06
3.300000000000000266e+00 2.771914099552950822e+06
3.310000000000000053e+00 2.771914099552957807e+06
3.320000000000000284e+00 2.771914099552963860e+06
3.330000000000000071e+00 2.771914099552972242e+06
3.339999999999999858e+00 2.771914099552981555e+06
3.350000000000000089e+00 2.771914099552988540e+06
3.359999999999999876e+00 2.771914099552992266e+06
3.370000000000000107e+00 2.771914099552999716e+06
3.379999999999999893e+00 2.771914099553008098e+06
3.390000000000000124e+00 2.771914099553010426e+06
3.399999999999999911e+00 2.771914099553017411e+06
3.410000000000000142e+00 2.771914099553022999e+06
3.419999999999999929e+00 2.771914099553030916e+06
3.430000000000000160e+00 2.771914099553040229e+06
3.439999999999999947e+00 2.771914099553047679e+06
3.450000000000000178e+00 2.771914099553053733e+06
3.459999999999999964e+00 2.771914099553058390e+06
3.470000000000000195e+00 2.771914099553064909e+06
3.479999999999999982e+00 2.771914099553068634e+06
3.490000000000000213e+00 2.771914099553075153e+06
3.500000000000000000e+00 2.771914099553082138e+06
3.510000000000000231e+00 2.771914099553089589e+06
3.520000000000000018e+00 2.771914099553095642e+06
3.530000000000000249e+00 2.771914099553103093e+06
3.540000000000000036e+00 2.771914099553108215e+06
3.550000000000000266e+00 2.771914099553113338e+06
3.560000000000000053e+00 2.771914099553118460e+06
3.570000000000000284e+00 2.771914099553126376e+06
3.580000000000000071e+00 2.771914099553129170e+06
3.589999999999999858e+00 2.771914099553135224e+06
3.600000000000000089e+00 2.771914099553144071e+06
3.609999999999999876e+00 2.771914099553149659e+06
3.620000000000000107e+00 2.771914099553157575e+06
3.629999999999999893e+00 2.771914099553162232e+06
3.640000000000000124e+00 2.771914099553169683e+06
3.649999999999999911e+00 2.771914099553174805e+06
3.660000000000000142e+00 2.771914099553183187e+06
3.669999999999999929e+00 2.771914099553185515e+06
3.680000000000000160e+00 2.771914099553191103e+06
3.689999999999999947e+00 2.771914099553198088e+06
3.700000000000000178e+00 2.771914099553203676e+06
3.709999999999999964e+00 2.771914099553209729e+06
3.720000000000000195e+00 2.771914099553219043e+06
3.729999999999999982e+00 2.771914099553225562e+06
3.740000000000000213e+00 2.771914099553226028e+06
3.750000000000000000e+00 2.771914099553232081e+06
3.760000000000000231e+00 2.771914099553236738e+06
3.770000000000000018e+00 2.771914099553244188e+06
3.780000000000000249e+00 2.771914099553249311e+06
3.790000000000000036e+00 2.771914099553258158e+06
3.800000000000000266e+00 2.771914099553265609e+06
3.810000000000000053e+00 2.771914099553268403e+06
3.820000000000000284e+00 2.771914099553273059e+06
3.830000000000000071e+00 2.771914099553278182e+06
3.839999999999999858e+00 2.771914099553284235e+06
3.850000000000000089e+00 2.771914099553288426e+06
3.859999999999999876e+00 2.771914099553292617e+06
3.870000000000000107e+00 2.771914099553297274e+06
3.879999999999999893e+00 2.771914099553303327e+06
3.890000000000000124e+00 2.771914099553304259e+06
3.899999999999999911e+00 2.771914099553305656e+06
3.910000000000000142e+00 2.771914099553312175e+06
3.919999999999999929e+00 2.771914099553317297e+06
3.930000000000000160e+00 2.771914099553323351e+06
3.939999999999999947e+00 2.771914099553326610e+06
3.950000000000000178e+00 2.771914099553328473e+06
3.959999999999999964e+00 2.771914099553332198e+06
3.970000000000000195e+00 2.771914099553336855e+06
3.979999999999999982e+00 2.771914099553344306e+06
3.990000000000000213e+00 2.771914099553353619e+06
4.000000000000000000e+00 2.771914099553360138e+06
4.009999999999999787e+00 2.771914099553361535e+06
4.020000000000000462e+00 2.771914099553359207e+06
4.030000000000000249e+00 2.771914099553363398e+06
4.040000000000000036e+00 2.771914099553368054e+06
4.049999999999999822e+00 2.771914099553374108e+06
4.060000000000000497e+00 2.771914099553378299e+06
4.070000000000000284e+00 2.771914099553383421e+06
4.080000000000000071e+00 2.771914099553388078e+06
4.089999999999999858e+00 2.771914099553393666e+06
4.099999999999999645e+00 2.771914099553399254e+06
4.110000000000000320e+00 2.771914099553404376e+06
4.120000000000000107e+00 2.771914099553407636e+06
4.129999999999999893e+00 2.771914099553412758e+06
4.139999999999999680e+00 2.771914099553416017e+06
4.150000000000000355e+00 2.771914099553420674e+06
4.160000000000000142e+00 2.771914099553424865e+06
4.169999999999999929e+00 2.771914099553428590e+06
4.179999999999999716e+00 2.771914099553430453e+06
4.190000000000000391e+00 2.771914099553434178e+06
4.200000000000000178e+00 2.771914099553437904e+06
4.209999999999999964e+00 2.771914099553440697e+06
4.219999999999999751e+00 2.771914099553448614e+06
4.230000000000000426e+00 2.771914099553451873e+06
4.240000000000000213e+00 2.771914099553457927e+06
4.250000000000000000e+00 2.771914099553460721e+06
4.259999999999999787e+00 2.771914099553459790e+06
4.270000000000000462e+00 2.771914099553463981e+06
4.280000000000000249e+00 2.771914099553467706e+06
4.290000000000000036e+00 2.771914099553474691e+06
4.299999999999999822e+00 2.771914099553477485e+06
4.310000000000000497e+00 2.771914099553483538e+06
4.320000000000000284e+00 2.771914099553487264e+06
4.330000000000000071e+00 2.771914099553494714e+06
4.339999999999999858e+00 2.771914099553500768e+06
4.350000000000000533e+00 2.771914099553504493e+06
4.360000000000000320e+00 2.771914099553507753e+06
4.370000000000000107e+00 2.771914099553510547e+06
4.379999999999999893e+00 2.771914099553512875e+06
4.389999999999999680e+00 2.771914099553516135e+06
4.400000000000000355e+00 2.771914099553517066e+06
4.410000000000000142e+00 2.771914099553521257e+06
4.419999999999999929e+00 2.771914099553521723e+06
4.429999999999999716e+00 2.771914099553526379e+06
4.440000000000000391e+00 2.771914099553527776e+06
4.450000000000000178e+00 2.771914099553530570e+06
4.459999999999999964e+00 2.771914099553532898e+06
4.469999999999999751e+00 2.771914099553538021e+06
4.480000000000000426e+00 2.771914099553541280e+06
4.490000000000000213e+00 2.771914099553546868e+06
4.500000000000000000e+00 2.771914099553547800e+06
4.509999999999999787e+00 2.771914099553548731e+06
4.520000000000000462e+00 2.771914099553552456e+06
4.530000000000000249e+00 2.771914099553553853e+06
4.540000000000000036e+00 2.771914099553553853e+06
4.549999999999999822e+00 2.771914099553553388e+06
4.560000000000000497e+00 2.771914099553556181e+06
4.570000000000000284e+00 2.771914099553558044e+06
4.580000000000000071e+00 2.771914099553561304e+06
4.589999999999999858e+00 2.771914099553563632e+06
4.600000000000000533e+00 2.771914099553566426e+06
4.610000000000000320e+00 2.771914099553567357e+06
4.620000000000000107e+00 2.771914099553570151e+06
4.629999999999999893e+00 2.771914099553571083e+06
4.639999999999999680e+00 2.771914099553573877e+06
4.650000000000000355e+00 2.771914099553576671e+06
4.660000000000000142e+00 2.771914099553578068e+06
4.669999999999999929e+00 2.771914099553580396e+06
4.679999999999999716e+00 2.771914099553581327e+06
4.690000000000000391e+00 2.771914099553581793e+06
4.700000000000000178e+00 2.771914099553581793e+06
4.709999999999999964e+00 2.771914099553585984e+06
4.719999999999999751e+00 2.771914099553582724e+06
4.730000000000000426e+00 2.771914099553585518e+06
4.740000000000000213e+00 2.771914099553585052e+06
4.750000000000000000e+00 2.771914099553584587e+06
4.759999999999999787e+00 2.771914099553584121e+06
4.770000000000000462e+00 2.771914099553586915e+06
4.780000000000000249e+00 2.771914099553587846e+06
4.790000000000000036e+00 2.771914099553590175e+06
4.799999999999999822e+00 2.771914099553590640e+06
4.810000000000000497e+00 2.771914099553589709e+06
4.820000000000000284e+00 2.771914099553590640e+06
4.830000000000000071e+00 2.771914099553592037e+06
4.839999999999999858e+00 2.771914099553593900e+06
4.850000000000000533e+00 2.771914099553595297e+06
4.860000000000000320e+00 2.771914099553595297e+06
4.870000000000000107e+00 2.771914099553597160e+06
4.879999999999999893e+00 2.771914099553594366e+06
4.889999999999999680e+00 2.771914099553597625e+06
4.900000000000000355e+00 2.771914099553596228e+06
4.910000000000000142e+00 2.771914099553595297e+06
4.919999999999999929e+00 2.771914099553594831e+06
4.929999999999999716e+00 2.771914099553598557e+06
4.940000000000000391e+00 2.771914099553595763e+06
4.950000000000000178e+00 2.771914099553599488e+06
4.959999999999999964e+00 2.771914099553600419e+06
4.969999999999999751e+00 2.771914099553599954e+06
4.980000000000000426e+00 2.771914099553599488e+06
4.990000000000000213e+00 2.771914099553599488e+06
5.000000000000000000e+00 2.771914099553602282e+06
5.009999999999999787e+00 2.771914099553603679e+06
5.020000000000000462e+00 2.771914099553603679e+06
5.030000000000000249e+00 2.771914099553604610e+06
5.040000000000000036e+00 2.771914099553602282e+06
5.049999999999999822e+00 2.771914099553600885e+06
5.060000000000000497e+00 2.771914099553601351e+06
5.070000000000000284e+00 2.771914099553604145e+06
5.080000000000000071e+00 2.771914099553605542e+06
5.089999999999999858e+00 2.771914099553607404e+06
5.100000000000000533e+00 2.771914099553605542e+06
5.110000000000000320e+00 2.771914099553604145e+06
5.120000000000000107e+00 2.771914099553599954e+06
5.129999999999999893e+00 2.771914099553595763e+06
5.139999999999999680e+00 2.771914099553595763e+06
5.150000000000000355e+00 2.771914099553596694e+06
5.160000000000000142e+00 2.771914099553596228e+06
5.169999999999999929e+00 2.771914099553598557e+06
5.179999999999999716e+00 2.771914099553599954e+06
5.190000000000000391e+00 2.771914099553601816e+06
5.200000000000000178e+00 2.771914099553606939e+06
5.209999999999999964e+00 2.771914099553604610e+06
5.219999999999999751e+00 2.771914099553605542e+06
5.230000000000000426e+00 2.771914099553604610e+06
5.240000000000000213e+00 2.771914099553605542e+06
5.250000000000000000e+00 2.771914099553606473e+06
5.259999999999999787e+00 2.771914099553605542e+06
5.270000000000000462e+00 2.771914099553605076e+06
5.280000000000000249e+00 2.771914099553607404e+06
5.290000000000000036e+00 2.771914099553605542e+06
5.299999999999999822e+00 2.771914099553606939e+06
5.310000000000000497e+00 2.771914099553606939e+06
5.320000000000000284e+00 2.771914099553606939e+06
5.330000000000000071e+00 2.771914099553605542e+06
5.339999999999999858e+00 2.771914099553603679e+06
5.350000000000000533e+00 2.771914099553601351e+06
5.360000000000000320e+00 2.771914099553599954e+06
5.370000000000000107e+00 2.771914099553598091e+06
5.379999999999999893e+00 2.771914099553596694e+06
5.389999999999999680e+00 2.771914099553598091e+06
5.400000000000000355e+00 2.771914099553596228e+06
5.410000000000000142e+00 2.771914099553593900e+06
5.419999999999999929e+00 2.771914099553591572e+06
5.429999999999999716e+00 2.771914099553591106e+06
5.440000000000000391e+00 2.771914099553591106e+06
5.450000000000000178e+00 2.771914099553591572e+06
5.459999999999999964e+00 2.771914099553589709e+06
5.469999999999999751e+00 2.771914099553586915e+06
5.480000000000000426e+00 2.771914099553585984e+06
5.490000000000000213e+00 2.771914099553586915e+06
5.500000000000000000e+00 2.771914099553583656e+06
5.509999999999999787e+00 2.771914099553582259e+06
5.520000000000000462e+00 2.771914099553581793e+06
5.530000000000000249e+00 2.771914099553580396e+06
5.540000000000000036e+00 2.771914099553578999e+06
5.549999999999999822e+00 2.771914099553577136e+06
5.560000000000000497e+00 2.771914099553574342e+06
5.570000000000000284e+00 2.771914099553572480e+06
5.580000000000000071e+00 2.771914099553572945e+06
5.589999999999999858e+00 2.771914099553572945e+06
5.600000000000000533e+00 2.771914099553570617e+06
5.610000000000000320e+00 2.771914099553570151e+06
5.620000000000000107e+00 2.771914099553566892e+06
5.629999999999999893e+00 2.771914099553566892e+06
5.639999999999999680e+00 2.771914099553564098e+06
5.650000000000000355e+00 2.771914099553560372e+06
5.660000000000000142e+00 2.771914099553558044e+06
5.669999999999999929e+00 2.771914099553556181e+06
5.679999999999999716e+00 2.771914099553554785e+06
5.690000000000000391e+00 2.771914099553552456e+06
5.700000000000000178e+00 2.771914099553551059e+06
5.709999999999999964e+00 2.771914099553551059e+06
5.719999999999999751e+00 2.771914099553551991e+06
5.730000000000000426e+00 2.771914099553551991e+06
5.740000000000000213e+00 2.771914099553549662e+06
5.750000000000000000e+00 2.771914099553546403e+06
5.759999999999999787e+00 2.771914099553542677e+06
5.770000000000000462e+00 2.771914099553542212e+06
5.780000000000000249e+00 2.771914099553541280e+06
5.790000000000000036e+00 2.771914099553538952e+06
5.799999999999999822e+00 2.771914099553535692e+06
5.810000000000000497e+00 2.771914099553531967e+06
5.820000000000000284e+00 2.771914099553532433e+06
5.830000000000000071e+00 2.771914099553529639e+06
5.839999999999999858e+00 2.771914099553525448e+06
5.850000000000000533e+00 2.771914099553521257e+06
5.860000000000000320e+00 2.771914099553521257e+06
5.870000000000000107e+00 2.771914099553521257e+06
5.879999999999999893e+00 2.771914099553517066e+06
5.889999999999999680e+00 2.771914099553517532e+06
5.900000000000000355e+00 2.771914099553514272e+06
5.910000000000000142e+00 2.771914099553511478e+06
5.919999999999999929e+00 2.771914099553510081e+06
5.929999999999999716e+00 2.771914099553508218e+06
5.940000000000000391e+00 2.771914099553504959e+06
5.950000000000000178e+00 2.771914099553502630e+06
5.959999999999999964e+00 2.771914099553497974e+06
5.969999999999999751e+00 2.771914099553498905e+06
5.980000000000000426e+00 2.771914099553496577e+06
5.990000000000000213e+00 2.771914099553494714e+06
6.000000000000000000e+00 2.771914099553490989e+06
6.009999999999999787e+00 2.771914099553488661e+06
6.020000000000000462e+00 2.771914099553483538e+06
6.030000000000000249e+00 2.771914099553479813e+06
6.040000000000000036e+00 2.771914099553477950e+06
6.049999999999999822e+00 2.771914099553474691e+06
6.060000000000000497e+00 2.771914099553472362e+06
6.070000000000000284e+00 2.771914099553469568e+06
6.080000000000000071e+00 2.771914099553466309e+06
6.089999999999999858e+00 2.771914099553462118e+06
6.100000000000000533e+00 2.771914099553461187e+06
6.110000000000000320e+00 2.771914099553456530e+06
6.120000000000000107e+00 2.771914099553451873e+06
6.129999999999999893e+00 2.771914099553449079e+06
6.140000000000000568e+00 2.771914099553445820e+06
6.150000000000000355e+00 2.771914099553439766e+06
6.160000000000000142e+00 2.771914099553438835e+06
6.169999999999999929e+00 2.771914099553435575e+06
6.179999999999999716e+00 2.771914099553430453e+06
6.190000000000000391e+00 2.771914099553430453e+06
6.200000000000000178e+00 2.771914099553428590e+06
6.209999999999999964e+00 2.771914099553423002e+06
6.219999999999999751e+00 2.771914099553421140e+06
6.230000000000000426e+00 2.771914099553420208e+06
6.240000000000000213e+00 2.771914099553417880e+06
6.250000000000000000e+00 2.771914099553415552e+06
6.259999999999999787e+00 2.771914099553411826e+06
6.270000000000000462e+00 2.771914099553409964e+06
6.280000000000000249e+00 2.771914099553407636e+06
6.290000000000000036e+00 2.771914099553404376e+06
6.299999999999999822e+00 2.771914099553398322e+06
6.310000000000000497e+00 2.771914099553393200e+06
6.320000000000000284e+00 2.771914099553387146e+06
6.330000000000000071e+00 2.771914099553380627e+06
6.339999999999999858e+00 2.771914099553375971e+06
6.350000000000000533e+00 2.771914099553371314e+06
6.360000000000000320e+00 2.771914099553365726e+06
6.370000000000000107e+00 2.771914099553362466e+06
6.379999999999999893e+00 2.771914099553360138e+06
6.390000000000000568e+00 2.771914099553356878e+06
6.400000000000000355e+00 2.771914099553349894e+06
6.410000000000000142e+00 2.771914099553347565e+06
6.419999999999999929e+00 2.771914099553343374e+06
6.429999999999999716e+00 2.771914099553341046e+06
6.440000000000000391e+00 2.771914099553335924e+06
6.450000000000000178e+00 2.771914099553330801e+06
6.459999999999999964e+00 2.771914099553326145e+06
6.469999999999999751e+00 2.771914099553322885e+06
6.480000000000000426e+00 2.771914099553318229e+06
6.490000000000000213e+00 2.771914099553316366e+06
6.500000000000000000e+00 2.771914099553308915e+06
6.509999999999999787e+00 2.771914099553306587e+06
6.520000000000000462e+00 2.771914099553303327e+06
6.530000000000000249e+00 2.771914099553296808e+06
6.540000000000000036e+00 2.771914099553296342e+06
6.549999999999999822e+00 2.771914099553292617e+06
6.560000000000000497e+00 2.771914099553290289e+06
6.570000000000000284e+00 2.771914099553284701e+06
6.580000000000000071e+00 2.771914099553279579e+06
6.589999999999999858e+00 2.771914099553275853e+06
6.600000000000000533e+00 2.771914099553271662e+06
6.610000000000000320e+00 2.771914099553267006e+06
6.620000000000000107e+00 2.771914099553261884e+06
6.629999999999999893e+00 2.771914099553260487e+06
6.640000000000000568e+00 2.771914099553257227e+06
6.650000000000000355e+00 2.771914099553253502e+06
6.660000000000000142e+00 2.771914099553250242e+06
6.669999999999999929e+00 2.771914099553246051e+06
6.679999999999999716e+00 2.771914099553242791e+06
6.690000000000000391e+00 2.771914099553239532e+06
6.700000000000000178e+00 2.771914099553234875e+06
6.709999999999999964e+00 2.771914099553229287e+06
6.719999999999999751e+00 2.771914099553224165e+06
6.730000000000000426e+00 2.771914099553221371e+06
6.740000000000000213e+00 2.771914099553216249e+06
6.750000000000000000e+00 2.771914099553212989e+06
6.759999999999999787e+00 2.771914099553210661e+06
6.770000000000000462e+00 2.771914099553208333e+06
6.780000000000000249e+00 2.771914099553204142e+06
6.790000000000000036e+00 2.771914099553202745e+06
6.799999999999999822e+00 2.771914099553197622e+06
6.810000000000000497e+00 2.771914099553192966e+06
6.820000000000000284e+00 2.771914099553188309e+06
6.830000000000000071e+00 2.771914099553182255e+06
6.839999999999999858e+00 2.771914099553177599e+06
6.850000000000000533e+00 2.771914099553174805e+06
6.860000000000000320e+00 2.771914099553170614e+06
6.870000000000000107e+00 2.771914099553165492e+06
6.879999999999999893e+00 2.771914099553160835e+06
6.890000000000000568e+00 2.771914099553155247e+06
6.900000000000000355e+00 2.771914099553148262e+06
6.910000000000000142e+00 2.771914099553145003e+06
6.919999999999999929e+00 2.771914099553142209e+06
6.929999999999999716e+00 2.771914099553137552e+06
6.940000000000000391e+00 2.771914099553131033e+06
6.950000000000000178e+00 2.771914099553124048e+06
6.959999999999999964e+00 2.771914099553120323e+06
6.969999999999999751e+00 2.771914099553115200e+06
6.980000000000000426e+00 2.771914099553111941e+06
6.990000000000000213e+00 2.771914099553107750e+06
7.000000000000000000e+00 2.771914099553103093e+06
7.009999999999999787e+00 2.771914099553095642e+06
7.020000000000000462e+00 2.771914099553091452e+06
7.030000000000000249e+00 2.771914099553086329e+06
7.040000000000000036e+00 2.771914099553079810e+06
7.049999999999999822e+00 2.771914099553073756e+06
7.060000000000000497e+00 2.771914099553066306e+06
7.070000000000000284e+00 2.771914099553063046e+06
7.080000000000000071e+00 2.771914099553056993e+06
7.089999999999999858e+00 2.771914099553051870e+06
7.100000000000000533e+00 2.771914099553045817e+06
7.110000000000000320e+00 2.771914099553040694e+06
7.120000000000000107e+00 2.771914099553036038e+06
7.129999999999999893e+00 2.771914099553030916e+06
7.140000000000000568e+00 2.771914099553026725e+06
7.150000000000000355e+00 2.771914099553022999e+06
7.160000000000000142e+00 2.771914099553016480e+06
7.169999999999999929e+00 2.771914099553011823e+06
7.179999999999999716e+00 2.771914099553010892e+06
7.190000000000000391e+00 2.771914099553006701e+06
7.200000000000000178e+00 2.771914099552997388e+06
7.209999999999999964e+00 2.771914099552993197e+06
7.219999999999999751e+00 2.771914099552987609e+06
7.230000000000000426e+00 2.771914099552980624e+06
7.240000000000000213e+00 2.771914099552974105e+06
7.250000000000000000e+00 2.771914099552969914e+06
7.259999999999999787e+00 2.771914099552964326e+06
7.270000000000000462e+00 2.771914099552960135e+06
7.280000000000000249e+00 2.771914099552954081e+06
7.290000000000000036e+00 2.771914099552948028e+06
7.299999999999999822e+00 2.771914099552942440e+06
7.310000000000000497e+00 2.771914099552935455e+06
7.320000000000000284e+00 2.771914099552929867e+06
7.330000000000000071e+00 2.771914099552924279e+06
7.339999999999999858e+00 2.771914099552918691e+06
7.350000000000000533e+00 2.771914099552914500e+06
7.360000000000000320e+00 2.771914099552909378e+06
7.370000000000000107e+00 2.771914099552903324e+06
7.379999999999999893e+00 2.771914099552896339e+06
7.390000000000000568e+00 2.771914099552890286e+06
7.400000000000000355e+00 2.771914099552887026e+06
7.410000000000000142e+00 2.771914099552883301e+06
7.419999999999999929e+00 2.771914099552873988e+06
7.429999999999999716e+00 2.771914099552867468e+06
7.440000000000000391e+00 2.771914099552861881e+06
7.450000000000000178e+00 2.771914099552857224e+06
7.459999999999999964e+00 2.771914099552853499e+06
7.469999999999999751e+00 2.771914099552847911e+06
7.480000000000000426e+00 2.771914099552842323e+06
7.490000000000000213e+00 2.771914099552836735e+06
7.500000000000000000e+00 2.771914099552832078e+06
7.509999999999999787e+00 2.771914099552828819e+06
7.520000000000000462e+00 2.771914099552824628e+06
7.530000000000000249e+00 2.771914099552819505e+06
7.540000000000000036e+00 2.771914099552811123e+06
7.549999999999999822e+00 2.771914099552803207e+06
7.560000000000000497e+00 2.771914099552798551e+06
7.570000000000000284e+00 2.771914099552791566e+06
7.580000000000000071e+00 2.771914099552787375e+06
7.589999999999999858e+00 2.771914099552781321e+06
7.600000000000000533e+00 2.771914099552775733e+06
7.610000000000000320e+00 2.771914099552770145e+06
7.620000000000000107e+00 2.771914099552763626e+06
7.629999999999999893e+00 2.771914099552758969e+06
7.640000000000000568e+00 2.771914099552753847e+06
7.650000000000000355e+00 2.771914099552748725e+06
7.660000000000000142e+00 2.771914099552743603e+06
7.669999999999999929e+00 2.771914099552736152e+06
7.679999999999999716e+00 2.771914099552729167e+06
7.690000000000000391e+00 2.771914099552723113e+06
7.700000000000000178e+00 2.771914099552717991e+06
7.709999999999999964e+00 2.771914099552711006e+06
7.719999999999999751e+00 2.771914099552705418e+06
7.730000000000000426e+00 2.771914099552697036e+06
7.740000000000000213e+00 2.771914099552692380e+06
7.750000000000000000e+00 2.771914099552687258e+06
7.759999999999999787e+00 2.771914099552683532e+06
7.770000000000000462e+00 2.771914099552676082e+06
7.780000000000000249e+00 2.771914099552672356e+06
7.790000000000000036e+00 2.771914099552667234e+06
7.799999999999999822e+00 2.771914099552662577e+06
7.810000000000000497e+00 2.771914099552656524e+06
7.820000000000000284e+00 2.771914099552651402e+06
7.830000000000000071e+00 2.771914099552644882e+06
7.839999999999999858e+00 2.771914099552639294e+06
7.850000000000000533e+00 2.771914099552636500e+06
7.860000000000000320e+00 2.771914099552629516e+06
7.870000000000000107e+00 2.771914099552622996e+06
7.879999999999999893e+00 2.771914099552617874e+06
7.890000000000000568e+00 2.771914099552611355e+06
7.900000000000000355e+00 2.771914099552604835e+06
7.910000000000000142e+00 2.771914099552600179e+06
7.919999999999999929e+00 2.771914099552595057e+06
7.930000000000000604e+00 2.771914099552589934e+06
7.940000000000000391e+00 2.771914099552582949e+06
7.950000000000000178e+00 2.771914099552577361e+06
7.959999999999999964e+00 2.771914099552571308e+06
7.969999999999999751e+00 2.771914099552565720e+06
7.980000000000000426e+00 2.771914099552559201e+06
7.990000000000000213e+00 2.771914099552552216e+06
8.000000000000000000e+00 2.771914099552546162e+06
8.009999999999999787e+00 2.771914099552540574e+06
8.019999999999999574e+00 2.771914099552534055e+06
8.029999999999999361e+00 2.771914099552530795e+06
8.040000000000000924e+00 2.771914099552524276e+06
8.050000000000000711e+00 2.771914099552518222e+06
8.060000000000000497e+00 2.771914099552515429e+06
8.070000000000000284e+00 2.771914099552510772e+06
8.080000000000000071e+00 2.771914099552505650e+06
8.089999999999999858e+00 2.771914099552500527e+06
8.099999999999999645e+00 2.771914099552497268e+06
8.109999999999999432e+00 2.771914099552490748e+06
8.120000000000000995e+00 2.771914099552483298e+06
8.130000000000000782e+00 2.771914099552475382e+06
8.140000000000000568e+00 2.771914099552469794e+06
8.150000000000000355e+00 2.771914099552461877e+06
8.160000000000000142e+00 2.771914099552455358e+06
8.169999999999999929e+00 2.771914099552449305e+06
8.179999999999999716e+00 2.771914099552441854e+06
8.189999999999999503e+00 2.771914099552435335e+06
8.199999999999999289e+00 2.771914099552429747e+06
8.210000000000000853e+00 2.771914099552421831e+06
8.220000000000000639e+00 2.771914099552415311e+06
8.230000000000000426e+00 2.771914099552407395e+06
8.240000000000000213e+00 2.771914099552402738e+06
8.250000000000000000e+00 2.771914099552395754e+06
8.259999999999999787e+00 2.771914099552391563e+06
8.269999999999999574e+00 2.771914099552387372e+06
8.279999999999999361e+00 2.771914099552383181e+06
8.290000000000000924e+00 2.771914099552377593e+06
8.300000000000000711e+00 2.771914099552372005e+06
8.310000000000000497e+00 2.771914099552367814e+06
8.320000000000000284e+00 2.771914099552362226e+06
8.330000000000000071e+00 2.771914099552358966e+06
8.339999999999999858e+00 2.771914099552355241e+06
8.349999999999999645e+00 2.771914099552351050e+06
8.359999999999999432e+00 2.771914099552345462e+06
8.370000000000000995e+00 2.771914099552339409e+06
8.380000000000000782e+00 2.771914099552332889e+06
8.390000000000000568e+00 2.771914099552324507e+06
8.400000000000000355e+00 2.771914099552318919e+06
8.410000000000000142e+00 2.771914099552311935e+06
8.419999999999999929e+00 2.771914099552304484e+06
8.429999999999999716e+00 2.771914099552299362e+06
8.439999999999999503e+00 2.771914099552293774e+06
8.449999999999999289e+00 2.771914099552289583e+06
8.460000000000000853e+00 2.771914099552283529e+06
8.470000000000000639e+00 2.771914099552277941e+06
8.480000000000000426e+00 2.771914099552273285e+06
8.490000000000000213e+00 2.771914099552266765e+06
8.500000000000000000e+00 2.771914099552262574e+06
8.509999999999999787e+00 2.771914099552254658e+06
8.519999999999999574e+00 2.771914099552250467e+06
8.529999999999999361e+00 2.771914099552243948e+06
8.540000000000000924e+00 2.771914099552236963e+06
8.550000000000000711e+00 2.771914099552231375e+06
8.560000000000000497e+00 2.771914099552227650e+06
8.570000000000000284e+00 2.771914099552221596e+06
8.580000000000000071e+00 2.771914099552215077e+06
8.589999999999999858e+00 2.771914099552210886e+06
8.599999999999999645e+00 2.771914099552207161e+06
8.609999999999999432e+00 2.771914099552200176e+06
8.620000000000000995e+00 2.771914099552193191e+06
8.630000000000000782e+00 2.771914099552185275e+06
8.640000000000000568e+00 2.771914099552180618e+06
8.650000000000000355e+00 2.771914099552173167e+06
8.660000000000000142e+00 2.771914099552170373e+06
8.669999999999999929e+00 2.771914099552166648e+06
8.679999999999999716e+00 2.771914099552159198e+06
8.689999999999999503e+00 2.771914099552151747e+06
8.700000000000001066e+00 2.771914099552147556e+06
8.710000000000000853e+00 2.771914099552141037e+06
8.720000000000000639e+00 2.771914099552133121e+06
8.730000000000000426e+00 2.771914099552129861e+06
8.740000000000000213e+00 2.771914099552123342e+06
8.750000000000000000e+00 2.771914099552119151e+06
8.759999999999999787e+00 2.771914099552114028e+06
8.769999999999999574e+00 2.771914099552107975e+06
8.779999999999999361e+00 2.771914099552105181e+06
8.790000000000000924e+00 2.771914099552099593e+06
8.800000000000000711e+00 2.771914099552094471e+06
8.810000000000000497e+00 2.771914099552091211e+06
8.820000000000000284e+00 2.771914099552085157e+06
8.830000000000000071e+00 2.771914099552078173e+06
8.839999999999999858e+00 2.771914099552072119e+06
8.849999999999999645e+00 2.771914099552066531e+06
8.859999999999999432e+00 2.771914099552062340e+06
8.870000000000000995e+00 2.771914099552056286e+06
8.880000000000000782e+00 2.771914099552051630e+06
8.890000000000000568e+00 2.771914099552043714e+06
8.900000000000000355e+00 2.771914099552037660e+06
8.910000000000000142e+00 2.771914099552030675e+06
8.919999999999999929e+00 2.771914099552023690e+06
8.929999999999999716e+00 2.771914099552019965e+06
8.939999999999999503e+00 2.771914099552014377e+06
8.950000000000001066e+00 2.771914099552011117e+06
8.960000000000000853e+00 2.771914099552006926e+06
8.970000000000000639e+00 2.771914099552001804e+06
8.980000000000000426e+00 2.771914099551997148e+06
8.990000000000000213e+00 2.771914099551990163e+06
9.000000000000000000e+00 2.771914099551985040e+06
9.009999999999999787e+00 2.771914099551978055e+06
9.019999999999999574e+00 2.771914099551969673e+06
9.029999999999999361e+00 2.771914099551965017e+06
9.040000000000000924e+00 2.771914099551961292e+06
9.050000000000000711e+00 2.771914099551955704e+06
9.060000000000000497e+00 2.771914099551949184e+06
9.070000000000000284e+00 2.771914099551943596e+06
9.080000000000000071e+00 2.771914099551937077e+06
9.089999999999999858e+00 2.771914099551931955e+06
9.099999999999999645e+00 2.771914099551928230e+06
9.109999999999999432e+00 2.771914099551925436e+06
9.120000000000000995e+00 2.771914099551919848e+06
9.130000000000000782e+00 2.771914099551916588e+06
9.140000000000000568e+00 2.771914099551911000e+06
9.150000000000000355e+00 2.771914099551907275e+06
9.160000000000000142e+00 2.771914099551904015e+06
9.169999999999999929e+00 2.771914099551900756e+06
9.179999999999999716e+00 2.771914099551897962e+06
9.189999999999999503e+00 2.771914099551893305e+06
9.200000000000001066e+00 2.771914099551889580e+06
9.210000000000000853e+00 2.771914099551881664e+06
9.220000000000000639e+00 2.771914099551879801e+06
9.230000000000000426e+00 2.771914099551876076e+06
9.240000000000000213e+00 2.771914099551871419e+06
9.250000000000000000e+00 2.771914099551870488e+06
9.259999999999999787e+00 2.771914099551866297e+06
9.269999999999999574e+00 2.771914099551865831e+06
9.279999999999999361e+00 2.771914099551862571e+06
9.290000000000000924e+00 2.771914099551857915e+06
9.300000000000000711e+00 2.771914099551852327e+06
9.310000000000000497e+00 2.771914099551848602e+06
9.320000000000000284e+00 2.771914099551844411e+06
9.330000000000000071e+00 2.771914099551839754e+06
9.339999999999999858e+00 2.771914099551838823e+06
9.349999999999999645e+00 2.771914099551835097e+06
9.359999999999999432e+00 2.771914099551830906e+06
9.370000000000000995e+00 2.771914099551827647e+06
9.380000000000000782e+00 2.771914099551823456e+06
9.390000000000000568e+00 2.771914099551821128e+06
9.400000000000000355e+00 2.771914099551817402e+06
9.410000000000000142e+00 2.771914099551816005e+06
9.419999999999999929e+00 2.771914099551811349e+06
9.429999999999999716e+00 2.771914099551808089e+06
9.439999999999999503e+00 2.771914099551804364e+06
9.450000000000001066e+00 2.771914099551802035e+06
9.460000000000000853e+00 2.771914099551796447e+06
9.470000000000000639e+00 2.771914099551792722e+06
9.480000000000000426e+00 2.771914099551788997e+06
9.490000000000000213e+00 2.771914099551785272e+06
9.500000000000000000e+00 2.771914099551782478e+06
9.509999999999999787e+00 2.771914099551776890e+06
9.519999999999999574e+00 2.771914099551771302e+06
9.529999999999999361e+00 2.771914099551768508e+06
9.540000000000000924e+00 2.771914099551763851e+06
9.550000000000000711e+00 2.771914099551761057e+06
9.560000000000000497e+00 2.771914099551756401e+06
9.570000000000000284e+00 2.771914099551752210e+06
9.580000000000000071e+00 2.771914099551746156e+06
9.589999999999999858e+00 2.771914099551743828e+06
9.599999999999999645e+00 2.771914099551742431e+06
9.609999999999999432e+00 2.771914099551737309e+06
9.620000000000000995e+00 2.771914099551735446e+06
9.630000000000000782e+00 2.771914099551730789e+06
9.640000000000000568e+00 2.771914099551726598e+06
9.650000000000000355e+00 2.771914099551722407e+06
9.660000000000000142e+00 2.771914099551717751e+06
9.669999999999999929e+00 2.771914099551714491e+06
9.679999999999999716e+00 2.771914099551713094e+06
9.689999999999999503e+00 2.771914099551709369e+06
9.700000000000001066e+00 2.771914099551707041e+06
9.710000000000000853e+00 2.771914099551704247e+06
9.720000000000000639e+00 2.771914099551700056e+06
9.730000000000000426e+00 2.771914099551694933e+06
9.740000000000000213e+00 2.771914099551690277e+06
9.750000000000000000e+00 2.771914099551685620e+06
9.759999999999999787e+00 2.771914099551680032e+06
9.769999999999999574e+00 2.771914099551677238e+06
9.779999999999999361e+00 2.771914099551674444e+06
9.790000000000000924e+00 2.771914099551672116e+06
9.800000000000000711e+00 2.771914099551668856e+06
9.810000000000000497e+00 2.771914099551663734e+06
9.820000000000000284e+00 2.771914099551661406e+06
9.830000000000000071e+00 2.771914099551656749e+06
9.839999999999999858e+00 2.771914099551654886e+06
9.849999999999999645e+00 2.771914099551651161e+06
9.859999999999999432e+00 2.771914099551649764e+06
9.870000000000000995e+00 2.771914099551646039e+06
9.880000000000000782e+00 2.771914099551640451e+06
9.890000000000000568e+00 2.771914099551637657e+06
9.900000000000000355e+00 2.771914099551633466e+06
9.910000000000000142e+00 2.771914099551633466e+06
9.919999999999999929e+00 2.771914099551630206e+06
9.929999999999999716e+00 2.771914099551626015e+06
9.939999999999999503e+00 2.771914099551626015e+06
9.950000000000001066e+00 2.771914099551620893e+06
9.960000000000000853e+00 2.771914099551619031e+06
9.970000000000000639e+00 2.771914099551618099e+06
