0.000000000000000000e+00 3.008573616903133935e-02
1.000000000000000021e-02 3.008573616893505179e-02
2.000000000000000042e-02 3.008573616860506575e-02
2.999999999999999889e-02 3.008573616799432512e-02
4.000000000000000083e-02 3.008573616704086906e-02
5.000000000000000278e-02 3.008573616569383546e-02
5.999999999999999778e-02 3.008573616391368999e-02
7.000000000000000666e-02 3.008573616167231624e-02
8.000000000000000167e-02 3.008573615887005087e-02
8.999999999999999667e-02 3.008573615555052566e-02
1.000000000000000056e-01 3.008573615164087181e-02
1.100000000000000006e-01 3.008573614702223648e-02
1.199999999999999956e-01 3.008573614182059874e-02
1.300000000000000044e-01 3.008573613583716277e-02
1.400000000000000133e-01 3.008573612920908621e-02
1.499999999999999944e-01 3.008573612179037821e-02
1.600000000000000033e-01 3.008573611346003138e-02
1.700000000000000122e-01 3.008573610449990013e-02
1.799999999999999933e-01 3.008573609470873919e-02
1.900000000000000022e-01 3.008573608379340805e-02
2.000000000000000111e-01 3.008573607236058114e-02
2.099999999999999922e-01 3.008573606006742160e-02
2.200000000000000011e-01 3.008573604691866174e-02
2.300000000000000100e-01 3.008573603291160581e-02
2.399999999999999911e-01 3.008573601797924144e-02
2.500000000000000000e-01 3.008573600231113573e-02
2.600000000000000089e-01 3.008573598574474511e-02
2.700000000000000178e-01 3.008573596824346691e-02
2.800000000000000266e-01 3.008573595007833432e-02
2.899999999999999800e-01 3.008573593094106963e-02
2.999999999999999889e-01 3.008573591134775307e-02
3.099999999999999978e-01 3.008573589054401240e-02
3.200000000000000067e-01 3.008573586923894705e-02
3.300000000000000155e-01 3.008573584746969398e-02
3.400000000000000244e-01 3.008573582494835502e-02
3.500000000000000333e-01 3.008573580173002152e-02
3.599999999999999867e-01 3.008573577820062780e-02
3.699999999999999956e-01 3.008573575397596733e-02
3.800000000000000044e-01 3.008573572953620809e-02
3.900000000000000133e-01 3.008573570465913893e-02
4.000000000000000222e-01 3.008573567944618568e-02
4.100000000000000311e-01 3.008573565368929600e-02
4.199999999999999845e-01 3.008573562780289187e-02
4.299999999999999933e-01 3.008573560168967612e-02
4.400000000000000022e-01 3.008573557536160445e-02
4.500000000000000111e-01 3.008573554903875777e-02
4.600000000000000200e-01 3.008573552296974971e-02
4.700000000000000289e-01 3.008573549691057059e-02
4.799999999999999822e-01 3.008573547051755781e-02
4.899999999999999911e-01 3.008573544453529980e-02
5.000000000000000000e-01 3.008573541841050997e-02
5.100000000000000089e-01 3.008573539236975708e-02
5.200000000000000178e-01 3.008573536705384105e-02
5.300000000000000266e-01 3.008573534169882435e-02
5.400000000000000355e-01 3.008573531710881724e-02
5.500000000000000444e-01 3.008573529240811395e-02
5.600000000000000533e-01 3.008573526833144274e-02
5.700000000000000622e-01 3.008573524461897325e-02
5.799999999999999600e-01 3.008573522134586065e-02
5.899999999999999689e-01 3.008573519852704783e-02
5.999999999999999778e-01 3.008573517602540145e-02
6.099999999999999867e-01 3.008573515406499227e-02
6.199999999999999956e-01 3.008573513270756949e-02
6.300000000000000044e-01 3.008573511151572608e-02
6.400000000000000133e-01 3.008573509081641922e-02
6.500000000000000222e-01 3.008573507051240034e-02
6.600000000000000311e-01 3.008573505052382704e-02
6.700000000000000400e-01 3.008573503090303247e-02
6.800000000000000488e-01 3.008573501146050155e-02
6.900000000000000577e-01 3.008573499228484743e-02
7.000000000000000666e-01 3.008573497345258529e-02
7.099999999999999645e-01 3.008573495463632078e-02
7.199999999999999734e-01 3.008573493577209809e-02
7.299999999999999822e-01 3.008573491701915445e-02
7.399999999999999911e-01 3.008573489816068064e-02
7.500000000000000000e-01 3.008573487901257393e-02
7.600000000000000089e-01 3.008573485975040568e-02
7.700000000000000178e-01 3.008573484030186915e-02
7.800000000000000266e-01 3.008573482042114708e-02
7.900000000000000355e-01 3.008573479993116584e-02
8.000000000000000444e-01 3.008573477898877219e-02
8.100000000000000533e-01 3.008573475723443774e-02
8.200000000000000622e-01 3.008573473440590701e-02
8.300000000000000711e-01 3.008573471074089262e-02
8.399999999999999689e-01 3.008573468605031317e-02
8.499999999999999778e-01 3.008573466036421756e-02
8.599999999999999867e-01 3.008573463337644791e-02
8.699999999999999956e-01 3.008573460492225404e-02
8.800000000000000044e-01 3.008573457531833056e-02
8.900000000000000133e-01 3.008573454394562752e-02
9.000000000000000222e-01 3.008573451098752946e-02
9.100000000000000311e-01 3.008573447617632346e-02
9.200000000000000400e-01 3.008573443974771333e-02
9.300000000000000488e-01 3.008573440132236015e-02
9.400000000000000577e-01 3.008573436101728144e-02
9.500000000000000666e-01 3.008573431836732842e-02
9.599999999999999645e-01 3.008573427314208820e-02
9.699999999999999734e-01 3.008573422574488052e-02
9.799999999999999822e-01 3.008573417604090347e-02
9.899999999999999911e-01 3.008573412433221753e-02
1.000000000000000000e+00 3.008573406999051625e-02
1.010000000000000009e+00 3.008573401314318732e-02
1.020000000000000018e+00 3.008573395386132665e-02
1.030000000000000027e+00 3.008573389191824404e-02
1.040000000000000036e+00 3.008573382697874929e-02
1.050000000000000044e+00 3.008573375887066415e-02
1.060000000000000053e+00 3.008573368871453671e-02
1.070000000000000062e+00 3.008573361587054198e-02
1.080000000000000071e+00 3.008573353964831901e-02
1.090000000000000080e+00 3.008573346144168686e-02
1.100000000000000089e+00 3.008573338059808075e-02
1.110000000000000098e+00 3.008573329677825120e-02
1.120000000000000107e+00 3.008573320988424532e-02
1.130000000000000115e+00 3.008573312082381962e-02
1.140000000000000124e+00 3.008573302822759032e-02
1.150000000000000133e+00 3.008573293332712784e-02
1.159999999999999920e+00 3.008573283726727332e-02
1.169999999999999929e+00 3.008573273755523608e-02
1.179999999999999938e+00 3.008573263525628205e-02
1.189999999999999947e+00 3.008573253125669533e-02
1.199999999999999956e+00 3.008573242419802785e-02
1.209999999999999964e+00 3.008573231509052703e-02
1.219999999999999973e+00 3.008573220381639129e-02
1.229999999999999982e+00 3.008573209072550741e-02
1.239999999999999991e+00 3.008573197676574565e-02
1.250000000000000000e+00 3.008573186086398177e-02
1.260000000000000009e+00 3.008573174188726440e-02
1.270000000000000018e+00 3.008573162107225363e-02
1.280000000000000027e+00 3.008573150001057905e-02
1.290000000000000036e+00 3.008573137718240087e-02
1.300000000000000044e+00 3.008573125441902502e-02
1.310000000000000053e+00 3.008573112992496412e-02
1.320000000000000062e+00 3.008573100619565260e-02
1.330000000000000071e+00 3.008573087872488255e-02
1.340000000000000080e+00 3.008573075216456477e-02
1.350000000000000089e+00 3.008573062510588522e-02
1.360000000000000098e+00 3.008573049788140080e-02
1.370000000000000107e+00 3.008573037087045737e-02
1.380000000000000115e+00 3.008573024192092923e-02
1.390000000000000124e+00 3.008573011424701266e-02
1.400000000000000133e+00 3.008572998752458150e-02
1.409999999999999920e+00 3.008572986154977105e-02
1.419999999999999929e+00 3.008572973506903198e-02
1.429999999999999938e+00 3.008572960915011432e-02
1.439999999999999947e+00 3.008572948525957413e-02
1.449999999999999956e+00 3.008572936185940211e-02
1.459999999999999964e+00 3.008572924022173342e-02
1.469999999999999973e+00 3.008572911800878880e-02
1.479999999999999982e+00 3.008572899837563819e-02
1.489999999999999991e+00 3.008572888147822977e-02
1.500000000000000000e+00 3.008572876638687665e-02
1.510000000000000009e+00 3.008572865261822243e-02
1.520000000000000018e+00 3.008572854017587533e-02
1.530000000000000027e+00 3.008572843051047357e-02
1.540000000000000036e+00 3.008572832233579256e-02
1.550000000000000044e+00 3.008572821632448518e-02
1.560000000000000053e+00 3.008572811320391061e-02
1.570000000000000062e+00 3.008572801202447078e-02
1.580000000000000071e+00 3.008572791302025623e-02
1.590000000000000080e+00 3.008572781551881875e-02
1.600000000000000089e+00 3.008572772116040184e-02
1.610000000000000098e+00 3.008572762840936582e-02
1.620000000000000107e+00 3.008572753871142230e-02
1.630000000000000115e+00 3.008572744995922921e-02
1.640000000000000124e+00 3.008572736415218718e-02
1.650000000000000133e+00 3.008572728077900382e-02
1.660000000000000142e+00 3.008572719936728618e-02
1.669999999999999929e+00 3.008572712068182525e-02
1.679999999999999938e+00 3.008572704337678788e-02
1.689999999999999947e+00 3.008572696813104769e-02
1.699999999999999956e+00 3.008572689510689846e-02
1.709999999999999964e+00 3.008572682401659468e-02
1.719999999999999973e+00 3.008572675442210131e-02
1.729999999999999982e+00 3.008572668663658453e-02
1.739999999999999991e+00 3.008572662007185511e-02
1.750000000000000000e+00 3.008572655473147270e-02
1.760000000000000009e+00 3.008572649043164682e-02
1.770000000000000018e+00 3.008572642699727795e-02
1.780000000000000027e+00 3.008572636414823601e-02
1.790000000000000036e+00 3.008572630206562265e-02
1.800000000000000044e+00 3.008572624009957230e-02
1.810000000000000053e+00 3.008572617772122329e-02
1.820000000000000062e+00 3.008572611556188658e-02
1.830000000000000071e+00 3.008572605292639257e-02
1.840000000000000080e+00 3.008572598970371548e-02
1.850000000000000089e+00 3.008572592605916057e-02
1.860000000000000098e+00 3.008572586136052524e-02
1.870000000000000107e+00 3.008572579507751490e-02
1.880000000000000115e+00 3.008572572759071057e-02
1.890000000000000124e+00 3.008572565850159072e-02
1.900000000000000133e+00 3.008572558725368384e-02
1.910000000000000142e+00 3.008572551341114412e-02
1.919999999999999929e+00 3.008572543750138995e-02
1.929999999999999938e+00 3.008572535882547347e-02
1.939999999999999947e+00 3.008572527723408357e-02
1.949999999999999956e+00 3.008572519281350888e-02
1.959999999999999964e+00 3.008572510561319246e-02
1.969999999999999973e+00 3.008572501481018152e-02
1.979999999999999982e+00 3.008572491947710675e-02
1.989999999999999991e+00 3.008572482021095590e-02
2.000000000000000000e+00 3.008572471749469679e-02
2.010000000000000231e+00 3.008572461068239473e-02
2.020000000000000018e+00 3.008572449854040806e-02
2.030000000000000249e+00 3.008572438222854167e-02
2.040000000000000036e+00 3.008572426156011156e-02
2.049999999999999822e+00 3.008572413556158398e-02
2.060000000000000053e+00 3.008572400534431646e-02
2.069999999999999840e+00 3.008572386990856704e-02
2.080000000000000071e+00 3.008572372859056113e-02
2.089999999999999858e+00 3.008572358205337943e-02
2.100000000000000089e+00 3.008572343039691427e-02
2.109999999999999876e+00 3.008572327372994668e-02
2.120000000000000107e+00 3.008572311176101882e-02
2.129999999999999893e+00 3.008572294383635159e-02
2.140000000000000124e+00 3.008572277125184241e-02
2.149999999999999911e+00 3.008572259339725025e-02
2.160000000000000142e+00 3.008572240957828325e-02
2.169999999999999929e+00 3.008572222048292583e-02
2.180000000000000160e+00 3.008572202678803931e-02
2.189999999999999947e+00 3.008572182758813274e-02
2.200000000000000178e+00 3.008572162216634205e-02
2.209999999999999964e+00 3.008572141163964181e-02
2.220000000000000195e+00 3.008572119820396296e-02
2.229999999999999982e+00 3.008572097966881811e-02
2.240000000000000213e+00 3.008572075609197011e-02
2.250000000000000000e+00 3.008572052862928600e-02
2.260000000000000231e+00 3.008572029719060875e-02
2.270000000000000018e+00 3.008572006108090752e-02
2.280000000000000249e+00 3.008571981972960399e-02
2.290000000000000036e+00 3.008571957718966794e-02
2.300000000000000266e+00 3.008571932899190698e-02
2.310000000000000053e+00 3.008571907788773828e-02
2.319999999999999840e+00 3.008571882488254856e-02
2.330000000000000071e+00 3.008571856841094766e-02
2.339999999999999858e+00 3.008571830958944177e-02
2.350000000000000089e+00 3.008571804921958415e-02
2.359999999999999876e+00 3.008571778585414358e-02
2.370000000000000107e+00 3.008571752186392501e-02
2.379999999999999893e+00 3.008571725685513926e-02
2.390000000000000124e+00 3.008571699076022232e-02
2.399999999999999911e+00 3.008571672304891781e-02
2.410000000000000142e+00 3.008571645639236680e-02
2.419999999999999929e+00 3.008571618928200520e-02
2.430000000000000160e+00 3.008571592391824645e-02
2.439999999999999947e+00 3.008571565822554250e-02
2.450000000000000178e+00 3.008571539350846091e-02
2.459999999999999964e+00 3.008571512940942660e-02
2.470000000000000195e+00 3.008571486695534036e-02
2.479999999999999982e+00 3.008571460714784887e-02
2.490000000000000213e+00 3.008571434901463615e-02
2.500000000000000000e+00 3.008571409308612166e-02
2.510000000000000231e+00 3.008571383991862774e-02
2.520000000000000018e+00 3.008571359098994105e-02
2.530000000000000249e+00 3.008571334531557478e-02
2.540000000000000036e+00 3.008571310225206796e-02
2.550000000000000266e+00 3.008571286298434080e-02
2.560000000000000053e+00 3.008571262861682930e-02
2.569999999999999840e+00 3.008571239938957753e-02
2.580000000000000071e+00 3.008571217307421525e-02
2.589999999999999858e+00 3.008571195180938240e-02
2.600000000000000089e+00 3.008571173538889670e-02
2.609999999999999876e+00 3.008571152402113660e-02
2.620000000000000107e+00 3.008571131826632758e-02
2.629999999999999893e+00 3.008571111811491477e-02
2.640000000000000124e+00 3.008571092395487950e-02
2.649999999999999911e+00 3.008571073494511333e-02
2.660000000000000142e+00 3.008571055243597359e-02
2.669999999999999929e+00 3.008571037499457868e-02
2.680000000000000160e+00 3.008571020349965278e-02
2.689999999999999947e+00 3.008571003829266927e-02
2.700000000000000178e+00 3.008570987873707137e-02
2.709999999999999964e+00 3.008570972551568440e-02
2.720000000000000195e+00 3.008570957790849057e-02
2.729999999999999982e+00 3.008570943633562603e-02
2.740000000000000213e+00 3.008570930006082902e-02
2.750000000000000000e+00 3.008570916975087869e-02
2.760000000000000231e+00 3.008570904458625350e-02
2.770000000000000018e+00 3.008570892513811809e-02
2.780000000000000249e+00 3.008570881098075744e-02
2.790000000000000036e+00 3.008570870207070286e-02
2.800000000000000266e+00 3.008570859779504530e-02
2.810000000000000053e+00 3.008570849823945237e-02
2.819999999999999840e+00 3.008570840291978701e-02
2.830000000000000071e+00 3.008570831198156478e-02
2.839999999999999858e+00 3.008570822461105812e-02
2.850000000000000089e+00 3.008570814117304815e-02
2.859999999999999876e+00 3.008570806077519658e-02
2.870000000000000107e+00 3.008570798350107545e-02
2.879999999999999893e+00 3.008570790873406689e-02
2.890000000000000124e+00 3.008570783655643149e-02
2.899999999999999911e+00 3.008570776600561283e-02
2.910000000000000142e+00 3.008570769731544123e-02
2.919999999999999929e+00 3.008570762978730884e-02
2.930000000000000160e+00 3.008570756308615035e-02
2.939999999999999947e+00 3.008570749699850805e-02
2.950000000000000178e+00 3.008570743079363660e-02
2.959999999999999964e+00 3.008570736421442918e-02
2.970000000000000195e+00 3.008570729685464823e-02
2.979999999999999982e+00 3.008570722849773088e-02
2.990000000000000213e+00 3.008570715872822821e-02
3.000000000000000000e+00 3.008570708700658569e-02
3.010000000000000231e+00 3.008570701310716092e-02
3.020000000000000018e+00 3.008570693635801221e-02
3.030000000000000249e+00 3.008570685668687100e-02
3.040000000000000036e+00 3.008570677380470459e-02
3.050000000000000266e+00 3.008570668702005221e-02
3.060000000000000053e+00 3.008570659640784004e-02
3.070000000000000284e+00 3.008570650132712243e-02
3.080000000000000071e+00 3.008570640131989424e-02
3.089999999999999858e+00 3.008570629622989503e-02
3.100000000000000089e+00 3.008570618586046269e-02
3.109999999999999876e+00 3.008570606993337185e-02
3.120000000000000107e+00 3.008570594833554629e-02
3.129999999999999893e+00 3.008570582079422503e-02
3.140000000000000124e+00 3.008570568674544601e-02
3.149999999999999911e+00 3.008570554621000509e-02
3.160000000000000142e+00 3.008570539902217025e-02
3.169999999999999929e+00 3.008570524485307263e-02
3.180000000000000160e+00 3.008570508445136682e-02
3.189999999999999947e+00 3.008570491682707043e-02
3.200000000000000178e+00 3.008570474214743162e-02
3.209999999999999964e+00 3.008570456043338504e-02
3.220000000000000195e+00 3.008570437105568748e-02
3.229999999999999982e+00 3.008570417475464262e-02
3.240000000000000213e+00 3.008570397143973604e-02
3.250000000000000000e+00 3.008570376039257019e-02
3.260000000000000231e+00 3.008570354286061593e-02
3.270000000000000018e+00 3.008570331787940172e-02
3.280000000000000249e+00 3.008570308663161691e-02
3.290000000000000036e+00 3.008570284915177903e-02
3.300000000000000266e+00 3.008570260445880828e-02
3.310000000000000053e+00 3.008570235336584242e-02
3.320000000000000284e+00 3.008570209594167363e-02
3.330000000000000071e+00 3.008570183313656263e-02
3.339999999999999858e+00 3.008570156479418306e-02
3.350000000000000089e+00 3.008570129034090004e-02
3.359999999999999876e+00 3.008570101129776422e-02
3.370000000000000107e+00 3.008570072711855628e-02
3.379999999999999893e+00 3.008570043913252195e-02
3.390000000000000124e+00 3.008570014775983903e-02
3.399999999999999911e+00 3.008569985158251331e-02
3.410000000000000142e+00 3.008569955225656040e-02
3.419999999999999929e+00 3.008569925012400531e-02
3.430000000000000160e+00 3.008569894481517154e-02
3.439999999999999947e+00 3.008569863705946867e-02
3.450000000000000178e+00 3.008569832776515282e-02
3.459999999999999964e+00 3.008569801697573431e-02
3.470000000000000195e+00 3.008569770538681645e-02
3.479999999999999982e+00 3.008569739240371521e-02
3.490000000000000213e+00 3.008569708071137661e-02
3.500000000000000000e+00 3.008569676892432210e-02
3.510000000000000231e+00 3.008569645771159290e-02
3.520000000000000018e+00 3.008569614826856267e-02
3.530000000000000249e+00 3.008569584032770236e-02
3.540000000000000036e+00 3.008569553425066018e-02
3.550000000000000266e+00 3.008569523047737240e-02
3.560000000000000053e+00 3.008569492878931245e-02
3.570000000000000284e+00 3.008569463068052827e-02
3.580000000000000071e+00 3.008569433675147009e-02
3.589999999999999858e+00 3.008569404681743498e-02
3.600000000000000089e+00 3.008569376081266997e-02
3.609999999999999876e+00 3.008569347932913557e-02
3.620000000000000107e+00 3.008569320333884939e-02
3.629999999999999893e+00 3.008569293129816774e-02
3.640000000000000124e+00 3.008569266600302078e-02
3.649999999999999911e+00 3.008569240605740019e-02
3.660000000000000142e+00 3.008569215268611097e-02
3.669999999999999929e+00 3.008569190424192907e-02
3.680000000000000160e+00 3.008569166261006872e-02
3.689999999999999947e+00 3.008569142687470693e-02
3.700000000000000178e+00 3.008569119730135355e-02
3.709999999999999964e+00 3.008569097482625965e-02
3.720000000000000195e+00 3.008569075910400362e-02
3.729999999999999982e+00 3.008569054948386640e-02
3.740000000000000213e+00 3.008569034726325808e-02
3.750000000000000000e+00 3.008569015194543020e-02
3.760000000000000231e+00 3.008568996286564018e-02
3.770000000000000018e+00 3.008568978072563571e-02
3.780000000000000249e+00 3.008568960529551042e-02
3.790000000000000036e+00 3.008568943604918167e-02
3.800000000000000266e+00 3.008568927299296036e-02
3.810000000000000053e+00 3.008568911519291997e-02
3.820000000000000284e+00 3.008568896328269598e-02
3.830000000000000071e+00 3.008568881762206659e-02
3.839999999999999858e+00 3.008568867705999073e-02
3.850000000000000089e+00 3.008568854190974209e-02
3.859999999999999876e+00 3.008568841025397941e-02
3.870000000000000107e+00 3.008568828323807468e-02
3.879999999999999893e+00 3.008568816021053166e-02
3.890000000000000124e+00 3.008568803976881256e-02
3.899999999999999911e+00 3.008568792242874435e-02
3.910000000000000142e+00 3.008568780766327985e-02
3.919999999999999929e+00 3.008568769514058730e-02
3.930000000000000160e+00 3.008568758401309468e-02
3.939999999999999947e+00 3.008568747348596556e-02
3.950000000000000178e+00 3.008568736396898674e-02
3.959999999999999964e+00 3.008568725359513085e-02
3.970000000000000195e+00 3.008568714354369067e-02
3.979999999999999982e+00 3.008568703180998505e-02
3.990000000000000213e+00 3.008568691759090988e-02
4.000000000000000000e+00 3.008568680136565129e-02
4.009999999999999787e+00 3.008568668222409703e-02
4.020000000000000462e+00 3.008568655958412247e-02
4.030000000000000249e+00 3.008568643318452335e-02
4.040000000000000036e+00 3.008568630188670698e-02
4.049999999999999822e+00 3.008568616611087890e-02
4.060000000000000497e+00 3.008568602433210268e-02
4.070000000000000284e+00 3.008568587614929291e-02
4.080000000000000071e+00 3.008568572106323780e-02
4.089999999999999858e+00 3.008568555834995745e-02
4.099999999999999645e+00 3.008568538723252472e-02
4.110000000000000320e+00 3.008568520922255685e-02
4.120000000000000107e+00 3.008568502217982138e-02
4.129999999999999893e+00 3.008568482586360809e-02
4.139999999999999680e+00 3.008568461948862502e-02
4.150000000000000355e+00 3.008568440304407177e-02
4.160000000000000142e+00 3.008568417677502660e-02
4.169999999999999929e+00 3.008568393853412737e-02
4.179999999999999716e+00 3.008568369020309108e-02
4.190000000000000391e+00 3.008568343088931230e-02
4.200000000000000178e+00 3.008568315884255218e-02
4.209999999999999964e+00 3.008568287673064889e-02
4.219999999999999751e+00 3.008568258091847206e-02
4.230000000000000426e+00 3.008568227411440379e-02
4.240000000000000213e+00 3.008568195452718946e-02
4.250000000000000000e+00 3.008568162410829583e-02
4.259999999999999787e+00 3.008568128165957367e-02
4.270000000000000462e+00 3.008568092482742304e-02
4.280000000000000249e+00 3.008568055615200298e-02
4.290000000000000036e+00 3.008568017560669244e-02
4.299999999999999822e+00 3.008567978280119598e-02
4.310000000000000497e+00 3.008567937811737480e-02
4.320000000000000284e+00 3.008567896184346016e-02
4.330000000000000071e+00 3.008567853327217406e-02
4.339999999999999858e+00 3.008567809540273544e-02
4.350000000000000533e+00 3.008567764565447944e-02
4.360000000000000320e+00 3.008567718600759638e-02
4.370000000000000107e+00 3.008567671434477300e-02
4.379999999999999893e+00 3.008567623360874563e-02
4.389999999999999680e+00 3.008567574336873385e-02
4.400000000000000355e+00 3.008567524526744100e-02
4.410000000000000142e+00 3.008567473836893519e-02
4.419999999999999929e+00 3.008567422252171955e-02
4.429999999999999716e+00 3.008567369922103898e-02
4.440000000000000391e+00 3.008567317169043298e-02
4.450000000000000178e+00 3.008567263778119324e-02
4.459999999999999964e+00 3.008567209774733534e-02
4.469999999999999751e+00 3.008567155257576772e-02
4.480000000000000426e+00 3.008567100116937496e-02
4.490000000000000213e+00 3.008567044518904374e-02
4.500000000000000000e+00 3.008566988299280973e-02
4.509999999999999787e+00 3.008566932375171879e-02
4.520000000000000462e+00 3.008566876228085246e-02
4.530000000000000249e+00 3.008566819725806696e-02
4.540000000000000036e+00 3.008566763225071355e-02
4.549999999999999822e+00 3.008566706875191038e-02
4.560000000000000497e+00 3.008566650731025333e-02
4.570000000000000284e+00 3.008566594508095549e-02
4.580000000000000071e+00 3.008566538314091932e-02
4.589999999999999858e+00 3.008566482810959286e-02
4.600000000000000533e+00 3.008566427572587423e-02
4.610000000000000320e+00 3.008566372797359320e-02
4.620000000000000107e+00 3.008566318592468744e-02
4.629999999999999893e+00 3.008566264712254218e-02
4.639999999999999680e+00 3.008566211590213424e-02
4.650000000000000355e+00 3.008566159158360120e-02
4.660000000000000142e+00 3.008566107166616918e-02
4.669999999999999929e+00 3.008566056186803839e-02
4.679999999999999716e+00 3.008566006122749548e-02
4.690000000000000391e+00 3.008565956894467680e-02
4.700000000000000178e+00 3.008565908373174447e-02
4.709999999999999964e+00 3.008565861029073585e-02
4.719999999999999751e+00 3.008565814512585701e-02
4.730000000000000426e+00 3.008565768814976116e-02
4.740000000000000213e+00 3.008565724542078268e-02
4.750000000000000000e+00 3.008565681150533744e-02
4.759999999999999787e+00 3.008565638852720922e-02
4.770000000000000462e+00 3.008565598066786570e-02
4.780000000000000249e+00 3.008565558317747440e-02
4.790000000000000036e+00 3.008565519578969630e-02
4.799999999999999822e+00 3.008565482123375101e-02
4.810000000000000497e+00 3.008565445978468936e-02
4.820000000000000284e+00 3.008565410922537861e-02
4.830000000000000071e+00 3.008565377030049393e-02
4.839999999999999858e+00 3.008565344492159649e-02
4.850000000000000533e+00 3.008565313036216590e-02
4.860000000000000320e+00 3.008565282907788366e-02
4.870000000000000107e+00 3.008565253995047761e-02
4.879999999999999893e+00 3.008565226045883598e-02
4.889999999999999680e+00 3.008565199119393740e-02
4.900000000000000355e+00 3.008565173409421742e-02
4.910000000000000142e+00 3.008565148540704240e-02
4.919999999999999929e+00 3.008565124979327779e-02
4.929999999999999716e+00 3.008565102271729824e-02
4.940000000000000391e+00 3.008565080365765976e-02
4.950000000000000178e+00 3.008565059556813498e-02
4.959999999999999964e+00 3.008565039475096306e-02
4.969999999999999751e+00 3.008565020369084395e-02
4.980000000000000426e+00 3.008565001877367556e-02
4.990000000000000213e+00 3.008564984041825485e-02
5.000000000000000000e+00 3.008564966931662546e-02
5.009999999999999787e+00 3.008564950373980237e-02
5.020000000000000462e+00 3.008564934229094809e-02
5.030000000000000249e+00 3.008564918643288899e-02
5.040000000000000036e+00 3.008564903459188394e-02
5.049999999999999822e+00 3.008564888623021724e-02
5.060000000000000497e+00 3.008564874143223461e-02
5.070000000000000284e+00 3.008564859827190380e-02
5.080000000000000071e+00 3.008564845529253934e-02
5.089999999999999858e+00 3.008564831281384036e-02
5.100000000000000533e+00 3.008564817072707093e-02
5.110000000000000320e+00 3.008564802903017366e-02
5.120000000000000107e+00 3.008564788479500818e-02
5.129999999999999893e+00 3.008564773863073652e-02
5.139999999999999680e+00 3.008564759008853368e-02
5.150000000000000355e+00 3.008564743768171040e-02
5.160000000000000142e+00 3.008564728116826237e-02
5.169999999999999929e+00 3.008564711971102243e-02
5.179999999999999716e+00 3.008564695476076412e-02
5.190000000000000391e+00 3.008564678463057987e-02
5.200000000000000178e+00 3.008564660776897812e-02
5.209999999999999964e+00 3.008564642443462001e-02
5.219999999999999751e+00 3.008564623314497269e-02
5.230000000000000426e+00 3.008564603603052987e-02
5.240000000000000213e+00 3.008564583216784272e-02
5.250000000000000000e+00 3.008564561779231150e-02
5.259999999999999787e+00 3.008564539527745080e-02
5.270000000000000462e+00 3.008564516527113472e-02
5.280000000000000249e+00 3.008564492449468039e-02
5.290000000000000036e+00 3.008564467702709577e-02
5.299999999999999822e+00 3.008564441886515950e-02
5.310000000000000497e+00 3.008564415152959262e-02
5.320000000000000284e+00 3.008564387365142770e-02
5.330000000000000071e+00 3.008564358666498961e-02
5.339999999999999858e+00 3.008564329001233231e-02
5.350000000000000533e+00 3.008564298294627917e-02
5.360000000000000320e+00 3.008564266646690868e-02
5.370000000000000107e+00 3.008564233947310512e-02
5.379999999999999893e+00 3.008564200261829025e-02
5.389999999999999680e+00 3.008564165783556010e-02
5.400000000000000355e+00 3.008564130372175585e-02
5.410000000000000142e+00 3.008564094141854758e-02
5.419999999999999929e+00 3.008564056696129418e-02
5.429999999999999716e+00 3.008564018693506148e-02
5.440000000000000391e+00 3.008563979790598170e-02
5.450000000000000178e+00 3.008563939868016263e-02
5.459999999999999964e+00 3.008563899501592170e-02
5.469999999999999751e+00 3.008563858310481232e-02
5.480000000000000426e+00 3.008563816401163896e-02
5.490000000000000213e+00 3.008563773789540985e-02
5.500000000000000000e+00 3.008563730834008798e-02
5.509999999999999787e+00 3.008563687257016783e-02
5.520000000000000462e+00 3.008563643366474888e-02
5.530000000000000249e+00 3.008563599225775459e-02
5.540000000000000036e+00 3.008563554609386403e-02
5.549999999999999822e+00 3.008563509537977299e-02
5.560000000000000497e+00 3.008563464104339891e-02
5.570000000000000284e+00 3.008563418720064386e-02
5.580000000000000071e+00 3.008563372778873257e-02
5.589999999999999858e+00 3.008563326943442320e-02
5.600000000000000533e+00 3.008563281303946318e-02
5.610000000000000320e+00 3.008563235454239301e-02
5.620000000000000107e+00 3.008563189793226136e-02
5.629999999999999893e+00 3.008563144190370964e-02
5.639999999999999680e+00 3.008563099055842557e-02
5.650000000000000355e+00 3.008563053781249108e-02
5.660000000000000142e+00 3.008563009116793641e-02
5.669999999999999929e+00 3.008562964866202255e-02
5.679999999999999716e+00 3.008562920973019070e-02
5.690000000000000391e+00 3.008562877523889706e-02
5.700000000000000178e+00 3.008562834641504563e-02
5.709999999999999964e+00 3.008562792271548061e-02
5.719999999999999751e+00 3.008562750568247179e-02
5.730000000000000426e+00 3.008562709606217925e-02
5.740000000000000213e+00 3.008562669218479979e-02
5.750000000000000000e+00 3.008562629629142615e-02
5.759999999999999787e+00 3.008562590922790603e-02
5.770000000000000462e+00 3.008562553012441437e-02
5.780000000000000249e+00 3.008562515779408808e-02
5.790000000000000036e+00 3.008562479603063902e-02
5.799999999999999822e+00 3.008562444308127831e-02
5.810000000000000497e+00 3.008562409816906841e-02
5.820000000000000284e+00 3.008562376510771214e-02
5.830000000000000071e+00 3.008562343984741080e-02
5.839999999999999858e+00 3.008562312493094637e-02
5.850000000000000533e+00 3.008562281967337368e-02
5.860000000000000320e+00 3.008562252333983611e-02
5.870000000000000107e+00 3.008562223579237110e-02
5.879999999999999893e+00 3.008562195919268351e-02
5.889999999999999680e+00 3.008562169299939387e-02
5.900000000000000355e+00 3.008562143551967230e-02
5.910000000000000142e+00 3.008562118844676850e-02
5.919999999999999929e+00 3.008562094995936853e-02
5.929999999999999716e+00 3.008562072329547255e-02
5.940000000000000391e+00 3.008562050353125183e-02
5.950000000000000178e+00 3.008562029262032422e-02
5.959999999999999964e+00 3.008562009020709221e-02
5.969999999999999751e+00 3.008561989569397480e-02
5.980000000000000426e+00 3.008561970964742510e-02
5.990000000000000213e+00 3.008561952974179651e-02
6.000000000000000000e+00 3.008561935811273486e-02
6.009999999999999787e+00 3.008561919286880521e-02
6.020000000000000462e+00 3.008561903308634017e-02
6.030000000000000249e+00 3.008561887953309366e-02
6.040000000000000036e+00 3.008561873184496457e-02
6.049999999999999822e+00 3.008561858856252658e-02
6.060000000000000497e+00 3.008561844945978336e-02
6.070000000000000284e+00 3.008561831452175039e-02
6.080000000000000071e+00 3.008561818304416463e-02
6.089999999999999858e+00 3.008561805440458647e-02
6.100000000000000533e+00 3.008561792809903712e-02
6.110000000000000320e+00 3.008561780373960465e-02
6.120000000000000107e+00 3.008561768033581746e-02
6.129999999999999893e+00 3.008561755730632115e-02
6.140000000000000568e+00 3.008561743431917290e-02
6.150000000000000355e+00 3.008561731084841845e-02
6.160000000000000142e+00 3.008561718671507942e-02
6.169999999999999929e+00 3.008561706079367765e-02
6.179999999999999716e+00 3.008561693379038088e-02
6.190000000000000391e+00 3.008561680379637920e-02
6.200000000000000178e+00 3.008561667101536732e-02
6.209999999999999964e+00 3.008561653480417569e-02
6.219999999999999751e+00 3.008561639552288780e-02
6.230000000000000426e+00 3.008561625211388091e-02
6.240000000000000213e+00 3.008561610359046512e-02
6.250000000000000000e+00 3.008561595050925422e-02
6.259999999999999787e+00 3.008561579099944955e-02
6.270000000000000462e+00 3.008561562616698243e-02
6.280000000000000249e+00 3.008561545447718116e-02
6.290000000000000036e+00 3.008561527732100949e-02
6.299999999999999822e+00 3.008561509233408093e-02
6.310000000000000497e+00 3.008561490066653452e-02
6.320000000000000284e+00 3.008561470240638316e-02
6.330000000000000071e+00 3.008561449734282675e-02
6.339999999999999858e+00 3.008561428408987673e-02
6.350000000000000533e+00 3.008561406423865270e-02
6.360000000000000320e+00 3.008561383545147599e-02
6.370000000000000107e+00 3.008561359870267488e-02
6.379999999999999893e+00 3.008561335548371948e-02
6.390000000000000568e+00 3.008561310500128608e-02
6.400000000000000355e+00 3.008561284507436234e-02
6.410000000000000142e+00 3.008561257900469604e-02
6.419999999999999929e+00 3.008561230407501633e-02
6.429999999999999716e+00 3.008561202254100148e-02
6.440000000000000391e+00 3.008561173340568509e-02
6.450000000000000178e+00 3.008561143695259385e-02
6.459999999999999964e+00 3.008561113433085368e-02
6.469999999999999751e+00 3.008561082380837443e-02
6.480000000000000426e+00 3.008561050810933460e-02
6.490000000000000213e+00 3.008561018557964761e-02
6.500000000000000000e+00 3.008560985681350830e-02
6.509999999999999787e+00 3.008560952242840189e-02
6.520000000000000462e+00 3.008560918379347623e-02
6.530000000000000249e+00 3.008560883964317423e-02
6.540000000000000036e+00 3.008560849143208232e-02
6.549999999999999822e+00 3.008560813931012920e-02
6.560000000000000497e+00 3.008560778337868863e-02
6.570000000000000284e+00 3.008560742571755181e-02
6.580000000000000071e+00 3.008560706237289190e-02
6.589999999999999858e+00 3.008560669870385257e-02
6.600000000000000533e+00 3.008560633324115774e-02
6.610000000000000320e+00 3.008560596545364202e-02
6.620000000000000107e+00 3.008560559674711143e-02
6.629999999999999893e+00 3.008560522830943176e-02
6.640000000000000568e+00 3.008560485993906977e-02
6.650000000000000355e+00 3.008560449146219923e-02
6.660000000000000142e+00 3.008560412495918379e-02
6.669999999999999929e+00 3.008560375991217728e-02
6.679999999999999716e+00 3.008560339661370264e-02
6.690000000000000391e+00 3.008560303546408549e-02
6.700000000000000178e+00 3.008560267736580529e-02
6.709999999999999964e+00 3.008560232319617417e-02
6.719999999999999751e+00 3.008560197234295963e-02
6.730000000000000426e+00 3.008560162688667453e-02
6.740000000000000213e+00 3.008560128501147277e-02
6.750000000000000000e+00 3.008560094758634673e-02
6.759999999999999787e+00 3.008560061631230381e-02
6.770000000000000462e+00 3.008560029113668127e-02
6.780000000000000249e+00 3.008559997188673535e-02
6.790000000000000036e+00 3.008559965936667691e-02
6.799999999999999822e+00 3.008559935338667168e-02
6.810000000000000497e+00 3.008559905430315679e-02
6.820000000000000284e+00 3.008559876278252276e-02
6.830000000000000071e+00 3.008559847920928496e-02
6.839999999999999858e+00 3.008559820348935543e-02
6.850000000000000533e+00 3.008559793577234714e-02
6.860000000000000320e+00 3.008559767694131762e-02
6.870000000000000107e+00 3.008559742538747736e-02
6.879999999999999893e+00 3.008559718255108401e-02
6.890000000000000568e+00 3.008559694848800953e-02
6.900000000000000355e+00 3.008559672351276276e-02
6.910000000000000142e+00 3.008559650710921490e-02
6.919999999999999929e+00 3.008559629993128731e-02
6.929999999999999716e+00 3.008559610139113077e-02
6.940000000000000391e+00 3.008559591115234078e-02
6.950000000000000178e+00 3.008559573054438857e-02
6.959999999999999964e+00 3.008559555859514553e-02
6.969999999999999751e+00 3.008559539504727931e-02
6.980000000000000426e+00 3.008559524027239890e-02
6.990000000000000213e+00 3.008559509343127630e-02
7.000000000000000000e+00 3.008559495480711207e-02
7.009999999999999787e+00 3.008559482393523277e-02
7.020000000000000462e+00 3.008559470070689551e-02
7.030000000000000249e+00 3.008559458572014622e-02
7.040000000000000036e+00 3.008559447787146832e-02
7.049999999999999822e+00 3.008559437698905825e-02
7.060000000000000497e+00 3.008559428294513283e-02
7.070000000000000284e+00 3.008559419542239030e-02
7.080000000000000071e+00 3.008559411422330812e-02
7.089999999999999858e+00 3.008559403832428841e-02
7.100000000000000533e+00 3.008559396823858034e-02
7.110000000000000320e+00 3.008559390325038843e-02
7.120000000000000107e+00 3.008559384225093641e-02
7.129999999999999893e+00 3.008559378602808365e-02
7.140000000000000568e+00 3.008559373375614687e-02
7.150000000000000355e+00 3.008559368517453592e-02
7.160000000000000142e+00 3.008559363935828582e-02
7.169999999999999929e+00 3.008559359656976309e-02
7.179999999999999716e+00 3.008559355570047944e-02
7.190000000000000391e+00 3.008559351667870058e-02
7.200000000000000178e+00 3.008559347927181396e-02
7.209999999999999964e+00 3.008559344282492679e-02
7.219999999999999751e+00 3.008559340694661258e-02
7.230000000000000426e+00 3.008559337127416841e-02
7.240000000000000213e+00 3.008559333534598784e-02
7.250000000000000000e+00 3.008559329864819026e-02
7.259999999999999787e+00 3.008559326123143307e-02
7.270000000000000462e+00 3.008559322236792691e-02
7.280000000000000249e+00 3.008559318170091895e-02
7.290000000000000036e+00 3.008559313896952761e-02
7.299999999999999822e+00 3.008559309369018137e-02
7.310000000000000497e+00 3.008559304562864051e-02
7.320000000000000284e+00 3.008559299463286346e-02
7.330000000000000071e+00 3.008559294005402202e-02
7.339999999999999858e+00 3.008559288165878198e-02
7.350000000000000533e+00 3.008559281981284042e-02
7.360000000000000320e+00 3.008559275344967893e-02
7.370000000000000107e+00 3.008559268301881640e-02
7.379999999999999893e+00 3.008559260768270752e-02
7.390000000000000568e+00 3.008559252742868187e-02
7.400000000000000355e+00 3.008559244259130516e-02
7.410000000000000142e+00 3.008559235242879576e-02
7.419999999999999929e+00 3.008559225744536145e-02
7.429999999999999716e+00 3.008559215671136045e-02
7.440000000000000391e+00 3.008559205085815230e-02
7.450000000000000178e+00 3.008559193994433598e-02
7.459999999999999964e+00 3.008559182245599053e-02
7.469999999999999751e+00 3.008559169966654873e-02
7.480000000000000426e+00 3.008559157143689961e-02
7.490000000000000213e+00 3.008559143786734141e-02
7.500000000000000000e+00 3.008559129858773620e-02
7.509999999999999787e+00 3.008559115335178447e-02
7.520000000000000462e+00 3.008559100318077689e-02
7.530000000000000249e+00 3.008559084800864480e-02
7.540000000000000036e+00 3.008559068669886677e-02
7.549999999999999822e+00 3.008559052038798157e-02
7.560000000000000497e+00 3.008559035039191573e-02
7.570000000000000284e+00 3.008559017543793040e-02
7.580000000000000071e+00 3.008558999520064003e-02
7.589999999999999858e+00 3.008558981001329194e-02
7.600000000000000533e+00 3.008558962248831375e-02
7.610000000000000320e+00 3.008558942975552916e-02
7.620000000000000107e+00 3.008558923398773136e-02
7.629999999999999893e+00 3.008558903417540842e-02
7.640000000000000568e+00 3.008558883287586888e-02
7.650000000000000355e+00 3.008558862745479984e-02
7.660000000000000142e+00 3.008558841959507041e-02
7.669999999999999929e+00 3.008558820865918360e-02
7.679999999999999716e+00 3.008558799659637184e-02
7.690000000000000391e+00 3.008558778323339872e-02
7.700000000000000178e+00 3.008558756669009460e-02
7.709999999999999964e+00 3.008558734900613346e-02
7.719999999999999751e+00 3.008558712967546525e-02
7.730000000000000426e+00 3.008558690964296262e-02
7.740000000000000213e+00 3.008558668917627604e-02
7.750000000000000000e+00 3.008558646759273286e-02
7.759999999999999787e+00 3.008558624773526730e-02
7.770000000000000462e+00 3.008558602947361549e-02
7.780000000000000249e+00 3.008558581036175489e-02
7.790000000000000036e+00 3.008558559218811601e-02
7.799999999999999822e+00 3.008558537457024784e-02
7.810000000000000497e+00 3.008558515881083750e-02
7.820000000000000284e+00 3.008558494314025542e-02
7.830000000000000071e+00 3.008558473103440170e-02
7.839999999999999858e+00 3.008558452088381727e-02
7.850000000000000533e+00 3.008558431426749946e-02
7.860000000000000320e+00 3.008558410791513024e-02
7.870000000000000107e+00 3.008558390480902539e-02
7.879999999999999893e+00 3.008558370324073902e-02
7.890000000000000568e+00 3.008558350730308750e-02
7.900000000000000355e+00 3.008558331343107878e-02
7.910000000000000142e+00 3.008558312274402929e-02
7.919999999999999929e+00 3.008558293690009183e-02
7.930000000000000604e+00 3.008558275370248544e-02
7.940000000000000391e+00 3.008558257382815126e-02
7.950000000000000178e+00 3.008558239711779658e-02
7.959999999999999964e+00 3.008558222596807719e-02
7.969999999999999751e+00 3.008558205858315876e-02
7.980000000000000426e+00 3.008558189452619630e-02
7.990000000000000213e+00 3.008558173376124634e-02
8.000000000000000000e+00 3.008558157752077439e-02
8.009999999999999787e+00 3.008558142566203353e-02
8.019999999999999574e+00 3.008558127724660081e-02
8.029999999999999361e+00 3.008558113249907434e-02
8.040000000000000924e+00 3.008558099243536024e-02
8.050000000000000711e+00 3.008558085561713336e-02
8.060000000000000497e+00 3.008558072293874425e-02
8.070000000000000284e+00 3.008558059364235121e-02
8.080000000000000071e+00 3.008558046950172288e-02
8.089999999999999858e+00 3.008558034790907026e-02
8.099999999999999645e+00 3.008558022980731272e-02
8.109999999999999432e+00 3.008558011542201982e-02
8.120000000000000995e+00 3.008558000501253618e-02
8.130000000000000782e+00 3.008557989660904514e-02
8.140000000000000568e+00 3.008557979190516762e-02
8.150000000000000355e+00 3.008557968992348758e-02
8.160000000000000142e+00 3.008557958989896072e-02
8.169999999999999929e+00 3.008557949307593543e-02
8.179999999999999716e+00 3.008557939842215062e-02
8.189999999999999503e+00 3.008557930573719022e-02
8.199999999999999289e+00 3.008557921558004805e-02
8.210000000000000853e+00 3.008557912641862675e-02
8.220000000000000639e+00 3.008557904024565521e-02
8.230000000000000426e+00 3.008557895502780161e-02
8.240000000000000213e+00 3.008557887087335431e-02
8.250000000000000000e+00 3.008557878692221660e-02
8.259999999999999787e+00 3.008557870447041427e-02
8.269999999999999574e+00 3.008557862257707147e-02
8.279999999999999361e+00 3.008557854090531877e-02
8.290000000000000924e+00 3.008557845892365773e-02
8.300000000000000711e+00 3.008557837750125419e-02
8.310000000000000497e+00 3.008557829564055541e-02
8.320000000000000284e+00 3.008557821344978733e-02
8.330000000000000071e+00 3.008557813144400669e-02
8.339999999999999858e+00 3.008557804786515452e-02
8.349999999999999645e+00 3.008557796299760750e-02
8.359999999999999432e+00 3.008557787728563873e-02
8.370000000000000995e+00 3.008557779010594818e-02
8.380000000000000782e+00 3.008557770260348804e-02
8.390000000000000568e+00 3.008557761320565863e-02
8.400000000000000355e+00 3.008557752181556522e-02
8.410000000000000142e+00 3.008557742927455564e-02
8.419999999999999929e+00 3.008557733434875925e-02
8.429999999999999716e+00 3.008557723807471496e-02
8.439999999999999503e+00 3.008557713931960670e-02
8.449999999999999289e+00 3.008557703836246822e-02
8.460000000000000853e+00 3.008557693566656782e-02
8.470000000000000639e+00 3.008557683094903804e-02
8.480000000000000426e+00 3.008557672404308173e-02
8.490000000000000213e+00 3.008557661451897666e-02
8.500000000000000000e+00 3.008557650370121198e-02
8.509999999999999787e+00 3.008557638967281761e-02
8.519999999999999574e+00 3.008557627337868356e-02
8.529999999999999361e+00 3.008557615501353949e-02
8.540000000000000924e+00 3.008557603543581677e-02
8.550000000000000711e+00 3.008557591261346378e-02
8.560000000000000497e+00 3.008557578817525058e-02
8.570000000000000284e+00 3.008557566312006909e-02
8.580000000000000071e+00 3.008557553349899133e-02
8.589999999999999858e+00 3.008557540144766312e-02
8.599999999999999645e+00 3.008557526984927816e-02
8.609999999999999432e+00 3.008557513625052110e-02
8.620000000000000995e+00 3.008557500089845474e-02
8.630000000000000782e+00 3.008557486315336163e-02
8.640000000000000568e+00 3.008557472396807680e-02
8.650000000000000355e+00 3.008557458476156243e-02
8.660000000000000142e+00 3.008557444419357810e-02
8.669999999999999929e+00 3.008557430237567346e-02
8.679999999999999716e+00 3.008557415993164119e-02
8.689999999999999503e+00 3.008557401566161471e-02
8.700000000000001066e+00 3.008557387141137796e-02
8.710000000000000853e+00 3.008557372825424944e-02
8.720000000000000639e+00 3.008557358219000888e-02
8.730000000000000426e+00 3.008557343632542458e-02
8.740000000000000213e+00 3.008557329274301473e-02
8.750000000000000000e+00 3.008557314720385067e-02
8.759999999999999787e+00 3.008557300337271617e-02
8.769999999999999574e+00 3.008557285846485616e-02
8.779999999999999361e+00 3.008557271591217816e-02
8.790000000000000924e+00 3.008557257537517599e-02
8.800000000000000711e+00 3.008557243501416151e-02
8.810000000000000497e+00 3.008557229546258288e-02
8.820000000000000284e+00 3.008557215849097174e-02
8.830000000000000071e+00 3.008557202350679166e-02
8.839999999999999858e+00 3.008557188846226055e-02
8.849999999999999645e+00 3.008557175526598709e-02
8.859999999999999432e+00 3.008557162268112387e-02
8.870000000000000995e+00 3.008557149532111591e-02
8.880000000000000782e+00 3.008557136800848325e-02
8.890000000000000568e+00 3.008557124528821181e-02
8.900000000000000355e+00 3.008557112380903786e-02
8.910000000000000142e+00 3.008557100420589797e-02
8.919999999999999929e+00 3.008557088727711187e-02
8.929999999999999716e+00 3.008557077374125754e-02
8.939999999999999503e+00 3.008557066234239172e-02
8.950000000000001066e+00 3.008557055441021810e-02
8.960000000000000853e+00 3.008557044810848333e-02
8.970000000000000639e+00 3.008557034554392925e-02
8.980000000000000426e+00 3.008557024601441615e-02
8.990000000000000213e+00 3.008557015059441092e-02
9.000000000000000000e+00 3.008557005921567301e-02
9.009999999999999787e+00 3.008556996956973997e-02
9.019999999999999574e+00 3.008556988357772438e-02
9.029999999999999361e+00 3.008556980120406787e-02
9.040000000000000924e+00 3.008556972111622527e-02
9.050000000000000711e+00 3.008556964453677068e-02
9.060000000000000497e+00 3.008556957153294201e-02
9.070000000000000284e+00 3.008556950154280679e-02
9.080000000000000071e+00 3.008556943565158723e-02
9.089999999999999858e+00 3.008556937231523024e-02
9.099999999999999645e+00 3.008556931195692508e-02
9.109999999999999432e+00 3.008556925498265949e-02
9.120000000000000995e+00 3.008556920091264714e-02
9.130000000000000782e+00 3.008556914967253776e-02
9.140000000000000568e+00 3.008556910156872169e-02
9.150000000000000355e+00 3.008556905667261056e-02
9.160000000000000142e+00 3.008556901527801100e-02
9.169999999999999929e+00 3.008556897677419281e-02
9.179999999999999716e+00 3.008556894059740555e-02
9.189999999999999503e+00 3.008556890655893906e-02
9.200000000000001066e+00 3.008556887529004187e-02
9.210000000000000853e+00 3.008556884620829791e-02
9.220000000000000639e+00 3.008556881989413873e-02
9.230000000000000426e+00 3.008556879578450083e-02
9.240000000000000213e+00 3.008556877349226333e-02
9.250000000000000000e+00 3.008556875302576677e-02
9.259999999999999787e+00 3.008556873466795845e-02
9.269999999999999574e+00 3.008556871765187546e-02
9.279999999999999361e+00 3.008556870283894680e-02
9.290000000000000924e+00 3.008556868939963463e-02
9.300000000000000711e+00 3.008556867693691628e-02
9.310000000000000497e+00 3.008556866565837914e-02
9.320000000000000284e+00 3.008556865560874094e-02
9.330000000000000071e+00 3.008556864676391676e-02
9.339999999999999858e+00 3.008556863847499513e-02
9.349999999999999645e+00 3.008556863127143099e-02
9.359999999999999432e+00 3.008556862461442966e-02
9.370000000000000995e+00 3.008556861834752946e-02
9.380000000000000782e+00 3.008556861256540121e-02
9.390000000000000568e+00 3.008556860706328856e-02
9.400000000000000355e+00 3.008556860177438036e-02
9.410000000000000142e+00 3.008556859687375878e-02
9.419999999999999929e+00 3.008556859166849201e-02
9.429999999999999716e+00 3.008556858668990155e-02
9.439999999999999503e+00 3.008556858145517571e-02
9.450000000000001066e+00 3.008556857605124146e-02
9.460000000000000853e+00 3.008556857014799482e-02
9.470000000000000639e+00 3.008556856388538980e-02
9.480000000000000426e+00 3.008556855729732291e-02
9.490000000000000213e+00 3.008556855018208048e-02
9.500000000000000000e+00 3.008556854277330203e-02
9.509999999999999787e+00 3.008556853485255811e-02
9.519999999999999574e+00 3.008556852620859062e-02
9.529999999999999361e+00 3.008556851711887553e-02
9.540000000000000924e+00 3.008556850708991176e-02
9.550000000000000711e+00 3.008556849657292517e-02
9.560000000000000497e+00 3.008556848551787594e-02
9.570000000000000284e+00 3.008556847346370230e-02
9.580000000000000071e+00 3.008556846103199039e-02
9.589999999999999858e+00 3.008556844799467611e-02
9.599999999999999645e+00 3.008556843447404011e-02
9.609999999999999432e+00 3.008556841990523562e-02
9.620000000000000995e+00 3.008556840519040904e-02
9.630000000000000782e+00 3.008556839025720506e-02
9.640000000000000568e+00 3.008556837416818258e-02
9.650000000000000355e+00 3.008556835771906968e-02
9.660000000000000142e+00 3.008556834075548636e-02
9.669999999999999929e+00 3.008556832369877268e-02
9.679999999999999716e+00 3.008556830605300936e-02
9.689999999999999503e+00 3.008556828827986529e-02
9.700000000000001066e+00 3.008556826973242740e-02
9.710000000000000853e+00 3.008556825155997774e-02
9.720000000000000639e+00 3.008556823341072828e-02
9.730000000000000426e+00 3.008556821531824244e-02
9.740000000000000213e+00 3.008556819717399591e-02
9.750000000000000000e+00 3.008556817898335248e-02
9.759999999999999787e+00 3.008556816076500204e-02
9.769999999999999574e+00 3.008556814281361166e-02
9.779999999999999361e+00 3.008556812478699327e-02
9.790000000000000924e+00 3.008556810735958653e-02
9.800000000000000711e+00 3.008556809013639144e-02
9.810000000000000497e+00 3.008556807346096304e-02
9.820000000000000284e+00 3.008556805720846022e-02
9.830000000000000071e+00 3.008556804118279332e-02
9.839999999999999858e+00 3.008556802568568625e-02
9.849999999999999645e+00 3.008556801096284178e-02
9.859999999999999432e+00 3.008556799678146002e-02
9.870000000000000995e+00 3.008556798327328627e-02
9.880000000000000782e+00 3.008556797026673904e-02
9.890000000000000568e+00 3.008556795790254257e-02
9.900000000000000355e+00 3.008556794640479190e-02
9.910000000000000142e+00 3.008556793545830166e-02
9.919999999999999929e+00 3.008556792518420411e-02
9.929999999999999716e+00 3.008556791565905261e-02
9.939999999999999503e+00 3.008556790676603782e-02
9.950000000000001066e+00 3.008556789866797740e-02
9.960000000000000853e+00 3.008556789122866781e-02
9.970000000000000639e+00 3.008556788459620587e-02
