0.000000000000000000e+00 2.999935703545953194e-02
1.000000000000000021e-02 2.999935703545864377e-02
2.000000000000000042e-02 2.999935703545384205e-02
2.999999999999999889e-02 2.999935703545551086e-02
4.000000000000000083e-02 2.999935703545397389e-02
5.000000000000000278e-02 2.999935703545841825e-02
5.999999999999999778e-02 2.999935703545989971e-02
7.000000000000000666e-02 2.999935703545684312e-02
8.000000000000000167e-02 2.999935703545631230e-02
8.999999999999999667e-02 2.999935703545575719e-02
1.000000000000000056e-01 2.999935703545482737e-02
1.100000000000000006e-01 2.999935703545926480e-02
1.199999999999999956e-01 2.999935703545521595e-02
1.300000000000000044e-01 2.999935703545788049e-02
1.400000000000000133e-01 2.999935703545852581e-02
1.499999999999999944e-01 2.999935703545617005e-02
1.600000000000000033e-01 2.999935703545490023e-02
1.700000000000000122e-01 2.999935703545230509e-02
1.799999999999999933e-01 2.999935703545606250e-02
1.900000000000000022e-01 2.999935703545460880e-02
2.000000000000000111e-01 2.999935703545652740e-02
2.099999999999999922e-01 2.999935703545851540e-02
2.200000000000000011e-01 2.999935703545609719e-02
2.300000000000000100e-01 2.999935703545593413e-02
2.399999999999999911e-01 2.999935703545957705e-02
2.500000000000000000e-01 2.999935703545608331e-02
2.600000000000000089e-01 2.999935703545600005e-02
2.700000000000000178e-01 2.999935703545797763e-02
2.800000000000000266e-01 2.999935703545772089e-02
2.899999999999999800e-01 2.999935703545418206e-02
2.999999999999999889e-01 2.999935703545528881e-02
3.099999999999999978e-01 2.999935703545558718e-02
3.200000000000000067e-01 2.999935703545865417e-02
3.300000000000000155e-01 2.999935703545397042e-02
3.400000000000000244e-01 2.999935703545364429e-02
3.500000000000000333e-01 2.999935703545573984e-02
3.599999999999999867e-01 2.999935703544939075e-02
3.699999999999999956e-01 2.999935703545886234e-02
3.800000000000000044e-01 2.999935703546020849e-02
3.900000000000000133e-01 2.999935703545355756e-02
4.000000000000000222e-01 2.999935703545632965e-02
4.100000000000000311e-01 2.999935703545639210e-02
4.199999999999999845e-01 2.999935703545699231e-02
4.299999999999999933e-01 2.999935703545641638e-02
4.400000000000000022e-01 2.999935703545368593e-02
4.500000000000000111e-01 2.999935703545578147e-02
4.600000000000000200e-01 2.999935703545626026e-02
4.700000000000000289e-01 2.999935703545328694e-02
4.799999999999999822e-01 2.999935703545925439e-02
4.899999999999999911e-01 2.999935703545439369e-02
5.000000000000000000e-01 2.999935703545267285e-02
5.100000000000000089e-01 2.999935703545823784e-02
5.200000000000000178e-01 2.999935703545736354e-02
5.300000000000000266e-01 2.999935703546017726e-02
5.400000000000000355e-01 2.999935703545511187e-02
5.500000000000000444e-01 2.999935703545629842e-02
5.600000000000000533e-01 2.999935703545705823e-02
5.700000000000000622e-01 2.999935703545703741e-02
5.799999999999999600e-01 2.999935703545764457e-02
5.899999999999999689e-01 2.999935703545433124e-02
5.999999999999999778e-01 2.999935703545487942e-02
6.099999999999999867e-01 2.999935703545365123e-02
6.199999999999999956e-01 2.999935703545746415e-02
6.300000000000000044e-01 2.999935703545265897e-02
6.400000000000000133e-01 2.999935703545306143e-02
6.500000000000000222e-01 2.999935703545599658e-02
6.600000000000000311e-01 2.999935703545588903e-02
6.700000000000000400e-01 2.999935703545575719e-02
6.800000000000000488e-01 2.999935703545515350e-02
6.900000000000000577e-01 2.999935703545396001e-02
7.000000000000000666e-01 2.999935703545504248e-02
7.099999999999999645e-01 2.999935703545761334e-02
7.199999999999999734e-01 2.999935703545270407e-02
7.299999999999999822e-01 2.999935703545479615e-02
7.399999999999999911e-01 2.999935703545359225e-02
7.500000000000000000e-01 2.999935703545334592e-02
7.600000000000000089e-01 2.999935703545699578e-02
7.700000000000000178e-01 2.999935703545768967e-02
7.800000000000000266e-01 2.999935703545619781e-02
7.900000000000000355e-01 2.999935703545525412e-02
8.000000000000000444e-01 2.999935703545877214e-02
8.100000000000000533e-01 2.999935703545225651e-02
8.200000000000000622e-01 2.999935703545761681e-02
8.300000000000000711e-01 2.999935703545602433e-02
8.399999999999999689e-01 2.999935703545733925e-02
8.499999999999999778e-01 2.999935703545836274e-02
8.599999999999999867e-01 2.999935703545481003e-02
8.699999999999999956e-01 2.999935703545497656e-02
8.800000000000000044e-01 2.999935703545589943e-02
8.900000000000000133e-01 2.999935703545550045e-02
9.000000000000000222e-01 2.999935703545661414e-02
9.100000000000000311e-01 2.999935703545801580e-02
9.200000000000000400e-01 2.999935703545500432e-02
9.300000000000000488e-01 2.999935703545617699e-02
9.400000000000000577e-01 2.999935703545616311e-02
9.500000000000000666e-01 2.999935703545248550e-02
9.599999999999999645e-01 2.999935703545715537e-02
9.699999999999999734e-01 2.999935703545635740e-02
9.799999999999999822e-01 2.999935703545707211e-02
9.899999999999999911e-01 2.999935703545407450e-02
1.000000000000000000e+00 2.999935703545518820e-02
1.010000000000000009e+00 2.999935703545521248e-02
1.020000000000000018e+00 2.999935703545562882e-02
1.030000000000000027e+00 2.999935703545669394e-02
1.040000000000000036e+00 2.999935703545467819e-02
1.050000000000000044e+00 2.999935703545537208e-02
1.060000000000000053e+00 2.999935703545541718e-02
1.070000000000000062e+00 2.999935703545723864e-02
1.080000000000000071e+00 2.999935703545626026e-02
1.090000000000000080e+00 2.999935703545655863e-02
1.100000000000000089e+00 2.999935703545722129e-02
1.110000000000000098e+00 2.999935703545677720e-02
1.120000000000000107e+00 2.999935703545558024e-02
1.130000000000000115e+00 2.999935703545601046e-02
1.140000000000000124e+00 2.999935703545524371e-02
1.150000000000000133e+00 2.999935703545675292e-02
1.159999999999999920e+00 2.999935703545662802e-02
1.169999999999999929e+00 2.999935703545478227e-02
1.179999999999999938e+00 2.999935703545483778e-02
1.189999999999999947e+00 2.999935703545495227e-02
1.199999999999999956e+00 2.999935703545753354e-02
1.209999999999999964e+00 2.999935703545503901e-02
1.219999999999999973e+00 2.999935703545648230e-02
1.229999999999999982e+00 2.999935703545737048e-02
1.239999999999999991e+00 2.999935703545540330e-02
1.250000000000000000e+00 2.999935703545687782e-02
1.260000000000000009e+00 2.999935703545881030e-02
1.270000000000000018e+00 2.999935703545662455e-02
1.280000000000000027e+00 2.999935703545683618e-02
1.290000000000000036e+00 2.999935703545535820e-02
1.300000000000000044e+00 2.999935703545397736e-02
1.310000000000000053e+00 2.999935703545486554e-02
1.320000000000000062e+00 2.999935703545604515e-02
1.330000000000000071e+00 2.999935703545542759e-02
1.340000000000000080e+00 2.999935703545590984e-02
1.350000000000000089e+00 2.999935703545645801e-02
1.360000000000000098e+00 2.999935703545622556e-02
1.370000000000000107e+00 2.999935703545573290e-02
1.380000000000000115e+00 2.999935703545682231e-02
1.390000000000000124e+00 2.999935703545490717e-02
1.400000000000000133e+00 2.999935703545583351e-02
1.409999999999999920e+00 2.999935703545756477e-02
1.419999999999999929e+00 2.999935703545724905e-02
1.429999999999999938e+00 2.999935703545700619e-02
1.439999999999999947e+00 2.999935703545562188e-02
1.449999999999999956e+00 2.999935703545515003e-02
1.459999999999999964e+00 2.999935703545730456e-02
1.469999999999999973e+00 2.999935703545416471e-02
1.479999999999999982e+00 2.999935703545514309e-02
1.489999999999999991e+00 2.999935703545509452e-02
1.500000000000000000e+00 2.999935703545681884e-02
1.510000000000000009e+00 2.999935703545521248e-02
1.520000000000000018e+00 2.999935703545705823e-02
1.530000000000000027e+00 2.999935703545667659e-02
1.540000000000000036e+00 2.999935703545514309e-02
1.550000000000000044e+00 2.999935703545518473e-02
1.560000000000000053e+00 2.999935703545529575e-02
1.570000000000000062e+00 2.999935703545558718e-02
1.580000000000000071e+00 2.999935703545611107e-02
1.590000000000000080e+00 2.999935703545593413e-02
1.600000000000000089e+00 2.999935703545543106e-02
1.610000000000000098e+00 2.999935703545580229e-02
1.620000000000000107e+00 2.999935703545455329e-02
1.630000000000000115e+00 2.999935703545501126e-02
1.640000000000000124e+00 2.999935703545555249e-02
1.650000000000000133e+00 2.999935703545715537e-02
1.660000000000000142e+00 2.999935703545644414e-02
1.669999999999999929e+00 2.999935703545545188e-02
1.679999999999999938e+00 2.999935703545693333e-02
1.689999999999999947e+00 2.999935703545570514e-02
1.699999999999999956e+00 2.999935703545605556e-02
1.709999999999999964e+00 2.999935703545721088e-02
1.719999999999999973e+00 2.999935703545614576e-02
1.729999999999999982e+00 2.999935703545446308e-02
1.739999999999999991e+00 2.999935703545620821e-02
1.750000000000000000e+00 2.999935703545607638e-02
1.760000000000000009e+00 2.999935703545703741e-02
1.770000000000000018e+00 2.999935703545416124e-02
1.780000000000000027e+00 2.999935703545719007e-02
1.790000000000000036e+00 2.999935703545631577e-02
1.800000000000000044e+00 2.999935703545637822e-02
1.810000000000000053e+00 2.999935703545556637e-02
1.820000000000000062e+00 2.999935703545544147e-02
1.830000000000000071e+00 2.999935703545654475e-02
1.840000000000000080e+00 2.999935703545658638e-02
1.850000000000000089e+00 2.999935703545546922e-02
1.860000000000000098e+00 2.999935703545553861e-02
1.870000000000000107e+00 2.999935703545723864e-02
1.880000000000000115e+00 2.999935703545619087e-02
1.890000000000000124e+00 2.999935703545388715e-02
1.900000000000000133e+00 2.999935703545563229e-02
1.910000000000000142e+00 2.999935703545553167e-02
1.919999999999999929e+00 2.999935703545467125e-02
1.929999999999999938e+00 2.999935703545567739e-02
1.939999999999999947e+00 2.999935703545454635e-02
1.949999999999999956e+00 2.999935703545444227e-02
1.959999999999999964e+00 2.999935703545528881e-02
1.969999999999999973e+00 2.999935703545667659e-02
1.979999999999999982e+00 2.999935703545393573e-02
1.989999999999999991e+00 2.999935703545466431e-02
2.000000000000000000e+00 2.999935703545704435e-02
2.010000000000000231e+00 2.999935703545553167e-02
2.020000000000000018e+00 2.999935703545525759e-02
2.030000000000000249e+00 2.999935703545612842e-02
2.040000000000000036e+00 2.999935703545546228e-02
2.049999999999999822e+00 2.999935703545412308e-02
2.060000000000000053e+00 2.999935703545658638e-02
2.069999999999999840e+00 2.999935703545476839e-02
2.080000000000000071e+00 2.999935703545639556e-02
2.089999999999999858e+00 2.999935703545638516e-02
2.100000000000000089e+00 2.999935703545748150e-02
2.109999999999999876e+00 2.999935703545636434e-02
2.120000000000000107e+00 2.999935703545526799e-02
2.129999999999999893e+00 2.999935703545583005e-02
2.140000000000000124e+00 2.999935703545416471e-02
2.149999999999999911e+00 2.999935703545674945e-02
2.160000000000000142e+00 2.999935703545535126e-02
2.169999999999999929e+00 2.999935703545608331e-02
2.180000000000000160e+00 2.999935703545600699e-02
2.189999999999999947e+00 2.999935703545655863e-02
2.200000000000000178e+00 2.999935703545551779e-02
2.209999999999999964e+00 2.999935703545571208e-02
2.220000000000000195e+00 2.999935703545537902e-02
2.229999999999999982e+00 2.999935703545646148e-02
2.240000000000000213e+00 2.999935703545543800e-02
2.250000000000000000e+00 2.999935703545488636e-02
2.260000000000000231e+00 2.999935703545502513e-02
2.270000000000000018e+00 2.999935703545541371e-02
2.280000000000000249e+00 2.999935703545600005e-02
2.290000000000000036e+00 2.999935703545390103e-02
2.300000000000000266e+00 2.999935703545497309e-02
2.310000000000000053e+00 2.999935703545452206e-02
2.319999999999999840e+00 2.999935703545541718e-02
2.330000000000000071e+00 2.999935703545618393e-02
2.339999999999999858e+00 2.999935703545580923e-02
2.350000000000000089e+00 2.999935703545372062e-02
2.359999999999999876e+00 2.999935703545489329e-02
2.370000000000000107e+00 2.999935703545564269e-02
2.379999999999999893e+00 2.999935703545580923e-02
2.390000000000000124e+00 2.999935703545537208e-02
2.399999999999999911e+00 2.999935703545572596e-02
2.410000000000000142e+00 2.999935703545643720e-02
2.419999999999999929e+00 2.999935703545605209e-02
2.430000000000000160e+00 2.999935703545566698e-02
2.439999999999999947e+00 2.999935703545583698e-02
2.450000000000000178e+00 2.999935703545543453e-02
2.459999999999999964e+00 2.999935703545578841e-02
2.470000000000000195e+00 2.999935703545639903e-02
2.479999999999999982e+00 2.999935703545446308e-02
2.490000000000000213e+00 2.999935703545532004e-02
2.500000000000000000e+00 2.999935703545562535e-02
2.510000000000000231e+00 2.999935703545665577e-02
2.520000000000000018e+00 2.999935703545494534e-02
2.530000000000000249e+00 2.999935703545573290e-02
2.540000000000000036e+00 2.999935703545536514e-02
2.550000000000000266e+00 2.999935703545600352e-02
2.560000000000000053e+00 2.999935703545514656e-02
2.569999999999999840e+00 2.999935703545481350e-02
2.580000000000000071e+00 2.999935703545698537e-02
2.589999999999999858e+00 2.999935703545599658e-02
2.600000000000000089e+00 2.999935703545668353e-02
2.609999999999999876e+00 2.999935703545531657e-02
2.620000000000000107e+00 2.999935703545486554e-02
2.629999999999999893e+00 2.999935703545508064e-02
2.640000000000000124e+00 2.999935703545555943e-02
2.649999999999999911e+00 2.999935703545713803e-02
2.660000000000000142e+00 2.999935703545549004e-02
2.669999999999999929e+00 2.999935703545411614e-02
2.680000000000000160e+00 2.999935703545481697e-02
2.689999999999999947e+00 2.999935703545628454e-02
2.700000000000000178e+00 2.999935703545435900e-02
2.709999999999999964e+00 2.999935703545641985e-02
2.720000000000000195e+00 2.999935703545532351e-02
2.729999999999999982e+00 2.999935703545559759e-02
2.740000000000000213e+00 2.999935703545488289e-02
2.750000000000000000e+00 2.999935703545512228e-02
2.760000000000000231e+00 2.999935703545424104e-02
2.770000000000000018e+00 2.999935703545411961e-02
2.780000000000000249e+00 2.999935703545491758e-02
2.790000000000000036e+00 2.999935703545570861e-02
2.800000000000000266e+00 2.999935703545530269e-02
2.810000000000000053e+00 2.999935703545466431e-02
2.819999999999999840e+00 2.999935703545479615e-02
2.830000000000000071e+00 2.999935703545481697e-02
2.839999999999999858e+00 2.999935703545425492e-02
2.850000000000000089e+00 2.999935703545406410e-02
2.859999999999999876e+00 2.999935703545552473e-02
2.870000000000000107e+00 2.999935703545446308e-02
2.879999999999999893e+00 2.999935703545552473e-02
2.890000000000000124e+00 2.999935703545453247e-02
2.899999999999999911e+00 2.999935703545456717e-02
2.910000000000000142e+00 2.999935703545531657e-02
2.919999999999999929e+00 2.999935703545516738e-02
2.930000000000000160e+00 2.999935703545546228e-02
2.939999999999999947e+00 2.999935703545547963e-02
2.950000000000000178e+00 2.999935703545387328e-02
2.959999999999999964e+00 2.999935703545496962e-02
2.970000000000000195e+00 2.999935703545481003e-02
2.979999999999999982e+00 2.999935703545607985e-02
2.990000000000000213e+00 2.999935703545585780e-02
3.000000000000000000e+00 2.999935703545614230e-02
3.010000000000000231e+00 2.999935703545449431e-02
3.020000000000000018e+00 2.999935703545367205e-02
3.030000000000000249e+00 2.999935703545513616e-02
3.040000000000000036e+00 2.999935703545568086e-02
3.050000000000000266e+00 2.999935703545540330e-02
3.060000000000000053e+00 2.999935703545494534e-02
3.070000000000000284e+00 2.999935703545426879e-02
3.080000000000000071e+00 2.999935703545501819e-02
3.089999999999999858e+00 2.999935703545494187e-02
3.100000000000000089e+00 2.999935703545544841e-02
3.109999999999999876e+00 2.999935703545483778e-02
3.120000000000000107e+00 2.999935703545640597e-02
3.129999999999999893e+00 2.999935703545487248e-02
3.140000000000000124e+00 2.999935703545488982e-02
3.149999999999999911e+00 2.999935703545405369e-02
3.160000000000000142e+00 2.999935703545428614e-02
3.169999999999999929e+00 2.999935703545549351e-02
3.180000000000000160e+00 2.999935703545487942e-02
3.189999999999999947e+00 2.999935703545478574e-02
3.200000000000000178e+00 2.999935703545522983e-02
3.209999999999999964e+00 2.999935703545550045e-02
3.220000000000000195e+00 2.999935703545554902e-02
3.229999999999999982e+00 2.999935703545485860e-02
3.240000000000000213e+00 2.999935703545446655e-02
3.250000000000000000e+00 2.999935703545552473e-02
3.260000000000000231e+00 2.999935703545580923e-02
3.270000000000000018e+00 2.999935703545464696e-02
3.280000000000000249e+00 2.999935703545476839e-02
3.290000000000000036e+00 2.999935703545506330e-02
3.300000000000000266e+00 2.999935703545473717e-02
3.310000000000000053e+00 2.999935703545533044e-02
3.320000000000000284e+00 2.999935703545551779e-02
3.330000000000000071e+00 2.999935703545526799e-02
3.339999999999999858e+00 2.999935703545510146e-02
3.350000000000000089e+00 2.999935703545553514e-02
3.359999999999999876e+00 2.999935703545567392e-02
3.370000000000000107e+00 2.999935703545477533e-02
3.379999999999999893e+00 2.999935703545513963e-02
3.390000000000000124e+00 2.999935703545478227e-02
3.399999999999999911e+00 2.999935703545483084e-02
3.410000000000000142e+00 2.999935703545471288e-02
3.419999999999999929e+00 2.999935703545623944e-02
3.430000000000000160e+00 2.999935703545547269e-02
3.439999999999999947e+00 2.999935703545444227e-02
3.450000000000000178e+00 2.999935703545449778e-02
3.459999999999999964e+00 2.999935703545466778e-02
3.470000000000000195e+00 2.999935703545562188e-02
3.479999999999999982e+00 2.999935703545496962e-02
3.490000000000000213e+00 2.999935703545526106e-02
3.500000000000000000e+00 2.999935703545537208e-02
3.510000000000000231e+00 2.999935703545490370e-02
3.520000000000000018e+00 2.999935703545427920e-02
3.530000000000000249e+00 2.999935703545497309e-02
3.540000000000000036e+00 2.999935703545493146e-02
3.550000000000000266e+00 2.999935703545607291e-02
3.560000000000000053e+00 2.999935703545465737e-02
3.570000000000000284e+00 2.999935703545562882e-02
3.580000000000000071e+00 2.999935703545485166e-02
3.589999999999999858e+00 2.999935703545494534e-02
3.600000000000000089e+00 2.999935703545432431e-02
3.609999999999999876e+00 2.999935703545554555e-02
3.620000000000000107e+00 2.999935703545450125e-02
3.629999999999999893e+00 2.999935703545521942e-02
3.640000000000000124e+00 2.999935703545509452e-02
3.649999999999999911e+00 2.999935703545558024e-02
3.660000000000000142e+00 2.999935703545443186e-02
3.669999999999999929e+00 2.999935703545492799e-02
3.680000000000000160e+00 2.999935703545448737e-02
3.689999999999999947e+00 2.999935703545508064e-02
3.700000000000000178e+00 2.999935703545507718e-02
3.709999999999999964e+00 2.999935703545455676e-02
3.720000000000000195e+00 2.999935703545413002e-02
3.729999999999999982e+00 2.999935703545511881e-02
3.740000000000000213e+00 2.999935703545449778e-02
3.750000000000000000e+00 2.999935703545510840e-02
3.760000000000000231e+00 2.999935703545449084e-02
3.770000000000000018e+00 2.999935703545512922e-02
3.780000000000000249e+00 2.999935703545468513e-02
3.790000000000000036e+00 2.999935703545489329e-02
3.800000000000000266e+00 2.999935703545532004e-02
3.810000000000000053e+00 2.999935703545444921e-02
3.820000000000000284e+00 2.999935703545488982e-02
3.830000000000000071e+00 2.999935703545527840e-02
3.839999999999999858e+00 2.999935703545438329e-02
3.850000000000000089e+00 2.999935703545466084e-02
3.859999999999999876e+00 2.999935703545493493e-02
3.870000000000000107e+00 2.999935703545539983e-02
3.879999999999999893e+00 2.999935703545423063e-02
3.890000000000000124e+00 2.999935703545473370e-02
3.899999999999999911e+00 2.999935703545532351e-02
3.910000000000000142e+00 2.999935703545482044e-02
3.919999999999999929e+00 2.999935703545491411e-02
3.930000000000000160e+00 2.999935703545490717e-02
3.939999999999999947e+00 2.999935703545485860e-02
3.950000000000000178e+00 2.999935703545510146e-02
3.959999999999999964e+00 2.999935703545496962e-02
3.970000000000000195e+00 2.999935703545542065e-02
3.979999999999999982e+00 2.999935703545454982e-02
3.990000000000000213e+00 2.999935703545528187e-02
4.000000000000000000e+00 2.999935703545483431e-02
4.009999999999999787e+00 2.999935703545483778e-02
4.020000000000000462e+00 2.999935703545531657e-02
4.030000000000000249e+00 2.999935703545513269e-02
4.040000000000000036e+00 2.999935703545483431e-02
4.049999999999999822e+00 2.999935703545539983e-02
4.060000000000000497e+00 2.999935703545506330e-02
4.070000000000000284e+00 2.999935703545482391e-02
4.080000000000000071e+00 2.999935703545464349e-02
4.089999999999999858e+00 2.999935703545496268e-02
4.099999999999999645e+00 2.999935703545505289e-02
4.110000000000000320e+00 2.999935703545483778e-02
4.120000000000000107e+00 2.999935703545507371e-02
4.129999999999999893e+00 2.999935703545495574e-02
4.139999999999999680e+00 2.999935703545492799e-02
4.150000000000000355e+00 2.999935703545492452e-02
4.160000000000000142e+00 2.999935703545516044e-02
4.169999999999999929e+00 2.999935703545524718e-02
4.179999999999999716e+00 2.999935703545496962e-02
4.190000000000000391e+00 2.999935703545478921e-02
4.200000000000000178e+00 2.999935703545488636e-02
4.209999999999999964e+00 2.999935703545500779e-02
4.219999999999999751e+00 2.999935703545471635e-02
4.230000000000000426e+00 2.999935703545475452e-02
4.240000000000000213e+00 2.999935703545520554e-02
4.250000000000000000e+00 2.999935703545468513e-02
4.259999999999999787e+00 2.999935703545514309e-02
4.270000000000000462e+00 2.999935703545508758e-02
4.280000000000000249e+00 2.999935703545487248e-02
4.290000000000000036e+00 2.999935703545518473e-02
4.299999999999999822e+00 2.999935703545471982e-02
4.310000000000000497e+00 2.999935703545491758e-02
4.320000000000000284e+00 2.999935703545483084e-02
4.330000000000000071e+00 2.999935703545476146e-02
4.339999999999999858e+00 2.999935703545493146e-02
4.350000000000000533e+00 2.999935703545479615e-02
4.360000000000000320e+00 2.999935703545501126e-02
4.370000000000000107e+00 2.999935703545500432e-02
4.379999999999999893e+00 2.999935703545486554e-02
4.389999999999999680e+00 2.999935703545524718e-02
4.400000000000000355e+00 2.999935703545500085e-02
4.410000000000000142e+00 2.999935703545485860e-02
4.419999999999999929e+00 2.999935703545500779e-02
4.429999999999999716e+00 2.999935703545529575e-02
4.440000000000000391e+00 2.999935703545514309e-02
4.450000000000000178e+00 2.999935703545500085e-02
4.459999999999999964e+00 2.999935703545513616e-02
4.469999999999999751e+00 2.999935703545509452e-02
4.480000000000000426e+00 2.999935703545500085e-02
4.490000000000000213e+00 2.999935703545502513e-02
4.500000000000000000e+00 2.999935703545515697e-02
4.509999999999999787e+00 2.999935703545508064e-02
4.520000000000000462e+00 2.999935703545511534e-02
4.530000000000000249e+00 2.999935703545518126e-02
4.540000000000000036e+00 2.999935703545514309e-02
4.549999999999999822e+00 2.999935703545503554e-02
4.560000000000000497e+00 2.999935703545510146e-02
4.570000000000000284e+00 2.999935703545519861e-02
4.580000000000000071e+00 2.999935703545513616e-02
4.589999999999999858e+00 2.999935703545519514e-02
4.600000000000000533e+00 2.999935703545509799e-02
4.610000000000000320e+00 2.999935703545508758e-02
4.620000000000000107e+00 2.999935703545502513e-02
4.629999999999999893e+00 2.999935703545522289e-02
4.639999999999999680e+00 2.999935703545509452e-02
4.650000000000000355e+00 2.999935703545513269e-02
4.660000000000000142e+00 2.999935703545514309e-02
4.669999999999999929e+00 2.999935703545513616e-02
4.679999999999999716e+00 2.999935703545517432e-02
4.690000000000000391e+00 2.999935703545514309e-02
4.700000000000000178e+00 2.999935703545518126e-02
4.709999999999999964e+00 2.999935703545513616e-02
4.719999999999999751e+00 2.999935703545512575e-02
4.730000000000000426e+00 2.999935703545517085e-02
4.740000000000000213e+00 2.999935703545520554e-02
4.750000000000000000e+00 2.999935703545525412e-02
4.759999999999999787e+00 2.999935703545517779e-02
4.770000000000000462e+00 2.999935703545519861e-02
4.780000000000000249e+00 2.999935703545519861e-02
4.790000000000000036e+00 2.999935703545521248e-02
4.799999999999999822e+00 2.999935703545521942e-02
4.810000000000000497e+00 2.999935703545522983e-02
4.820000000000000284e+00 2.999935703545522289e-02
4.830000000000000071e+00 2.999935703545521595e-02
4.839999999999999858e+00 2.999935703545521248e-02
4.850000000000000533e+00 2.999935703545522983e-02
4.860000000000000320e+00 2.999935703545520554e-02
4.870000000000000107e+00 2.999935703545522289e-02
4.879999999999999893e+00 2.999935703545524024e-02
4.889999999999999680e+00 2.999935703545524024e-02
4.900000000000000355e+00 2.999935703545524024e-02
4.910000000000000142e+00 2.999935703545524024e-02
4.919999999999999929e+00 2.999935703545523677e-02
4.929999999999999716e+00 2.999935703545524718e-02
4.940000000000000391e+00 2.999935703545525412e-02
4.950000000000000178e+00 2.999935703545525412e-02
4.959999999999999964e+00 2.999935703545526453e-02
4.969999999999999751e+00 2.999935703545526799e-02
4.980000000000000426e+00 2.999935703545528534e-02
4.990000000000000213e+00 2.999935703545528881e-02
5.000000000000000000e+00 2.999935703545529922e-02
5.009999999999999787e+00 2.999935703545531310e-02
5.020000000000000462e+00 2.999935703545531310e-02
5.030000000000000249e+00 2.999935703545532351e-02
5.040000000000000036e+00 2.999935703545533391e-02
5.049999999999999822e+00 2.999935703545533044e-02
5.060000000000000497e+00 2.999935703545535473e-02
5.070000000000000284e+00 2.999935703545535820e-02
5.080000000000000071e+00 2.999935703545536514e-02
5.089999999999999858e+00 2.999935703545536514e-02
5.100000000000000533e+00 2.999935703545537555e-02
5.110000000000000320e+00 2.999935703545539289e-02
5.120000000000000107e+00 2.999935703545541024e-02
5.129999999999999893e+00 2.999935703545541371e-02
5.139999999999999680e+00 2.999935703545540677e-02
5.150000000000000355e+00 2.999935703545541718e-02
5.160000000000000142e+00 2.999935703545541024e-02
5.169999999999999929e+00 2.999935703545542412e-02
5.179999999999999716e+00 2.999935703545543453e-02
5.190000000000000391e+00 2.999935703545545534e-02
5.200000000000000178e+00 2.999935703545544147e-02
5.209999999999999964e+00 2.999935703545540677e-02
5.219999999999999751e+00 2.999935703545547616e-02
5.230000000000000426e+00 2.999935703545545188e-02
5.240000000000000213e+00 2.999935703545546922e-02
5.250000000000000000e+00 2.999935703545545188e-02
5.259999999999999787e+00 2.999935703545547616e-02
5.270000000000000462e+00 2.999935703545549004e-02
5.280000000000000249e+00 2.999935703545544494e-02
5.290000000000000036e+00 2.999935703545548310e-02
5.299999999999999822e+00 2.999935703545549004e-02
5.310000000000000497e+00 2.999935703545547963e-02
5.320000000000000284e+00 2.999935703545551779e-02
5.330000000000000071e+00 2.999935703545551086e-02
5.339999999999999858e+00 2.999935703545549004e-02
5.350000000000000533e+00 2.999935703545554902e-02
5.360000000000000320e+00 2.999935703545555249e-02
5.370000000000000107e+00 2.999935703545555943e-02
5.379999999999999893e+00 2.999935703545548657e-02
5.389999999999999680e+00 2.999935703545560800e-02
5.400000000000000355e+00 2.999935703545549004e-02
5.410000000000000142e+00 2.999935703545547963e-02
5.419999999999999929e+00 2.999935703545549004e-02
5.429999999999999716e+00 2.999935703545553861e-02
5.440000000000000391e+00 2.999935703545551086e-02
5.450000000000000178e+00 2.999935703545569474e-02
5.459999999999999964e+00 2.999935703545558718e-02
5.469999999999999751e+00 2.999935703545554902e-02
5.480000000000000426e+00 2.999935703545552473e-02
5.490000000000000213e+00 2.999935703545575719e-02
5.500000000000000000e+00 2.999935703545553167e-02
5.509999999999999787e+00 2.999935703545564963e-02
5.520000000000000462e+00 2.999935703545555943e-02
5.530000000000000249e+00 2.999935703545556637e-02
5.540000000000000036e+00 2.999935703545567045e-02
5.549999999999999822e+00 2.999935703545562882e-02
5.560000000000000497e+00 2.999935703545576759e-02
5.570000000000000284e+00 2.999935703545568086e-02
5.580000000000000071e+00 2.999935703545570514e-02
5.589999999999999858e+00 2.999935703545545188e-02
5.600000000000000533e+00 2.999935703545559065e-02
5.610000000000000320e+00 2.999935703545577106e-02
5.620000000000000107e+00 2.999935703545567392e-02
5.629999999999999893e+00 2.999935703545558371e-02
5.639999999999999680e+00 2.999935703545557678e-02
5.650000000000000355e+00 2.999935703545569127e-02
5.660000000000000142e+00 2.999935703545578841e-02
5.669999999999999929e+00 2.999935703545577106e-02
5.679999999999999716e+00 2.999935703545572596e-02
5.690000000000000391e+00 2.999935703545563576e-02
5.700000000000000178e+00 2.999935703545606944e-02
5.709999999999999964e+00 2.999935703545568433e-02
5.719999999999999751e+00 2.999935703545571555e-02
5.730000000000000426e+00 2.999935703545559759e-02
5.740000000000000213e+00 2.999935703545602780e-02
5.750000000000000000e+00 2.999935703545583698e-02
5.759999999999999787e+00 2.999935703545592719e-02
5.770000000000000462e+00 2.999935703545591678e-02
5.780000000000000249e+00 2.999935703545575025e-02
5.790000000000000036e+00 2.999935703545568433e-02
5.799999999999999822e+00 2.999935703545547963e-02
5.810000000000000497e+00 2.999935703545586474e-02
5.820000000000000284e+00 2.999935703545617352e-02
5.830000000000000071e+00 2.999935703545586127e-02
5.839999999999999858e+00 2.999935703545601740e-02
5.850000000000000533e+00 2.999935703545584392e-02
5.860000000000000320e+00 2.999935703545557331e-02
5.870000000000000107e+00 2.999935703545598964e-02
5.879999999999999893e+00 2.999935703545574331e-02
5.889999999999999680e+00 2.999935703545582311e-02
5.900000000000000355e+00 2.999935703545597576e-02
5.910000000000000142e+00 2.999935703545621862e-02
5.919999999999999929e+00 2.999935703545600352e-02
5.929999999999999716e+00 2.999935703545593760e-02
5.940000000000000391e+00 2.999935703545585780e-02
5.950000000000000178e+00 2.999935703545550045e-02
5.959999999999999964e+00 2.999935703545622556e-02
5.969999999999999751e+00 2.999935703545572596e-02
5.980000000000000426e+00 2.999935703545564963e-02
5.990000000000000213e+00 2.999935703545572596e-02
6.000000000000000000e+00 2.999935703545634699e-02
6.009999999999999787e+00 2.999935703545598964e-02
6.020000000000000462e+00 2.999935703545590637e-02
6.030000000000000249e+00 2.999935703545595495e-02
6.040000000000000036e+00 2.999935703545579535e-02
6.049999999999999822e+00 2.999935703545594107e-02
6.060000000000000497e+00 2.999935703545634352e-02
6.070000000000000284e+00 2.999935703545587862e-02
6.080000000000000071e+00 2.999935703545608678e-02
6.089999999999999858e+00 2.999935703545596882e-02
6.100000000000000533e+00 2.999935703545588209e-02
6.110000000000000320e+00 2.999935703545630189e-02
6.120000000000000107e+00 2.999935703545630189e-02
6.129999999999999893e+00 2.999935703545591331e-02
6.140000000000000568e+00 2.999935703545578147e-02
6.150000000000000355e+00 2.999935703545581270e-02
6.160000000000000142e+00 2.999935703545630883e-02
6.169999999999999929e+00 2.999935703545617699e-02
6.179999999999999716e+00 2.999935703545647536e-02
6.190000000000000391e+00 2.999935703545592719e-02
6.200000000000000178e+00 2.999935703545637822e-02
6.209999999999999964e+00 2.999935703545606944e-02
6.219999999999999751e+00 2.999935703545613536e-02
6.230000000000000426e+00 2.999935703545671822e-02
6.240000000000000213e+00 2.999935703545580229e-02
6.250000000000000000e+00 2.999935703545626373e-02
6.259999999999999787e+00 2.999935703545627066e-02
6.270000000000000462e+00 2.999935703545555249e-02
6.280000000000000249e+00 2.999935703545618393e-02
6.290000000000000036e+00 2.999935703545640944e-02
6.299999999999999822e+00 2.999935703545494534e-02
6.310000000000000497e+00 2.999935703545579535e-02
6.320000000000000284e+00 2.999935703545610066e-02
6.330000000000000071e+00 2.999935703545563923e-02
6.339999999999999858e+00 2.999935703545593413e-02
6.350000000000000533e+00 2.999935703545573637e-02
6.360000000000000320e+00 2.999935703545636434e-02
6.370000000000000107e+00 2.999935703545580923e-02
6.379999999999999893e+00 2.999935703545574331e-02
6.390000000000000568e+00 2.999935703545547616e-02
6.400000000000000355e+00 2.999935703545677373e-02
6.410000000000000142e+00 2.999935703545681537e-02
6.419999999999999929e+00 2.999935703545602780e-02
6.429999999999999716e+00 2.999935703545655169e-02
6.440000000000000391e+00 2.999935703545731497e-02
6.450000000000000178e+00 2.999935703545552126e-02
6.459999999999999964e+00 2.999935703545537555e-02
6.469999999999999751e+00 2.999935703545543800e-02
6.480000000000000426e+00 2.999935703545645108e-02
6.490000000000000213e+00 2.999935703545589596e-02
6.500000000000000000e+00 2.999935703545669394e-02
6.509999999999999787e+00 2.999935703545616658e-02
6.520000000000000462e+00 2.999935703545677373e-02
6.530000000000000249e+00 2.999935703545670435e-02
6.540000000000000036e+00 2.999935703545563229e-02
6.549999999999999822e+00 2.999935703545681190e-02
6.560000000000000497e+00 2.999935703545624638e-02
6.570000000000000284e+00 2.999935703545645455e-02
6.580000000000000071e+00 2.999935703545639903e-02
6.589999999999999858e+00 2.999935703545648577e-02
6.600000000000000533e+00 2.999935703545599311e-02
6.610000000000000320e+00 2.999935703545737048e-02
6.620000000000000107e+00 2.999935703545655863e-02
6.629999999999999893e+00 2.999935703545620475e-02
6.640000000000000568e+00 2.999935703545723170e-02
6.650000000000000355e+00 2.999935703545689863e-02
6.660000000000000142e+00 2.999935703545635393e-02
6.669999999999999929e+00 2.999935703545737395e-02
6.679999999999999716e+00 2.999935703545601393e-02
6.690000000000000391e+00 2.999935703545640597e-02
6.700000000000000178e+00 2.999935703545698537e-02
6.709999999999999964e+00 2.999935703545702353e-02
6.719999999999999751e+00 2.999935703545727333e-02
6.730000000000000426e+00 2.999935703545692986e-02
6.740000000000000213e+00 2.999935703545733232e-02
6.750000000000000000e+00 2.999935703545641291e-02
6.759999999999999787e+00 2.999935703545647536e-02
6.770000000000000462e+00 2.999935703545734966e-02
6.780000000000000249e+00 2.999935703545699231e-02
6.790000000000000036e+00 2.999935703545749538e-02
6.799999999999999822e+00 2.999935703545617005e-02
6.810000000000000497e+00 2.999935703545652393e-02
6.820000000000000284e+00 2.999935703545638516e-02
6.830000000000000071e+00 2.999935703545537208e-02
6.839999999999999858e+00 2.999935703545561147e-02
6.850000000000000533e+00 2.999935703545686394e-02
6.860000000000000320e+00 2.999935703545606250e-02
6.870000000000000107e+00 2.999935703545698190e-02
6.879999999999999893e+00 2.999935703545594454e-02
6.890000000000000568e+00 2.999935703545695762e-02
6.900000000000000355e+00 2.999935703545685006e-02
6.910000000000000142e+00 2.999935703545588556e-02
6.919999999999999929e+00 2.999935703545626026e-02
6.929999999999999716e+00 2.999935703545686394e-02
6.940000000000000391e+00 2.999935703545715190e-02
6.950000000000000178e+00 2.999935703545745722e-02
6.959999999999999964e+00 2.999935703545541371e-02
6.969999999999999751e+00 2.999935703545615270e-02
6.980000000000000426e+00 2.999935703545651353e-02
6.990000000000000213e+00 2.999935703545606944e-02
7.000000000000000000e+00 2.999935703545675986e-02
7.009999999999999787e+00 2.999935703545558024e-02
7.020000000000000462e+00 2.999935703545642679e-02
7.030000000000000249e+00 2.999935703545723170e-02
7.040000000000000036e+00 2.999935703545777640e-02
7.049999999999999822e+00 2.999935703545633658e-02
7.060000000000000497e+00 2.999935703545655863e-02
7.070000000000000284e+00 2.999935703545614923e-02
7.080000000000000071e+00 2.999935703545723864e-02
7.089999999999999858e+00 2.999935703545568433e-02
7.100000000000000533e+00 2.999935703545526799e-02
7.110000000000000320e+00 2.999935703545809906e-02
7.120000000000000107e+00 2.999935703545654822e-02
7.129999999999999893e+00 2.999935703545633311e-02
7.140000000000000568e+00 2.999935703545709292e-02
7.150000000000000355e+00 2.999935703545582311e-02
7.160000000000000142e+00 2.999935703545607638e-02
7.169999999999999929e+00 2.999935703545662108e-02
7.179999999999999716e+00 2.999935703545654822e-02
7.190000000000000391e+00 2.999935703545739824e-02
7.200000000000000178e+00 2.999935703545688476e-02
7.209999999999999964e+00 2.999935703545746069e-02
7.219999999999999751e+00 2.999935703545713109e-02
7.230000000000000426e+00 2.999935703545722476e-02
7.240000000000000213e+00 2.999935703545675986e-02
7.250000000000000000e+00 2.999935703545633658e-02
7.259999999999999787e+00 2.999935703545670435e-02
7.270000000000000462e+00 2.999935703545578841e-02
7.280000000000000249e+00 2.999935703545625332e-02
7.290000000000000036e+00 2.999935703545673904e-02
7.299999999999999822e+00 2.999935703545804355e-02
7.310000000000000497e+00 2.999935703545591678e-02
7.320000000000000284e+00 2.999935703545705476e-02
7.330000000000000071e+00 2.999935703545648230e-02
7.339999999999999858e+00 2.999935703545633658e-02
7.350000000000000533e+00 2.999935703545557678e-02
7.360000000000000320e+00 2.999935703545745375e-02
7.370000000000000107e+00 2.999935703545720395e-02
7.379999999999999893e+00 2.999935703545738436e-02
7.390000000000000568e+00 2.999935703545621168e-02
7.400000000000000355e+00 2.999935703545692639e-02
7.410000000000000142e+00 2.999935703545828988e-02
7.419999999999999929e+00 2.999935703545701313e-02
7.429999999999999716e+00 2.999935703545787008e-02
7.440000000000000391e+00 2.999935703545648230e-02
7.450000000000000178e+00 2.999935703545644067e-02
7.459999999999999964e+00 2.999935703545736354e-02
7.469999999999999751e+00 2.999935703545632618e-02
7.480000000000000426e+00 2.999935703545707211e-02
7.490000000000000213e+00 2.999935703545841131e-02
7.500000000000000000e+00 2.999935703545647536e-02
7.509999999999999787e+00 2.999935703545696108e-02
7.520000000000000462e+00 2.999935703545631577e-02
7.530000000000000249e+00 2.999935703545685353e-02
7.540000000000000036e+00 2.999935703545676333e-02
7.549999999999999822e+00 2.999935703545756130e-02
7.560000000000000497e+00 2.999935703545757171e-02
7.570000000000000284e+00 2.999935703545729762e-02
7.580000000000000071e+00 2.999935703545650312e-02
7.589999999999999858e+00 2.999935703545698190e-02
7.600000000000000533e+00 2.999935703545776600e-02
7.610000000000000320e+00 2.999935703545793600e-02
7.620000000000000107e+00 2.999935703545671822e-02
7.629999999999999893e+00 2.999935703545869928e-02
7.640000000000000568e+00 2.999935703545768273e-02
7.650000000000000355e+00 2.999935703545767579e-02
7.660000000000000142e+00 2.999935703545706517e-02
7.669999999999999929e+00 2.999935703545714843e-02
7.679999999999999716e+00 2.999935703545637128e-02
7.690000000000000391e+00 2.999935703545645801e-02
7.700000000000000178e+00 2.999935703545547616e-02
7.709999999999999964e+00 2.999935703545768967e-02
7.719999999999999751e+00 2.999935703545819968e-02
7.730000000000000426e+00 2.999935703545791171e-02
7.740000000000000213e+00 2.999935703545676680e-02
7.750000000000000000e+00 2.999935703545711374e-02
7.759999999999999787e+00 2.999935703545630883e-02
7.770000000000000462e+00 2.999935703545704435e-02
7.780000000000000249e+00 2.999935703545904275e-02
7.790000000000000036e+00 2.999935703545868193e-02
7.799999999999999822e+00 2.999935703545779375e-02
7.810000000000000497e+00 2.999935703545840437e-02
7.820000000000000284e+00 2.999935703545735660e-02
7.830000000000000071e+00 2.999935703545758559e-02
7.839999999999999858e+00 2.999935703545838703e-02
7.850000000000000533e+00 2.999935703545803661e-02
7.860000000000000320e+00 2.999935703545855009e-02
7.870000000000000107e+00 2.999935703545743987e-02
7.879999999999999893e+00 2.999935703545622556e-02
7.890000000000000568e+00 2.999935703545714843e-02
7.900000000000000355e+00 2.999935703545833499e-02
7.910000000000000142e+00 2.999935703545784232e-02
7.919999999999999929e+00 2.999935703545758559e-02
7.930000000000000604e+00 2.999935703545844601e-02
7.940000000000000391e+00 2.999935703545851540e-02
7.950000000000000178e+00 2.999935703545862989e-02
7.959999999999999964e+00 2.999935703545733579e-02
7.969999999999999751e+00 2.999935703545626026e-02
7.980000000000000426e+00 2.999935703545809212e-02
7.990000000000000213e+00 2.999935703545873397e-02
8.000000000000000000e+00 2.999935703545789784e-02
8.009999999999999787e+00 2.999935703545621862e-02
8.019999999999999574e+00 2.999935703545740517e-02
8.029999999999999361e+00 2.999935703545787702e-02
8.040000000000000924e+00 2.999935703545791171e-02
8.050000000000000711e+00 2.999935703545847376e-02
8.060000000000000497e+00 2.999935703545755783e-02
8.070000000000000284e+00 2.999935703545693333e-02
8.080000000000000071e+00 2.999935703545839050e-02
8.089999999999999858e+00 2.999935703545689170e-02
8.099999999999999645e+00 2.999935703545683618e-02
8.109999999999999432e+00 2.999935703545843907e-02
8.120000000000000995e+00 2.999935703545896989e-02
8.130000000000000782e+00 2.999935703545768967e-02
8.140000000000000568e+00 2.999935703545609372e-02
8.150000000000000355e+00 2.999935703545714150e-02
8.160000000000000142e+00 2.999935703545796029e-02
8.169999999999999929e+00 2.999935703545823090e-02
8.179999999999999716e+00 2.999935703545729415e-02
8.189999999999999503e+00 2.999935703545931337e-02
8.199999999999999289e+00 2.999935703545785620e-02
8.210000000000000853e+00 2.999935703545709986e-02
8.220000000000000639e+00 2.999935703545749538e-02
8.230000000000000426e+00 2.999935703545785967e-02
8.240000000000000213e+00 2.999935703545802967e-02
8.250000000000000000e+00 2.999935703545742599e-02
8.259999999999999787e+00 2.999935703545901153e-02
8.269999999999999574e+00 2.999935703545855703e-02
8.279999999999999361e+00 2.999935703545897683e-02
8.290000000000000924e+00 2.999935703545890398e-02
8.300000000000000711e+00 2.999935703545616311e-02
8.310000000000000497e+00 2.999935703545730803e-02
8.320000000000000284e+00 2.999935703545909826e-02
8.330000000000000071e+00 2.999935703545744681e-02
8.339999999999999858e+00 2.999935703545764804e-02
8.349999999999999645e+00 2.999935703545819621e-02
8.359999999999999432e+00 2.999935703545861254e-02
8.370000000000000995e+00 2.999935703545818233e-02
8.380000000000000782e+00 2.999935703545929255e-02
8.390000000000000568e+00 2.999935703545862295e-02
8.400000000000000355e+00 2.999935703545862642e-02
8.410000000000000142e+00 2.999935703545682231e-02
8.419999999999999929e+00 2.999935703545746762e-02
8.429999999999999716e+00 2.999935703545933419e-02
8.439999999999999503e+00 2.999935703545842519e-02
8.449999999999999289e+00 2.999935703545873050e-02
8.460000000000000853e+00 2.999935703545594454e-02
8.470000000000000639e+00 2.999935703545698190e-02
8.480000000000000426e+00 2.999935703546029869e-02
8.490000000000000213e+00 2.999935703545949378e-02
8.500000000000000000e+00 2.999935703545826560e-02
8.509999999999999787e+00 2.999935703545658638e-02
8.519999999999999574e+00 2.999935703545852234e-02
8.529999999999999361e+00 2.999935703545959786e-02
8.540000000000000924e+00 2.999935703545801580e-02
8.550000000000000711e+00 2.999935703545878601e-02
8.560000000000000497e+00 2.999935703545709986e-02
8.570000000000000284e+00 2.999935703545818927e-02
8.580000000000000071e+00 2.999935703545886581e-02
8.589999999999999858e+00 2.999935703545920235e-02
8.599999999999999645e+00 2.999935703545773824e-02
8.609999999999999432e+00 2.999935703545948684e-02
8.620000000000000995e+00 2.999935703545755089e-02
8.630000000000000782e+00 2.999935703545817886e-02
8.640000000000000568e+00 2.999935703546074972e-02
8.650000000000000355e+00 2.999935703545836621e-02
8.660000000000000142e+00 2.999935703546069421e-02
8.669999999999999929e+00 2.999935703545764457e-02
8.679999999999999716e+00 2.999935703545848070e-02
8.689999999999999503e+00 2.999935703545768273e-02
8.700000000000001066e+00 2.999935703545717966e-02
8.710000000000000853e+00 2.999935703545703047e-02
8.720000000000000639e+00 2.999935703545758559e-02
8.730000000000000426e+00 2.999935703546047217e-02
8.740000000000000213e+00 2.999935703545956317e-02
8.750000000000000000e+00 2.999935703545824478e-02
8.759999999999999787e+00 2.999935703545821356e-02
8.769999999999999574e+00 2.999935703545975052e-02
8.779999999999999361e+00 2.999935703545864724e-02
8.790000000000000924e+00 2.999935703545857438e-02
8.800000000000000711e+00 2.999935703545823090e-02
8.810000000000000497e+00 2.999935703545958052e-02
8.820000000000000284e+00 2.999935703545688476e-02
8.830000000000000071e+00 2.999935703545678067e-02
8.839999999999999858e+00 2.999935703545882765e-02
8.849999999999999645e+00 2.999935703546046523e-02
8.859999999999999432e+00 2.999935703546094401e-02
8.870000000000000995e+00 2.999935703545815457e-02
8.880000000000000782e+00 2.999935703545938970e-02
8.890000000000000568e+00 2.999935703545896989e-02
8.900000000000000355e+00 2.999935703545952848e-02
8.910000000000000142e+00 2.999935703545886581e-02
8.919999999999999929e+00 2.999935703545818927e-02
8.929999999999999716e+00 2.999935703545865071e-02
8.939999999999999503e+00 2.999935703546034726e-02
8.950000000000001066e+00 2.999935703545994481e-02
8.960000000000000853e+00 2.999935703545814070e-02
8.970000000000000639e+00 2.999935703545779028e-02
8.980000000000000426e+00 2.999935703545807825e-02
8.990000000000000213e+00 2.999935703545799498e-02
9.000000000000000000e+00 2.999935703545800192e-02
9.009999999999999787e+00 2.999935703545881724e-02
9.019999999999999574e+00 2.999935703545945562e-02
9.029999999999999361e+00 2.999935703545849111e-02
9.040000000000000924e+00 2.999935703545868193e-02
9.050000000000000711e+00 2.999935703545831417e-02
9.060000000000000497e+00 2.999935703545732538e-02
9.070000000000000284e+00 2.999935703546060400e-02
9.080000000000000071e+00 2.999935703545859172e-02
9.089999999999999858e+00 2.999935703545936194e-02
9.099999999999999645e+00 2.999935703545739824e-02
9.109999999999999432e+00 2.999935703546025359e-02
9.120000000000000995e+00 2.999935703545698884e-02
9.130000000000000782e+00 2.999935703545877214e-02
9.140000000000000568e+00 2.999935703546124238e-02
9.150000000000000355e+00 2.999935703546210627e-02
9.160000000000000142e+00 2.999935703546348711e-02
9.169999999999999929e+00 2.999935703545873397e-02
9.179999999999999716e+00 2.999935703545876520e-02
9.189999999999999503e+00 2.999935703545885887e-02
9.200000000000001066e+00 2.999935703545988236e-02
9.210000000000000853e+00 2.999935703545806784e-02
9.220000000000000639e+00 2.999935703545755089e-02
9.230000000000000426e+00 2.999935703545594107e-02
9.240000000000000213e+00 2.999935703546388610e-02
9.250000000000000000e+00 2.999935703545853621e-02
9.259999999999999787e+00 2.999935703545872356e-02
9.269999999999999574e+00 2.999935703545939317e-02
9.279999999999999361e+00 2.999935703546056931e-02
9.290000000000000924e+00 2.999935703545755089e-02
9.300000000000000711e+00 2.999935703546056931e-02
9.310000000000000497e+00 2.999935703546070809e-02
9.320000000000000284e+00 2.999935703545828641e-02
9.330000000000000071e+00 2.999935703546053808e-02
9.339999999999999858e+00 2.999935703545666965e-02
9.349999999999999645e+00 2.999935703545909826e-02
9.359999999999999432e+00 2.999935703546036808e-02
9.370000000000000995e+00 2.999935703546282445e-02
9.380000000000000782e+00 2.999935703545851540e-02
9.390000000000000568e+00 2.999935703545860213e-02
9.400000000000000355e+00 2.999935703545410920e-02
9.410000000000000142e+00 2.999935703545747456e-02
9.419999999999999929e+00 2.999935703545824131e-02
9.429999999999999716e+00 2.999935703546079135e-02
9.439999999999999503e+00 2.999935703545851193e-02
9.450000000000001066e+00 2.999935703545689170e-02
9.460000000000000853e+00 2.999935703546206464e-02
9.470000000000000639e+00 2.999935703546088503e-02
9.480000000000000426e+00 2.999935703545817539e-02
9.490000000000000213e+00 2.999935703545590637e-02
9.500000000000000000e+00 2.999935703546182525e-02
9.509999999999999787e+00 2.999935703545912602e-02
9.519999999999999574e+00 2.999935703545965338e-02
9.529999999999999361e+00 2.999935703546143667e-02
9.540000000000000924e+00 2.999935703546045829e-02
9.550000000000000711e+00 2.999935703545982685e-02
9.560000000000000497e+00 2.999935703545984766e-02
9.570000000000000284e+00 2.999935703545779722e-02
9.580000000000000071e+00 2.999935703545999338e-02
9.589999999999999858e+00 2.999935703545810947e-02
9.599999999999999645e+00 2.999935703546149218e-02
9.609999999999999432e+00 2.999935703545879642e-02
9.620000000000000995e+00 2.999935703545657251e-02
9.630000000000000782e+00 2.999935703545943480e-02
9.640000000000000568e+00 2.999935703546224505e-02
9.650000000000000355e+00 2.999935703545903234e-02
9.660000000000000142e+00 2.999935703545997256e-02
9.669999999999999929e+00 2.999935703546195362e-02
9.679999999999999716e+00 2.999935703546286261e-02
9.689999999999999503e+00 2.999935703546079135e-02
9.700000000000001066e+00 2.999935703546083646e-02
9.710000000000000853e+00 2.999935703545783885e-02
9.720000000000000639e+00 2.999935703545911214e-02
9.730000000000000426e+00 2.999935703546229362e-02
9.740000000000000213e+00 2.999935703546000726e-02
9.750000000000000000e+00 2.999935703545906010e-02
9.759999999999999787e+00 2.999935703546075319e-02
9.769999999999999574e+00 2.999935703545643373e-02
9.779999999999999361e+00 2.999935703545813029e-02
9.790000000000000924e+00 2.999935703545870622e-02
9.800000000000000711e+00 2.999935703546177321e-02
9.810000000000000497e+00 2.999935703545613536e-02
9.820000000000000284e+00 2.999935703545975746e-02
9.830000000000000071e+00 2.999935703545664537e-02
9.839999999999999858e+00 2.999935703545761681e-02
9.849999999999999645e+00 2.999935703545855356e-02
9.859999999999999432e+00 2.999935703546064217e-02
9.870000000000000995e+00 2.999935703545474064e-02
9.880000000000000782e+00 2.999935703545870969e-02
9.890000000000000568e+00 2.999935703545634352e-02
9.900000000000000355e+00 2.999935703546031604e-02
9.910000000000000142e+00 2.999935703545963950e-02
9.919999999999999929e+00 2.999935703546040278e-02
9.929999999999999716e+00 2.999935703546029522e-02
9.939999999999999503e+00 2.999935703545871662e-02
9.950000000000001066e+00 2.999935703545960480e-02
9.960000000000000853e+00 2.999935703545882071e-02
9.970000000000000639e+00 2.999935703546134300e-02
