0.000000000000000000e+00 3.381147199996048947e-04
5.000000000000000278e-02 7.424127106283665879e-03
1.000000000000000056e-01 1.194799520916098833e-02
1.499999999999999944e-01 1.393995443151439285e-02
2.000000000000000111e-01 1.339912834517766049e-02
2.500000000000000000e-01 1.030619957951427190e-02
2.999999999999999889e-01 6.539603448511945201e-03
3.500000000000000333e-01 3.636074879968685149e-03
4.000000000000000222e-01 1.576878542275412382e-03
4.500000000000000111e-01 3.615415355293090491e-04
5.000000000000000000e-01 -1.008888430767292111e-05
5.500000000000000444e-01 3.940865330109100746e-04
5.999999999999999778e-01 1.643123930820620041e-03
6.500000000000000222e-01 3.736083287602699754e-03
7.000000000000000666e-01 6.673434020554668868e-03
7.500000000000000000e-01 1.047646442387275244e-02
8.000000000000000444e-01 1.346935102581641938e-02
8.499999999999999778e-01 1.390881665210908121e-02
9.000000000000000222e-01 1.181566827326450443e-02
9.500000000000000666e-01 7.190260810870121450e-03
9.979999999999999982e-01 3.381147199997643267e-04
