0.000000000000000000e+00 3.337456741527717306e-04
5.000000000000000278e-02 7.417745664501895243e-03
1.000000000000000056e-01 1.194674324600465340e-02
1.499999999999999944e-01 1.391194563650422628e-02
2.000000000000000111e-01 1.341460270258100149e-02
2.500000000000000000e-01 1.039110196108122657e-02
2.999999999999999889e-01 6.550031697986700985e-03
3.500000000000000333e-01 3.613453758028520573e-03
4.000000000000000222e-01 1.534901769435629117e-03
4.500000000000000111e-01 3.201296208119240551e-04
5.000000000000000000e-01 1.089574978397296802e-04
5.500000000000000444e-01 3.292720386351709371e-04
5.999999999999999778e-01 1.607911988560414797e-03
6.500000000000000222e-01 3.713871479753041212e-03
7.000000000000000666e-01 6.676819806334459775e-03
7.500000000000000000e-01 1.055857954450499514e-02
8.000000000000000444e-01 1.349584959412946338e-02
8.499999999999999778e-01 1.387572580998200356e-02
9.000000000000000222e-01 1.182370758077270524e-02
9.500000000000000666e-01 7.190102627003419969e-03
9.979999999999999982e-01 3.337456741612911744e-04
