1.400000000000000029e-02 2.481868808325214410e-03
6.400000000000000133e-02 8.519755302546078851e-03
1.140000000000000041e-01 1.273960495411121524e-02
1.640000000000000069e-01 1.467425279907655367e-02
2.139999999999999958e-01 1.404078000967765201e-02
2.640000000000000124e-01 1.075119795584675818e-02
3.140000000000000013e-01 5.436279528660399769e-03
3.639999999999999902e-01 2.280575694421257873e-03
4.140000000000000346e-01 1.391119030085604270e-03
4.640000000000000235e-01 1.394013023633038605e-03
5.140000000000000124e-01 9.925980416912152850e-04
5.640000000000000568e-01 8.304542651182206725e-04
6.139999999999999902e-01 1.211390555372439566e-03
6.640000000000000346e-01 3.107218292900369456e-03
7.139999999999999680e-01 7.219621999124711635e-03
7.640000000000000124e-01 1.256645313814317919e-02
8.140000000000000568e-01 1.399315942034355838e-02
8.639999999999999902e-01 1.302530680039730784e-02
9.140000000000000346e-01 9.857612071698742401e-03
9.639999999999999680e-01 4.627771690927045753e-03
