2.999999999999999889e-02 4.912356602097971842e-03
8.000000000000000167e-02 1.043674235037780548e-02
1.300000000000000044e-01 1.344444687453595806e-02
1.799999999999999933e-01 1.392136054059489592e-02
2.300000000000000100e-01 1.187150049020339881e-02
2.800000000000000266e-01 7.932821259080510140e-03
3.300000000000000155e-01 4.691647494775586999e-03
3.800000000000000044e-01 2.308328821278219159e-03
4.299999999999999933e-01 7.454081400004951676e-04
4.799999999999999822e-01 3.466560682493777300e-05
5.300000000000000266e-01 1.244200551065324063e-04
5.799999999999999600e-01 1.050909727856497557e-03
6.300000000000000044e-01 2.794073756731658455e-03
6.800000000000000488e-01 5.389937751380934929e-03
7.299999999999999822e-01 8.841500764706664711e-03
7.800000000000000266e-01 1.258882036393031353e-02
8.300000000000000711e-01 1.403307694082474300e-02
8.800000000000000044e-01 1.295396811342265815e-02
9.300000000000000488e-01 9.350247337682898036e-03
9.799999999999999822e-01 3.207858995030781358e-03
