0.000000000000000000e+00 3.340424135897522334e-04
5.000000000000000278e-02 7.424220852634546772e-03
1.000000000000000056e-01 1.194667499401710908e-02
1.499999999999999944e-01 1.395245433588810507e-02
2.000000000000000111e-01 1.338345963986879023e-02
2.500000000000000000e-01 1.031181934559021428e-02
2.999999999999999889e-01 6.541548814297328679e-03
3.500000000000000333e-01 3.637914560886224523e-03
4.000000000000000222e-01 1.572550628970173720e-03
4.500000000000000111e-01 3.588585713488183396e-04
5.000000000000000000e-01 4.927398325839226052e-06
5.500000000000000444e-01 3.874566534209635481e-04
5.999999999999999778e-01 1.639247870516237797e-03
6.500000000000000222e-01 3.739653155732949440e-03
7.000000000000000666e-01 6.672744060768179102e-03
7.500000000000000000e-01 1.047953091713807114e-02
8.000000000000000444e-01 1.345721701179052043e-02
8.499999999999999778e-01 1.392245933818539970e-02
9.000000000000000222e-01 1.181256738274859622e-02
9.500000000000000666e-01 7.189722542322567883e-03
9.979999999999999982e-01 3.340424135842347828e-04
