0.000000000000000000e+00 1.000000000000000000e+00
8.000000000000000000e+00 1.729148077686099017e+00
1.600000000000000000e+01 4.719374777099305182e-03
2.400000000000000000e+01 2.643530855121791357e-03
3.200000000000000000e+01 1.161785104340815750e-03
4.400000000000000000e+01 8.756438649485263816e-04
5.200000000000000000e+01 8.379828058636339897e-04
6.000000000000000000e+01 3.675055858935218078e-04
6.800000000000000000e+01 2.582585638853184635e-04
8.000000000000000000e+01 1.123576308656781602e-04
