0.000000000000000000e+00 1.000000000000000000e+00
8.000000000000000000e+00 1.268401641948625931e-03
1.600000000000000000e+01 1.492006877962817829e-04
2.400000000000000000e+01 3.188376155381644761e-05
3.200000000000000000e+01 1.684314745203715374e-05
4.400000000000000000e+01 3.715720901884504588e-06
5.200000000000000000e+01 2.114943179068802265e-06
6.000000000000000000e+01 1.262901358745855354e-06
6.800000000000000000e+01 8.847060414952750644e-07
8.000000000000000000e+01 4.668953124940454857e-07
