2.999935661877321455e-02
2.999935661877274271e-02
2.999935661877265944e-02
2.999935661877041818e-02
2.999935661877707258e-02
2.999935661877110860e-02
2.999935661877702053e-02
2.999935661877435253e-02
2.999935661877359619e-02
2.999935661877459539e-02
2.999935661877161860e-02
2.999935661877100104e-02
2.999935661877419987e-02
2.999935661876841284e-02
2.999935661877429008e-02
2.999935661877524418e-02
2.999935661877152146e-02
2.999935661877414436e-02
2.999935661876943979e-02
2.999935661877469947e-02
2.999935661877163248e-02
2.999935661877307924e-02
2.999935661877179902e-02
2.999935661876902693e-02
2.999935661877076512e-02
2.999935661877344353e-02
2.999935661877133758e-02
2.999935661877461274e-02
2.999935661877183718e-02
2.999935661877133758e-02
2.999935661877405763e-02
2.999935661877050144e-02
2.999935661876919346e-02
2.999935661877330476e-02
2.999935661877468906e-02
2.999935661877043899e-02
2.999935661877167065e-02
2.999935661877343659e-02
2.999935661877439763e-02
2.999935661877011980e-02
2.999935661877104268e-02
2.999935661877603174e-02
2.999935661877440804e-02
2.999935661876956469e-02
2.999935661877074777e-02
2.999935661877302373e-02
2.999935661877219800e-02
2.999935661877072696e-02
2.999935661877245821e-02
2.999935661877370721e-02
2.999935661877371762e-02
2.999935661877038001e-02
2.999935661877212861e-02
2.999935661877170187e-02
2.999935661877191351e-02
2.999935661877432824e-02
2.999935661877247556e-02
2.999935661877519560e-02
2.999935661877439416e-02
2.999935661877248944e-02
2.999935661877297516e-02
2.999935661877108084e-02
2.999935661877273230e-02
2.999935661877232290e-02
2.999935661876958898e-02
2.999935661877159432e-02
2.999935661877047716e-02
2.999935661877298557e-02
2.999935661877261781e-02
2.999935661877203841e-02
2.999935661877138615e-02
2.999935661877168799e-02
2.999935661877278087e-02
2.999935661876744486e-02
2.999935661877198290e-02
2.999935661877430743e-02
2.999935661876933224e-02
2.999935661877153187e-02
2.999935661877333598e-02
2.999935661877026205e-02
2.999935661877078941e-02
2.999935661877317639e-02
2.999935661877296822e-02
2.999935661877346782e-02
2.999935661877278087e-02
2.999935661877209392e-02
2.999935661877194126e-02
2.999935661877001919e-02
2.999935661877442539e-02
2.999935661876920387e-02
2.999935661877484172e-02
2.999935661877209739e-02
2.999935661877354762e-02
2.999935661877214943e-02
2.999935661877426579e-02
2.999935661877394313e-02
2.999935661877215637e-02
2.999935661877117105e-02
2.999935661877361354e-02
2.999935661877174350e-02
2.999935661877176085e-02
2.999935661877142085e-02
2.999935661877303761e-02
2.999935661877096982e-02
2.999935661877199677e-02
2.999935661877265597e-02
2.999935661877253801e-02
2.999935661877354068e-02
2.999935661877206616e-02
2.999935661877265597e-02
2.999935661877230209e-02
2.999935661877037307e-02
2.999935661877155268e-02
2.999935661877170534e-02
2.999935661877262821e-02
2.999935661877194820e-02
2.999935661877175391e-02
2.999935661877171575e-02
2.999935661877348170e-02
2.999935661877153534e-02
2.999935661877221882e-02
2.999935661877280169e-02
2.999935661877187534e-02
2.999935661877195514e-02
2.999935661877240964e-02
2.999935661877241658e-02
2.999935661877321802e-02
2.999935661877303761e-02
2.999935661877310006e-02
2.999935661877292312e-02
2.999935661877208698e-02
2.999935661877248944e-02
2.999935661877260740e-02
2.999935661877204882e-02
2.999935661877316251e-02
2.999935661877106696e-02
2.999935661877287107e-02
2.999935661877368639e-02
2.999935661877171922e-02
2.999935661877145207e-02
2.999935661877122656e-02
2.999935661877257270e-02
2.999935661877096982e-02
2.999935661877108084e-02
2.999935661877253801e-02
2.999935661877297863e-02
2.999935661877115023e-02
2.999935661877200371e-02
2.999935661877196208e-02
2.999935661877119880e-02
2.999935661877115023e-02
2.999935661877379742e-02
2.999935661877115023e-02
2.999935661877256923e-02
2.999935661877196902e-02
2.999935661877089696e-02
2.999935661877281209e-02
2.999935661877177473e-02
2.999935661877272536e-02
2.999935661877229168e-02
2.999935661877244780e-02
2.999935661877246168e-02
2.999935661877296475e-02
2.999935661877157350e-02
2.999935661877267332e-02
2.999935661877214249e-02
2.999935661877193085e-02
2.999935661877274964e-02
2.999935661877450171e-02
2.999935661877062634e-02
2.999935661877111900e-02
2.999935661877458151e-02
2.999935661877158044e-02
2.999935661877244780e-02
2.999935661877389109e-02
2.999935661877325965e-02
2.999935661877117105e-02
2.999935661877208351e-02
2.999935661877213208e-02
2.999935661877249291e-02
2.999935661877274617e-02
2.999935661877157350e-02
2.999935661877210086e-02
2.999935661877242699e-02
2.999935661877264903e-02
2.999935661877297516e-02
2.999935661877072002e-02
2.999935661877143819e-02
2.999935661877297169e-02
2.999935661877309312e-02
2.999935661877209045e-02
2.999935661877162207e-02
2.999935661877174697e-02
2.999935661877108084e-02
2.999935661877201412e-02
2.999935661877270454e-02
2.999935661877216331e-02
2.999935661877149717e-02
2.999935661877334986e-02
2.999935661877200024e-02
2.999935661877170534e-02
2.999935661877415477e-02
2.999935661877325618e-02
2.999935661877185106e-02
2.999935661877154575e-02
2.999935661877204882e-02
2.999935661877194126e-02
2.999935661877151799e-02
2.999935661877143472e-02
2.999935661877152146e-02
2.999935661877141391e-02
2.999935661877254495e-02
2.999935661877240617e-02
2.999935661877234372e-02
2.999935661877215637e-02
2.999935661877290577e-02
2.999935661877218412e-02
2.999935661877056736e-02
2.999935661877217025e-02
2.999935661877150411e-02
2.999935661877099757e-02
2.999935661877200718e-02
2.999935661877108084e-02
2.999935661877173310e-02
2.999935661877088655e-02
2.999935661877140697e-02
2.999935661877322149e-02
2.999935661877232290e-02
2.999935661877186494e-02
2.999935661877325618e-02
2.999935661877053961e-02
2.999935661877151105e-02
2.999935661877330823e-02
2.999935661877085186e-02
2.999935661877096982e-02
2.999935661877119880e-02
2.999935661877221882e-02
2.999935661877235760e-02
2.999935661877192739e-02
2.999935661877144166e-02
2.999935661877146248e-02
2.999935661877090737e-02
2.999935661877159779e-02
2.999935661877110513e-02
2.999935661877306536e-02
2.999935661877147636e-02
2.999935661877173657e-02
2.999935661877119186e-02
2.999935661877327353e-02
2.999935661877230209e-02
2.999935661877155962e-02
2.999935661877219106e-02
2.999935661877141044e-02
2.999935661877169146e-02
2.999935661877199677e-02
2.999935661877187534e-02
2.999935661877201412e-02
2.999935661877192045e-02
2.999935661877128554e-02
2.999935661877195514e-02
2.999935661877244780e-02
2.999935661877223964e-02
2.999935661877267679e-02
2.999935661877149023e-02
2.999935661877206616e-02
2.999935661877239923e-02
2.999935661877149370e-02
2.999935661877282250e-02
2.999935661877157350e-02
2.999935661877128554e-02
2.999935661877221188e-02
2.999935661877169493e-02
2.999935661877195167e-02
2.999935661877075471e-02
2.999935661877201759e-02
2.999935661877182677e-02
2.999935661877076165e-02
2.999935661877064716e-02
2.999935661877168105e-02
2.999935661877238535e-02
2.999935661877281903e-02
2.999935661877168799e-02
2.999935661877189616e-02
2.999935661877111553e-02
2.999935661877233331e-02
2.999935661877200024e-02
2.999935661877258658e-02
2.999935661877235066e-02
2.999935661877250331e-02
2.999935661877147289e-02
2.999935661877094900e-02
2.999935661877214249e-02
2.999935661877135840e-02
2.999935661877193432e-02
2.999935661877073390e-02
2.999935661877166718e-02
2.999935661877204535e-02
2.999935661877111900e-02
2.999935661877112594e-02
2.999935661877132370e-02
2.999935661877121962e-02
2.999935661877021348e-02
2.999935661877176779e-02
2.999935661877121268e-02
2.999935661877041471e-02
2.999935661877200371e-02
2.999935661877219800e-02
2.999935661877096982e-02
2.999935661877172269e-02
2.999935661877058471e-02
2.999935661877187187e-02
2.999935661877069920e-02
2.999935661877192739e-02
2.999935661877218759e-02
2.999935661877232637e-02
2.999935661877222229e-02
2.999935661877125431e-02
2.999935661877246168e-02
2.999935661877121268e-02
2.999935661877100451e-02
2.999935661877169840e-02
2.999935661877112594e-02
2.999935661877245821e-02
2.999935661877216678e-02
2.999935661877266638e-02
2.999935661877137574e-02
2.999935661877109472e-02
2.999935661877195514e-02
2.999935661877137574e-02
2.999935661877231943e-02
2.999935661877254842e-02
2.999935661877178861e-02
2.999935661877062981e-02
2.999935661877066104e-02
2.999935661877142432e-02
2.999935661877094900e-02
2.999935661877277046e-02
2.999935661877098370e-02
2.999935661877142085e-02
2.999935661877191698e-02
2.999935661877178861e-02
2.999935661877062287e-02
2.999935661877064716e-02
2.999935661877153187e-02
2.999935661877127166e-02
2.999935661877106696e-02
2.999935661877112247e-02
2.999935661877128554e-02
2.999935661877141738e-02
2.999935661877112247e-02
2.999935661877072002e-02
2.999935661877202106e-02
2.999935661877153881e-02
2.999935661876996021e-02
2.999935661877128901e-02
2.999935661877079981e-02
2.999935661877212167e-02
2.999935661877147636e-02
2.999935661877177473e-02
2.999935661877158044e-02
2.999935661877103574e-02
2.999935661877048063e-02
2.999935661877099757e-02
2.999935661877051879e-02
2.999935661877146942e-02
2.999935661877053267e-02
2.999935661877053961e-02
2.999935661877171575e-02
2.999935661877123350e-02
2.999935661877105655e-02
2.999935661877167412e-02
2.999935661877186494e-02
2.999935661877171922e-02
2.999935661877154922e-02
2.999935661877148330e-02
2.999935661877061593e-02
2.999935661877092818e-02
2.999935661877067491e-02
2.999935661877131676e-02
2.999935661877200718e-02
2.999935661877128207e-02
2.999935661877115717e-02
2.999935661877103574e-02
2.999935661877097329e-02
2.999935661877121268e-02
2.999935661877154922e-02
2.999935661877153187e-02
2.999935661877111207e-02
2.999935661877104615e-02
2.999935661877144166e-02
2.999935661877101492e-02
2.999935661877157350e-02
2.999935661877112247e-02
2.999935661877138268e-02
2.999935661877160473e-02
2.999935661877130288e-02
2.999935661877136187e-02
2.999935661877117798e-02
2.999935661877126819e-02
2.999935661877122656e-02
2.999935661877114676e-02
2.999935661877119880e-02
2.999935661877170534e-02
2.999935661877139656e-02
2.999935661877116411e-02
2.999935661877131329e-02
2.999935661877158738e-02
2.999935661877115370e-02
2.999935661877155962e-02
2.999935661877139309e-02
2.999935661877120921e-02
2.999935661877135840e-02
2.999935661877171228e-02
2.999935661877145207e-02
2.999935661877149023e-02
2.999935661877124737e-02
2.999935661877133064e-02
2.999935661877111553e-02
2.999935661877132717e-02
2.999935661877122656e-02
2.999935661877128901e-02
2.999935661877138962e-02
2.999935661877097676e-02
2.999935661877155962e-02
2.999935661877140697e-02
2.999935661877118492e-02
2.999935661877119880e-02
2.999935661877109472e-02
2.999935661877159432e-02
2.999935661877154575e-02
2.999935661877149023e-02
2.999935661877165677e-02
2.999935661877130982e-02
2.999935661877144860e-02
2.999935661877141044e-02
2.999935661877137921e-02
2.999935661877139309e-02
2.999935661877153881e-02
2.999935661877143472e-02
2.999935661877142778e-02
2.999935661877146942e-02
2.999935661877123003e-02
2.999935661877139309e-02
2.999935661877151452e-02
2.999935661877139309e-02
2.999935661877145554e-02
2.999935661877125431e-02
2.999935661877138962e-02
2.999935661877133064e-02
2.999935661877155268e-02
2.999935661877145207e-02
2.999935661877150411e-02
2.999935661877162901e-02
2.999935661877147636e-02
2.999935661877148330e-02
2.999935661877148677e-02
2.999935661877143472e-02
2.999935661877149717e-02
2.999935661877149023e-02
2.999935661877153534e-02
2.999935661877147983e-02
2.999935661877151799e-02
2.999935661877150411e-02
2.999935661877153187e-02
2.999935661877153881e-02
2.999935661877157003e-02
2.999935661877156656e-02
2.999935661877160820e-02
2.999935661877156656e-02
2.999935661877158738e-02
2.999935661877169493e-02
2.999935661877159432e-02
2.999935661877160473e-02
2.999935661877164983e-02
2.999935661877170881e-02
2.999935661877170534e-02
2.999935661877169146e-02
2.999935661877167065e-02
2.999935661877169840e-02
2.999935661877168452e-02
2.999935661877173657e-02
2.999935661877168452e-02
2.999935661877171575e-02
2.999935661877172269e-02
2.999935661877172269e-02
2.999935661877173657e-02
2.999935661877172963e-02
2.999935661877175391e-02
2.999935661877174350e-02
2.999935661877173657e-02
2.999935661877174004e-02
2.999935661877173310e-02
2.999935661877174697e-02
2.999935661877175391e-02
2.999935661877176085e-02
2.999935661877178167e-02
2.999935661877179208e-02
2.999935661877180249e-02
2.999935661877179902e-02
2.999935661877180595e-02
2.999935661877181289e-02
2.999935661877181289e-02
2.999935661877181983e-02
2.999935661877181636e-02
2.999935661877182677e-02
2.999935661877182677e-02
2.999935661877184065e-02
2.999935661877185106e-02
2.999935661877185800e-02
2.999935661877185453e-02
2.999935661877184759e-02
2.999935661877186494e-02
2.999935661877187534e-02
2.999935661877187881e-02
2.999935661877188575e-02
2.999935661877189269e-02
2.999935661877189616e-02
2.999935661877188922e-02
2.999935661877189269e-02
2.999935661877191698e-02
2.999935661877189616e-02
2.999935661877193085e-02
2.999935661877193085e-02
2.999935661877190657e-02
2.999935661877189269e-02
2.999935661877192739e-02
2.999935661877193432e-02
2.999935661877193779e-02
2.999935661877194473e-02
2.999935661877193432e-02
2.999935661877192045e-02
2.999935661877194126e-02
2.999935661877188575e-02
2.999935661877201065e-02
2.999935661877194820e-02
2.999935661877189963e-02
2.999935661877195167e-02
2.999935661877198984e-02
2.999935661877195167e-02
2.999935661877189963e-02
2.999935661877205229e-02
2.999935661877202453e-02
2.999935661877205922e-02
2.999935661877212514e-02
2.999935661877204535e-02
2.999935661877196902e-02
2.999935661877206963e-02
2.999935661877211820e-02
2.999935661877213902e-02
2.999935661877203494e-02
2.999935661877196902e-02
2.999935661877210086e-02
2.999935661877225004e-02
2.999935661877208351e-02
2.999935661877210086e-02
2.999935661877198290e-02
2.999935661877200718e-02
2.999935661877210780e-02
2.999935661877209045e-02
2.999935661877219106e-02
2.999935661877209392e-02
2.999935661877205922e-02
2.999935661877227780e-02
2.999935661877224657e-02
2.999935661877219800e-02
2.999935661877222576e-02
2.999935661877228127e-02
2.999935661877189269e-02
2.999935661877227086e-02
2.999935661877204188e-02
2.999935661877223270e-02
2.999935661877211127e-02
2.999935661877237147e-02
2.999935661877246168e-02
2.999935661877214943e-02
2.999935661877246862e-02
2.999935661877202106e-02
2.999935661877197943e-02
2.999935661877210780e-02
2.999935661877212861e-02
2.999935661877201759e-02
2.999935661877219106e-02
2.999935661877232290e-02
2.999935661877213555e-02
2.999935661877223964e-02
2.999935661877225351e-02
2.999935661877214249e-02
2.999935661877244433e-02
2.999935661877214249e-02
2.999935661877259699e-02
2.999935661877206616e-02
2.999935661877252413e-02
2.999935661877226739e-02
2.999935661877234025e-02
2.999935661877234372e-02
2.999935661877249291e-02
2.999935661877276699e-02
2.999935661877221882e-02
2.999935661877232290e-02
2.999935661877285720e-02
2.999935661877195514e-02
2.999935661877231943e-02
2.999935661877257270e-02
2.999935661877264903e-02
2.999935661877257270e-02
2.999935661877237147e-02
2.999935661877215984e-02
2.999935661877261434e-02
2.999935661877245821e-02
2.999935661877242699e-02
2.999935661877272536e-02
2.999935661877230209e-02
2.999935661877232984e-02
2.999935661877241311e-02
2.999935661877229515e-02
2.999935661877240617e-02
2.999935661877252066e-02
2.999935661877293352e-02
2.999935661877276352e-02
2.999935661877213555e-02
2.999935661877258658e-02
2.999935661877236107e-02
2.999935661877226739e-02
2.999935661877244433e-02
2.999935661877253801e-02
2.999935661877293006e-02
2.999935661877193779e-02
2.999935661877258658e-02
2.999935661877233331e-02
2.999935661877232637e-02
2.999935661877255189e-02
2.999935661877190657e-02
2.999935661877277393e-02
2.999935661877194820e-02
2.999935661877310006e-02
2.999935661877207310e-02
2.999935661877256229e-02
2.999935661877278434e-02
2.999935661877301679e-02
2.999935661877221882e-02
2.999935661877212167e-02
2.999935661877280516e-02
2.999935661877298210e-02
2.999935661877272883e-02
2.999935661877346088e-02
2.999935661877254495e-02
2.999935661877229168e-02
2.999935661877264209e-02
2.999935661877287801e-02
2.999935661877244433e-02
2.999935661877223270e-02
2.999935661877237494e-02
2.999935661877290577e-02
2.999935661877370721e-02
2.999935661877389109e-02
2.999935661877295434e-02
2.999935661877271842e-02
2.999935661877316251e-02
2.999935661877266638e-02
2.999935661877217719e-02
2.999935661877282250e-02
2.999935661877251719e-02
2.999935661877298557e-02
2.999935661877277046e-02
2.999935661877315557e-02
2.999935661877276352e-02
2.999935661877244780e-02
2.999935661877209739e-02
2.999935661877316598e-02
2.999935661877217372e-02
2.999935661877287107e-02
2.999935661877384252e-02
2.999935661877289189e-02
2.999935661877339149e-02
2.999935661877258658e-02
2.999935661877219453e-02
2.999935661877358231e-02
2.999935661877319026e-02
2.999935661877313822e-02
2.999935661877324231e-02
2.999935661877278781e-02
2.999935661877294393e-02
2.999935661877184065e-02
2.999935661877372456e-02
2.999935661877384252e-02
2.999935661877318333e-02
2.999935661877376272e-02
2.999935661877253454e-02
2.999935661877264209e-02
2.999935661877175391e-02
2.999935661877332557e-02
2.999935661877257964e-02
2.999935661877280862e-02
2.999935661877238535e-02
2.999935661877300638e-02
2.999935661877250678e-02
2.999935661877378007e-02
2.999935661877242699e-02
2.999935661877374191e-02
2.999935661877280169e-02
2.999935661877155962e-02
2.999935661877387721e-02
2.999935661877426926e-02
2.999935661877294046e-02
2.999935661877373150e-02
2.999935661877174004e-02
2.999935661877457110e-02
2.999935661877321802e-02
2.999935661877369333e-02
2.999935661877293352e-02
2.999935661877398130e-02
2.999935661877216331e-02
2.999935661877328394e-02
2.999935661877217372e-02
2.999935661877284332e-02
2.999935661877231249e-02
2.999935661877411314e-02
2.999935661877343659e-02
2.999935661877344006e-02
2.999935661877394660e-02
2.999935661877350251e-02
2.999935661877339149e-02
2.999935661877270801e-02
2.999935661877323190e-02
2.999935661877408538e-02
2.999935661877300638e-02
2.999935661877444620e-02
2.999935661877350598e-02
2.999935661877363435e-02
2.999935661877319026e-02
2.999935661877334292e-02
2.999935661877333251e-02
2.999935661877334292e-02
2.999935661877296822e-02
2.999935661877313822e-02
2.999935661877305149e-02
2.999935661877239923e-02
2.999935661877443926e-02
2.999935661877423804e-02
2.999935661877350945e-02
2.999935661877423457e-02
2.999935661877296128e-02
2.999935661877358578e-02
2.999935661877377313e-02
2.999935661877417559e-02
2.999935661877430396e-02
2.999935661877410620e-02
2.999935661877369680e-02
2.999935661877368986e-02
2.999935661877245474e-02
2.999935661877379742e-02
2.999935661877394660e-02
2.999935661877371068e-02
2.999935661877330823e-02
2.999935661877423804e-02
2.999935661877439069e-02
2.999935661877240617e-02
2.999935661877443580e-02
2.999935661877434559e-02
2.999935661877300638e-02
2.999935661877481397e-02
2.999935661877278087e-02
2.999935661877338455e-02
2.999935661877356496e-02
2.999935661877251719e-02
2.999935661877350251e-02
2.999935661877492499e-02
2.999935661877302720e-02
2.999935661877472376e-02
2.999935661877344700e-02
2.999935661877183024e-02
2.999935661877305149e-02
2.999935661877470988e-02
2.999935661877224657e-02
2.999935661877281556e-02
2.999935661877440804e-02
2.999935661877466131e-02
2.999935661877345394e-02
2.999935661877437681e-02
2.999935661877291965e-02
2.999935661877383558e-02
2.999935661877381129e-02
2.999935661877485213e-02
2.999935661877365517e-02
2.999935661877416865e-02
2.999935661877394313e-02
2.999935661877568827e-02
2.999935661877495968e-02
2.999935661877396742e-02
2.999935661877276699e-02
2.999935661877507764e-02
2.999935661877448784e-02
2.999935661877211820e-02
2.999935661877396048e-02
2.999935661877416171e-02
2.999935661877465437e-02
2.999935661877377660e-02
2.999935661877574378e-02
2.999935661877437681e-02
2.999935661877468906e-02
2.999935661877538989e-02
2.999935661877268372e-02
2.999935661877316945e-02
2.999935661877524418e-02
2.999935661877462661e-02
2.999935661877546622e-02
2.999935661877292659e-02
2.999935661877498744e-02
2.999935661877546622e-02
2.999935661877358578e-02
2.999935661877441151e-02
2.999935661877383211e-02
2.999935661877411314e-02
2.999935661877480009e-02
2.999935661877195514e-02
2.999935661877510887e-02
2.999935661877510887e-02
2.999935661877363435e-02
2.999935661877436294e-02
2.999935661877486601e-02
2.999935661877492846e-02
2.999935661877414089e-02
2.999935661877600399e-02
2.999935661877443926e-02
2.999935661877511234e-02
2.999935661877327353e-02
2.999935661877562582e-02
2.999935661877393273e-02
2.999935661877575419e-02
2.999935661877320067e-02
2.999935661877572296e-02
2.999935661877495968e-02
2.999935661877495968e-02
2.999935661877420334e-02
2.999935661877423457e-02
2.999935661877531357e-02
2.999935661877532397e-02
2.999935661877486254e-02
2.999935661877347476e-02
2.999935661877479315e-02
2.999935661877500825e-02
2.999935661877467519e-02
2.999935661877523724e-02
2.999935661877547663e-02
2.999935661877388762e-02
2.999935661877550785e-02
2.999935661877570214e-02
2.999935661877440457e-02
2.999935661877461621e-02
2.999935661877482784e-02
2.999935661877568133e-02
2.999935661877376619e-02
2.999935661877629195e-02
2.999935661877319720e-02
2.999935661877393273e-02
2.999935661877537948e-02
2.999935661877483478e-02
2.999935661877464396e-02
2.999935661877413395e-02
2.999935661877586868e-02
2.999935661877435600e-02
2.999935661877394313e-02
2.999935661877487295e-02
2.999935661877465437e-02
2.999935661877532744e-02
2.999935661877656951e-02
2.999935661877653828e-02
2.999935661877499438e-02
2.999935661877505336e-02
2.999935661877555643e-02
2.999935661877633705e-02
2.999935661877444620e-02
2.999935661877404375e-02
2.999935661877421028e-02
2.999935661877597970e-02
2.999935661877534132e-02
2.999935661877463355e-02
2.999935661877616705e-02
2.999935661877346435e-02
2.999935661877682277e-02
2.999935661877284332e-02
2.999935661877542459e-02
2.999935661877598664e-02
2.999935661877430049e-02
2.999935661877597623e-02
2.999935661877558765e-02
2.999935661877305149e-02
2.999935661877510540e-02
2.999935661877488335e-02
2.999935661877654175e-02
2.999935661877674298e-02
2.999935661877691992e-02
2.999935661877363782e-02
2.999935661877406110e-02
2.999935661877599705e-02
2.999935661877552867e-02
2.999935661877859566e-02
2.999935661877593113e-02
2.999935661877489029e-02
2.999935661877606297e-02
2.999935661877380783e-02
2.999935661877605603e-02
2.999935661877660073e-02
2.999935661877443233e-02
2.999935661877538295e-02
2.999935661877401599e-02
2.999935661877676379e-02
2.999935661877546969e-02
2.999935661877422416e-02
2.999935661877507764e-02
2.999935661877487642e-02
2.999935661877511234e-02
2.999935661877795381e-02
2.999935661877341925e-02
2.999935661877437681e-02
2.999935661877693380e-02
2.999935661877629889e-02
2.999935661877312434e-02
2.999935661877605603e-02
2.999935661877575419e-02
2.999935661877446702e-02
2.999935661877522336e-02
2.999935661877447743e-02
2.999935661877713156e-02
2.999935661877580276e-02
2.999935661877541071e-02
2.999935661877824525e-02
2.999935661877888710e-02
2.999935661877350598e-02
2.999935661877764503e-02
2.999935661877639950e-02
2.999935661877835627e-02
2.999935661877704482e-02
2.999935661877574725e-02
2.999935661877407150e-02
2.999935661877671869e-02
2.999935661877517479e-02
2.999935661877688176e-02
2.999935661877615317e-02
2.999935661877495968e-02
2.999935661877756177e-02
2.999935661877780463e-02
2.999935661877733972e-02
2.999935661877205575e-02
2.999935661877738829e-02
2.999935661877652787e-02
2.999935661877616705e-02
2.999935661877112941e-02
2.999935661877636481e-02
2.999935661877698584e-02
2.999935661877885587e-02
2.999935661877567439e-02
2.999935661877584092e-02
2.999935661877454335e-02
2.999935661877141044e-02
2.999935661877603868e-02
2.999935661877706217e-02
2.999935661877596582e-02
2.999935661877642032e-02
2.999935661877551479e-02
2.999935661877165677e-02
2.999935661877313128e-02
2.999935661877446355e-02
2.999935661877483131e-02
2.999935661877651399e-02
2.999935661877621215e-02
2.999935661877717666e-02
2.999935661877479662e-02
2.999935661877451212e-02
2.999935661877418253e-02
2.999935661877565704e-02
2.999935661877664236e-02
2.999935661877484866e-02
2.999935661877260046e-02
2.999935661877065410e-02
2.999935661877517132e-02
2.999935661877508458e-02
2.999935661877544540e-02
2.999935661877477233e-02
2.999935661877549398e-02
2.999935661877517479e-02
2.999935661877917159e-02
2.999935661877520254e-02
2.999935661877793647e-02
2.999935661877529275e-02
2.999935661877560847e-02
2.999935661877323884e-02
2.999935661877463355e-02
2.999935661877479315e-02
2.999935661877677420e-02
2.999935661877756177e-02
2.999935661877656604e-02
2.999935661877434212e-02
2.999935661877791218e-02
2.999935661877739523e-02
2.999935661877534826e-02
2.999935661877697543e-02
2.999935661877414436e-02
