2.999935739587816785e-02
2.999935739588055830e-02
2.999935739587710967e-02
2.999935739588024258e-02
2.999935739588492634e-02
2.999935739588311528e-02
2.999935739587941685e-02
2.999935739587903175e-02
2.999935739587576700e-02
2.999935739588135281e-02
2.999935739588151587e-02
2.999935739588360101e-02
2.999935739588079422e-02
2.999935739587876807e-02
2.999935739588129729e-02
2.999935739587378941e-02
2.999935739587829969e-02
2.999935739588568268e-02
2.999935739588088790e-02
2.999935739587590577e-02
2.999935739587959033e-02
2.999935739588262956e-02
2.999935739587835173e-02
2.999935739587763009e-02
2.999935739587679048e-02
2.999935739587880276e-02
2.999935739587909420e-02
2.999935739587987482e-02
2.999935739588122097e-02
2.999935739587527780e-02
2.999935739588098157e-02
2.999935739588112729e-02
2.999935739588280650e-02
2.999935739587903522e-02
2.999935739588003789e-02
2.999935739587762662e-02
2.999935739587960074e-02
2.999935739587916358e-02
2.999935739588489858e-02
2.999935739587997890e-02
2.999935739587874031e-02
2.999935739588010034e-02
2.999935739587794928e-02
2.999935739588116546e-02
2.999935739587733519e-02
2.999935739587931277e-02
2.999935739587749478e-02
2.999935739587843847e-02
2.999935739587924338e-02
2.999935739587653721e-02
2.999935739587944808e-02
2.999935739588022177e-02
2.999935739587904909e-02
2.999935739587995809e-02
2.999935739587888950e-02
2.999935739587849745e-02
2.999935739587913583e-02
2.999935739587702987e-02
2.999935739587939604e-02
2.999935739587666905e-02
2.999935739587980890e-02
2.999935739587805683e-02
2.999935739588149158e-02
2.999935739587756070e-02
2.999935739587611394e-02
2.999935739587874725e-02
2.999935739588260528e-02
2.999935739588055136e-02
2.999935739587899358e-02
2.999935739587999972e-02
2.999935739588089484e-02
2.999935739587905603e-02
2.999935739588036054e-02
2.999935739588012115e-02
2.999935739588148811e-02
2.999935739588137709e-02
2.999935739587975686e-02
2.999935739588059994e-02
2.999935739588150893e-02
2.999935739588032932e-02
2.999935739588081851e-02
2.999935739588290712e-02
2.999935739588241099e-02
2.999935739588084627e-02
2.999935739587963196e-02
2.999935739587977768e-02
2.999935739587535760e-02
2.999935739588051667e-02
2.999935739588165118e-02
2.999935739588223405e-02
2.999935739588141179e-02
2.999935739587741151e-02
2.999935739587988870e-02
2.999935739587866398e-02
2.999935739587893113e-02
2.999935739588046810e-02
2.999935739587793887e-02
2.999935739587773417e-02
2.999935739587857378e-02
2.999935739588212302e-02
2.999935739588076647e-02
2.999935739587865705e-02
2.999935739588033279e-02
2.999935739588004829e-02
2.999935739588061728e-02
2.999935739587955216e-02
2.999935739587957645e-02
2.999935739587821990e-02
2.999935739587853215e-02
2.999935739587922603e-02
2.999935739587997890e-02
2.999935739588094341e-02
2.999935739587961461e-02
2.999935739587945155e-02
2.999935739587872296e-02
2.999935739588099892e-02
2.999935739587942726e-02
2.999935739587927808e-02
2.999935739587765438e-02
2.999935739588003442e-02
2.999935739587897970e-02
2.999935739587971870e-02
2.999935739587968747e-02
2.999935739588032585e-02
2.999935739587998237e-02
2.999935739587945849e-02
2.999935739587920175e-02
2.999935739587950012e-02
2.999935739588045075e-02
2.999935739588075606e-02
2.999935739588128342e-02
2.999935739587873684e-02
2.999935739588005870e-02
2.999935739587964584e-02
2.999935739588023217e-02
2.999935739587879929e-02
2.999935739587988870e-02
2.999935739588126954e-02
2.999935739587886174e-02
2.999935739587883052e-02
2.999935739588062422e-02
2.999935739588014197e-02
2.999935739588006564e-02
2.999935739587925032e-02
2.999935739587903522e-02
2.999935739587975686e-02
2.999935739587956257e-02
2.999935739587968053e-02
2.999935739588082892e-02
2.999935739587945849e-02
2.999935739588138750e-02
2.999935739588104749e-02
2.999935739588036054e-02
2.999935739587974645e-02
2.999935739587858419e-02
2.999935739588129036e-02
2.999935739587980543e-02
2.999935739588053402e-02
2.999935739587875766e-02
2.999935739588043340e-02
2.999935739587849398e-02
2.999935739587939951e-02
2.999935739587865358e-02
2.999935739588156791e-02
2.999935739587968400e-02
2.999935739587970135e-02
2.999935739587954522e-02
2.999935739587913236e-02
2.999935739588130076e-02
2.999935739588086361e-02
2.999935739587993033e-02
2.999935739587886868e-02
2.999935739587924338e-02
2.999935739588125566e-02
2.999935739587785560e-02
2.999935739588016625e-02
2.999935739588085321e-02
2.999935739588013156e-02
2.999935739587900052e-02
2.999935739588014197e-02
2.999935739587950706e-02
2.999935739588022524e-02
2.999935739587995462e-02
2.999935739587954869e-02
2.999935739588093300e-02
2.999935739588001013e-02
2.999935739587937522e-02
2.999935739587991645e-02
2.999935739587809846e-02
2.999935739588098504e-02
2.999935739587957298e-02
2.999935739588103362e-02
2.999935739587880623e-02
2.999935739587897623e-02
2.999935739588044381e-02
2.999935739587833439e-02
2.999935739587943767e-02
2.999935739587923644e-02
2.999935739587852868e-02
2.999935739587801520e-02
2.999935739587834826e-02
2.999935739588119668e-02
2.999935739587813316e-02
2.999935739587800826e-02
2.999935739587970135e-02
2.999935739587994421e-02
2.999935739587839684e-02
2.999935739587875766e-02
2.999935739588076300e-02
2.999935739587848704e-02
2.999935739587998931e-02
2.999935739587917399e-02
2.999935739587896236e-02
2.999935739587846276e-02
2.999935739587965625e-02
2.999935739587984360e-02
2.999935739588084280e-02
2.999935739588037789e-02
2.999935739587876460e-02
2.999935739587885480e-02
2.999935739587938216e-02
2.999935739587855643e-02
2.999935739587957645e-02
2.999935739587963890e-02
2.999935739587853561e-02
2.999935739587973604e-02
2.999935739588101627e-02
2.999935739587946890e-02
2.999935739588108219e-02
2.999935739587927114e-02
2.999935739587823030e-02
2.999935739587905603e-02
2.999935739587942379e-02
2.999935739587978462e-02
2.999935739587940298e-02
2.999935739587855643e-02
2.999935739587994421e-02
2.999935739587940298e-02
2.999935739587886174e-02
2.999935739587992339e-02
2.999935739587950012e-02
2.999935739587928502e-02
2.999935739588066586e-02
2.999935739588032585e-02
2.999935739587896583e-02
2.999935739587789724e-02
2.999935739587986094e-02
2.999935739587900052e-02
2.999935739588133546e-02
2.999935739588002748e-02
2.999935739587797356e-02
2.999935739588030503e-02
2.999935739587961114e-02
2.999935739587897277e-02
2.999935739587927114e-02
2.999935739587954869e-02
2.999935739587866398e-02
2.999935739587883399e-02
2.999935739587948624e-02
2.999935739587840031e-02
2.999935739587913236e-02
2.999935739588033279e-02
2.999935739587889991e-02
2.999935739587864664e-02
2.999935739587963543e-02
2.999935739587940645e-02
2.999935739587957992e-02
2.999935739588006217e-02
2.999935739587880623e-02
2.999935739587859113e-02
2.999935739587922950e-02
2.999935739587903522e-02
2.999935739587842112e-02
2.999935739587900746e-02
2.999935739587882011e-02
2.999935739587965972e-02
2.999935739587979502e-02
2.999935739587978462e-02
2.999935739587988176e-02
2.999935739587975686e-02
2.999935739587895542e-02
2.999935739587921216e-02
2.999935739587936481e-02
2.999935739587875419e-02
2.999935739587998584e-02
2.999935739587889991e-02
2.999935739587897970e-02
2.999935739587841765e-02
2.999935739587825806e-02
2.999935739587863276e-02
2.999935739587973604e-02
2.999935739587949318e-02
2.999935739587905256e-02
2.999935739587868827e-02
2.999935739587988176e-02
2.999935739587972910e-02
2.999935739587858072e-02
2.999935739587980543e-02
2.999935739587982625e-02
2.999935739587923644e-02
2.999935739587899705e-02
2.999935739587882705e-02
2.999935739587764050e-02
2.999935739587954175e-02
2.999935739587897623e-02
2.999935739587960420e-02
2.999935739587889297e-02
2.999935739587933359e-02
2.999935739587976380e-02
2.999935739587888950e-02
2.999935739588051667e-02
2.999935739587869521e-02
2.999935739587931277e-02
2.999935739587863623e-02
2.999935739587937522e-02
2.999935739587954175e-02
2.999935739587807418e-02
2.999935739587985400e-02
2.999935739587977768e-02
2.999935739587837949e-02
2.999935739587855990e-02
2.999935739587869868e-02
2.999935739587905603e-02
2.999935739587940645e-02
2.999935739587978809e-02
2.999935739587914277e-02
2.999935739587931971e-02
2.999935739587842112e-02
2.999935739587874031e-02
2.999935739587979849e-02
2.999935739587895542e-02
2.999935739587803255e-02
2.999935739587891725e-02
2.999935739587831357e-02
2.999935739587857378e-02
2.999935739587871603e-02
2.999935739587949318e-02
2.999935739587893807e-02
2.999935739587882358e-02
2.999935739587882705e-02
2.999935739587935093e-02
2.999935739587889644e-02
2.999935739587804989e-02
2.999935739587955563e-02
2.999935739587869868e-02
2.999935739587952788e-02
2.999935739587924338e-02
2.999935739587907685e-02
2.999935739587929889e-02
2.999935739587851133e-02
2.999935739588004482e-02
2.999935739587930583e-02
2.999935739587903868e-02
2.999935739587879235e-02
2.999935739587909420e-02
2.999935739587881317e-02
2.999935739587778621e-02
2.999935739587965972e-02
2.999935739587878195e-02
2.999935739587937175e-02
2.999935739587926073e-02
2.999935739587865705e-02
2.999935739587889297e-02
2.999935739587843847e-02
2.999935739587854255e-02
2.999935739587882011e-02
2.999935739587818867e-02
2.999935739587928155e-02
2.999935739587990952e-02
2.999935739587833439e-02
2.999935739587867439e-02
2.999935739587810193e-02
2.999935739587893807e-02
2.999935739587850439e-02
2.999935739587876807e-02
2.999935739587909073e-02
2.999935739587919828e-02
2.999935739587845929e-02
2.999935739587909073e-02
2.999935739587947930e-02
2.999935739587841765e-02
2.999935739587911848e-02
2.999935739587890685e-02
2.999935739587866398e-02
2.999935739587893113e-02
2.999935739587833439e-02
2.999935739587862235e-02
2.999935739587874031e-02
2.999935739587850439e-02
2.999935739587920175e-02
2.999935739587871603e-02
2.999935739587877154e-02
2.999935739587888256e-02
2.999935739587870909e-02
2.999935739587879929e-02
2.999935739587856337e-02
2.999935739587892072e-02
2.999935739587862582e-02
2.999935739587864664e-02
2.999935739587826500e-02
2.999935739587911154e-02
2.999935739587902481e-02
2.999935739587869174e-02
2.999935739587868480e-02
2.999935739587896583e-02
2.999935739587882358e-02
2.999935739587881317e-02
2.999935739587890338e-02
2.999935739587870909e-02
2.999935739587850786e-02
2.999935739587885480e-02
2.999935739587872296e-02
2.999935739587877501e-02
2.999935739587870909e-02
2.999935739587889644e-02
2.999935739587879929e-02
2.999935739587874378e-02
2.999935739587889991e-02
2.999935739587896583e-02
2.999935739587868827e-02
2.999935739587854602e-02
2.999935739587850092e-02
2.999935739587866398e-02
2.999935739587905950e-02
2.999935739587891032e-02
2.999935739587908379e-02
2.999935739587892419e-02
2.999935739587887562e-02
2.999935739587884093e-02
2.999935739587870215e-02
2.999935739587912889e-02
2.999935739587888950e-02
2.999935739587869521e-02
2.999935739587909073e-02
2.999935739587895195e-02
2.999935739587910807e-02
2.999935739587917399e-02
2.999935739587921216e-02
2.999935739587889297e-02
2.999935739587871603e-02
2.999935739587907685e-02
2.999935739587890685e-02
2.999935739587878542e-02
2.999935739587899705e-02
2.999935739587908379e-02
2.999935739587889644e-02
2.999935739587908379e-02
2.999935739587887909e-02
2.999935739587877154e-02
2.999935739587884440e-02
2.999935739587896583e-02
2.999935739587910113e-02
2.999935739587894501e-02
2.999935739587903522e-02
2.999935739587897970e-02
2.999935739587901440e-02
2.999935739587895889e-02
2.999935739587897623e-02
2.999935739587903175e-02
2.999935739587907685e-02
2.999935739587916705e-02
2.999935739587907685e-02
2.999935739587896583e-02
2.999935739587900746e-02
2.999935739587900399e-02
2.999935739587903868e-02
2.999935739587902828e-02
2.999935739587904562e-02
2.999935739587911848e-02
2.999935739587906991e-02
2.999935739587899705e-02
2.999935739587904909e-02
2.999935739587905603e-02
2.999935739587915665e-02
2.999935739587906297e-02
2.999935739587910113e-02
2.999935739587906644e-02
2.999935739587912195e-02
2.999935739587914971e-02
2.999935739587917052e-02
2.999935739587915665e-02
2.999935739587916358e-02
2.999935739587917746e-02
2.999935739587914624e-02
2.999935739587918093e-02
2.999935739587917399e-02
2.999935739587917052e-02
2.999935739587919134e-02
2.999935739587921563e-02
2.999935739587922257e-02
2.999935739587922603e-02
2.999935739587922257e-02
2.999935739587922603e-02
2.999935739587923644e-02
2.999935739587925379e-02
2.999935739587925726e-02
2.999935739587927114e-02
2.999935739587926420e-02
2.999935739587928155e-02
2.999935739587926767e-02
2.999935739587928155e-02
2.999935739587929195e-02
2.999935739587929195e-02
2.999935739587930236e-02
2.999935739587931971e-02
2.999935739587931971e-02
2.999935739587933012e-02
2.999935739587934053e-02
2.999935739587934053e-02
2.999935739587935787e-02
2.999935739587937175e-02
2.999935739587938563e-02
2.999935739587940298e-02
2.999935739587940645e-02
2.999935739587942032e-02
2.999935739587943420e-02
2.999935739587943073e-02
2.999935739587945849e-02
2.999935739587943767e-02
2.999935739587947237e-02
2.999935739587945155e-02
2.999935739587946890e-02
2.999935739587948277e-02
2.999935739587950359e-02
2.999935739587950012e-02
2.999935739587949318e-02
2.999935739587950359e-02
2.999935739587952788e-02
2.999935739587946196e-02
2.999935739587948971e-02
2.999935739587954869e-02
2.999935739587950012e-02
2.999935739587952788e-02
2.999935739587956604e-02
2.999935739587948624e-02
2.999935739587951400e-02
2.999935739587955563e-02
2.999935739587946196e-02
2.999935739587953482e-02
2.999935739587962849e-02
2.999935739587954869e-02
2.999935739587951747e-02
2.999935739587960420e-02
2.999935739587963543e-02
2.999935739587972910e-02
2.999935739587958339e-02
2.999935739587962502e-02
2.999935739587961808e-02
2.999935739587970482e-02
2.999935739587961461e-02
2.999935739587974992e-02
2.999935739587977074e-02
2.999935739587965972e-02
2.999935739587964931e-02
2.999935739587967359e-02
2.999935739587960074e-02
2.999935739587974298e-02
2.999935739587969788e-02
2.999935739587982625e-02
2.999935739587972564e-02
2.999935739587991299e-02
2.999935739587956257e-02
2.999935739587952094e-02
2.999935739587973257e-02
2.999935739587952094e-02
2.999935739587965625e-02
2.999935739587990258e-02
2.999935739587982625e-02
2.999935739588000666e-02
2.999935739587973257e-02
2.999935739587954522e-02
2.999935739587980543e-02
2.999935739587950359e-02
2.999935739587956604e-02
2.999935739587979155e-02
2.999935739587972910e-02
2.999935739587969441e-02
2.999935739587968053e-02
2.999935739587986788e-02
2.999935739587972217e-02
2.999935739587976380e-02
2.999935739587985400e-02
2.999935739587999278e-02
2.999935739588002054e-02
2.999935739587977768e-02
2.999935739587978462e-02
2.999935739587988870e-02
2.999935739588020442e-02
2.999935739588021136e-02
2.999935739587999278e-02
2.999935739587975686e-02
2.999935739587976727e-02
2.999935739588009687e-02
2.999935739587974298e-02
2.999935739588026340e-02
2.999935739588025646e-02
2.999935739587957645e-02
2.999935739587958339e-02
2.999935739588010380e-02
2.999935739587999972e-02
2.999935739588013156e-02
2.999935739588046810e-02
2.999935739588000319e-02
2.999935739588022870e-02
2.999935739588002748e-02
2.999935739587995809e-02
2.999935739587983319e-02
2.999935739588006911e-02
2.999935739587997197e-02
2.999935739588000666e-02
2.999935739587973604e-02
2.999935739588012809e-02
2.999935739588017319e-02
2.999935739588013503e-02
2.999935739588015932e-02
2.999935739588066932e-02
2.999935739588031891e-02
2.999935739588031891e-02
2.999935739588029809e-02
2.999935739587981584e-02
2.999935739588027034e-02
2.999935739588076300e-02
2.999935739587977074e-02
2.999935739588028075e-02
2.999935739588003789e-02
2.999935739588040218e-02
2.999935739587995115e-02
2.999935739588029462e-02
2.999935739587955563e-02
2.999935739588022177e-02
2.999935739588006217e-02
2.999935739588007952e-02
2.999935739588020095e-02
2.999935739587996850e-02
2.999935739588009687e-02
2.999935739588069014e-02
2.999935739588025993e-02
2.999935739588024258e-02
2.999935739588081157e-02
2.999935739587920175e-02
2.999935739587922950e-02
2.999935739588103709e-02
2.999935739587973604e-02
2.999935739587961114e-02
2.999935739588019054e-02
2.999935739587960767e-02
2.999935739588014891e-02
2.999935739588066586e-02
2.999935739588115505e-02
2.999935739588068667e-02
2.999935739587934747e-02
2.999935739588031544e-02
2.999935739587963890e-02
2.999935739588098157e-02
2.999935739587999278e-02
2.999935739588042993e-02
2.999935739587985400e-02
2.999935739588014197e-02
2.999935739588018013e-02
2.999935739588024952e-02
2.999935739587921216e-02
2.999935739588040218e-02
2.999935739588061034e-02
2.999935739588054096e-02
2.999935739588058953e-02
2.999935739588078729e-02
2.999935739588056177e-02
2.999935739588054096e-02
2.999935739588020789e-02
2.999935739588102668e-02
2.999935739588091219e-02
2.999935739588084280e-02
2.999935739588123831e-02
2.999935739587998237e-02
2.999935739588015238e-02
2.999935739588083239e-02
2.999935739588094688e-02
2.999935739588121403e-02
2.999935739588038136e-02
2.999935739588022870e-02
2.999935739588107178e-02
2.999935739587963890e-02
2.999935739588186975e-02
2.999935739587898664e-02
2.999935739588051320e-02
2.999935739588043340e-02
2.999935739588141179e-02
2.999935739588084974e-02
2.999935739588077688e-02
2.999935739588144995e-02
2.999935739588028422e-02
2.999935739588057218e-02
2.999935739588004482e-02
2.999935739588154363e-02
2.999935739588153669e-02
2.999935739587986441e-02
2.999935739588008299e-02
2.999935739588180383e-02
2.999935739588071443e-02
2.999935739588026340e-02
2.999935739588106831e-02
2.999935739588039871e-02
2.999935739588165118e-02
2.999935739588038136e-02
2.999935739588161648e-02
2.999935739588051320e-02
2.999935739588029809e-02
2.999935739588140138e-02
2.999935739588116546e-02
2.999935739588244915e-02
2.999935739588026340e-02
2.999935739588023564e-02
2.999935739587846970e-02
2.999935739588168587e-02
2.999935739588129729e-02
2.999935739588118974e-02
2.999935739588026687e-02
2.999935739588068667e-02
2.999935739588118627e-02
2.999935739588162342e-02
2.999935739588063463e-02
2.999935739588055830e-02
2.999935739588192180e-02
2.999935739588012462e-02
2.999935739588232425e-02
2.999935739588128689e-02
2.999935739588076994e-02
2.999935739587960074e-02
2.999935739588086361e-02
2.999935739588171363e-02
2.999935739588147077e-02
2.999935739588156791e-02
2.999935739588043687e-02
2.999935739588181077e-02
2.999935739588252548e-02
2.999935739588041606e-02
2.999935739587954175e-02
2.999935739588206404e-02
2.999935739588171710e-02
2.999935739588140832e-02
2.999935739587995462e-02
2.999935739588154016e-02
2.999935739588199118e-02
2.999935739588084627e-02
2.999935739588125913e-02
2.999935739588124178e-02
2.999935739588153669e-02
2.999935739588175873e-02
2.999935739588095729e-02
2.999935739588053055e-02
2.999935739588155403e-02
2.999935739588118627e-02
2.999935739588129036e-02
2.999935739588073524e-02
2.999935739588052708e-02
2.999935739588050973e-02
2.999935739588174138e-02
2.999935739588096423e-02
2.999935739588235201e-02
2.999935739588254283e-02
2.999935739588104749e-02
2.999935739588179343e-02
2.999935739588173444e-02
2.999935739588046463e-02
2.999935739588034667e-02
2.999935739588112382e-02
2.999935739588042299e-02
2.999935739588164424e-02
2.999935739588193220e-02
2.999935739588052014e-02
2.999935739588179689e-02
2.999935739588298345e-02
2.999935739588180730e-02
2.999935739588151934e-02
2.999935739588344141e-02
2.999935739588206751e-02
2.999935739588218547e-02
2.999935739588186628e-02
2.999935739588036401e-02
2.999935739588005523e-02
2.999935739588177955e-02
2.999935739588042299e-02
2.999935739588122097e-02
2.999935739588058259e-02
2.999935739588256711e-02
2.999935739588217853e-02
2.999935739588047851e-02
2.999935739588296957e-02
2.999935739588202241e-02
2.999935739588156097e-02
2.999935739588100586e-02
2.999935739588180383e-02
2.999935739588038136e-02
2.999935739588019054e-02
2.999935739588121750e-02
2.999935739588039177e-02
2.999935739588117239e-02
2.999935739588262956e-02
2.999935739588285855e-02
2.999935739588330957e-02
2.999935739588232425e-02
2.999935739588324018e-02
2.999935739588138750e-02
2.999935739588162342e-02
2.999935739588210221e-02
2.999935739588295222e-02
2.999935739588267120e-02
2.999935739588240752e-02
2.999935739588167199e-02
2.999935739588117933e-02
2.999935739588223751e-02
2.999935739588338590e-02
2.999935739588118627e-02
2.999935739588311875e-02
2.999935739588189751e-02
2.999935739588224098e-02
2.999935739588250466e-02
2.999935739588237629e-02
2.999935739588096423e-02
2.999935739588311182e-02
2.999935739588066239e-02
2.999935739588337896e-02
2.999935739588241446e-02
2.999935739588293487e-02
2.999935739588426020e-02
2.999935739588158873e-02
2.999935739588224445e-02
2.999935739588262262e-02
2.999935739588249772e-02
2.999935739588127648e-02
2.999935739588331651e-02
2.999935739588313610e-02
2.999935739588122097e-02
2.999935739588135281e-02
2.999935739588305977e-02
2.999935739588289324e-02
2.999935739588229650e-02
2.999935739588309100e-02
2.999935739588248731e-02
2.999935739588367734e-02
2.999935739588270589e-02
2.999935739588152628e-02
2.999935739588324018e-02
2.999935739588284467e-02
2.999935739588244221e-02
2.999935739588246650e-02
2.999935739588219241e-02
2.999935739588363223e-02
2.999935739588268160e-02
2.999935739588264344e-02
2.999935739588324018e-02
2.999935739588227568e-02
2.999935739588301120e-02
2.999935739588274752e-02
2.999935739588378836e-02
2.999935739588224792e-02
2.999935739588124178e-02
2.999935739588377448e-02
2.999935739588432959e-02
2.999935739588358019e-02
2.999935739588156097e-02
2.999935739588345529e-02
2.999935739588416306e-02
2.999935739588232425e-02
2.999935739588294181e-02
2.999935739588301467e-02
2.999935739588343447e-02
2.999935739588214037e-02
2.999935739588239364e-02
2.999935739588256711e-02
2.999935739588301120e-02
2.999935739588312916e-02
2.999935739588118627e-02
2.999935739588334427e-02
2.999935739588463143e-02
2.999935739588065198e-02
2.999935739588271977e-02
2.999935739588207098e-02
2.999935739588414224e-02
2.999935739588400346e-02
2.999935739588224792e-02
2.999935739588240058e-02
2.999935739588204670e-02
2.999935739588409020e-02
2.999935739588292793e-02
2.999935739588235895e-02
2.999935739588261568e-02
2.999935739588339631e-02
2.999935739588086014e-02
2.999935739588222017e-02
2.999935739588348305e-02
2.999935739588388550e-02
2.999935739588354897e-02
2.999935739588238670e-02
2.999935739588185935e-02
2.999935739588280997e-02
2.999935739588417000e-02
2.999935739588239017e-02
2.999935739588422204e-02
2.999935739588247344e-02
2.999935739588348999e-02
2.999935739588222017e-02
2.999935739588305977e-02
2.999935739588494021e-02
2.999935739588110994e-02
2.999935739588389591e-02
2.999935739588255670e-02
2.999935739588224098e-02
2.999935739588306324e-02
2.999935739588342754e-02
2.999935739588755618e-02
2.999935739588130076e-02
2.999935739588380570e-02
2.999935739588295569e-02
2.999935739588210915e-02
2.999935739588393754e-02
2.999935739588276834e-02
2.999935739588410061e-02
2.999935739588261568e-02
2.999935739588378142e-02
2.999935739588154709e-02
2.999935739588265732e-02
2.999935739588332345e-02
2.999935739588353856e-02
2.999935739588113076e-02
2.999935739588538430e-02
2.999935739588369815e-02
2.999935739588330610e-02
2.999935739588383693e-02
2.999935739588614064e-02
2.999935739588424979e-02
2.999935739588286895e-02
2.999935739588537736e-02
2.999935739588310835e-02
2.999935739588344488e-02
2.999935739588583880e-02
2.999935739588480837e-02
2.999935739588121403e-02
2.999935739588448919e-02
2.999935739588634534e-02
2.999935739588183159e-02
2.999935739588507899e-02
2.999935739588386122e-02
2.999935739588326794e-02
2.999935739588333733e-02
2.999935739588162342e-02
2.999935739588673739e-02
2.999935739588404510e-02
2.999935739588285855e-02
2.999935739588233466e-02
2.999935739588600186e-02
2.999935739588348999e-02
2.999935739588711903e-02
2.999935739588287936e-02
2.999935739588331651e-02
2.999935739588345529e-02
2.999935739588294181e-02
2.999935739588460021e-02
2.999935739588566880e-02
2.999935739588549533e-02
2.999935739588778169e-02
2.999935739588599146e-02
2.999935739588612676e-02
2.999935739588601921e-02
2.999935739588495062e-02
2.999935739588131464e-02
2.999935739588370509e-02
2.999935739588141526e-02
2.999935739588221670e-02
2.999935739588249425e-02
2.999935739588157485e-02
2.999935739588453429e-02
2.999935739588352121e-02
2.999935739588222364e-02
2.999935739588302508e-02
2.999935739588289671e-02
2.999935739588198771e-02
2.999935739588568268e-02
2.999935739588134587e-02
2.999935739588538083e-02
2.999935739588126260e-02
2.999935739588363570e-02
2.999935739588460715e-02
2.999935739588369815e-02
2.999935739588504430e-02
2.999935739588216466e-02
2.999935739588473552e-02
2.999935739588307712e-02
2.999935739588432959e-02
2.999935739588349345e-02
2.999935739588568961e-02
2.999935739588432612e-02
2.999935739588775047e-02
2.999935739588549879e-02
2.999935739588553002e-02
2.999935739588180383e-02
2.999935739588592207e-02
2.999935739588252895e-02
