2.999935733181153738e-02
2.999935733180903938e-02
2.999935733180959796e-02
2.999935733181158942e-02
2.999935733181332762e-02
2.999935733181078798e-02
2.999935733181133268e-02
2.999935733181061798e-02
2.999935733181521152e-02
2.999935733181436151e-02
2.999935733181120778e-02
2.999935733181513173e-02
2.999935733181315761e-02
2.999935733181219658e-02
2.999935733180868550e-02
2.999935733181392783e-02
2.999935733181245331e-02
2.999935733181072553e-02
2.999935733181039940e-02
2.999935733181308822e-02
2.999935733181475356e-02
2.999935733181468070e-02
2.999935733181346986e-02
2.999935733181374742e-02
2.999935733180910530e-02
2.999935733181198841e-02
2.999935733181237005e-02
2.999935733181199882e-02
2.999935733181461478e-02
2.999935733181144371e-02
2.999935733181200229e-02
2.999935733180890754e-02
2.999935733181434416e-02
2.999935733180972286e-02
2.999935733181285577e-02
2.999935733181061798e-02
2.999935733180972286e-02
2.999935733181643624e-02
2.999935733181015654e-02
2.999935733181138819e-02
2.999935733181191555e-02
2.999935733181386191e-02
2.999935733180947653e-02
2.999935733181272046e-02
2.999935733181050695e-02
2.999935733181356701e-02
2.999935733181457315e-02
2.999935733181455927e-02
2.999935733181181147e-02
2.999935733181243250e-02
2.999935733180925101e-02
2.999935733181278638e-02
2.999935733181275516e-02
2.999935733181195371e-02
2.999935733181458009e-02
2.999935733181051736e-02
2.999935733181026409e-02
2.999935733181144717e-02
2.999935733181105166e-02
2.999935733181042369e-02
2.999935733181619338e-02
2.999935733181166922e-02
2.999935733181198147e-02
2.999935733180909142e-02
2.999935733181309169e-02
2.999935733180988939e-02
2.999935733181255046e-02
2.999935733181161718e-02
2.999935733181014613e-02
2.999935733181295638e-02
2.999935733181009756e-02
2.999935733181301883e-02
2.999935733181210637e-02
2.999935733181516989e-02
2.999935733181612746e-02
2.999935733180953551e-02
2.999935733180955633e-02
2.999935733181064226e-02
2.999935733180962572e-02
2.999935733181314026e-02
2.999935733181176983e-02
2.999935733181479172e-02
2.999935733181094757e-02
2.999935733181425396e-02
2.999935733181169351e-02
2.999935733181236311e-02
2.999935733181308128e-02
2.999935733180902203e-02
2.999935733181229719e-02
2.999935733181580827e-02
2.999935733181138126e-02
2.999935733181052430e-02
2.999935733181239433e-02
2.999935733181328945e-02
2.999935733181273434e-02
2.999935733181139513e-02
2.999935733181170044e-02
2.999935733180924061e-02
2.999935733181226943e-02
2.999935733181255393e-02
2.999935733181334843e-02
2.999935733180869243e-02
2.999935733181162412e-02
2.999935733181201269e-02
2.999935733181225556e-02
2.999935733181148881e-02
2.999935733181199188e-02
2.999935733181258862e-02
2.999935733180978184e-02
2.999935733181183922e-02
2.999935733181179065e-02
2.999935733181201269e-02
2.999935733181195024e-02
2.999935733181226249e-02
2.999935733181214453e-02
2.999935733181029879e-02
2.999935733181106901e-02
2.999935733181076022e-02
2.999935733181137085e-02
2.999935733181348374e-02
2.999935733181102043e-02
2.999935733181127023e-02
2.999935733181253311e-02
2.999935733181103084e-02
2.999935733181098227e-02
2.999935733181147146e-02
2.999935733181256434e-02
2.999935733181095451e-02
2.999935733181213759e-02
2.999935733181144371e-02
2.999935733181365721e-02
2.999935733181216882e-02
2.999935733181194331e-02
2.999935733181192943e-02
2.999935733181236658e-02
2.999935733181244638e-02
2.999935733181182534e-02
2.999935733181170044e-02
2.999935733181158248e-02
2.999935733181212372e-02
2.999935733181175596e-02
2.999935733181016001e-02
2.999935733181216535e-02
2.999935733181201616e-02
2.999935733181228331e-02
2.999935733181169698e-02
2.999935733181157554e-02
2.999935733181335884e-02
2.999935733181280373e-02
2.999935733181284536e-02
2.999935733181241168e-02
2.999935733181236311e-02
2.999935733181073247e-02
2.999935733181150269e-02
2.999935733181009756e-02
2.999935733181179065e-02
2.999935733181206821e-02
2.999935733181090247e-02
2.999935733180984776e-02
2.999935733181043063e-02
2.999935733181145411e-02
2.999935733181118697e-02
2.999935733181122166e-02
2.999935733180988245e-02
2.999935733181205086e-02
2.999935733181129452e-02
2.999935733181152003e-02
2.999935733181272046e-02
2.999935733181207514e-02
2.999935733181281414e-02
2.999935733181137432e-02
2.999935733181351150e-02
2.999935733181101349e-02
2.999935733181229719e-02
2.999935733181139513e-02
2.999935733181176983e-02
2.999935733181148534e-02
2.999935733181302924e-02
2.999935733181077063e-02
2.999935733181192596e-02
2.999935733181214453e-02
2.999935733180966735e-02
2.999935733180951122e-02
2.999935733181231454e-02
2.999935733181185310e-02
2.999935733181092329e-02
2.999935733181104819e-02
2.999935733181247066e-02
2.999935733181276210e-02
2.999935733181167269e-02
2.999935733181206821e-02
2.999935733181188086e-02
2.999935733181239780e-02
2.999935733181148534e-02
2.999935733181003164e-02
2.999935733181238739e-02
2.999935733181209596e-02
2.999935733181243944e-02
2.999935733181279679e-02
2.999935733181105513e-02
2.999935733181110717e-02
2.999935733181109676e-02
2.999935733181227637e-02
2.999935733181179412e-02
2.999935733181299802e-02
2.999935733181175596e-02
2.999935733181115227e-02
2.999935733181108288e-02
2.999935733181100309e-02
2.999935733181158942e-02
2.999935733181358782e-02
2.999935733181061451e-02
2.999935733181144024e-02
2.999935733181093023e-02
2.999935733181183228e-02
2.999935733181154779e-02
2.999935733181172820e-02
2.999935733181246372e-02
2.999935733181213413e-02
2.999935733181000388e-02
2.999935733181099962e-02
2.999935733181170738e-02
2.999935733181204045e-02
2.999935733181166575e-02
2.999935733181132574e-02
2.999935733181186698e-02
2.999935733181199188e-02
2.999935733181282455e-02
2.999935733181077063e-02
2.999935733181058328e-02
2.999935733181154779e-02
2.999935733181178024e-02
2.999935733181222780e-02
2.999935733181201963e-02
2.999935733181161024e-02
2.999935733180959102e-02
2.999935733181350456e-02
2.999935733181208902e-02
2.999935733181290781e-02
2.999935733181187045e-02
2.999935733181218964e-02
2.999935733181212372e-02
2.999935733181347333e-02
2.999935733181003511e-02
2.999935733181029185e-02
2.999935733181117309e-02
2.999935733181249148e-02
2.999935733181081920e-02
2.999935733181104819e-02
2.999935733181140901e-02
2.999935733181190861e-02
2.999935733181129799e-02
2.999935733181122166e-02
2.999935733181049308e-02
2.999935733181118350e-02
2.999935733181091635e-02
2.999935733181097880e-02
2.999935733181214453e-02
2.999935733181124942e-02
2.999935733181081227e-02
2.999935733181249148e-02
2.999935733181144371e-02
2.999935733181273781e-02
2.999935733181099615e-02
2.999935733181014613e-02
2.999935733181180453e-02
2.999935733181187392e-02
2.999935733181181494e-02
2.999935733181293557e-02
2.999935733181180106e-02
2.999935733181100656e-02
2.999935733181118350e-02
2.999935733181169351e-02
2.999935733181197453e-02
2.999935733181105513e-02
2.999935733181073941e-02
2.999935733181240821e-02
2.999935733181101349e-02
2.999935733181150269e-02
2.999935733181157207e-02
2.999935733181159289e-02
2.999935733181135697e-02
2.999935733181290434e-02
2.999935733181235964e-02
2.999935733181187392e-02
2.999935733181088859e-02
2.999935733181121472e-02
2.999935733181163106e-02
2.999935733181192249e-02
2.999935733181049655e-02
2.999935733181187739e-02
2.999935733181082267e-02
2.999935733181052430e-02
2.999935733181054512e-02
2.999935733181145411e-02
2.999935733181126329e-02
2.999935733181097880e-02
2.999935733181105513e-02
2.999935733181039593e-02
2.999935733181191902e-02
2.999935733181237005e-02
2.999935733181134656e-02
2.999935733181138819e-02
2.999935733181102043e-02
2.999935733181054165e-02
2.999935733181114880e-02
2.999935733181159636e-02
2.999935733181146452e-02
2.999935733181124942e-02
2.999935733181090247e-02
2.999935733181164840e-02
2.999935733181147493e-02
2.999935733181155473e-02
2.999935733181103778e-02
2.999935733181048267e-02
2.999935733181155126e-02
2.999935733181110023e-02
2.999935733181143677e-02
2.999935733181079839e-02
2.999935733181163452e-02
2.999935733181096492e-02
2.999935733181048267e-02
2.999935733181089206e-02
2.999935733181144371e-02
2.999935733181069777e-02
2.999935733181079839e-02
2.999935733181067349e-02
2.999935733181113839e-02
2.999935733181073941e-02
2.999935733181152003e-02
2.999935733181143330e-02
2.999935733181208208e-02
2.999935733181114880e-02
2.999935733181110023e-02
2.999935733181131881e-02
2.999935733181059369e-02
2.999935733181048267e-02
2.999935733181174555e-02
2.999935733181138819e-02
2.999935733181108288e-02
2.999935733181183575e-02
2.999935733181088859e-02
2.999935733181036124e-02
2.999935733181158942e-02
2.999935733181170044e-02
2.999935733181056247e-02
2.999935733181081227e-02
2.999935733181152003e-02
2.999935733181165187e-02
2.999935733181096145e-02
2.999935733181031960e-02
2.999935733181146452e-02
2.999935733181104125e-02
2.999935733181073594e-02
2.999935733181060063e-02
2.999935733181150616e-02
2.999935733181131881e-02
2.999935733181009409e-02
2.999935733181178371e-02
2.999935733181095798e-02
2.999935733181090594e-02
2.999935733181061451e-02
2.999935733181112452e-02
2.999935733181085737e-02
2.999935733181047920e-02
2.999935733181080533e-02
2.999935733181072900e-02
2.999935733181098574e-02
2.999935733181124248e-02
2.999935733181127023e-02
2.999935733181139513e-02
2.999935733181129105e-02
2.999935733180997613e-02
2.999935733181013919e-02
2.999935733181100309e-02
2.999935733181039593e-02
2.999935733181038205e-02
2.999935733181135350e-02
2.999935733181058328e-02
2.999935733181082267e-02
2.999935733181139166e-02
2.999935733181102390e-02
2.999935733181081227e-02
2.999935733181100656e-02
2.999935733181082267e-02
2.999935733181129105e-02
2.999935733181071859e-02
2.999935733181074982e-02
2.999935733181113492e-02
2.999935733181090941e-02
2.999935733181115921e-02
2.999935733181145064e-02
2.999935733181137085e-02
2.999935733181108982e-02
2.999935733181120778e-02
2.999935733181112452e-02
2.999935733181085390e-02
2.999935733181086778e-02
2.999935733181115227e-02
2.999935733181098574e-02
2.999935733181060410e-02
2.999935733181045144e-02
2.999935733181115921e-02
2.999935733181148187e-02
2.999935733181095451e-02
2.999935733181129105e-02
2.999935733181114186e-02
2.999935733181068737e-02
2.999935733181081920e-02
2.999935733181126676e-02
2.999935733181106901e-02
2.999935733181095798e-02
2.999935733181108982e-02
2.999935733181077410e-02
2.999935733181087125e-02
2.999935733181084696e-02
2.999935733181077063e-02
2.999935733181108982e-02
2.999935733181097186e-02
2.999935733181084696e-02
2.999935733181086778e-02
2.999935733181096492e-02
2.999935733181110370e-02
2.999935733181072553e-02
2.999935733181122860e-02
2.999935733181108982e-02
2.999935733181095798e-02
2.999935733181114533e-02
2.999935733181097186e-02
2.999935733181116615e-02
2.999935733181100656e-02
2.999935733181113146e-02
2.999935733181132227e-02
2.999935733181112105e-02
2.999935733181132921e-02
2.999935733181097186e-02
2.999935733181129799e-02
2.999935733181115921e-02
2.999935733181110023e-02
2.999935733181122513e-02
2.999935733181083655e-02
2.999935733181131187e-02
2.999935733181099615e-02
2.999935733181125289e-02
2.999935733181072206e-02
2.999935733181122860e-02
2.999935733181102737e-02
2.999935733181111758e-02
2.999935733181113492e-02
2.999935733181112799e-02
2.999935733181115921e-02
2.999935733181118697e-02
2.999935733181112105e-02
2.999935733181115574e-02
2.999935733181103431e-02
2.999935733181117309e-02
2.999935733181121472e-02
2.999935733181118003e-02
2.999935733181120431e-02
2.999935733181123901e-02
2.999935733181108288e-02
2.999935733181119737e-02
2.999935733181122166e-02
2.999935733181122860e-02
2.999935733181122166e-02
2.999935733181112105e-02
2.999935733181119044e-02
2.999935733181115227e-02
2.999935733181123207e-02
2.999935733181112799e-02
2.999935733181119044e-02
2.999935733181123207e-02
2.999935733181124942e-02
2.999935733181115921e-02
2.999935733181131534e-02
2.999935733181122513e-02
2.999935733181121819e-02
2.999935733181122860e-02
2.999935733181131534e-02
2.999935733181126329e-02
2.999935733181125289e-02
2.999935733181128064e-02
2.999935733181129452e-02
2.999935733181129452e-02
2.999935733181130493e-02
2.999935733181126676e-02
2.999935733181126329e-02
2.999935733181129452e-02
2.999935733181128411e-02
2.999935733181128064e-02
2.999935733181129452e-02
2.999935733181129799e-02
2.999935733181129799e-02
2.999935733181130493e-02
2.999935733181129799e-02
2.999935733181132227e-02
2.999935733181132574e-02
2.999935733181134309e-02
2.999935733181134656e-02
2.999935733181136391e-02
2.999935733181137432e-02
2.999935733181138126e-02
2.999935733181137779e-02
2.999935733181138819e-02
2.999935733181139513e-02
2.999935733181139860e-02
2.999935733181139513e-02
2.999935733181141248e-02
2.999935733181141248e-02
2.999935733181141942e-02
2.999935733181143677e-02
2.999935733181144024e-02
2.999935733181145064e-02
2.999935733181146105e-02
2.999935733181146799e-02
2.999935733181147493e-02
2.999935733181147493e-02
2.999935733181149922e-02
2.999935733181150616e-02
2.999935733181148534e-02
2.999935733181148187e-02
2.999935733181152350e-02
2.999935733181154432e-02
2.999935733181154085e-02
2.999935733181157554e-02
2.999935733181158595e-02
2.999935733181157554e-02
2.999935733181157901e-02
2.999935733181157207e-02
2.999935733181154779e-02
2.999935733181161024e-02
2.999935733181164840e-02
2.999935733181160330e-02
2.999935733181158942e-02
2.999935733181167616e-02
2.999935733181164146e-02
2.999935733181162412e-02
2.999935733181161718e-02
2.999935733181164146e-02
2.999935733181167616e-02
2.999935733181164840e-02
2.999935733181169698e-02
2.999935733181153391e-02
2.999935733181173514e-02
2.999935733181175249e-02
2.999935733181161371e-02
2.999935733181167269e-02
2.999935733181178024e-02
2.999935733181173514e-02
2.999935733181172820e-02
2.999935733181186698e-02
2.999935733181185657e-02
2.999935733181169004e-02
2.999935733181172820e-02
2.999935733181172473e-02
2.999935733181169698e-02
2.999935733181174902e-02
2.999935733181174902e-02
2.999935733181174902e-02
2.999935733181137432e-02
2.999935733181156861e-02
2.999935733181182534e-02
2.999935733181175249e-02
2.999935733181149575e-02
2.999935733181173514e-02
2.999935733181174902e-02
2.999935733181190167e-02
2.999935733181183575e-02
2.999935733181178371e-02
2.999935733181173514e-02
2.999935733181195718e-02
2.999935733181199188e-02
2.999935733181198494e-02
2.999935733181171432e-02
2.999935733181186351e-02
2.999935733181192943e-02
2.999935733181206127e-02
2.999935733181190861e-02
2.999935733181200229e-02
2.999935733181204045e-02
2.999935733181168657e-02
2.999935733181197453e-02
2.999935733181177330e-02
2.999935733181174902e-02
2.999935733181197106e-02
2.999935733181183922e-02
2.999935733181229719e-02
2.999935733181170738e-02
2.999935733181198494e-02
2.999935733181194331e-02
2.999935733181202657e-02
2.999935733181217923e-02
2.999935733181197106e-02
2.999935733181244291e-02
2.999935733181199188e-02
2.999935733181185310e-02
2.999935733181206127e-02
2.999935733181230413e-02
2.999935733181187392e-02
2.999935733181222433e-02
2.999935733181244291e-02
2.999935733181189126e-02
2.999935733181222780e-02
2.999935733181205780e-02
2.999935733181179065e-02
2.999935733181171085e-02
2.999935733181166575e-02
2.999935733181188433e-02
2.999935733181226943e-02
2.999935733181188779e-02
2.999935733181182188e-02
2.999935733181194331e-02
2.999935733181227984e-02
2.999935733181183228e-02
2.999935733181151309e-02
2.999935733181203698e-02
2.999935733181226943e-02
2.999935733181180453e-02
2.999935733181253311e-02
2.999935733181163799e-02
2.999935733181242903e-02
2.999935733181238046e-02
2.999935733181265454e-02
2.999935733181202310e-02
2.999935733181218964e-02
2.999935733181194331e-02
2.999935733181170044e-02
2.999935733181210984e-02
2.999935733181173861e-02
2.999935733181213066e-02
2.999935733181201269e-02
2.999935733181183228e-02
2.999935733181192596e-02
2.999935733181226596e-02
2.999935733181239433e-02
2.999935733181199535e-02
2.999935733181170738e-02
2.999935733181180106e-02
2.999935733181212372e-02
2.999935733181209249e-02
2.999935733181222780e-02
2.999935733181211331e-02
2.999935733181133615e-02
2.999935733181221045e-02
2.999935733181130493e-02
2.999935733181251576e-02
2.999935733181202310e-02
2.999935733181271699e-02
2.999935733181147493e-02
2.999935733181291128e-02
2.999935733181221392e-02
2.999935733181225209e-02
2.999935733181229719e-02
2.999935733181241168e-02
2.999935733181231454e-02
2.999935733181255393e-02
2.999935733181263026e-02
2.999935733181280373e-02
2.999935733181207514e-02
2.999935733181236311e-02
2.999935733181223821e-02
2.999935733181194331e-02
2.999935733181159983e-02
2.999935733181325476e-02
2.999935733181226596e-02
2.999935733181135003e-02
2.999935733181291128e-02
2.999935733181088859e-02
2.999935733181328251e-02
2.999935733181133962e-02
2.999935733181257128e-02
2.999935733181271352e-02
2.999935733181242903e-02
2.999935733181264413e-02
2.999935733181207168e-02
2.999935733181190514e-02
2.999935733181320618e-02
2.999935733181284189e-02
2.999935733181155126e-02
2.999935733181265454e-02
2.999935733181308475e-02
2.999935733181335884e-02
2.999935733181187392e-02
2.999935733181302577e-02
2.999935733181215841e-02
2.999935733181283495e-02
2.999935733181339353e-02
2.999935733181361558e-02
2.999935733181233882e-02
2.999935733181335884e-02
2.999935733181177677e-02
2.999935733181168657e-02
2.999935733181275516e-02
2.999935733181272740e-02
2.999935733181253311e-02
2.999935733181306741e-02
2.999935733181252270e-02
2.999935733181307435e-02
2.999935733181311251e-02
2.999935733181477784e-02
2.999935733181309863e-02
2.999935733181188433e-02
2.999935733181249148e-02
2.999935733181268577e-02
2.999935733181331374e-02
2.999935733181302577e-02
2.999935733181457315e-02
2.999935733181192596e-02
2.999935733181268924e-02
2.999935733181356007e-02
2.999935733181208555e-02
2.999935733181135003e-02
2.999935733181218617e-02
2.999935733181301190e-02
2.999935733181265454e-02
2.999935733181290781e-02
2.999935733181309516e-02
2.999935733181183922e-02
2.999935733181197106e-02
2.999935733181243597e-02
2.999935733181310210e-02
2.999935733181249148e-02
2.999935733181204045e-02
2.999935733181303271e-02
2.999935733181373701e-02
2.999935733181307435e-02
2.999935733181316802e-02
2.999935733181350803e-02
2.999935733181361558e-02
2.999935733181395212e-02
2.999935733181181147e-02
2.999935733181315761e-02
2.999935733181279332e-02
2.999935733181390701e-02
2.999935733181246372e-02
2.999935733181335884e-02
2.999935733181326863e-02
2.999935733181304659e-02
2.999935733181524275e-02
2.999935733181453498e-02
2.999935733181274128e-02
2.999935733181258862e-02
2.999935733181481254e-02
2.999935733181325129e-02
2.999935733181208555e-02
2.999935733181336578e-02
2.999935733181218617e-02
2.999935733181326863e-02
2.999935733181226943e-02
2.999935733181288700e-02
2.999935733181356007e-02
2.999935733181299108e-02
2.999935733181378558e-02
2.999935733181369885e-02
2.999935733181301883e-02
2.999935733181450723e-02
2.999935733181283495e-02
2.999935733181167269e-02
2.999935733181349762e-02
2.999935733181445865e-02
2.999935733181387926e-02
2.999935733181342129e-02
2.999935733181345598e-02
2.999935733181375783e-02
2.999935733181290087e-02
2.999935733181426090e-02
2.999935733181241862e-02
2.999935733181442743e-02
2.999935733181206127e-02
2.999935733181340047e-02
2.999935733181381334e-02
2.999935733181337272e-02
2.999935733181433722e-02
2.999935733181357395e-02
2.999935733181254699e-02
2.999935733181340741e-02
2.999935733181326170e-02
2.999935733181473968e-02
2.999935733181502764e-02
2.999935733181340047e-02
2.999935733181332415e-02
2.999935733181291475e-02
2.999935733181219311e-02
2.999935733181384456e-02
2.999935733181302577e-02
2.999935733181326863e-02
2.999935733181365721e-02
2.999935733181311251e-02
2.999935733181371272e-02
2.999935733181365721e-02
2.999935733181351843e-02
2.999935733181413600e-02
2.999935733181336578e-02
2.999935733181290087e-02
2.999935733181348027e-02
2.999935733181534683e-02
2.999935733181408742e-02
2.999935733181444825e-02
2.999935733181251923e-02
2.999935733181475356e-02
2.999935733181439967e-02
2.999935733181378905e-02
2.999935733181413600e-02
2.999935733181359476e-02
2.999935733181467029e-02
2.999935733181386538e-02
2.999935733181419151e-02
2.999935733181442743e-02
2.999935733181304659e-02
2.999935733181237005e-02
2.999935733181375436e-02
2.999935733181338660e-02
2.999935733181615521e-02
2.999935733181430947e-02
2.999935733181357048e-02
2.999935733181437886e-02
2.999935733181283148e-02
2.999935733181395558e-02
2.999935733181539541e-02
2.999935733181346639e-02
2.999935733181557235e-02
2.999935733181417069e-02
2.999935733181384109e-02
2.999935733181579786e-02
2.999935733181297026e-02
2.999935733181507275e-02
2.999935733181449682e-02
2.999935733181446906e-02
2.999935733181521846e-02
2.999935733181306047e-02
2.999935733181391395e-02
2.999935733181449682e-02
2.999935733181513520e-02
2.999935733181453151e-02
2.999935733181521846e-02
2.999935733181532949e-02
2.999935733181467029e-02
2.999935733181344558e-02
2.999935733181277250e-02
2.999935733181333802e-02
2.999935733181488887e-02
2.999935733181454192e-02
2.999935733181383068e-02
2.999935733181627318e-02
2.999935733181394171e-02
2.999935733181428865e-02
2.999935733181306741e-02
2.999935733181457315e-02
2.999935733181496172e-02
2.999935733181454539e-02
2.999935733181396252e-02
2.999935733181411171e-02
2.999935733181408742e-02
2.999935733181351150e-02
2.999935733181462172e-02
2.999935733181482295e-02
2.999935733181448294e-02
2.999935733181337619e-02
2.999935733181370232e-02
2.999935733181689074e-02
2.999935733181571806e-02
2.999935733181307435e-02
2.999935733181451764e-02
2.999935733181709197e-02
2.999935733181591235e-02
2.999935733181547173e-02
2.999935733181544745e-02
2.999935733181395212e-02
2.999935733181562092e-02
2.999935733181380293e-02
2.999935733181374742e-02
2.999935733181541969e-02
2.999935733181570766e-02
2.999935733181468070e-02
2.999935733181439620e-02
2.999935733181477437e-02
2.999935733181379599e-02
2.999935733181293210e-02
2.999935733181419498e-02
2.999935733181508662e-02
2.999935733181468070e-02
2.999935733181351843e-02
2.999935733181440661e-02
2.999935733181362946e-02
2.999935733181583603e-02
2.999935733181518377e-02
2.999935733181340047e-02
2.999935733181359476e-02
2.999935733181536418e-02
2.999935733181481601e-02
2.999935733181518377e-02
2.999935733181652645e-02
2.999935733181432335e-02
2.999935733181543357e-02
2.999935733181634950e-02
2.999935733181458009e-02
2.999935733181528438e-02
2.999935733181602338e-02
2.999935733181518377e-02
2.999935733181458702e-02
2.999935733181495479e-02
2.999935733181474662e-02
2.999935733181380293e-02
2.999935733181589154e-02
2.999935733181478825e-02
2.999935733181395558e-02
2.999935733181317496e-02
2.999935733181277597e-02
2.999935733181286618e-02
2.999935733181646746e-02
2.999935733181294945e-02
2.999935733181717870e-02
2.999935733181674155e-02
2.999935733181437539e-02
2.999935733181785524e-02
2.999935733181444131e-02
2.999935733181227290e-02
2.999935733181112105e-02
2.999935733181465641e-02
2.999935733181644665e-02
2.999935733181643277e-02
2.999935733181423314e-02
2.999935733181471886e-02
2.999935733181648481e-02
2.999935733181781361e-02
2.999935733181422967e-02
2.999935733181557929e-02
2.999935733181667910e-02
2.999935733181459396e-02
2.999935733181354619e-02
2.999935733181382722e-02
2.999935733181579786e-02
2.999935733181717176e-02
2.999935733181679706e-02
2.999935733181667563e-02
2.999935733181519765e-02
2.999935733181574235e-02
2.999935733181584990e-02
2.999935733181696013e-02
2.999935733181628705e-02
2.999935733181720993e-02
2.999935733181529479e-02
2.999935733181298067e-02
2.999935733181405620e-02
2.999935733181735564e-02
2.999935733181642930e-02
2.999935733181633216e-02
2.999935733181730707e-02
2.999935733181481601e-02
2.999935733181344905e-02
2.999935733181479172e-02
2.999935733181683870e-02
2.999935733181508316e-02
2.999935733181753605e-02
2.999935733181699482e-02
2.999935733181933670e-02
2.999935733181538500e-02
2.999935733181592276e-02
2.999935733181153738e-02
2.999935733181876424e-02
2.999935733181577011e-02
2.999935733181590541e-02
2.999935733181682135e-02
2.999935733181504499e-02
2.999935733181582215e-02
2.999935733181864281e-02
2.999935733181487152e-02
2.999935733181666175e-02
2.999935733181751524e-02
2.999935733181838607e-02
2.999935733181603378e-02
2.999935733181615521e-02
2.999935733181541275e-02
2.999935733181755687e-02
2.999935733181616562e-02
2.999935733181564174e-02
2.999935733181518724e-02
2.999935733181666869e-02
2.999935733181250883e-02
2.999935733181642583e-02
2.999935733181031960e-02
2.999935733181456968e-02
2.999935733181165187e-02
2.999935733181710584e-02
2.999935733181763320e-02
2.999935733181709197e-02
2.999935733181410824e-02
2.999935733181427130e-02
2.999935733181708850e-02
2.999935733181488540e-02
2.999935733181754646e-02
2.999935733181412212e-02
2.999935733181205433e-02
2.999935733181503458e-02
2.999935733181191902e-02
2.999935733181272046e-02
2.999935733181601297e-02
2.999935733181579439e-02
