2.999935169539905133e-02
2.999935169540093177e-02
2.999935169540261792e-02
2.999935169540339161e-02
2.999935169539874255e-02
2.999935169539677191e-02
2.999935169540106361e-02
2.999935169539982155e-02
2.999935169540794699e-02
2.999935169539718824e-02
2.999935169540170893e-02
2.999935169540347835e-02
2.999935169540159444e-02
2.999935169539656374e-02
2.999935169539939828e-02
2.999935169540159097e-02
2.999935169540298915e-02
2.999935169540136198e-02
2.999935169539919358e-02
2.999935169540178179e-02
2.999935169540035931e-02
2.999935169540153199e-02
2.999935169540261445e-02
2.999935169539882235e-02
2.999935169540272201e-02
2.999935169539929072e-02
2.999935169540068197e-02
2.999935169539817703e-02
2.999935169539480473e-02
2.999935169540354774e-02
2.999935169540022747e-02
2.999935169540194485e-02
2.999935169540214261e-02
2.999935169540160484e-02
2.999935169540061952e-02
2.999935169540172628e-02
2.999935169540138280e-02
2.999935169540168811e-02
2.999935169540141056e-02
2.999935169540164301e-02
2.999935169540120239e-02
2.999935169540229180e-02
2.999935169540278099e-02
2.999935169540023094e-02
2.999935169539949889e-02
2.999935169539846500e-02
2.999935169539644231e-02
2.999935169539848581e-02
2.999935169539980767e-02
2.999935169540042176e-02
2.999935169540012686e-02
2.999935169540113994e-02
2.999935169540211485e-02
2.999935169539806601e-02
2.999935169540171587e-02
2.999935169540158403e-02
2.999935169539773988e-02
2.999935169540045993e-02
2.999935169539841989e-02
2.999935169540215996e-02
2.999935169540084851e-02
2.999935169540374202e-02
2.999935169540014074e-02
2.999935169539636251e-02
2.999935169540248608e-02
2.999935169540028645e-02
2.999935169539912419e-02
2.999935169539907562e-02
2.999935169540058830e-02
2.999935169540186158e-02
2.999935169540130647e-02
2.999935169539950583e-02
2.999935169540411325e-02
2.999935169540275670e-02
2.999935169540212526e-02
2.999935169540125443e-02
2.999935169540114341e-02
2.999935169539941562e-02
2.999935169540243057e-02
2.999935169540133423e-02
2.999935169540331875e-02
2.999935169539962726e-02
2.999935169540218771e-02
2.999935169540385999e-02
2.999935169539915542e-02
2.999935169540160831e-02
2.999935169540165342e-02
2.999935169540147994e-02
2.999935169540132382e-02
2.999935169540221894e-02
2.999935169540112606e-02
2.999935169540162566e-02
2.999935169540098381e-02
2.999935169540401958e-02
2.999935169539915542e-02
2.999935169540077565e-02
2.999935169540126484e-02
2.999935169539999155e-02
2.999935169540135504e-02
2.999935169540188240e-02
2.999935169539993604e-02
2.999935169539875296e-02
2.999935169539994645e-02
2.999935169539977992e-02
2.999935169540077218e-02
2.999935169540018237e-02
2.999935169540002278e-02
2.999935169540116076e-02
2.999935169540066809e-02
2.999935169540050850e-02
2.999935169540112259e-02
2.999935169540027258e-02
2.999935169540118851e-02
2.999935169539967236e-02
2.999935169540029339e-02
2.999935169540007135e-02
2.999935169540055360e-02
2.999935169540147994e-02
2.999935169540102198e-02
2.999935169539988400e-02
2.999935169540232996e-02
2.999935169539954746e-02
2.999935169540215649e-02
2.999935169540191710e-02
2.999935169539881194e-02
2.999935169539794458e-02
2.999935169539900276e-02
2.999935169540116076e-02
2.999935169539834356e-02
2.999935169540202118e-02
2.999935169540023094e-02
2.999935169540053626e-02
2.999935169540105320e-02
2.999935169540166729e-02
2.999935169540058136e-02
2.999935169540054319e-02
2.999935169540085197e-02
2.999935169540040442e-02
2.999935169540205934e-02
2.999935169540039054e-02
2.999935169540182689e-02
2.999935169539892990e-02
2.999935169540011298e-02
2.999935169540002278e-02
2.999935169540133423e-02
2.999935169540213220e-02
2.999935169540290242e-02
2.999935169539859336e-02
2.999935169539942603e-02
2.999935169540035584e-02
2.999935169540119545e-02
2.999935169539718130e-02
2.999935169539984930e-02
2.999935169540133423e-02
2.999935169539995339e-02
2.999935169540124402e-02
2.999935169540230567e-02
2.999935169540172974e-02
2.999935169539955787e-02
2.999935169540053279e-02
2.999935169540031421e-02
2.999935169540084851e-02
2.999935169540081728e-02
2.999935169540034891e-02
2.999935169540069585e-02
2.999935169540157362e-02
2.999935169540161872e-02
2.999935169539981461e-02
2.999935169539882235e-02
2.999935169539979379e-02
2.999935169540015462e-02
2.999935169540076871e-02
2.999935169540113647e-02
2.999935169540170199e-02
2.999935169539932195e-02
2.999935169540063687e-02
2.999935169540002278e-02
2.999935169540162566e-02
2.999935169539978685e-02
2.999935169540055013e-02
2.999935169539955093e-02
2.999935169540151811e-02
2.999935169540081728e-02
2.999935169540075136e-02
2.999935169540085197e-02
2.999935169540043911e-02
2.999935169540119545e-02
2.999935169539909990e-02
2.999935169540029339e-02
2.999935169539804519e-02
2.999935169540082769e-02
2.999935169540108790e-02
2.999935169540032809e-02
2.999935169540021707e-02
2.999935169540018931e-02
2.999935169540233690e-02
2.999935169539998114e-02
2.999935169540069585e-02
2.999935169540023788e-02
2.999935169539987706e-02
2.999935169540073748e-02
2.999935169539874255e-02
2.999935169540117116e-02
2.999935169540073054e-02
2.999935169539991869e-02
2.999935169540128219e-02
2.999935169540001584e-02
2.999935169539884317e-02
2.999935169540086238e-02
2.999935169539925950e-02
2.999935169539952318e-02
2.999935169539968277e-02
2.999935169539938787e-02
2.999935169539982155e-02
2.999935169540024482e-02
2.999935169540051891e-02
2.999935169539939134e-02
2.999935169540100116e-02
2.999935169540087626e-02
2.999935169540112259e-02
2.999935169540138280e-02
2.999935169540052238e-02
2.999935169540166036e-02
2.999935169539979379e-02
2.999935169540017543e-02
2.999935169540079646e-02
2.999935169540019625e-02
2.999935169540017543e-02
2.999935169540201424e-02
2.999935169540114688e-02
2.999935169540043217e-02
2.999935169539962032e-02
2.999935169539962032e-02
2.999935169540037666e-02
2.999935169539959604e-02
2.999935169540126484e-02
2.999935169540177485e-02
2.999935169540087626e-02
2.999935169540007135e-02
2.999935169540097341e-02
2.999935169539956481e-02
2.999935169540183730e-02
2.999935169539921093e-02
2.999935169540007135e-02
2.999935169540142443e-02
2.999935169539959950e-02
2.999935169539994645e-02
2.999935169539995686e-02
2.999935169539865581e-02
2.999935169539968971e-02
2.999935169539926644e-02
2.999935169540051891e-02
2.999935169539835050e-02
2.999935169540001584e-02
2.999935169540066116e-02
2.999935169539890562e-02
2.999935169539899582e-02
2.999935169539941215e-02
2.999935169540109831e-02
2.999935169539903745e-02
2.999935169540028299e-02
2.999935169540089014e-02
2.999935169539934623e-02
2.999935169539983543e-02
2.999935169540042870e-02
2.999935169540147301e-02
2.999935169540047381e-02
2.999935169539921093e-02
2.999935169539977992e-02
2.999935169540171240e-02
2.999935169539963767e-02
2.999935169539954746e-02
2.999935169540084157e-02
2.999935169540035237e-02
2.999935169539966542e-02
2.999935169540014421e-02
2.999935169539988400e-02
2.999935169540081381e-02
2.999935169539796539e-02
2.999935169540079993e-02
2.999935169539941909e-02
2.999935169540041829e-02
2.999935169540056401e-02
2.999935169539950930e-02
2.999935169540005053e-02
2.999935169539916929e-02
2.999935169539982155e-02
2.999935169540084851e-02
2.999935169540086238e-02
2.999935169540067156e-02
2.999935169539858643e-02
2.999935169540005747e-02
2.999935169539944685e-02
2.999935169539970706e-02
2.999935169539930113e-02
2.999935169540013033e-02
2.999935169540064034e-02
2.999935169539886745e-02
2.999935169540053972e-02
2.999935169539948848e-02
2.999935169540037319e-02
2.999935169539900970e-02
2.999935169539980767e-02
2.999935169540014768e-02
2.999935169539881541e-02
2.999935169540046340e-02
2.999935169540043217e-02
2.999935169539873214e-02
2.999935169540051197e-02
2.999935169540046687e-02
2.999935169539958910e-02
2.999935169539979379e-02
2.999935169539916235e-02
2.999935169540077218e-02
2.999935169539910337e-02
2.999935169540076524e-02
2.999935169539987706e-02
2.999935169540057095e-02
2.999935169539874602e-02
2.999935169540017543e-02
2.999935169539847540e-02
2.999935169540032462e-02
2.999935169539976257e-02
2.999935169539916582e-02
2.999935169539954399e-02
2.999935169540054319e-02
2.999935169540000196e-02
2.999935169540040789e-02
2.999935169540002972e-02
2.999935169539952318e-02
2.999935169540022400e-02
2.999935169539914154e-02
2.999935169540039748e-02
2.999935169539878765e-02
2.999935169539907562e-02
2.999935169540020319e-02
2.999935169539976604e-02
2.999935169539936705e-02
2.999935169539960644e-02
2.999935169540035237e-02
2.999935169540008870e-02
2.999935169540014421e-02
2.999935169540067503e-02
2.999935169539906174e-02
2.999935169540047381e-02
2.999935169540129953e-02
2.999935169539964461e-02
2.999935169539911378e-02
2.999935169539916235e-02
2.999935169540016502e-02
2.999935169540044605e-02
2.999935169539909297e-02
2.999935169539943644e-02
2.999935169540007829e-02
2.999935169539941909e-02
2.999935169540013033e-02
2.999935169539886051e-02
2.999935169539906521e-02
2.999935169539964461e-02
2.999935169539912072e-02
2.999935169539977298e-02
2.999935169539920399e-02
2.999935169539865928e-02
2.999935169539850316e-02
2.999935169539934623e-02
2.999935169539955093e-02
2.999935169540038013e-02
2.999935169539979379e-02
2.999935169540013380e-02
2.999935169539947113e-02
2.999935169539943991e-02
2.999935169540023094e-02
2.999935169539874949e-02
2.999935169539977992e-02
2.999935169539926297e-02
2.999935169540039054e-02
2.999935169540007829e-02
2.999935169539926297e-02
2.999935169539958563e-02
2.999935169540002278e-02
2.999935169540009217e-02
2.999935169539954399e-02
2.999935169539965502e-02
2.999935169539964114e-02
2.999935169539988400e-02
2.999935169539961685e-02
2.999935169539945379e-02
2.999935169539959950e-02
2.999935169539894031e-02
2.999935169539945379e-02
2.999935169539918317e-02
2.999935169539976604e-02
2.999935169539935664e-02
2.999935169539978685e-02
2.999935169539977298e-02
2.999935169539966195e-02
2.999935169539937746e-02
2.999935169539963767e-02
2.999935169539922827e-02
2.999935169539971747e-02
2.999935169539986318e-02
2.999935169539954399e-02
2.999935169539964461e-02
2.999935169539905133e-02
2.999935169539928378e-02
2.999935169539931848e-02
2.999935169540001584e-02
2.999935169539976604e-02
2.999935169539964461e-02
2.999935169539988053e-02
2.999935169539956134e-02
2.999935169539941215e-02
2.999935169539987706e-02
2.999935169539978339e-02
2.999935169539946073e-02
2.999935169539980767e-02
2.999935169539974175e-02
2.999935169540012686e-02
2.999935169539968624e-02
2.999935169539977992e-02
2.999935169539947807e-02
2.999935169539985624e-02
2.999935169539948501e-02
2.999935169540008523e-02
2.999935169539972440e-02
2.999935169539984237e-02
2.999935169539970706e-02
2.999935169539946767e-02
2.999935169539973134e-02
2.999935169539980767e-02
2.999935169539970012e-02
2.999935169539975563e-02
2.999935169539963767e-02
2.999935169539958563e-02
2.999935169539944685e-02
2.999935169539965502e-02
2.999935169539970359e-02
2.999935169539974869e-02
2.999935169539976604e-02
2.999935169539972787e-02
2.999935169540009910e-02
2.999935169539989094e-02
2.999935169539993257e-02
2.999935169539977992e-02
2.999935169539973828e-02
2.999935169539980767e-02
2.999935169539991869e-02
2.999935169539967583e-02
2.999935169539957175e-02
2.999935169539962726e-02
2.999935169539975216e-02
2.999935169539973828e-02
2.999935169539977992e-02
2.999935169539970012e-02
2.999935169539985277e-02
2.999935169539975910e-02
2.999935169539976604e-02
2.999935169539975910e-02
2.999935169539990829e-02
2.999935169539987706e-02
2.999935169539988400e-02
2.999935169539977992e-02
2.999935169539982502e-02
2.999935169539978339e-02
2.999935169539984930e-02
2.999935169539968624e-02
2.999935169539980767e-02
2.999935169539982502e-02
2.999935169539983543e-02
2.999935169539975910e-02
2.999935169539979379e-02
2.999935169539981114e-02
2.999935169539982849e-02
2.999935169539978685e-02
2.999935169539984930e-02
2.999935169539981114e-02
2.999935169539981114e-02
2.999935169539984584e-02
2.999935169539984930e-02
2.999935169539983196e-02
2.999935169539983196e-02
2.999935169539987359e-02
2.999935169539988053e-02
2.999935169539990135e-02
2.999935169539990482e-02
2.999935169539991175e-02
2.999935169539990829e-02
2.999935169539992563e-02
2.999935169539992910e-02
2.999935169539994298e-02
2.999935169539994298e-02
2.999935169539994645e-02
2.999935169539994298e-02
2.999935169539996380e-02
2.999935169539996727e-02
2.999935169539997420e-02
2.999935169539998808e-02
2.999935169539998114e-02
2.999935169539998461e-02
2.999935169539999155e-02
2.999935169540000890e-02
2.999935169540002625e-02
2.999935169540002278e-02
2.999935169540002278e-02
2.999935169540004359e-02
2.999935169540003665e-02
2.999935169540004012e-02
2.999935169540006094e-02
2.999935169540006788e-02
2.999935169540005400e-02
2.999935169540007482e-02
2.999935169540008523e-02
2.999935169540009564e-02
2.999935169540010951e-02
2.999935169540011992e-02
2.999935169540014074e-02
2.999935169540014768e-02
2.999935169540017196e-02
2.999935169540017890e-02
2.999935169540016502e-02
2.999935169540017890e-02
2.999935169540020666e-02
2.999935169540020666e-02
2.999935169540023094e-02
2.999935169540023094e-02
2.999935169540023788e-02
2.999935169540022747e-02
2.999935169540022054e-02
2.999935169540021360e-02
2.999935169540022400e-02
2.999935169540027605e-02
2.999935169540027605e-02
2.999935169540029686e-02
2.999935169540021707e-02
2.999935169540031768e-02
2.999935169540023441e-02
2.999935169540034544e-02
2.999935169540024482e-02
2.999935169540031768e-02
2.999935169540032115e-02
2.999935169540033156e-02
2.999935169540035931e-02
2.999935169540016849e-02
2.999935169540039401e-02
2.999935169540032115e-02
2.999935169540036625e-02
2.999935169540032809e-02
2.999935169540041829e-02
2.999935169540042870e-02
2.999935169540030033e-02
2.999935169540030727e-02
2.999935169540023788e-02
2.999935169540036972e-02
2.999935169540034891e-02
2.999935169540036278e-02
2.999935169540049462e-02
2.999935169540029339e-02
2.999935169540066116e-02
2.999935169540036972e-02
2.999935169540044952e-02
2.999935169540040442e-02
2.999935169540064381e-02
2.999935169540032115e-02
2.999935169540052238e-02
2.999935169540079993e-02
2.999935169540041136e-02
2.999935169540077218e-02
2.999935169540069238e-02
2.999935169540048768e-02
2.999935169540051891e-02
2.999935169540020319e-02
2.999935169540069585e-02
2.999935169540067156e-02
2.999935169540079993e-02
2.999935169540051544e-02
2.999935169540057095e-02
2.999935169540073054e-02
2.999935169540048074e-02
2.999935169540046687e-02
2.999935169540083116e-02
2.999935169540067156e-02
2.999935169540082075e-02
2.999935169540060564e-02
2.999935169540068544e-02
2.999935169540030033e-02
2.999935169540077565e-02
2.999935169540045993e-02
2.999935169540059871e-02
2.999935169540054319e-02
2.999935169540067850e-02
2.999935169540073748e-02
2.999935169540073748e-02
2.999935169540076524e-02
2.999935169540048074e-02
2.999935169540075136e-02
2.999935169540082075e-02
2.999935169540060217e-02
2.999935169540099075e-02
2.999935169540091442e-02
2.999935169540054319e-02
2.999935169540019625e-02
2.999935169540026911e-02
2.999935169540050156e-02
2.999935169540080340e-02
2.999935169540057442e-02
2.999935169540060564e-02
2.999935169540052238e-02
2.999935169540122668e-02
2.999935169540107749e-02
2.999935169540094565e-02
2.999935169540094218e-02
2.999935169540096994e-02
2.999935169540133423e-02
2.999935169540080340e-02
2.999935169540102198e-02
2.999935169540076524e-02
2.999935169540073748e-02
2.999935169540075136e-02
2.999935169540062646e-02
2.999935169540032115e-02
2.999935169540052932e-02
2.999935169540135158e-02
2.999935169540159097e-02
2.999935169540079646e-02
2.999935169540083810e-02
2.999935169540077912e-02
2.999935169540061605e-02
2.999935169540049809e-02
2.999935169540154239e-02
2.999935169540138280e-02
2.999935169540073054e-02
2.999935169540091096e-02
2.999935169540078259e-02
2.999935169540060217e-02
2.999935169540132729e-02
2.999935169540172628e-02
2.999935169540084157e-02
2.999935169540102892e-02
2.999935169540121627e-02
2.999935169540150770e-02
2.999935169540054319e-02
2.999935169540161178e-02
2.999935169540102892e-02
2.999935169540261445e-02
2.999935169540093871e-02
2.999935169540193444e-02
2.999935169540062646e-02
2.999935169540024829e-02
2.999935169540044605e-02
2.999935169540118851e-02
2.999935169540139668e-02
2.999935169540083810e-02
2.999935169540003665e-02
2.999935169540119198e-02
2.999935169540015115e-02
2.999935169540059524e-02
2.999935169540171934e-02
2.999935169540120586e-02
2.999935169540051891e-02
2.999935169540113994e-02
2.999935169540172628e-02
2.999935169540039748e-02
2.999935169540209057e-02
2.999935169540121974e-02
2.999935169540100810e-02
2.999935169540116769e-02
2.999935169540133076e-02
2.999935169540074789e-02
2.999935169540161525e-02
2.999935169540034197e-02
2.999935169540093871e-02
2.999935169540091789e-02
2.999935169540121627e-02
2.999935169540076177e-02
2.999935169540042523e-02
2.999935169540255547e-02
2.999935169540076524e-02
2.999935169540011298e-02
2.999935169540224322e-02
2.999935169540048074e-02
2.999935169540098381e-02
2.999935169540097341e-02
2.999935169540104279e-02
2.999935169540159097e-02
2.999935169540157015e-02
2.999935169540038707e-02
2.999935169540024135e-02
2.999935169540163954e-02
2.999935169540229873e-02
2.999935169540156321e-02
2.999935169540130647e-02
2.999935169540022054e-02
2.999935169540161178e-02
2.999935169540160484e-02
2.999935169540047034e-02
2.999935169540042870e-02
2.999935169540117116e-02
2.999935169540202118e-02
2.999935169540107055e-02
2.999935169540136545e-02
2.999935169540181995e-02
2.999935169540157015e-02
2.999935169540171587e-02
2.999935169540094912e-02
2.999935169540186158e-02
2.999935169540094912e-02
2.999935169540148688e-02
2.999935169540024482e-02
2.999935169540170893e-02
2.999935169540213220e-02
2.999935169540092830e-02
2.999935169540167423e-02
2.999935169540098034e-02
2.999935169540186505e-02
2.999935169540169505e-02
2.999935169540152852e-02
2.999935169540231955e-02
2.999935169540119545e-02
2.999935169540030380e-02
2.999935169540098034e-02
2.999935169540210445e-02
2.999935169540133770e-02
2.999935169540088667e-02
2.999935169540145913e-02
2.999935169540236118e-02
2.999935169540143831e-02
2.999935169540100810e-02
2.999935169540135158e-02
2.999935169539974522e-02
2.999935169540094565e-02
2.999935169540270466e-02
2.999935169540247915e-02
2.999935169540110177e-02
2.999935169540194832e-02
2.999935169540208363e-02
2.999935169540282956e-02
2.999935169540172974e-02
2.999935169540146954e-02
2.999935169540284691e-02
2.999935169540230220e-02
2.999935169540191016e-02
2.999935169540168811e-02
2.999935169540161178e-02
2.999935169540066462e-02
2.999935169540153546e-02
2.999935169540170893e-02
2.999935169540153546e-02
2.999935169540116769e-02
2.999935169540127178e-02
2.999935169540095953e-02
2.999935169540162566e-02
2.999935169540133770e-02
2.999935169540288160e-02
2.999935169540213914e-02
2.999935169540159444e-02
2.999935169540068544e-02
2.999935169540057789e-02
2.999935169540256588e-02
2.999935169540031768e-02
2.999935169540145219e-02
2.999935169540105667e-02
2.999935169540127178e-02
2.999935169540185464e-02
2.999935169540239588e-02
2.999935169540253119e-02
2.999935169540204893e-02
2.999935169540240629e-02
2.999935169540163954e-02
2.999935169540445673e-02
2.999935169540223975e-02
2.999935169540141056e-02
2.999935169540240629e-02
2.999935169540189628e-02
2.999935169540218077e-02
2.999935169540345059e-02
2.999935169540181648e-02
2.999935169540260058e-02
2.999935169540236118e-02
2.999935169540188934e-02
2.999935169540224669e-02
2.999935169540345406e-02
2.999935169540305507e-02
2.999935169540187546e-02
2.999935169540104973e-02
2.999935169540110524e-02
2.999935169540246180e-02
2.999935169540170199e-02
2.999935169540265609e-02
2.999935169540246874e-02
2.999935169540245139e-02
2.999935169540111218e-02
2.999935169540208710e-02
2.999935169540167423e-02
2.999935169540157709e-02
2.999935169540238894e-02
2.999935169540371427e-02
2.999935169540179913e-02
2.999935169540223281e-02
2.999935169540127525e-02
2.999935169540252772e-02
2.999935169540225016e-02
2.999935169540299956e-02
2.999935169540114688e-02
2.999935169540197608e-02
2.999935169540270119e-02
2.999935169540190669e-02
2.999935169540284691e-02
2.999935169540215302e-02
2.999935169540293711e-02
2.999935169540224322e-02
2.999935169540218077e-02
2.999935169540276364e-02
2.999935169540287466e-02
2.999935169540212526e-02
2.999935169540315222e-02
2.999935169540284691e-02
2.999935169539979726e-02
2.999935169540326324e-02
2.999935169540200383e-02
2.999935169540306895e-02
2.999935169540209751e-02
2.999935169540308977e-02
2.999935169540425203e-02
2.999935169540249996e-02
2.999935169540549409e-02
2.999935169540444285e-02
2.999935169540456775e-02
2.999935169540363100e-02
2.999935169540342284e-02
2.999935169540298568e-02
2.999935169540141403e-02
2.999935169540324589e-02
2.999935169540254853e-02
2.999935169540324936e-02
2.999935169540482102e-02
2.999935169540423122e-02
2.999935169540187546e-02
2.999935169540343671e-02
2.999935169540298568e-02
2.999935169540160484e-02
2.999935169540323548e-02
2.999935169540149729e-02
2.999935169540219465e-02
2.999935169540225016e-02
2.999935169540265956e-02
2.999935169540404387e-02
2.999935169540243057e-02
2.999935169540258323e-02
2.999935169540142096e-02
2.999935169540304120e-02
2.999935169540391203e-02
2.999935169540254160e-02
2.999935169540435959e-02
2.999935169540315222e-02
2.999935169540226404e-02
2.999935169540395019e-02
2.999935169540426938e-02
2.999935169540281221e-02
2.999935169540270813e-02
2.999935169540297181e-02
2.999935169540328406e-02
2.999935169540379754e-02
2.999935169540202812e-02
2.999935169540259017e-02
2.999935169540426938e-02
2.999935169540344365e-02
2.999935169540346447e-02
2.999935169540299262e-02
2.999935169540340896e-02
2.999935169540510205e-02
2.999935169540250343e-02
2.999935169540271507e-02
2.999935169540491123e-02
2.999935169540411672e-02
2.999935169540436652e-02
2.999935169540457469e-02
2.999935169540381141e-02
2.999935169540283650e-02
2.999935169540311752e-02
2.999935169540329100e-02
2.999935169540389815e-02
2.999935169540322161e-02
2.999935169540312793e-02
2.999935169540286078e-02
2.999935169540307589e-02
2.999935169540316263e-02
2.999935169540478980e-02
2.999935169540378713e-02
2.999935169540209751e-02
2.999935169540399876e-02
2.999935169540306201e-02
2.999935169540325977e-02
2.999935169540224669e-02
2.999935169540522001e-02
2.999935169540228139e-02
2.999935169540185464e-02
2.999935169540340896e-02
2.999935169540389468e-02
2.999935169540452612e-02
2.999935169540336732e-02
2.999935169540378366e-02
2.999935169540279833e-02
2.999935169540385305e-02
2.999935169540253466e-02
2.999935169540465102e-02
2.999935169540375243e-02
2.999935169540413754e-02
2.999935169540290589e-02
2.999935169540320773e-02
2.999935169540483143e-02
2.999935169540342284e-02
2.999935169540058136e-02
2.999935169540335692e-02
2.999935169540241323e-02
2.999935169540315916e-02
2.999935169540275670e-02
2.999935169540642044e-02
2.999935169540703106e-02
2.999935169540313140e-02
2.999935169540737107e-02
2.999935169540451918e-02
2.999935169540314528e-02
2.999935169540460592e-02
2.999935169540373855e-02
2.999935169540517144e-02
2.999935169540112953e-02
2.999935169540371427e-02
2.999935169540215302e-02
2.999935169540337426e-02
2.999935169540494939e-02
2.999935169540251384e-02
2.999935169540458163e-02
2.999935169540456775e-02
2.999935169540749597e-02
2.999935169540400570e-02
2.999935169540234037e-02
2.999935169540788107e-02
2.999935169540243751e-02
2.999935169539988400e-02
2.999935169540508817e-02
2.999935169540368304e-02
2.999935169540488000e-02
2.999935169540223628e-02
2.999935169540356161e-02
2.999935169540625390e-02
2.999935169540338120e-02
2.999935169540401611e-02
2.999935169540368304e-02
2.999935169540356855e-02
2.999935169540412713e-02
2.999935169540465796e-02
2.999935169540790536e-02
2.999935169540312446e-02
2.999935169540509858e-02
2.999935169540396407e-02
2.999935169540592778e-02
2.999935169540616370e-02
2.999935169540430407e-02
2.999935169540356161e-02
2.999935169540409591e-02
2.999935169540332222e-02
2.999935169540430061e-02
2.999935169540589655e-02
2.999935169540215649e-02
2.999935169540291630e-02
2.999935169540560859e-02
2.999935169540559818e-02
2.999935169540402305e-02
2.999935169540441163e-02
2.999935169540413754e-02
2.999935169540826618e-02
2.999935169540432489e-02
2.999935169540512980e-02
2.999935169540710739e-02
2.999935169540535532e-02
2.999935169540665983e-02
2.999935169540436306e-02
2.999935169540330140e-02
2.999935169540379754e-02
2.999935169540035584e-02
2.999935169540509164e-02
2.999935169540560165e-02
2.999935169540149035e-02
2.999935169540624003e-02
2.999935169540425203e-02
2.999935169540471000e-02
2.999935169540818986e-02
2.999935169540212873e-02
2.999935169540583410e-02
2.999935169540370039e-02
2.999935169540388080e-02
2.999935169540233343e-02
2.999935169540279833e-02
2.999935169540491123e-02
2.999935169540346447e-02
2.999935169540537613e-02
2.999935169540297528e-02
2.999935169540257629e-02
