2.999933778246352545e-02
2.999933778246681448e-02
2.999933778246821614e-02
2.999933778246911126e-02
2.999933778246656468e-02
2.999933778246735919e-02
2.999933778246719265e-02
2.999933778246868105e-02
2.999933778246789695e-02
2.999933778246564181e-02
2.999933778246781715e-02
2.999933778246691857e-02
2.999933778246736613e-02
2.999933778246368504e-02
2.999933778246725857e-02
2.999933778246566957e-02
2.999933778246654040e-02
2.999933778246686653e-02
2.999933778246796634e-02
2.999933778246356014e-02
2.999933778246842778e-02
2.999933778247018332e-02
2.999933778246755001e-02
2.999933778246524629e-02
2.999933778246849023e-02
2.999933778246693244e-02
2.999933778246764715e-02
2.999933778246572508e-02
2.999933778246768185e-02
2.999933778246894472e-02
2.999933778246997168e-02
2.999933778246778246e-02
2.999933778246612059e-02
2.999933778246326871e-02
2.999933778246445873e-02
2.999933778246466690e-02
2.999933778246738347e-02
2.999933778246904881e-02
2.999933778246617611e-02
2.999933778246550303e-02
2.999933778247127966e-02
2.999933778246220706e-02
2.999933778246778246e-02
2.999933778246619345e-02
2.999933778246899677e-02
2.999933778246937494e-02
2.999933778246775817e-02
2.999933778246822308e-02
2.999933778246556548e-02
2.999933778246827859e-02
2.999933778246725857e-02
2.999933778246717531e-02
2.999933778246789001e-02
2.999933778246852839e-02
2.999933778246634264e-02
2.999933778246655774e-02
2.999933778246505547e-02
2.999933778246587079e-02
2.999933778246413954e-02
2.999933778246855268e-02
2.999933778246810512e-02
2.999933778246513874e-02
2.999933778246762633e-02
2.999933778246994046e-02
2.999933778246723776e-02
2.999933778246526017e-02
2.999933778246438934e-02
2.999933778246628713e-02
2.999933778246664795e-02
2.999933778246509364e-02
2.999933778246430954e-02
2.999933778246723429e-02
2.999933778246855615e-02
2.999933778246656121e-02
2.999933778246663754e-02
2.999933778246936106e-02
2.999933778246642591e-02
2.999933778246657162e-02
2.999933778246965596e-02
2.999933778246736266e-02
2.999933778246742511e-02
2.999933778246526711e-02
2.999933778246580141e-02
2.999933778246482996e-02
2.999933778246463914e-02
2.999933778246603039e-02
2.999933778246437893e-02
2.999933778246612753e-02
2.999933778246836533e-02
2.999933778246556548e-02
2.999933778246858390e-02
2.999933778246596794e-02
2.999933778246521160e-02
2.999933778246842778e-02
2.999933778246413954e-02
2.999933778246801144e-02
2.999933778246638427e-02
2.999933778246648142e-02
2.999933778246591937e-02
2.999933778246600610e-02
2.999933778246704694e-02
2.999933778246709898e-02
2.999933778246521507e-02
2.999933778246647448e-02
2.999933778246800797e-02
2.999933778246673122e-02
2.999933778246716837e-02
2.999933778246802879e-02
2.999933778246706081e-02
2.999933778246630794e-02
2.999933778246390709e-02
2.999933778246496874e-02
2.999933778246594712e-02
2.999933778246674163e-02
2.999933778246480914e-02
2.999933778246630794e-02
2.999933778246575283e-02
2.999933778246807042e-02
2.999933778246599222e-02
2.999933778246590549e-02
2.999933778246680061e-02
2.999933778246592631e-02
2.999933778246697408e-02
2.999933778246713367e-02
2.999933778246868799e-02
2.999933778246573549e-02
2.999933778246772695e-02
2.999933778246594712e-02
2.999933778246643284e-02
2.999933778246789001e-02
2.999933778246686653e-02
2.999933778246662019e-02
2.999933778246795940e-02
2.999933778246668264e-02
2.999933778246613447e-02
2.999933778246755001e-02
2.999933778246636346e-02
2.999933778246616223e-02
2.999933778246597488e-02
2.999933778246439281e-02
2.999933778246635652e-02
2.999933778246706428e-02
2.999933778246571814e-02
2.999933778246617264e-02
2.999933778246643978e-02
2.999933778246554814e-02
2.999933778246711286e-02
2.999933778246533303e-02
2.999933778246631835e-02
2.999933778246602345e-02
2.999933778246370586e-02
2.999933778246682142e-02
2.999933778246580834e-02
2.999933778246686306e-02
2.999933778246657856e-02
2.999933778246584998e-02
2.999933778246782756e-02
2.999933778246612753e-02
2.999933778246588467e-02
2.999933778246705735e-02
2.999933778246486465e-02
2.999933778246582916e-02
2.999933778246531915e-02
2.999933778246556548e-02
2.999933778246702959e-02
2.999933778246646754e-02
2.999933778246574242e-02
2.999933778246743205e-02
2.999933778246713020e-02
2.999933778246779287e-02
2.999933778246573202e-02
2.999933778246470506e-02
2.999933778246644672e-02
2.999933778246680061e-02
2.999933778246560712e-02
2.999933778246587079e-02
2.999933778246710939e-02
2.999933778246628713e-02
2.999933778246510752e-02
2.999933778246807389e-02
2.999933778246551344e-02
2.999933778246510058e-02
2.999933778246691857e-02
2.999933778246513527e-02
2.999933778246639815e-02
2.999933778246684571e-02
2.999933778246621427e-02
2.999933778246536079e-02
2.999933778246512833e-02
2.999933778246639468e-02
2.999933778246584998e-02
2.999933778246599916e-02
2.999933778246615876e-02
2.999933778246613794e-02
2.999933778246528446e-02
2.999933778246567651e-02
2.999933778246614141e-02
2.999933778246631488e-02
2.999933778246625937e-02
2.999933778246687346e-02
2.999933778246753960e-02
2.999933778246663060e-02
2.999933778246664101e-02
2.999933778246643284e-02
2.999933778246651611e-02
2.999933778246454547e-02
2.999933778246734878e-02
2.999933778246604427e-02
2.999933778246566957e-02
2.999933778246583610e-02
2.999933778246505894e-02
2.999933778246730021e-02
2.999933778246614141e-02
2.999933778246580141e-02
2.999933778246553079e-02
2.999933778246613447e-02
2.999933778246666530e-02
2.999933778246514221e-02
2.999933778246656468e-02
2.999933778246672428e-02
2.999933778246609284e-02
2.999933778246634958e-02
2.999933778246549609e-02
2.999933778246681101e-02
2.999933778246573202e-02
2.999933778246589855e-02
2.999933778246701571e-02
2.999933778246571120e-02
2.999933778246743205e-02
2.999933778246494792e-02
2.999933778246641203e-02
2.999933778246787960e-02
2.999933778246572855e-02
2.999933778246641897e-02
2.999933778246742511e-02
2.999933778246584651e-02
2.999933778246723082e-02
2.999933778246619692e-02
2.999933778246719265e-02
2.999933778246776164e-02
2.999933778246539201e-02
2.999933778246523242e-02
2.999933778246553426e-02
2.999933778246614835e-02
2.999933778246584304e-02
2.999933778246686306e-02
2.999933778246570079e-02
2.999933778246639815e-02
2.999933778246544752e-02
2.999933778246675897e-02
2.999933778246607896e-02
2.999933778246486465e-02
2.999933778246492710e-02
2.999933778246567651e-02
2.999933778246580834e-02
2.999933778246556201e-02
2.999933778246649529e-02
2.999933778246620386e-02
2.999933778246464955e-02
2.999933778246601998e-02
2.999933778246613100e-02
2.999933778246562793e-02
2.999933778246638427e-02
2.999933778246542670e-02
2.999933778246693938e-02
2.999933778246519772e-02
2.999933778246701918e-02
2.999933778246646060e-02
2.999933778246581181e-02
2.999933778246585692e-02
2.999933778246626631e-02
2.999933778246597488e-02
2.999933778246708857e-02
2.999933778246579100e-02
2.999933778246603039e-02
2.999933778246649529e-02
2.999933778246511445e-02
2.999933778246634264e-02
2.999933778246658550e-02
2.999933778246660979e-02
2.999933778246572508e-02
2.999933778246635999e-02
2.999933778246594712e-02
2.999933778246553773e-02
2.999933778246511099e-02
2.999933778246568344e-02
2.999933778246545446e-02
2.999933778246597835e-02
2.999933778246505200e-02
2.999933778246546487e-02
2.999933778246539201e-02
2.999933778246540936e-02
2.999933778246591937e-02
2.999933778246539201e-02
2.999933778246643284e-02
2.999933778246674856e-02
2.999933778246591937e-02
2.999933778246509364e-02
2.999933778246624549e-02
2.999933778246613100e-02
2.999933778246569038e-02
2.999933778246435812e-02
2.999933778246484037e-02
2.999933778246576324e-02
2.999933778246582222e-02
2.999933778246719612e-02
2.999933778246540589e-02
2.999933778246566263e-02
2.999933778246711633e-02
2.999933778246632876e-02
2.999933778246552732e-02
2.999933778246595753e-02
2.999933778246509711e-02
2.999933778246546834e-02
2.999933778246587773e-02
2.999933778246564875e-02
2.999933778246499649e-02
2.999933778246656468e-02
2.999933778246653693e-02
2.999933778246661326e-02
2.999933778246621774e-02
2.999933778246513527e-02
2.999933778246539201e-02
2.999933778246559671e-02
2.999933778246482649e-02
2.999933778246541977e-02
2.999933778246517690e-02
2.999933778246569038e-02
2.999933778246562793e-02
2.999933778246597488e-02
2.999933778246495486e-02
2.999933778246541977e-02
2.999933778246563487e-02
2.999933778246594712e-02
2.999933778246690469e-02
2.999933778246603039e-02
2.999933778246487159e-02
2.999933778246535038e-02
2.999933778246478833e-02
2.999933778246471200e-02
2.999933778246486119e-02
2.999933778246577365e-02
2.999933778246622815e-02
2.999933778246580487e-02
2.999933778246590549e-02
2.999933778246511792e-02
2.999933778246495139e-02
2.999933778246601998e-02
2.999933778246590549e-02
2.999933778246501037e-02
2.999933778246553773e-02
2.999933778246599222e-02
2.999933778246562793e-02
2.999933778246492710e-02
2.999933778246566957e-02
2.999933778246613100e-02
2.999933778246512833e-02
2.999933778246455240e-02
2.999933778246619345e-02
2.999933778246494445e-02
2.999933778246426444e-02
2.999933778246599222e-02
2.999933778246494098e-02
2.999933778246440322e-02
2.999933778246507629e-02
2.999933778246541283e-02
2.999933778246532609e-02
2.999933778246598529e-02
2.999933778246578753e-02
2.999933778246627672e-02
2.999933778246622815e-02
2.999933778246522548e-02
2.999933778246531221e-02
2.999933778246559671e-02
2.999933778246553773e-02
2.999933778246507282e-02
2.999933778246548222e-02
2.999933778246582222e-02
2.999933778246583957e-02
2.999933778246550303e-02
2.999933778246547875e-02
2.999933778246590549e-02
2.999933778246600263e-02
2.999933778246554120e-02
2.999933778246562793e-02
2.999933778246515609e-02
2.999933778246547875e-02
2.999933778246560712e-02
2.999933778246578753e-02
2.999933778246512139e-02
2.999933778246557242e-02
2.999933778246543364e-02
2.999933778246524976e-02
2.999933778246496180e-02
2.999933778246549609e-02
2.999933778246534344e-02
2.999933778246535038e-02
2.999933778246521854e-02
2.999933778246560018e-02
2.999933778246562793e-02
2.999933778246552385e-02
2.999933778246607202e-02
2.999933778246514221e-02
2.999933778246603039e-02
2.999933778246541977e-02
2.999933778246520119e-02
2.999933778246554467e-02
2.999933778246567997e-02
2.999933778246559324e-02
2.999933778246567651e-02
2.999933778246479527e-02
2.999933778246539548e-02
2.999933778246551691e-02
2.999933778246582222e-02
2.999933778246530180e-02
2.999933778246536772e-02
2.999933778246538507e-02
2.999933778246535038e-02
2.999933778246568344e-02
2.999933778246557589e-02
2.999933778246505894e-02
2.999933778246560712e-02
2.999933778246560018e-02
2.999933778246518037e-02
2.999933778246590549e-02
2.999933778246564528e-02
2.999933778246557936e-02
2.999933778246585692e-02
2.999933778246554814e-02
2.999933778246553079e-02
2.999933778246530527e-02
2.999933778246564181e-02
2.999933778246565569e-02
2.999933778246530527e-02
2.999933778246551344e-02
2.999933778246560018e-02
2.999933778246542670e-02
2.999933778246553079e-02
2.999933778246572508e-02
2.999933778246580141e-02
2.999933778246572508e-02
2.999933778246535732e-02
2.999933778246575630e-02
2.999933778246582569e-02
2.999933778246525670e-02
2.999933778246580141e-02
2.999933778246554467e-02
2.999933778246546140e-02
2.999933778246566957e-02
2.999933778246573896e-02
2.999933778246563487e-02
2.999933778246563487e-02
2.999933778246565569e-02
2.999933778246558283e-02
2.999933778246554120e-02
2.999933778246564181e-02
2.999933778246569385e-02
2.999933778246570426e-02
2.999933778246561059e-02
2.999933778246557589e-02
2.999933778246562099e-02
2.999933778246567651e-02
2.999933778246570079e-02
2.999933778246572855e-02
2.999933778246571814e-02
2.999933778246567997e-02
2.999933778246569038e-02
2.999933778246567997e-02
2.999933778246572855e-02
2.999933778246573896e-02
2.999933778246572508e-02
2.999933778246573896e-02
2.999933778246568691e-02
2.999933778246576671e-02
2.999933778246575630e-02
2.999933778246576324e-02
2.999933778246575630e-02
2.999933778246573896e-02
2.999933778246575283e-02
2.999933778246580834e-02
2.999933778246574936e-02
2.999933778246579100e-02
2.999933778246579100e-02
2.999933778246578406e-02
2.999933778246580834e-02
2.999933778246581181e-02
2.999933778246581875e-02
2.999933778246582569e-02
2.999933778246584304e-02
2.999933778246583610e-02
2.999933778246585345e-02
2.999933778246584998e-02
2.999933778246587079e-02
2.999933778246586732e-02
2.999933778246586732e-02
2.999933778246587079e-02
2.999933778246589161e-02
2.999933778246589508e-02
2.999933778246590549e-02
2.999933778246591243e-02
2.999933778246594018e-02
2.999933778246595753e-02
2.999933778246596100e-02
2.999933778246596794e-02
2.999933778246597835e-02
2.999933778246597835e-02
2.999933778246599569e-02
2.999933778246600957e-02
2.999933778246603039e-02
2.999933778246603386e-02
2.999933778246604080e-02
2.999933778246604427e-02
2.999933778246605121e-02
2.999933778246604774e-02
2.999933778246606161e-02
2.999933778246608243e-02
2.999933778246606855e-02
2.999933778246606508e-02
2.999933778246608590e-02
2.999933778246607896e-02
2.999933778246608243e-02
2.999933778246608243e-02
2.999933778246611019e-02
2.999933778246612059e-02
2.999933778246612406e-02
2.999933778246612753e-02
2.999933778246612753e-02
2.999933778246613100e-02
2.999933778246616570e-02
2.999933778246611366e-02
2.999933778246615876e-02
2.999933778246615529e-02
2.999933778246616223e-02
2.999933778246617264e-02
2.999933778246621080e-02
2.999933778246623856e-02
2.999933778246621080e-02
2.999933778246623162e-02
2.999933778246622121e-02
2.999933778246614141e-02
2.999933778246616223e-02
2.999933778246625243e-02
2.999933778246625590e-02
2.999933778246625937e-02
2.999933778246629754e-02
2.999933778246620733e-02
2.999933778246624896e-02
2.999933778246620386e-02
2.999933778246630448e-02
2.999933778246633570e-02
2.999933778246628366e-02
2.999933778246626631e-02
2.999933778246637733e-02
2.999933778246632529e-02
2.999933778246623162e-02
2.999933778246623162e-02
2.999933778246624203e-02
2.999933778246631835e-02
2.999933778246632182e-02
2.999933778246644672e-02
2.999933778246636346e-02
2.999933778246616223e-02
2.999933778246651264e-02
2.999933778246641203e-02
2.999933778246637733e-02
2.999933778246650223e-02
2.999933778246640162e-02
2.999933778246644672e-02
2.999933778246637039e-02
2.999933778246656468e-02
2.999933778246615529e-02
2.999933778246632182e-02
2.999933778246640509e-02
2.999933778246644672e-02
2.999933778246650223e-02
2.999933778246650917e-02
2.999933778246654734e-02
2.999933778246645366e-02
2.999933778246645366e-02
2.999933778246647448e-02
2.999933778246628713e-02
2.999933778246634958e-02
2.999933778246692551e-02
2.999933778246653693e-02
2.999933778246624203e-02
2.999933778246655081e-02
2.999933778246665489e-02
2.999933778246650223e-02
2.999933778246632529e-02
2.999933778246628713e-02
2.999933778246625937e-02
2.999933778246632876e-02
2.999933778246639121e-02
2.999933778246671734e-02
2.999933778246632529e-02
2.999933778246665489e-02
2.999933778246671734e-02
2.999933778246668958e-02
2.999933778246629407e-02
2.999933778246663060e-02
2.999933778246675203e-02
2.999933778246663754e-02
2.999933778246649183e-02
2.999933778246663754e-02
2.999933778246632182e-02
2.999933778246679020e-02
2.999933778246671040e-02
2.999933778246643978e-02
2.999933778246655081e-02
2.999933778246659938e-02
2.999933778246650917e-02
2.999933778246715449e-02
2.999933778246737306e-02
2.999933778246671040e-02
2.999933778246665489e-02
2.999933778246652999e-02
2.999933778246650570e-02
2.999933778246665489e-02
2.999933778246684571e-02
2.999933778246607202e-02
2.999933778246675897e-02
2.999933778246709551e-02
2.999933778246689081e-02
2.999933778246640162e-02
2.999933778246673469e-02
2.999933778246654387e-02
2.999933778246663060e-02
2.999933778246668958e-02
2.999933778246607202e-02
2.999933778246719612e-02
2.999933778246738000e-02
2.999933778246647101e-02
2.999933778246633223e-02
2.999933778246661673e-02
2.999933778246695326e-02
2.999933778246627325e-02
2.999933778246735225e-02
2.999933778246643284e-02
2.999933778246655774e-02
2.999933778246752225e-02
2.999933778246667571e-02
2.999933778246700183e-02
2.999933778246727939e-02
2.999933778246694632e-02
2.999933778246698796e-02
2.999933778246630794e-02
2.999933778246678326e-02
2.999933778246716143e-02
2.999933778246711980e-02
2.999933778246750837e-02
2.999933778246635305e-02
2.999933778246631141e-02
2.999933778246764715e-02
2.999933778246719959e-02
2.999933778246603733e-02
2.999933778246609631e-02
2.999933778246577365e-02
2.999933778246686999e-02
2.999933778246793858e-02
2.999933778246657162e-02
2.999933778246753613e-02
2.999933778246647101e-02
2.999933778246686999e-02
2.999933778246677285e-02
2.999933778246684224e-02
2.999933778246829247e-02
2.999933778246562099e-02
2.999933778246632876e-02
2.999933778246728980e-02
2.999933778246666530e-02
2.999933778246643978e-02
2.999933778246672081e-02
2.999933778246718571e-02
2.999933778246762980e-02
2.999933778246738694e-02
2.999933778246717878e-02
2.999933778246714408e-02
2.999933778246679367e-02
2.999933778246706775e-02
2.999933778246723776e-02
2.999933778246747715e-02
2.999933778246705041e-02
2.999933778246825430e-02
2.999933778246549609e-02
2.999933778246813981e-02
2.999933778246692551e-02
2.999933778246752919e-02
2.999933778246685265e-02
2.999933778246666877e-02
2.999933778246805655e-02
2.999933778246696020e-02
2.999933778246662019e-02
2.999933778246664101e-02
2.999933778246746674e-02
2.999933778246716143e-02
2.999933778246767838e-02
2.999933778246740776e-02
2.999933778246804614e-02
2.999933778246809124e-02
2.999933778246769572e-02
2.999933778246768185e-02
2.999933778246657509e-02
2.999933778246709898e-02
2.999933778246825083e-02
2.999933778246717531e-02
2.999933778246673469e-02
2.999933778246689428e-02
2.999933778246743205e-02
2.999933778246798716e-02
2.999933778246753613e-02
2.999933778246762633e-02
2.999933778246864288e-02
2.999933778246736960e-02
2.999933778246801144e-02
2.999933778246626631e-02
2.999933778246798022e-02
2.999933778246607896e-02
2.999933778246693938e-02
2.999933778246738000e-02
2.999933778246679714e-02
2.999933778246777899e-02
2.999933778246759511e-02
2.999933778246634958e-02
2.999933778246766103e-02
2.999933778246954147e-02
2.999933778246871227e-02
2.999933778246759858e-02
2.999933778246808430e-02
2.999933778246841737e-02
2.999933778246678326e-02
2.999933778246669652e-02
2.999933778246820226e-02
2.999933778246727939e-02
2.999933778246806002e-02
2.999933778246787267e-02
2.999933778246920840e-02
2.999933778246819185e-02
2.999933778246780675e-02
2.999933778246776164e-02
2.999933778246862554e-02
2.999933778246741470e-02
2.999933778246783450e-02
2.999933778246813287e-02
2.999933778246758470e-02
2.999933778246744592e-02
2.999933778246820920e-02
2.999933778246893779e-02
2.999933778246747368e-02
2.999933778246760205e-02
2.999933778246875737e-02
2.999933778246738347e-02
2.999933778246845900e-02
2.999933778246793858e-02
2.999933778246725857e-02
2.999933778246826471e-02
2.999933778246764715e-02
2.999933778246678673e-02
2.999933778246618998e-02
2.999933778246860472e-02
2.999933778246983290e-02
2.999933778246897942e-02
2.999933778246721694e-02
2.999933778246807389e-02
2.999933778246809818e-02
2.999933778246738694e-02
2.999933778246619692e-02
2.999933778246770960e-02
2.999933778246880595e-02
2.999933778246921187e-02
2.999933778246792124e-02
2.999933778246778593e-02
2.999933778246770960e-02
2.999933778246891003e-02
2.999933778246866717e-02
2.999933778246889268e-02
2.999933778246858390e-02
2.999933778246782756e-02
2.999933778246891697e-02
2.999933778246755001e-02
2.999933778246738347e-02
2.999933778246826471e-02
2.999933778246646060e-02
2.999933778246817798e-02
2.999933778246879207e-02
2.999933778246802185e-02
2.999933778246754307e-02
2.999933778246851798e-02
2.999933778246767491e-02
2.999933778246855615e-02
2.999933778246893085e-02
2.999933778246775817e-02
2.999933778246904881e-02
2.999933778246911126e-02
2.999933778246868105e-02
2.999933778246846247e-02
2.999933778246910085e-02
2.999933778246932983e-02
2.999933778246655774e-02
2.999933778246710592e-02
2.999933778246913901e-02
2.999933778246716837e-02
2.999933778246857696e-02
2.999933778247013821e-02
2.999933778246819185e-02
2.999933778246757082e-02
2.999933778246998556e-02
2.999933778246792818e-02
2.999933778246896901e-02
2.999933778246786226e-02
2.999933778246996474e-02
2.999933778246881289e-02
2.999933778246859084e-02
2.999933778246798716e-02
2.999933778246859084e-02
2.999933778246722041e-02
2.999933778246711980e-02
2.999933778246816063e-02
2.999933778246823002e-02
2.999933778246830635e-02
2.999933778246917718e-02
2.999933778246910432e-02
2.999933778246895513e-02
2.999933778246696714e-02
2.999933778246873656e-02
2.999933778246985719e-02
2.999933778246929861e-02
2.999933778246919452e-02
2.999933778246788307e-02
2.999933778246925004e-02
2.999933778246862207e-02
2.999933778246834104e-02
2.999933778246931596e-02
2.999933778246771654e-02
2.999933778246977739e-02
2.999933778247109925e-02
2.999933778246844512e-02
2.999933778247068986e-02
2.999933778246696020e-02
2.999933778246815369e-02
2.999933778246946167e-02
2.999933778247027352e-02
2.999933778246852492e-02
2.999933778246953453e-02
2.999933778246827165e-02
2.999933778246987454e-02
2.999933778247008270e-02
2.999933778246932983e-02
2.999933778246963861e-02
2.999933778246781022e-02
2.999933778246878513e-02
2.999933778246863941e-02
2.999933778246912514e-02
2.999933778247022148e-02
2.999933778247030822e-02
2.999933778246857349e-02
2.999933778246874350e-02
2.999933778246847982e-02
2.999933778247015903e-02
2.999933778246885452e-02
2.999933778246879207e-02
2.999933778247088761e-02
2.999933778246784838e-02
2.999933778246997862e-02
2.999933778246853880e-02
2.999933778247042965e-02
2.999933778246835492e-02
2.999933778246899677e-02
2.999933778246920146e-02
2.999933778247016944e-02
2.999933778246888921e-02
2.999933778246973576e-02
2.999933778246936800e-02
2.999933778246972882e-02
2.999933778246879207e-02
2.999933778246966637e-02
2.999933778246819532e-02
2.999933778247194927e-02
2.999933778246944779e-02
2.999933778246726551e-02
2.999933778246994392e-02
2.999933778246938187e-02
2.999933778246974964e-02
2.999933778247022842e-02
2.999933778246989535e-02
2.999933778246911820e-02
2.999933778246931942e-02
2.999933778246859778e-02
2.999933778246877472e-02
2.999933778246999944e-02
2.999933778246961433e-02
2.999933778246976351e-02
2.999933778246833410e-02
2.999933778246901064e-02
2.999933778246958310e-02
2.999933778246784491e-02
2.999933778246754307e-02
2.999933778247016597e-02
2.999933778246892044e-02
2.999933778246884758e-02
2.999933778247262234e-02
2.999933778247058577e-02
2.999933778247107496e-02
2.999933778246799757e-02
2.999933778247145660e-02
2.999933778247015903e-02
2.999933778247040189e-02
2.999933778247023883e-02
2.999933778246986066e-02
2.999933778246969412e-02
2.999933778246934024e-02
2.999933778247054067e-02
2.999933778247127619e-02
2.999933778247100905e-02
2.999933778246993352e-02
2.999933778247037414e-02
2.999933778246965249e-02
2.999933778246862207e-02
2.999933778246690469e-02
2.999933778247097782e-02
2.999933778246887534e-02
2.999933778246895860e-02
2.999933778247156763e-02
2.999933778247083210e-02
2.999933778246901411e-02
2.999933778247021801e-02
2.999933778247288949e-02
2.999933778247209498e-02
2.999933778247146007e-02
2.999933778246849370e-02
2.999933778247074190e-02
2.999933778246891697e-02
2.999933778246908003e-02
2.999933778246812247e-02
2.999933778246954841e-02
2.999933778246999250e-02
2.999933778246935412e-02
2.999933778247331623e-02
2.999933778247227539e-02
2.999933778246941657e-02
2.999933778247081129e-02
2.999933778247003760e-02
2.999933778246676244e-02
2.999933778247057883e-02
2.999933778246891697e-02
2.999933778247222335e-02
2.999933778246773736e-02
2.999933778246739041e-02
2.999933778247046434e-02
2.999933778246810165e-02
2.999933778246994739e-02
2.999933778247062741e-02
2.999933778247027005e-02
2.999933778247165783e-02
2.999933778246668958e-02
2.999933778246825083e-02
2.999933778247043312e-02
2.999933778246904187e-02
2.999933778246881289e-02
2.999933778246583263e-02
2.999933778247110966e-02
2.999933778246603386e-02
2.999933778247094313e-02
2.999933778247207070e-02
2.999933778247101598e-02
2.999933778246695673e-02
2.999933778247091190e-02
2.999933778246765756e-02
2.999933778247279234e-02
2.999933778247002719e-02
2.999933778247350705e-02
2.999933778247119986e-02
2.999933778246675203e-02
2.999933778246859778e-02
2.999933778247280969e-02
2.999933778246934718e-02
2.999933778246886493e-02
2.999933778247180355e-02
2.999933778246959698e-02
2.999933778246726898e-02
2.999933778247197702e-02
2.999933778247092231e-02
2.999933778247017985e-02
2.999933778246863941e-02
2.999933778247308724e-02
2.999933778247134558e-02
2.999933778247330235e-02
2.999933778247080435e-02
2.999933778246606508e-02
2.999933778247431543e-02
2.999933778246940269e-02
2.999933778247317745e-02
2.999933778246783797e-02
2.999933778246863594e-02
2.999933778246630448e-02
2.999933778246982943e-02
2.999933778247254254e-02
2.999933778246783103e-02
2.999933778246854921e-02
