3.000062161272167710e-02
3.000062161271719111e-02
3.000062161171068373e-02
3.000062160965819014e-02
3.000062160655812132e-02
3.000062160240134571e-02
3.000062159732701586e-02
3.000062159121692773e-02
3.000062158409746993e-02
3.000062157600780557e-02
3.000062156675541505e-02
3.000062155661289282e-02
3.000062154538199813e-02
3.000062153305417881e-02
3.000062151976405633e-02
3.000062150532919331e-02
3.000062149008053333e-02
3.000062147391004824e-02
3.000062145647953635e-02
3.000062143806550910e-02
3.000062141871880084e-02
3.000062139825923277e-02
3.000062137629186387e-02
3.000062135378407657e-02
3.000062133020831717e-02
3.000062130536375674e-02
3.000062127947602728e-02
3.000062125229257734e-02
3.000062122449281138e-02
3.000062119560321233e-02
3.000062116571028739e-02
3.000062113440345873e-02
3.000062110246832711e-02
3.000062106893064406e-02
3.000062103473119177e-02
3.000062099939666133e-02
3.000062096300680145e-02
3.000062092552652215e-02
3.000062088732826510e-02
3.000062084814296773e-02
3.000062080730902386e-02
3.000062076547699297e-02
3.000062072240909303e-02
3.000062067787332559e-02
3.000062063230491544e-02
3.000062058643408400e-02
3.000062053961101427e-02
3.000062049145379300e-02
3.000062044151336621e-02
3.000062039084661070e-02
3.000062033853938617e-02
3.000062028562964708e-02
3.000062023132546787e-02
3.000062017605539810e-02
3.000062011972026363e-02
3.000062006214498922e-02
3.000062000313576810e-02
3.000061994311747915e-02
3.000061988190980480e-02
3.000061981942389600e-02
3.000061975645728837e-02
3.000061969145137453e-02
3.000061962518827535e-02
3.000061955716311346e-02
3.000061948930552586e-02
3.000061942038836915e-02
3.000061934907929939e-02
3.000061927825492525e-02
3.000061920628646281e-02
3.000061913118162032e-02
3.000061905688047523e-02
3.000061898091089044e-02
3.000061890340111406e-02
3.000061882464207658e-02
3.000061874533242051e-02
3.000061866123427540e-02
3.000061857715347058e-02
3.000061849445953902e-02
3.000061840926281781e-02
3.000061832336146928e-02
3.000061823531475005e-02
3.000061814577918359e-02
3.000061805452108876e-02
3.000061796170831047e-02
3.000061786899783228e-02
3.000061777378732961e-02
3.000061768014598840e-02
3.000061758368794546e-02
3.000061748505605808e-02
3.000061738642264414e-02
3.000061728362967556e-02
3.000061718045204592e-02
3.000061707894679033e-02
3.000061697329586136e-02
3.000061686841263772e-02
3.000061676039355446e-02
3.000061665145270159e-02
3.000061654230859465e-02
3.000061643124518618e-02
3.000061631839255616e-02
3.000061620554686503e-02
3.000061608942998850e-02
3.000061597057212051e-02
3.000061585399399489e-02
3.000061573526077024e-02
3.000061561612712285e-02
3.000061549646124842e-02
3.000061537151661739e-02
3.000061524924156620e-02
3.000061512310422604e-02
3.000061499736644127e-02
3.000061486828523027e-02
3.000061473804271905e-02
3.000061460862543314e-02
3.000061447232021603e-02
3.000061433643134989e-02
3.000061420098384946e-02
3.000061406303295569e-02
3.000061392310955991e-02
3.000061378024029834e-02
3.000061364056384045e-02
3.000061349775675484e-02
3.000061335071125407e-02
3.000061320512882601e-02
3.000061305883550827e-02
3.000061291005346603e-02
3.000061275969037600e-02
3.000061260676597369e-02
3.000061245460768078e-02
3.000061229741714242e-02
3.000061214080199101e-02
3.000061198159575254e-02
3.000061182309252117e-02
3.000061166216504149e-02
3.000061149828189139e-02
3.000061133039855221e-02
3.000061116638755299e-02
3.000061099898441996e-02
3.000061082946102811e-02
3.000061065853792258e-02
3.000061048606707248e-02
3.000061030927855810e-02
3.000061013092931994e-02
3.000060995415056164e-02
3.000060977250365232e-02
3.000060959397076593e-02
3.000060941357279160e-02
3.000060923199140278e-02
3.000060904757079205e-02
3.000060886009458389e-02
3.000060866818571662e-02
3.000060847957460031e-02
3.000060828636366694e-02
3.000060809394877390e-02
3.000060789789599225e-02
3.000060770160273976e-02
3.000060750403556187e-02
3.000060730308284906e-02
3.000060710011947379e-02
3.000060689948234188e-02
3.000060669297782007e-02
3.000060648698904889e-02
3.000060627653156758e-02
3.000060606519484863e-02
3.000060584830528676e-02
3.000060563658128038e-02
3.000060542128956190e-02
3.000060520248623921e-02
3.000060498494745709e-02
3.000060476202223714e-02
3.000060453604274507e-02
3.000060430990662830e-02
3.000060408215438762e-02
3.000060385105068894e-02
3.000060362054831481e-02
3.000060338553527106e-02
3.000060315305164843e-02
3.000060291586716457e-02
3.000060267933196342e-02
3.000060243872643140e-02
3.000060219763735214e-02
3.000060195316258879e-02
3.000060170435091267e-02
3.000060145375078174e-02
3.000060120589089288e-02
3.000060095459947118e-02
3.000060070207054286e-02
3.000060044635154133e-02
3.000060018874475820e-02
3.000059993002091030e-02
3.000059966563422414e-02
3.000059940153732008e-02
3.000059913646991455e-02
3.000059886985115623e-02
3.000059859866049256e-02
3.000059832541487545e-02
3.000059804933616694e-02
3.000059777219367396e-02
3.000059749096031445e-02
3.000059721155173831e-02
3.000059692655678012e-02
3.000059664070002172e-02
3.000059635419619758e-02
3.000059606257229200e-02
3.000059576963019087e-02
3.000059547455326964e-02
3.000059517855412777e-02
3.000059487836341521e-02
3.000059457776659694e-02
3.000059427307776028e-02
3.000059396582924198e-02
3.000059365839143066e-02
3.000059334807533840e-02
3.000059303273917150e-02
3.000059271775580572e-02
3.000059239948332096e-02
3.000059207809912740e-02
3.000059175211149814e-02
3.000059142679795468e-02
3.000059109793279388e-02
3.000059076593202673e-02
3.000059043267272116e-02
3.000059009467343288e-02
3.000058975463857150e-02
3.000058941462776727e-02
3.000058906912103640e-02
3.000058872245652680e-02
3.000058837365212130e-02
3.000058802121059742e-02
3.000058766579437319e-02
3.000058730986501082e-02
3.000058694989162639e-02
3.000058658702747794e-02
3.000058622160201721e-02
3.000058584897194805e-02
3.000058547903711181e-02
3.000058510352744678e-02
3.000058472539012325e-02
3.000058434314219896e-02
3.000058395768952224e-02
3.000058356916398411e-02
3.000058318121764933e-02
3.000058278700076103e-02
3.000058238861378485e-02
3.000058199209199028e-02
3.000058158804960393e-02
3.000058118454561329e-02
3.000058077718184557e-02
3.000058036546097984e-02
3.000057994905740849e-02
3.000057953017117029e-02
3.000057910991407034e-02
3.000057868731833416e-02
3.000057826054049193e-02
3.000057782855073546e-02
3.000057739302443294e-02
3.000057695479638187e-02
3.000057651262868358e-02
3.000057606876390184e-02
3.000057561917139626e-02
3.000057516804088137e-02
3.000057470988522559e-02
3.000057424896958314e-02
3.000057378525506496e-02
3.000057332052135164e-02
3.000057285375272789e-02
3.000057237720041986e-02
3.000057189871495333e-02
3.000057141954219631e-02
3.000057093165089256e-02
3.000057044192264849e-02
3.000056994740617211e-02
3.000056945164088912e-02
3.000056895179712552e-02
3.000056844798415501e-02
3.000056794185815973e-02
3.000056743004250043e-02
3.000056691286522373e-02
3.000056639535613953e-02
3.000056587392610843e-02
3.000056534858084462e-02
3.000056481381822848e-02
3.000056427758268640e-02
3.000056373488070235e-02
3.000056319256024992e-02
3.000056264748354740e-02
3.000056209050099357e-02
3.000056153287842045e-02
3.000056096707765657e-02
3.000056039802782848e-02
3.000055982561311216e-02
3.000055924575642866e-02
3.000055866436725574e-02
3.000055807729922960e-02
3.000055748668670891e-02
3.000055689395288508e-02
3.000055629266604879e-02
3.000055569044332571e-02
3.000055508735229373e-02
3.000055447319601581e-02
3.000055385115771994e-02
3.000055322695753535e-02
3.000055259676184805e-02
3.000055196735777405e-02
3.000055133036601263e-02
3.000055068475142306e-02
3.000055003639098480e-02
3.000054938309318353e-02
3.000054872475181253e-02
3.000054806424638787e-02
3.000054739526433409e-02
3.000054672463542058e-02
3.000054605112253969e-02
3.000054537056559209e-02
3.000054468626579124e-02
3.000054399670041422e-02
3.000054329993281921e-02
3.000054259505299803e-02
3.000054188130387919e-02
3.000054116737332563e-02
3.000054044608601450e-02
3.000053972032477173e-02
3.000053898535916252e-02
3.000053825394331103e-02
3.000053751125799500e-02
3.000053676806846426e-02
3.000053601505009090e-02
3.000053525640145047e-02
3.000053449686948884e-02
3.000053372848679456e-02
3.000053295494459552e-02
3.000053217242651740e-02
3.000053138734524658e-02
3.000053059508183198e-02
3.000052979915818208e-02
3.000052899572501486e-02
3.000052818846791688e-02
3.000052737667335823e-02
3.000052655294670190e-02
3.000052572709892632e-02
3.000052489570460834e-02
3.000052405612307904e-02
3.000052321208395920e-02
3.000052235850692722e-02
3.000052149940641774e-02
3.000052063661606816e-02
3.000051976962385056e-02
3.000051889307409070e-02
3.000051801242229615e-02
3.000051712517631114e-02
3.000051623292672442e-02
3.000051533131261119e-02
3.000051443249459812e-02
3.000051351892465967e-02
3.000051260025392991e-02
3.000051167671684976e-02
3.000051074669032869e-02
3.000050981347492096e-02
3.000050887406361180e-02
3.000050792343580269e-02
3.000050696923882432e-02
3.000050600927454611e-02
3.000050504526573236e-02
3.000050406280850915e-02
3.000050308564443380e-02
3.000050209721891528e-02
3.000050110443516771e-02
3.000050010662159983e-02
3.000049910132068787e-02
3.000049808419379127e-02
3.000049706220372925e-02
3.000049603944525412e-02
3.000049500802338606e-02
3.000049396757367703e-02
3.000049292187545805e-02
3.000049186925844713e-02
3.000049080603619384e-02
3.000048973885952736e-02
3.000048866568539446e-02
3.000048758708794006e-02
3.000048650389713564e-02
3.000048541209737393e-02
3.000048430901818691e-02
3.000048320219832199e-02
3.000048208982982606e-02
3.000048097462508501e-02
3.000047984901654807e-02
3.000047871909269220e-02
3.000047758289810240e-02
3.000047644281134129e-02
3.000047529423525983e-02
3.000047413610664945e-02
3.000047296580569262e-02
3.000047179170217335e-02
3.000047061239320689e-02
3.000046942789785787e-02
3.000046823379504124e-02
3.000046703733489500e-02
3.000046583850191767e-02
3.000046463139841371e-02
3.000046341688968055e-02
3.000046219462231684e-02
3.000046096528642681e-02
3.000045972709183828e-02
3.000045848531857767e-02
3.000045723269149575e-02
3.000045597388559943e-02
3.000045470926075014e-02
3.000045344046764137e-02
3.000045216030310102e-02
3.000045087311342326e-02
3.000044958461359212e-02
3.000044828557906634e-02
3.000044698170781232e-02
3.000044567680180962e-02
3.000044436399468967e-02
3.000044303551830521e-02
3.000044170081200834e-02
3.000044036650985346e-02
3.000043902121850292e-02
3.000043766976835669e-02
3.000043631418563422e-02
3.000043495143905545e-02
3.000043358623811357e-02
3.000043221073635594e-02
3.000043082859727914e-02
3.000042943950842131e-02
3.000042804952670478e-02
3.000042664896691164e-02
3.000042523814153150e-02
3.000042382187842124e-02
3.000042239728401700e-02
3.000042097165456917e-02
3.000041953982316920e-02
3.000041810018092003e-02
3.000041665778604982e-02
3.000041520193556452e-02
3.000041374426230811e-02
3.000041228046770869e-02
3.000041080873341176e-02
3.000040933260523721e-02
3.000040785129816021e-02
3.000040636249950640e-02
3.000040486972237533e-02
3.000040336837950239e-02
3.000040186394243441e-02
3.000040035378116407e-02
3.000039883359289367e-02
3.000039731781719773e-02
3.000039579074522886e-02
3.000039425688633132e-02
3.000039271792625736e-02
3.000039117470769748e-02
3.000038962526051928e-02
3.000038807094854154e-02
3.000038650747218275e-02
3.000038493989105881e-02
3.000038336370436376e-02
3.000038177758635252e-02
3.000038019092777022e-02
3.000037860247480731e-02
3.000037700961811354e-02
3.000037540639174244e-02
3.000037380137729817e-02
3.000037219307281899e-02
3.000037057539664542e-02
3.000036895893786609e-02
3.000036733224403784e-02
3.000036569816650484e-02
3.000036406197426758e-02
3.000036242229538533e-02
3.000036078354115579e-02
3.000035913456829476e-02
3.000035748415664366e-02
3.000035582584689026e-02
3.000035416776854896e-02
3.000035250384414098e-02
3.000035083080065945e-02
3.000034916012330952e-02
3.000034747855299250e-02
3.000034579069384491e-02
3.000034409920462886e-02
3.000034239946132095e-02
3.000034070065498576e-02
3.000033900238799345e-02
3.000033729457451948e-02
3.000033558404155767e-02
3.000033386646283606e-02
3.000033215134560380e-02
3.000033042940649167e-02
3.000032870058430209e-02
3.000032697162672776e-02
3.000032524140796783e-02
3.000032350322040520e-02
3.000032176342814355e-02
3.000032002059224018e-02
3.000031827428555758e-02
3.000031651963208992e-02
3.000031476627438784e-02
3.000031301201095194e-02
3.000031125088063744e-02
3.000030949457820409e-02
3.000030772879174260e-02
3.000030596322813756e-02
3.000030418959655221e-02
3.000030242080941115e-02
3.000030063986286466e-02
3.000029885656426906e-02
3.000029707456996347e-02
3.000029528567857429e-02
3.000029349696851921e-02
3.000029170836238449e-02
3.000028991457008229e-02
3.000028812137588846e-02
3.000028632501589368e-02
3.000028453071639303e-02
3.000028273718316485e-02
3.000028093658110850e-02
3.000027913207412023e-02
3.000027732275458575e-02
3.000027551766310668e-02
3.000027370931755352e-02
3.000027190226361995e-02
3.000027008647641880e-02
3.000026827325382589e-02
3.000026645939956119e-02
3.000026464479191302e-02
3.000026283346792638e-02
3.000026101350918364e-02
3.000025919565733196e-02
3.000025737662802977e-02
3.000025556091587969e-02
3.000025374680501469e-02
3.000025192950012479e-02
3.000025010791352101e-02
3.000024828532538851e-02
3.000024645911325560e-02
3.000024464175430478e-02
3.000024281990832514e-02
3.000024099707500336e-02
3.000023917980610549e-02
3.000023736022266324e-02
3.000023553720821551e-02
3.000023371218255366e-02
3.000023188618265724e-02
3.000023007037754680e-02
3.000022825228301770e-02
3.000022642989803867e-02
3.000022461001499927e-02
3.000022279473654740e-02
3.000022097359377610e-02
3.000021916367096378e-02
3.000021735048234023e-02
3.000021553330163918e-02
3.000021371516364138e-02
3.000021190320580761e-02
3.000021008745984430e-02
3.000020827331172785e-02
3.000020646708482369e-02
3.000020465873802500e-02
3.000020285235303549e-02
3.000020104301940466e-02
3.000019923663684723e-02
3.000019743783366444e-02
3.000019564255983207e-02
3.000019384994745408e-02
3.000019205598470490e-02
3.000019025652676460e-02
3.000018847024605098e-02
3.000018667550770346e-02
3.000018488818589207e-02
3.000018310559722512e-02
3.000018132623554629e-02
3.000017954498470849e-02
3.000017777243695408e-02
3.000017599855323708e-02
3.000017422514241264e-02
3.000017245001943694e-02
3.000017067702839824e-02
3.000016891151963128e-02
3.000016714811135077e-02
3.000016539239393210e-02
3.000016363606484299e-02
3.000016188402579442e-02
3.000016013433291773e-02
3.000015839111021612e-02
3.000015664693292047e-02
3.000015490008409863e-02
3.000015316292509518e-02
3.000015142750871167e-02
3.000014970300301717e-02
3.000014797967429786e-02
3.000014625980003402e-02
3.000014454482108350e-02
3.000014282832436097e-02
3.000014111739124009e-02
3.000013940714440358e-02
3.000013770238813687e-02
3.000013600072361231e-02
3.000013430596454311e-02
3.000013261559644068e-02
3.000013093407642717e-02
3.000012925204080527e-02
3.000012757247863884e-02
3.000012589333565793e-02
3.000012422573717502e-02
3.000012256542212291e-02
3.000012090586713295e-02
3.000011925080228736e-02
3.000011759707423009e-02
3.000011595008932053e-02
3.000011430851412531e-02
3.000011266780919575e-02
3.000011103119106654e-02
3.000010939913497904e-02
3.000010777787730926e-02
3.000010616198139565e-02
3.000010455079099581e-02
3.000010294104513142e-02
3.000010134151177843e-02
3.000009974084499181e-02
3.000009814677775249e-02
3.000009656027155525e-02
3.000009497479105489e-02
3.000009339562563493e-02
3.000009182129988183e-02
3.000009025333151558e-02
3.000008868857150998e-02
3.000008713485913941e-02
3.000008557826729094e-02
3.000008403686258915e-02
3.000008249986289496e-02
3.000008096451552142e-02
3.000007943998971027e-02
3.000007791523190415e-02
3.000007639843287749e-02
3.000007488560797742e-02
3.000007337956586001e-02
3.000007187688038396e-02
3.000007038207654769e-02
3.000006889234980295e-02
3.000006740844268771e-02
3.000006593413718364e-02
3.000006446322536768e-02
3.000006299078524993e-02
3.000006153141638460e-02
3.000006007973136241e-02
3.000005862553895009e-02
3.000005718428261359e-02
3.000005574670285349e-02
3.000005431338751208e-02
3.000005288632858619e-02
3.000005146968499903e-02
3.000005005290708182e-02
3.000004864308311245e-02
3.000004724519697574e-02
3.000004584803605406e-02
3.000004445937785175e-02
3.000004307050719785e-02
3.000004168922933839e-02
3.000004031307879765e-02
3.000003894865503618e-02
3.000003758323312869e-02
3.000003622702387962e-02
3.000003487307385808e-02
3.000003352923708705e-02
3.000003219267801877e-02
3.000003085749493661e-02
3.000002953639175143e-02
3.000002821329680533e-02
3.000002689921844531e-02
3.000002559098474339e-02
3.000002429080537991e-02
3.000002299767490221e-02
3.000002170819655867e-02
3.000002042535106217e-02
3.000001914751381296e-02
3.000001787685592503e-02
3.000001661021259314e-02
3.000001535128750743e-02
3.000001409567937607e-02
3.000001284503734864e-02
3.000001160754287022e-02
3.000001037619034680e-02
3.000000913899355040e-02
3.000000791526622607e-02
3.000000669303753281e-02
3.000000547717184343e-02
3.000000427639438333e-02
3.000000307408557873e-02
3.000000188330084055e-02
3.000000070100676888e-02
2.999999951291862713e-02
2.999999832769648794e-02
2.999999715789943011e-02
2.999999599378457699e-02
2.999999483145765478e-02
2.999999367701772224e-02
2.999999253462570792e-02
2.999999139253838737e-02
2.999999025896965543e-02
2.999998912597446471e-02
2.999998800271434785e-02
2.999998688325192925e-02
2.999998577853439999e-02
2.999998466787075213e-02
2.999998356695256566e-02
2.999998246717352698e-02
2.999998138064862915e-02
2.999998029719449719e-02
2.999997921751516861e-02
2.999997814219480807e-02
2.999997707654824403e-02
2.999997600792296201e-02
2.999997495261533600e-02
2.999997389921645052e-02
2.999997285134182318e-02
2.999997180928054563e-02
2.999997076996069323e-02
2.999996974046736237e-02
2.999996871572048474e-02
2.999996769574658079e-02
2.999996668137183686e-02
2.999996566878907617e-02
2.999996467335356437e-02
2.999996366375578052e-02
2.999996266763926486e-02
2.999996167679123277e-02
2.999996068703325233e-02
2.999995969791480546e-02
2.999995871511471762e-02
2.999995774747102675e-02
2.999995678063680643e-02
2.999995581057940397e-02
2.999995485169919263e-02
2.999995390832763120e-02
2.999995296020112334e-02
2.999995203136244376e-02
2.999995109542552205e-02
2.999995016487124258e-02
2.999994923957096521e-02
2.999994831102333059e-02
2.999994738523184545e-02
2.999994647125109326e-02
2.999994555308517497e-02
2.999994465600392540e-02
2.999994376126466356e-02
2.999994286111710290e-02
2.999994196470511312e-02
2.999994107885424477e-02
2.999994019106870524e-02
2.999993929660247846e-02
2.999993840997770139e-02
2.999993753607992780e-02
2.999993666279591326e-02
2.999993579284405271e-02
2.999993493491576180e-02
2.999993408276013102e-02
2.999993322883617863e-02
2.999993236851105846e-02
2.999993152318978021e-02
2.999993068510206640e-02
2.999992984923132225e-02
2.999992901207869378e-02
2.999992819309293263e-02
2.999992736840039614e-02
2.999992655354529608e-02
2.999992574633621872e-02
2.999992494409987887e-02
2.999992413407051584e-02
2.999992332712359336e-02
2.999992252823188016e-02
2.999992173555018904e-02
2.999992092657155843e-02
2.999992012937805624e-02
2.999991933908334810e-02
2.999991854201227576e-02
2.999991774779730419e-02
2.999991697004962543e-02
2.999991619432158113e-02
2.999991542630369920e-02
2.999991465665265838e-02
2.999991389532826944e-02
2.999991312402479696e-02
2.999991236516184184e-02
2.999991160983991878e-02
2.999991086259833073e-02
2.999991011380097675e-02
2.999990937107418695e-02
2.999990863210899583e-02
2.999990788484013793e-02
2.999990713813947135e-02
2.999990640067812936e-02
2.999990566918804558e-02
2.999990494648533540e-02
2.999990421303892416e-02
2.999990348656580291e-02
2.999990276382116100e-02
2.999990203931426902e-02
2.999990131479655583e-02
2.999990060915448675e-02
2.999989989966286158e-02
2.999989919874039568e-02
2.999989849487941229e-02
2.999989778613345107e-02
2.999989708044953352e-02
2.999989637650014862e-02
2.999989568207529073e-02
2.999989498274557506e-02
2.999989429923543421e-02
2.999989361967578955e-02
2.999989293115629813e-02
2.999989225817321914e-02
2.999989158464316102e-02
2.999989091204272387e-02
2.999989023676989316e-02
2.999988955355975540e-02
2.999988889093990752e-02
2.999988822551827305e-02
2.999988755839702592e-02
2.999988691227860674e-02
2.999988625386984520e-02
2.999988559615925782e-02
2.999988495217146417e-02
2.999988430656724478e-02
2.999988367248844490e-02
2.999988302289043063e-02
2.999988237958867848e-02
2.999988173985706358e-02
2.999988111036060515e-02
2.999988048525014522e-02
2.999987985539010610e-02
2.999987923129738415e-02
2.999987860955308228e-02
2.999987797440740664e-02
2.999987735165331876e-02
2.999987672546245571e-02
2.999987611136148424e-02
2.999987550307027517e-02
2.999987489725985945e-02
2.999987429269608541e-02
2.999987368092017076e-02
2.999987307928717040e-02
2.999987246603819796e-02
2.999987186016539464e-02
2.999987126602460252e-02
2.999987066967138571e-02
2.999987007054701754e-02
2.999986946888288236e-02
2.999986887749622050e-02
2.999986830140604493e-02
2.999986771517492573e-02
2.999986712702215272e-02
2.999986654615768161e-02
2.999986597267162436e-02
2.999986540399011276e-02
2.999986484482777133e-02
2.999986427341240144e-02
2.999986370924764140e-02
2.999986314650091024e-02
2.999986259486620011e-02
2.999986202925079143e-02
2.999986146820545624e-02
2.999986090180929363e-02
2.999986034950806457e-02
2.999985980635063582e-02
2.999985927384844764e-02
2.999985874295955229e-02
2.999985820669455808e-02
2.999985766435574186e-02
2.999985714276346901e-02
2.999985661375954502e-02
2.999985608350255392e-02
2.999985554802645296e-02
2.999985502781898905e-02
2.999985450095274744e-02
2.999985398528017683e-02
2.999985348348849223e-02
2.999985296988938455e-02
2.999985246829266206e-02
2.999985195318071243e-02
2.999985145139806575e-02
2.999985095215770836e-02
2.999985045681366480e-02
2.999984994896926979e-02
2.999984944800097864e-02
2.999984894666137686e-02
2.999984846790621287e-02
2.999984798965010108e-02
2.999984750747488466e-02
2.999984701687451183e-02
2.999984654017317370e-02
2.999984606019335739e-02
2.999984559420276753e-02
2.999984511881599591e-02
2.999984465455673294e-02
2.999984418917223117e-02
2.999984373754090855e-02
2.999984328069685985e-02
2.999984282374903305e-02
2.999984236467938270e-02
2.999984193109644579e-02
2.999984148825559846e-02
2.999984105276607554e-02
2.999984061926232876e-02
2.999984018491253651e-02
2.999983975279937876e-02
2.999983931960060329e-02
2.999983889066567405e-02
2.999983847722561756e-02
2.999983805776730572e-02
2.999983764841062869e-02
2.999983724871421731e-02
2.999983684426605832e-02
2.999983644349252243e-02
2.999983603978815389e-02
2.999983564185364562e-02
2.999983525565313308e-02
2.999983487457162645e-02
2.999983449315455492e-02
2.999983412376884193e-02
2.999983374741795397e-02
2.999983338452260132e-02
2.999983302675532371e-02
2.999983266657478900e-02
2.999983230844311538e-02
2.999983195643103270e-02
2.999983161663513642e-02
2.999983126550553880e-02
2.999983093373263104e-02
2.999983059413814657e-02
2.999983026374629380e-02
2.999982993189490715e-02
2.999982961682901364e-02
2.999982929780978594e-02
2.999982898292242323e-02
2.999982867066997017e-02
2.999982837140783079e-02
2.999982807439460775e-02
2.999982777600800066e-02
2.999982748831107882e-02
2.999982720478623979e-02
2.999982692111634319e-02
2.999982664183021425e-02
2.999982637261696533e-02
2.999982610576667694e-02
2.999982583932958580e-02
2.999982558164825813e-02
2.999982532959522691e-02
2.999982507848709956e-02
2.999982482500110348e-02
2.999982458677503960e-02
2.999982435109563653e-02
2.999982412257334169e-02
2.999982389799693908e-02
2.999982367495802188e-02
2.999982346210828404e-02
2.999982325296828706e-02
2.999982304469825736e-02
2.999982284551137857e-02
2.999982265835727732e-02
2.999982246696133309e-02
2.999982228105046306e-02
2.999982209941236266e-02
2.999982192626927599e-02
2.999982175455127506e-02
2.999982159388568312e-02
2.999982144012260446e-02
2.999982128410446161e-02
2.999982113889095026e-02
2.999982099818709197e-02
2.999982086448080287e-02
2.999982073193965815e-02
2.999982060878566073e-02
2.999982048841251178e-02
2.999982037260614728e-02
2.999982025979383918e-02
2.999982015536144242e-02
2.999982005216041830e-02
2.999981996060964093e-02
2.999981987300141123e-02
2.999981978900453927e-02
2.999981971233800504e-02
2.999981964187762098e-02
2.999981957512587796e-02
2.999981951514476414e-02
2.999981945803873590e-02
2.999981940920798743e-02
2.999981936649726705e-02
2.999981932949596225e-02
2.999981929657305479e-02
2.999981926900664037e-02
2.999981924831031724e-02
2.999981923277783222e-02
2.999981922315088367e-02
2.999981921842194421e-02
2.999981921887718075e-02
2.999981922372624982e-02
