2.999571957017175758e-02
2.999571957016978693e-02
2.999571957016927692e-02
2.999571957016988061e-02
2.999571957016990836e-02
2.999571957017044613e-02
2.999571957017051899e-02
2.999571957016949897e-02
2.999571957017026919e-02
2.999571957016975224e-02
2.999571957017048429e-02
2.999571957016953019e-02
2.999571957016755608e-02
2.999571957016970714e-02
2.999571957017406129e-02
2.999571957016775037e-02
2.999571957017004714e-02
2.999571957016964122e-02
2.999571957016990489e-02
2.999571957016883630e-02
2.999571957016941570e-02
2.999571957017365537e-02
2.999571957016895080e-02
2.999571957017055368e-02
2.999571957017058491e-02
2.999571957016943652e-02
2.999571957016817017e-02
2.999571957016824303e-02
2.999571957017095267e-02
2.999571957016958570e-02
2.999571957017635113e-02
2.999571957017095961e-02
2.999571957016947121e-02
2.999571957016945040e-02
2.999571957017102899e-02
2.999571957016981122e-02
2.999571957017238555e-02
2.999571957017344720e-02
2.999571957016963428e-02
2.999571957016800364e-02
2.999571957016889528e-02
2.999571957016822221e-02
2.999571957017208371e-02
2.999571957017020327e-02
2.999571957017158758e-02
2.999571957017124063e-02
2.999571957016792037e-02
2.999571957016832977e-02
2.999571957016736526e-02
2.999571957016956142e-02
2.999571957016943652e-02
2.999571957017082777e-02
2.999571957017307944e-02
2.999571957016847548e-02
2.999571957017136206e-02
2.999571957016811119e-02
2.999571957016847201e-02
2.999571957017337781e-02
2.999571957016768098e-02
2.999571957016897855e-02
2.999571957016881202e-02
2.999571957017295454e-02
2.999571957016887447e-02
2.999571957016890916e-02
2.999571957017364149e-02
2.999571957016894386e-02
2.999571957017117818e-02
2.999571957016877385e-02
2.999571957017035245e-02
2.999571957017155288e-02
2.999571957016919713e-02
2.999571957017049817e-02
2.999571957017076879e-02
2.999571957017110879e-02
2.999571957016949203e-02
2.999571957017189983e-02
2.999571957017204901e-02
2.999571957016822221e-02
2.999571957016882937e-02
2.999571957017094573e-02
2.999571957016644239e-02
2.999571957017020327e-02
2.999571957017008531e-02
2.999571957016817711e-02
2.999571957017192064e-02
2.999571957016986326e-02
2.999571957017061960e-02
2.999571957016999163e-02
2.999571957017320434e-02
2.999571957017070634e-02
2.999571957017109144e-02
2.999571957016690729e-02
2.999571957016947815e-02
2.999571957017003326e-02
2.999571957017005408e-02
2.999571957016855875e-02
2.999571957017203860e-02
2.999571957016862814e-02
2.999571957016889528e-02
2.999571957017063348e-02
2.999571957016967938e-02
2.999571957016890916e-02
2.999571957016896814e-02
2.999571957016917631e-02
2.999571957016962734e-02
2.999571957016738954e-02
2.999571957017008531e-02
2.999571957017072021e-02
2.999571957016865589e-02
2.999571957017120594e-02
2.999571957017045307e-02
2.999571957017056062e-02
2.999571957016872875e-02
2.999571957016963081e-02
2.999571957017042184e-02
2.999571957017057103e-02
2.999571957016967938e-02
2.999571957017180615e-02
2.999571957017023449e-02
2.999571957016918672e-02
2.999571957016981469e-02
2.999571957017067858e-02
2.999571957016815976e-02
2.999571957016988755e-02
2.999571957017133778e-02
2.999571957017040796e-02
2.999571957016892304e-02
2.999571957017030388e-02
2.999571957017142104e-02
2.999571957016987714e-02
2.999571957016875651e-02
2.999571957016856916e-02
2.999571957016893345e-02
2.999571957016920754e-02
2.999571957016921794e-02
2.999571957016958917e-02
2.999571957016904447e-02
2.999571957016976612e-02
2.999571957017107410e-02
2.999571957017008877e-02
2.999571957017178186e-02
2.999571957016848936e-02
2.999571957017082430e-02
2.999571957016945387e-02
2.999571957016851365e-02
2.999571957016870793e-02
2.999571957016964469e-02
2.999571957017014429e-02
2.999571957016860385e-02
2.999571957016842344e-02
2.999571957016870100e-02
2.999571957017117471e-02
2.999571957017009918e-02
2.999571957016995000e-02
2.999571957016989449e-02
2.999571957017008531e-02
2.999571957016855875e-02
2.999571957017021714e-02
2.999571957016954407e-02
2.999571957016973489e-02
2.999571957017011653e-02
2.999571957017008877e-02
2.999571957017195187e-02
2.999571957016806956e-02
2.999571957016955101e-02
2.999571957016865936e-02
2.999571957016933244e-02
2.999571957016997775e-02
2.999571957017032123e-02
2.999571957017050511e-02
2.999571957017042878e-02
2.999571957016886753e-02
2.999571957016957530e-02
2.999571957016978346e-02
2.999571957017100471e-02
2.999571957017022755e-02
2.999571957017102553e-02
2.999571957016865242e-02
2.999571957016717444e-02
2.999571957016938795e-02
2.999571957017040796e-02
2.999571957017035245e-02
2.999571957016809037e-02
2.999571957016955448e-02
2.999571957017008531e-02
2.999571957017058144e-02
2.999571957016945734e-02
2.999571957017076185e-02
2.999571957017049817e-02
2.999571957016897161e-02
2.999571957016972101e-02
2.999571957017161533e-02
2.999571957017043572e-02
2.999571957017017204e-02
2.999571957016874957e-02
2.999571957016982510e-02
2.999571957017155982e-02
2.999571957017051205e-02
2.999571957016854834e-02
2.999571957016999163e-02
2.999571957016947815e-02
2.999571957016911733e-02
2.999571957016963775e-02
2.999571957016859691e-02
2.999571957016922835e-02
2.999571957016885018e-02
2.999571957017061266e-02
2.999571957016998469e-02
2.999571957016932897e-02
2.999571957016873569e-02
2.999571957017200044e-02
2.999571957016987367e-02
2.999571957017027612e-02
2.999571957016952672e-02
2.999571957017013735e-02
2.999571957016894386e-02
2.999571957017053980e-02
2.999571957017033164e-02
2.999571957016887447e-02
2.999571957017035245e-02
2.999571957017068552e-02
2.999571957016949897e-02
2.999571957016951979e-02
2.999571957016868712e-02
2.999571957016998469e-02
2.999571957017174023e-02
2.999571957016942958e-02
2.999571957016934631e-02
2.999571957016884324e-02
2.999571957016983551e-02
2.999571957016940182e-02
2.999571957016890222e-02
2.999571957016883977e-02
2.999571957017019980e-02
2.999571957016949897e-02
2.999571957016945734e-02
2.999571957016890916e-02
2.999571957016866630e-02
2.999571957016921447e-02
2.999571957016887794e-02
2.999571957017051552e-02
2.999571957017029694e-02
2.999571957016829160e-02
2.999571957017025878e-02
2.999571957016905488e-02
2.999571957016836099e-02
2.999571957016883630e-02
2.999571957017063695e-02
2.999571957016990142e-02
2.999571957017015122e-02
2.999571957017004714e-02
2.999571957017023796e-02
2.999571957016892304e-02
2.999571957017009918e-02
2.999571957016965509e-02
2.999571957016873569e-02
2.999571957017149737e-02
2.999571957016864202e-02
2.999571957017008877e-02
2.999571957016954060e-02
2.999571957016921100e-02
2.999571957016862814e-02
2.999571957016934631e-02
2.999571957017039756e-02
2.999571957016977999e-02
2.999571957016982510e-02
2.999571957016922835e-02
2.999571957016999510e-02
2.999571957016972448e-02
2.999571957016890222e-02
2.999571957017013735e-02
2.999571957016875998e-02
2.999571957016907570e-02
2.999571957016871140e-02
2.999571957016883283e-02
2.999571957016933937e-02
2.999571957016871487e-02
2.999571957016912427e-02
2.999571957016813895e-02
2.999571957016923529e-02
2.999571957016940529e-02
2.999571957016916590e-02
2.999571957016869059e-02
2.999571957016891957e-02
2.999571957016993959e-02
2.999571957017019286e-02
2.999571957016894386e-02
2.999571957016883977e-02
2.999571957016801058e-02
2.999571957016834017e-02
2.999571957016877038e-02
2.999571957016908264e-02
2.999571957017010959e-02
2.999571957016988755e-02
2.999571957017001245e-02
2.999571957016845467e-02
2.999571957016978346e-02
2.999571957016892998e-02
2.999571957016995000e-02
2.999571957016869406e-02
2.999571957016922835e-02
2.999571957016922141e-02
2.999571957016854834e-02
2.999571957016789955e-02
2.999571957017085205e-02
2.999571957016836793e-02
2.999571957016903406e-02
2.999571957016908957e-02
2.999571957017054674e-02
2.999571957016847201e-02
2.999571957016986326e-02
2.999571957016865936e-02
2.999571957016866977e-02
2.999571957016938448e-02
2.999571957016902712e-02
2.999571957016929774e-02
2.999571957016861079e-02
2.999571957016959264e-02
2.999571957016956142e-02
2.999571957016887100e-02
2.999571957016946427e-02
2.999571957016824997e-02
2.999571957016941570e-02
2.999571957017048776e-02
2.999571957016942611e-02
2.999571957016898549e-02
2.999571957016963081e-02
2.999571957016852752e-02
2.999571957016882243e-02
2.999571957016847548e-02
2.999571957016921447e-02
2.999571957016926305e-02
2.999571957016892304e-02
2.999571957016928039e-02
2.999571957016895773e-02
2.999571957016845467e-02
2.999571957016895080e-02
2.999571957016958917e-02
2.999571957016973836e-02
2.999571957016841650e-02
2.999571957016843038e-02
2.999571957016940529e-02
2.999571957016993612e-02
2.999571957016905835e-02
2.999571957016903406e-02
2.999571957016910345e-02
2.999571957016925611e-02
2.999571957016802792e-02
2.999571957016815976e-02
2.999571957016989796e-02
2.999571957016854834e-02
2.999571957016970020e-02
2.999571957016964815e-02
2.999571957016855181e-02
2.999571957016867671e-02
2.999571957016926305e-02
2.999571957016898202e-02
2.999571957016956489e-02
2.999571957016974877e-02
2.999571957016968632e-02
2.999571957016790996e-02
2.999571957016865242e-02
2.999571957016936019e-02
2.999571957016872875e-02
2.999571957016934631e-02
2.999571957016937407e-02
2.999571957016868018e-02
2.999571957016998469e-02
2.999571957016934631e-02
2.999571957016875998e-02
2.999571957016869406e-02
2.999571957016950591e-02
2.999571957016895773e-02
2.999571957016835405e-02
2.999571957016919366e-02
2.999571957016880508e-02
2.999571957016947815e-02
2.999571957016902365e-02
2.999571957016856569e-02
2.999571957016901325e-02
2.999571957016985979e-02
2.999571957016879120e-02
2.999571957016939489e-02
2.999571957016878773e-02
2.999571957016905141e-02
2.999571957016938101e-02
2.999571957016931509e-02
2.999571957016869059e-02
2.999571957016853446e-02
2.999571957016910345e-02
2.999571957016926305e-02
2.999571957016932550e-02
2.999571957016878426e-02
2.999571957016870100e-02
2.999571957016832630e-02
2.999571957016923529e-02
2.999571957016908610e-02
2.999571957016905835e-02
2.999571957016891957e-02
2.999571957016923182e-02
2.999571957016915202e-02
2.999571957016900978e-02
2.999571957016877038e-02
2.999571957016953366e-02
2.999571957016902019e-02
2.999571957016895080e-02
2.999571957016865242e-02
2.999571957016932897e-02
2.999571957016892304e-02
2.999571957016892304e-02
2.999571957016915896e-02
2.999571957016904794e-02
2.999571957016886059e-02
2.999571957016923876e-02
2.999571957016892651e-02
2.999571957016890222e-02
2.999571957016888835e-02
2.999571957016890569e-02
2.999571957016885365e-02
2.999571957016953019e-02
2.999571957016889528e-02
2.999571957016927692e-02
2.999571957016928039e-02
2.999571957016883630e-02
2.999571957016920407e-02
2.999571957016901672e-02
2.999571957016890916e-02
2.999571957016909651e-02
2.999571957016922835e-02
2.999571957016916590e-02
2.999571957016920754e-02
2.999571957016904100e-02
2.999571957016912427e-02
2.999571957016915202e-02
2.999571957016885712e-02
2.999571957016913121e-02
2.999571957016946427e-02
2.999571957016930468e-02
2.999571957016906529e-02
2.999571957016903753e-02
2.999571957016918672e-02
2.999571957016941223e-02
2.999571957016902019e-02
2.999571957016887447e-02
2.999571957016929427e-02
2.999571957016918672e-02
2.999571957016926305e-02
2.999571957016927345e-02
2.999571957016931856e-02
2.999571957016924570e-02
2.999571957016923182e-02
2.999571957016919019e-02
2.999571957016924223e-02
2.999571957016922488e-02
2.999571957016927692e-02
2.999571957016927692e-02
2.999571957016932897e-02
2.999571957016933937e-02
2.999571957016922488e-02
2.999571957016932897e-02
2.999571957016932203e-02
2.999571957016924570e-02
2.999571957016928386e-02
2.999571957016927692e-02
2.999571957016924917e-02
2.999571957016927345e-02
2.999571957016928733e-02
2.999571957016927692e-02
2.999571957016929080e-02
2.999571957016931162e-02
2.999571957016936366e-02
2.999571957016931509e-02
2.999571957016923182e-02
2.999571957016931162e-02
2.999571957016936713e-02
2.999571957016929080e-02
2.999571957016932203e-02
2.999571957016939142e-02
2.999571957016938795e-02
2.999571957016938795e-02
2.999571957016937754e-02
2.999571957016938101e-02
2.999571957016939835e-02
2.999571957016939489e-02
2.999571957016941223e-02
2.999571957016942958e-02
2.999571957016941570e-02
2.999571957016943652e-02
2.999571957016942611e-02
2.999571957016945387e-02
2.999571957016945734e-02
2.999571957016945734e-02
2.999571957016948509e-02
2.999571957016948509e-02
2.999571957016949897e-02
2.999571957016949203e-02
2.999571957016951285e-02
2.999571957016951632e-02
2.999571957016952672e-02
2.999571957016954060e-02
2.999571957016954407e-02
2.999571957016955795e-02
2.999571957016956489e-02
2.999571957016956836e-02
2.999571957016957877e-02
2.999571957016958570e-02
2.999571957016958570e-02
2.999571957016959264e-02
2.999571957016959958e-02
2.999571957016960305e-02
2.999571957016961693e-02
2.999571957016960999e-02
2.999571957016963428e-02
2.999571957016962734e-02
2.999571957016965162e-02
2.999571957016965856e-02
2.999571957016966897e-02
2.999571957016966550e-02
2.999571957016966550e-02
2.999571957016969326e-02
2.999571957016970714e-02
2.999571957016971060e-02
2.999571957016970714e-02
2.999571957016971060e-02
2.999571957016975918e-02
2.999571957016975918e-02
2.999571957016976265e-02
2.999571957016978346e-02
2.999571957016976265e-02
2.999571957016977305e-02
2.999571957016979734e-02
2.999571957016981816e-02
2.999571957016982510e-02
2.999571957016980428e-02
2.999571957016984244e-02
2.999571957016983551e-02
2.999571957016987020e-02
2.999571957016988061e-02
2.999571957016983897e-02
2.999571957016982510e-02
2.999571957016982857e-02
2.999571957016981469e-02
2.999571957016990489e-02
2.999571957016978346e-02
2.999571957016991183e-02
2.999571957016987367e-02
2.999571957016984244e-02
2.999571957016987714e-02
2.999571957017002632e-02
2.999571957016983897e-02
2.999571957017000551e-02
2.999571957016980775e-02
2.999571957016996041e-02
2.999571957017004367e-02
2.999571957016998816e-02
2.999571957016999857e-02
2.999571957016996734e-02
2.999571957017007490e-02
2.999571957016979734e-02
2.999571957016991530e-02
2.999571957017001245e-02
2.999571957016995000e-02
2.999571957017001939e-02
2.999571957017008531e-02
2.999571957016995000e-02
2.999571957016998469e-02
2.999571957017013735e-02
2.999571957016982510e-02
2.999571957017019980e-02
2.999571957017015816e-02
2.999571957016992571e-02
2.999571957017027959e-02
2.999571957016983897e-02
2.999571957017017898e-02
2.999571957017021367e-02
2.999571957017015469e-02
2.999571957017030388e-02
2.999571957017017204e-02
2.999571957017000898e-02
2.999571957017009224e-02
2.999571957017039409e-02
2.999571957017001245e-02
2.999571957017009224e-02
2.999571957016985285e-02
2.999571957017026919e-02
2.999571957017047735e-02
2.999571957017022061e-02
2.999571957017044960e-02
2.999571957017005408e-02
2.999571957017014082e-02
2.999571957017030388e-02
2.999571957017067164e-02
2.999571957017014429e-02
2.999571957016994306e-02
2.999571957017049817e-02
2.999571957017057450e-02
2.999571957017009918e-02
2.999571957017022061e-02
2.999571957017051899e-02
2.999571957017037327e-02
2.999571957017017898e-02
2.999571957017020674e-02
2.999571957017074103e-02
2.999571957017075491e-02
2.999571957017026225e-02
2.999571957017004714e-02
2.999571957017031776e-02
2.999571957017001245e-02
2.999571957016996734e-02
2.999571957017008184e-02
2.999571957017038021e-02
2.999571957016986673e-02
2.999571957017014776e-02
2.999571957017059531e-02
2.999571957017048082e-02
2.999571957017023796e-02
2.999571957016995000e-02
2.999571957016993959e-02
2.999571957017059531e-02
2.999571957017073062e-02
2.999571957017093185e-02
2.999571957017045654e-02
2.999571957017031082e-02
2.999571957017048429e-02
2.999571957017035939e-02
2.999571957017036633e-02
2.999571957017035939e-02
2.999571957017078266e-02
2.999571957017050511e-02
2.999571957016955101e-02
2.999571957017056062e-02
2.999571957017136900e-02
2.999571957017076532e-02
2.999571957017160839e-02
2.999571957017142104e-02
2.999571957016972101e-02
2.999571957017039409e-02
2.999571957017056062e-02
2.999571957017020674e-02
2.999571957017079654e-02
2.999571957016989449e-02
2.999571957017004367e-02
2.999571957017099430e-02
2.999571957017005755e-02
2.999571957017069940e-02
2.999571957017131349e-02
2.999571957017007490e-02
2.999571957017072368e-02
2.999571957017192064e-02
2.999571957017114002e-02
2.999571957017085552e-02
2.999571957017097001e-02
2.999571957017050511e-02
2.999571957017074103e-02
2.999571957017039409e-02
2.999571957017071328e-02
2.999571957017014429e-02
2.999571957017097001e-02
2.999571957017050511e-02
2.999571957017080001e-02
2.999571957017078960e-02
2.999571957017056062e-02
2.999571957017011653e-02
2.999571957016941917e-02
2.999571957016940876e-02
2.999571957017002979e-02
2.999571957017012347e-02
2.999571957017092491e-02
2.999571957017027612e-02
2.999571957016995000e-02
2.999571957017140370e-02
2.999571957017036633e-02
2.999571957017063348e-02
2.999571957017123022e-02
2.999571957017023796e-02
2.999571957017129961e-02
2.999571957017059531e-02
2.999571957017063001e-02
2.999571957017027959e-02
2.999571957017135512e-02
2.999571957017150084e-02
2.999571957017083124e-02
2.999571957017076532e-02
2.999571957016974183e-02
2.999571957017053633e-02
2.999571957017145921e-02
2.999571957017067858e-02
2.999571957017195534e-02
2.999571957017182350e-02
2.999571957017053633e-02
2.999571957017231269e-02
2.999571957017297535e-02
2.999571957017067164e-02
2.999571957017069246e-02
2.999571957017062307e-02
2.999571957017036980e-02
2.999571957017021367e-02
2.999571957017062654e-02
2.999571957017188248e-02
2.999571957017071674e-02
2.999571957017056409e-02
2.999571957017196921e-02
2.999571957016996387e-02
2.999571957017048429e-02
2.999571957016945387e-02
2.999571957017086593e-02
2.999571957017239596e-02
2.999571957017081042e-02
2.999571957017146961e-02
2.999571957017178880e-02
2.999571957017149390e-02
2.999571957017184431e-02
2.999571957017051899e-02
2.999571957017134125e-02
2.999571957017102899e-02
2.999571957017158411e-02
2.999571957017147308e-02
2.999571957017037327e-02
2.999571957017099083e-02
2.999571957017189289e-02
2.999571957017149737e-02
2.999571957017049470e-02
2.999571957017042878e-02
2.999571957017184431e-02
2.999571957017143492e-02
2.999571957017018939e-02
2.999571957017064389e-02
2.999571957017040449e-02
2.999571957017093185e-02
2.999571957017124410e-02
2.999571957016972101e-02
2.999571957017111226e-02
2.999571957017075144e-02
2.999571957017156676e-02
2.999571957017036286e-02
2.999571957017172635e-02
2.999571957017079654e-02
2.999571957017135512e-02
2.999571957017173329e-02
2.999571957017168472e-02
2.999571957017039409e-02
2.999571957017235085e-02
2.999571957017115043e-02
2.999571957017110879e-02
2.999571957017168819e-02
2.999571957017103246e-02
2.999571957017133778e-02
2.999571957017070634e-02
2.999571957017105328e-02
2.999571957017176799e-02
2.999571957017122328e-02
2.999571957017196228e-02
2.999571957017111226e-02
2.999571957017271862e-02
2.999571957017160145e-02
2.999571957017107410e-02
2.999571957017137247e-02
2.999571957017119900e-02
2.999571957017151125e-02
2.999571957017234392e-02
2.999571957017329454e-02
2.999571957016960999e-02
2.999571957017248963e-02
2.999571957017306556e-02
2.999571957017204554e-02
2.999571957017201779e-02
2.999571957017215657e-02
2.999571957017176105e-02
2.999571957017243065e-02
2.999571957017242718e-02
2.999571957017112267e-02
2.999571957017160839e-02
2.999571957016970714e-02
2.999571957017130308e-02
2.999571957017204554e-02
2.999571957017134471e-02
2.999571957017233698e-02
2.999571957017284352e-02
2.999571957017199697e-02
2.999571957017112614e-02
2.999571957017153206e-02
2.999571957017199697e-02
2.999571957017190330e-02
2.999571957017251739e-02
2.999571957017105328e-02
2.999571957017208024e-02
2.999571957017260759e-02
2.999571957017035245e-02
2.999571957017176105e-02
2.999571957017189983e-02
2.999571957017090756e-02
2.999571957017160145e-02
2.999571957017190676e-02
2.999571957017033164e-02
2.999571957017229534e-02
2.999571957017157370e-02
2.999571957017177493e-02
2.999571957017199003e-02
2.999571957017299617e-02
2.999571957017135165e-02
2.999571957017296842e-02
2.999571957017184431e-02
2.999571957017035245e-02
2.999571957017169513e-02
2.999571957017178880e-02
2.999571957017358598e-02
2.999571957017231269e-02
2.999571957017125451e-02
2.999571957017069593e-02
2.999571957017173676e-02
2.999571957017283311e-02
2.999571957017190330e-02
2.999571957017102206e-02
2.999571957017170901e-02
2.999571957017323903e-02
2.999571957017207330e-02
2.999571957017157370e-02
2.999571957017383578e-02
2.999571957017152513e-02
2.999571957017178880e-02
2.999571957017327373e-02
2.999571957017348189e-02
2.999571957017150431e-02
2.999571957017303780e-02
2.999571957017344026e-02
2.999571957017353047e-02
2.999571957017223983e-02
2.999571957017211146e-02
2.999571957017237514e-02
2.999571957017328760e-02
2.999571957017248963e-02
2.999571957017332924e-02
2.999571957017059878e-02
2.999571957017167084e-02
2.999571957017281576e-02
2.999571957017232310e-02
2.999571957017319046e-02
2.999571957017348883e-02
2.999571957017204901e-02
2.999571957017280882e-02
2.999571957017338822e-02
2.999571957017389823e-02
2.999571957017278107e-02
2.999571957017275678e-02
2.999571957017297535e-02
2.999571957017251739e-02
2.999571957017130655e-02
2.999571957017226759e-02
2.999571957017361720e-02
2.999571957017236473e-02
2.999571957017203860e-02
2.999571957017235779e-02
2.999571957017364149e-02
2.999571957017331883e-02
2.999571957017319046e-02
2.999571957017378721e-02
2.999571957017378027e-02
2.999571957017219473e-02
2.999571957017228840e-02
2.999571957017274637e-02
2.999571957017502927e-02
2.999571957017234392e-02
2.999571957017246882e-02
2.999571957017214963e-02
2.999571957017289903e-02
2.999571957017302740e-02
2.999571957017180268e-02
2.999571957017256943e-02
2.999571957017097695e-02
2.999571957017198309e-02
2.999571957017337781e-02
2.999571957017293719e-02
2.999571957017361026e-02
2.999571957017297882e-02
2.999571957017314883e-02
2.999571957017095614e-02
2.999571957017355822e-02
2.999571957017216350e-02
2.999571957017140716e-02
2.999571957017340557e-02
2.999571957017462334e-02
2.999571957017137941e-02
2.999571957017339169e-02
2.999571957017454354e-02
2.999571957017215657e-02
2.999571957017292678e-02
2.999571957017378721e-02
2.999571957017409599e-02
2.999571957017379761e-02
2.999571957017358598e-02
2.999571957017435619e-02
2.999571957017215657e-02
2.999571957017288515e-02
2.999571957017185819e-02
2.999571957017284005e-02
2.999571957017235085e-02
2.999571957017241330e-02
2.999571957017520968e-02
2.999571957017208024e-02
2.999571957017167084e-02
2.999571957017441864e-02
2.999571957017334659e-02
2.999571957017353394e-02
2.999571957017418272e-02
2.999571957017024143e-02
2.999571957017389476e-02
2.999571957017372822e-02
2.999571957017351659e-02
2.999571957017551152e-02
2.999571957017475518e-02
2.999571957017591745e-02
2.999571957017096654e-02
2.999571957017450191e-02
2.999571957017319046e-02
2.999571957017506396e-02
2.999571957017757931e-02
2.999571957017342291e-02
2.999571957017276719e-02
2.999571957017325985e-02
2.999571957017465457e-02
2.999571957017174023e-02
2.999571957017822810e-02
2.999571957017187207e-02
2.999571957017160145e-02
2.999571957017402313e-02
2.999571957017329454e-02
2.999571957017369700e-02
2.999571957017584806e-02
2.999571957017300311e-02
2.999571957017607704e-02
2.999571957017349577e-02
2.999571957017371088e-02
2.999571957017581336e-02
2.999571957017443252e-02
2.999571957017311066e-02
2.999571957017516458e-02
2.999571957017456783e-02
2.999571957017423823e-02
2.999571957017185125e-02
2.999571957017196228e-02
2.999571957017355128e-02
2.999571957017422782e-02
2.999571957017251045e-02
2.999571957017091450e-02
2.999571957017823504e-02
2.999571957017250351e-02
2.999571957017098736e-02
2.999571957017642398e-02
2.999571957017310719e-02
2.999571957017262841e-02
2.999571957017392598e-02
2.999571957017047041e-02
2.999571957017321822e-02
2.999571957017488355e-02
2.999571957017273249e-02
2.999571957017246188e-02
2.999571957017219473e-02
2.999571957017732951e-02
2.999571957017271862e-02
2.999571957017467885e-02
2.999571957017232657e-02
2.999571957017538662e-02
2.999571957017411680e-02
2.999571957017195187e-02
2.999571957017430762e-02
2.999571957017264576e-02
2.999571957017507784e-02
2.999571957017614643e-02
2.999571957017434926e-02
2.999571957017261453e-02
2.999571957017362414e-02
2.999571957017518886e-02
2.999571957017269433e-02
2.999571957017556009e-02
2.999571957017253127e-02
2.999571957017616031e-02
2.999571957017359639e-02
2.999571957017326679e-02
2.999571957017216350e-02
2.999571957017423129e-02
2.999571957017404047e-02
2.999571957017009224e-02
2.999571957017195187e-02
2.999571957017246882e-02
2.999571957017261106e-02
2.999571957017297882e-02
2.999571957017282617e-02
2.999571957017328414e-02
2.999571957017414109e-02
2.999571957017443946e-02
2.999571957017384619e-02
2.999571957017329454e-02
2.999571957017371088e-02
2.999571957017315924e-02
2.999571957017408905e-02
2.999571957017055021e-02
2.999571957017311066e-02
2.999571957017450538e-02
