2.999935725971607930e-02
2.999935725971701606e-02
2.999935725971771341e-02
2.999935725972164083e-02
2.999935725972063122e-02
2.999935725972043346e-02
2.999935725971663789e-02
2.999935725971649217e-02
2.999935725972005876e-02
2.999935725972094347e-02
2.999935725971914630e-02
2.999935725972139450e-02
2.999935725971597175e-02
2.999935725971851833e-02
2.999935725971958345e-02
2.999935725971838649e-02
2.999935725971859118e-02
2.999935725972094347e-02
2.999935725971728320e-02
2.999935725971582950e-02
2.999935725971722769e-02
2.999935725971979855e-02
2.999935725971611400e-02
2.999935725971843853e-02
2.999935725971757811e-02
2.999935725971694320e-02
2.999935725971886874e-02
2.999935725971922262e-02
2.999935725971755729e-02
2.999935725971816097e-02
2.999935725971820608e-02
2.999935725971684952e-02
2.999935725972149164e-02
2.999935725971841077e-02
2.999935725972309800e-02
2.999935725971757464e-02
2.999935725971804648e-02
2.999935725972147083e-02
2.999935725971764749e-02
2.999935725971891384e-02
2.999935725971783138e-02
2.999935725972126960e-02
2.999935725971804995e-02
2.999935725971824424e-02
2.999935725971916364e-02
2.999935725971851139e-02
2.999935725971747402e-02
2.999935725971623543e-02
2.999935725971841771e-02
2.999935725971949324e-02
2.999935725972028427e-02
2.999935725971799791e-02
2.999935725971913589e-02
2.999935725971588155e-02
2.999935725971730749e-02
2.999935725971926426e-02
2.999935725971828934e-02
2.999935725971924344e-02
2.999935725971896935e-02
2.999935725971827200e-02
2.999935725971675932e-02
2.999935725971931977e-02
2.999935725971780015e-02
2.999935725971642625e-02
2.999935725972214737e-02
2.999935725971783484e-02
2.999935725971622849e-02
2.999935725971718953e-02
2.999935725971421274e-02
2.999935725971786607e-02
2.999935725971503153e-02
2.999935725971704034e-02
2.999935725971682871e-02
2.999935725971606890e-02
2.999935725972083939e-02
2.999935725971599951e-02
2.999935725972165471e-02
2.999935725971901446e-02
2.999935725972083939e-02
2.999935725971683564e-02
2.999935725971821995e-02
2.999935725971521888e-02
2.999935725972080469e-02
2.999935725971918099e-02
2.999935725971690503e-02
2.999935725972045775e-02
2.999935725971993039e-02
2.999935725971731443e-02
2.999935725972023917e-02
2.999935725972025652e-02
2.999935725971867445e-02
2.999935725971984712e-02
2.999935725972094000e-02
2.999935725972006917e-02
2.999935725971887221e-02
2.999935725972081510e-02
2.999935725971894854e-02
2.999935725971727279e-02
2.999935725971755035e-02
2.999935725972000672e-02
2.999935725971680789e-02
2.999935725971963202e-02
2.999935725971846628e-02
2.999935725971965977e-02
2.999935725971851139e-02
2.999935725971900058e-02
2.999935725971902140e-02
2.999935725971794934e-02
2.999935725971797362e-02
2.999935725971812628e-02
2.999935725971853220e-02
2.999935725971920875e-02
2.999935725971936140e-02
2.999935725971781403e-02
2.999935725971903527e-02
2.999935725972099204e-02
2.999935725971860853e-02
2.999935725971755382e-02
2.999935725971814016e-02
2.999935725971764056e-02
2.999935725971768219e-02
2.999935725971726239e-02
2.999935725971940997e-02
2.999935725971838996e-02
2.999935725971819220e-02
2.999935725971832751e-02
2.999935725971969447e-02
2.999935725971604461e-02
2.999935725971893813e-02
2.999935725971928507e-02
2.999935725971735606e-02
2.999935725971843159e-02
2.999935725971906997e-02
2.999935725971757811e-02
2.999935725971673850e-02
2.999935725971808465e-02
2.999935725971643319e-02
2.999935725971875772e-02
2.999935725971731443e-02
2.999935725971854955e-02
2.999935725971667605e-02
2.999935725971822342e-02
2.999935725971813322e-02
2.999935725971709238e-02
2.999935725971882017e-02
2.999935725971715483e-02
2.999935725971758504e-02
2.999935725971674544e-02
2.999935725971964590e-02
2.999935725971945855e-02
2.999935725971832751e-02
2.999935725971821301e-02
2.999935725971824424e-02
2.999935725971819567e-02
2.999935725971851486e-02
2.999935725971757811e-02
2.999935725971891731e-02
2.999935725971915323e-02
2.999935725971806383e-02
2.999935725971812975e-02
2.999935725971882711e-02
2.999935725971693279e-02
2.999935725971841771e-02
2.999935725971961814e-02
2.999935725971812975e-02
2.999935725971827893e-02
2.999935725971829975e-02
2.999935725971997202e-02
2.999935725971828587e-02
2.999935725971801873e-02
2.999935725971721381e-02
2.999935725971703687e-02
2.999935725971707157e-02
2.999935725971829281e-02
2.999935725971876813e-02
2.999935725971790423e-02
2.999935725971885486e-02
2.999935725971883405e-02
2.999935725971820261e-02
2.999935725971999284e-02
2.999935725971850792e-02
2.999935725971750872e-02
2.999935725971778974e-02
2.999935725971841771e-02
2.999935725971787995e-02
2.999935725971858771e-02
2.999935725971921915e-02
2.999935725971863282e-02
2.999935725971882711e-02
2.999935725971920528e-02
2.999935725971764749e-02
2.999935725971841771e-02
2.999935725971811934e-02
2.999935725971837608e-02
2.999935725971857731e-02
2.999935725971835873e-02
2.999935725971835179e-02
2.999935725971952100e-02
2.999935725971829975e-02
2.999935725971838996e-02
2.999935725971751566e-02
2.999935725971780709e-02
2.999935725971820608e-02
2.999935725971755729e-02
2.999935725971818179e-02
2.999935725972066244e-02
2.999935725971689116e-02
2.999935725971705422e-02
2.999935725971850445e-02
2.999935725971882017e-02
2.999935725971773076e-02
2.999935725971821648e-02
2.999935725971784178e-02
2.999935725971751219e-02
2.999935725971696748e-02
2.999935725971876466e-02
2.999935725971734912e-02
2.999935725971866751e-02
2.999935725971807771e-02
2.999935725971853220e-02
2.999935725971735606e-02
2.999935725971832057e-02
2.999935725971784178e-02
2.999935725971894507e-02
2.999935725971947242e-02
2.999935725971945161e-02
2.999935725971704381e-02
2.999935725971832751e-02
2.999935725971988876e-02
2.999935725971719647e-02
2.999935725971739076e-02
2.999935725971738382e-02
2.999935725971834832e-02
2.999935725971839690e-02
2.999935725971727626e-02
2.999935725971744974e-02
2.999935725971686340e-02
2.999935725971738382e-02
2.999935725971938222e-02
2.999935725971847322e-02
2.999935725971835526e-02
2.999935725971616951e-02
2.999935725971825118e-02
2.999935725971884792e-02
2.999935725971829975e-02
2.999935725971792505e-02
2.999935725971882017e-02
2.999935725971834138e-02
2.999935725971847322e-02
2.999935725971766137e-02
2.999935725971807771e-02
2.999935725971848710e-02
2.999935725971900752e-02
2.999935725971867098e-02
2.999935725971725545e-02
2.999935725971882711e-02
2.999935725971840383e-02
2.999935725971803260e-02
2.999935725971734565e-02
2.999935725971756423e-02
2.999935725971763709e-02
2.999935725971689809e-02
2.999935725971823730e-02
2.999935725971670381e-02
2.999935725971781750e-02
2.999935725971812628e-02
2.999935725971798056e-02
2.999935725971684258e-02
2.999935725971889650e-02
2.999935725971759892e-02
2.999935725971816097e-02
2.999935725971971529e-02
2.999935725971825812e-02
2.999935725971624584e-02
2.999935725971678360e-02
2.999935725971761280e-02
2.999935725971781750e-02
2.999935725971814710e-02
2.999935725971784872e-02
2.999935725971781403e-02
2.999935725971854955e-02
2.999935725971840383e-02
2.999935725971820608e-02
2.999935725971748096e-02
2.999935725971888956e-02
2.999935725971820261e-02
2.999935725971725892e-02
2.999935725971775158e-02
2.999935725971872302e-02
2.999935725971800485e-02
2.999935725971784178e-02
2.999935725971743239e-02
2.999935725971782097e-02
2.999935725971769607e-02
2.999935725971776546e-02
2.999935725971715830e-02
2.999935725971849057e-02
2.999935725971998590e-02
2.999935725971758504e-02
2.999935725971877507e-02
2.999935725971787995e-02
2.999935725971767178e-02
2.999935725971819567e-02
2.999935725971780709e-02
2.999935725971844547e-02
2.999935725971650952e-02
2.999935725971784178e-02
2.999935725971784525e-02
2.999935725971854608e-02
2.999935725971715483e-02
2.999935725971730402e-02
2.999935725971783138e-02
2.999935725971782791e-02
2.999935725971856343e-02
2.999935725971794587e-02
2.999935725971804301e-02
2.999935725971718259e-02
2.999935725971754688e-02
2.999935725971840383e-02
2.999935725971688422e-02
2.999935725971740810e-02
2.999935725971785566e-02
2.999935725971783484e-02
2.999935725971725892e-02
2.999935725971842465e-02
2.999935725971722422e-02
2.999935725971819567e-02
2.999935725971782791e-02
2.999935725971763362e-02
2.999935725971816097e-02
2.999935725971747749e-02
2.999935725971691197e-02
2.999935725971616951e-02
2.999935725971762668e-02
2.999935725971837608e-02
2.999935725971714442e-02
2.999935725971747402e-02
2.999935725971780709e-02
2.999935725971688075e-02
2.999935725971734565e-02
2.999935725971721728e-02
2.999935725971761974e-02
2.999935725971647135e-02
2.999935725971770994e-02
2.999935725971785566e-02
2.999935725971778974e-02
2.999935725971747402e-02
2.999935725971758851e-02
2.999935725971821301e-02
2.999935725971742198e-02
2.999935725971739769e-02
2.999935725971766831e-02
2.999935725971736994e-02
2.999935725971723116e-02
2.999935725971687381e-02
2.999935725971767525e-02
2.999935725971708544e-02
2.999935725971868833e-02
2.999935725971726586e-02
2.999935725971757811e-02
2.999935725971688769e-02
2.999935725971702993e-02
2.999935725971734565e-02
2.999935725971776893e-02
2.999935725971644360e-02
2.999935725971725892e-02
2.999935725971799097e-02
2.999935725971748096e-02
2.999935725971772382e-02
2.999935725971716177e-02
2.999935725971766831e-02
2.999935725971720687e-02
2.999935725971732137e-02
2.999935725971840036e-02
2.999935725971782097e-02
2.999935725971750178e-02
2.999935725971743933e-02
2.999935725971795974e-02
2.999935725971711320e-02
2.999935725971761280e-02
2.999935725971763709e-02
2.999935725971738382e-02
2.999935725971750525e-02
2.999935725971782791e-02
2.999935725971725892e-02
2.999935725971734912e-02
2.999935725971804995e-02
2.999935725971709932e-02
2.999935725971770648e-02
2.999935725971735606e-02
2.999935725971749831e-02
2.999935725971755729e-02
2.999935725971749484e-02
2.999935725971756076e-02
2.999935725971776546e-02
2.999935725971786260e-02
2.999935725971777933e-02
2.999935725971689809e-02
2.999935725971773076e-02
2.999935725971758158e-02
2.999935725971701259e-02
2.999935725971768913e-02
2.999935725971749137e-02
2.999935725971723810e-02
2.999935725971759892e-02
2.999935725971752606e-02
2.999935725971770994e-02
2.999935725971753300e-02
2.999935725971764056e-02
2.999935725971757117e-02
2.999935725971803607e-02
2.999935725971732484e-02
2.999935725971760586e-02
2.999935725971729361e-02
2.999935725971736994e-02
2.999935725971764056e-02
2.999935725971763015e-02
2.999935725971775158e-02
2.999935725971739769e-02
2.999935725971762321e-02
2.999935725971771341e-02
2.999935725971759198e-02
2.999935725971744627e-02
2.999935725971728320e-02
2.999935725971720341e-02
2.999935725971789729e-02
2.999935725971723463e-02
2.999935725971757811e-02
2.999935725971736647e-02
2.999935725971768566e-02
2.999935725971762321e-02
2.999935725971744974e-02
2.999935725971762668e-02
2.999935725971774117e-02
2.999935725971739076e-02
2.999935725971751566e-02
2.999935725971777239e-02
2.999935725971779321e-02
2.999935725971737341e-02
2.999935725971786260e-02
2.999935725971761627e-02
2.999935725971750178e-02
2.999935725971750178e-02
2.999935725971769260e-02
2.999935725971766137e-02
2.999935725971753647e-02
2.999935725971753994e-02
2.999935725971758504e-02
2.999935725971776199e-02
2.999935725971744627e-02
2.999935725971744974e-02
2.999935725971768219e-02
2.999935725971758504e-02
2.999935725971758504e-02
2.999935725971764749e-02
2.999935725971757464e-02
2.999935725971762321e-02
2.999935725971755729e-02
2.999935725971760933e-02
2.999935725971764403e-02
2.999935725971760933e-02
2.999935725971764403e-02
2.999935725971764749e-02
2.999935725971763015e-02
2.999935725971752953e-02
2.999935725971766137e-02
2.999935725971759892e-02
2.999935725971758851e-02
2.999935725971760933e-02
2.999935725971769607e-02
2.999935725971760933e-02
2.999935725971763362e-02
2.999935725971768219e-02
2.999935725971766137e-02
2.999935725971766831e-02
2.999935725971766484e-02
2.999935725971770994e-02
2.999935725971771688e-02
2.999935725971769954e-02
2.999935725971770648e-02
2.999935725971769607e-02
2.999935725971770301e-02
2.999935725971769607e-02
2.999935725971769260e-02
2.999935725971772382e-02
2.999935725971772035e-02
2.999935725971770994e-02
2.999935725971770994e-02
2.999935725971771688e-02
2.999935725971773076e-02
2.999935725971772382e-02
2.999935725971772382e-02
2.999935725971774464e-02
2.999935725971773770e-02
2.999935725971773423e-02
2.999935725971774117e-02
2.999935725971775158e-02
2.999935725971775505e-02
2.999935725971776546e-02
2.999935725971776893e-02
2.999935725971778974e-02
2.999935725971779321e-02
2.999935725971779321e-02
2.999935725971778974e-02
2.999935725971780362e-02
2.999935725971781056e-02
2.999935725971782791e-02
2.999935725971784178e-02
2.999935725971783138e-02
2.999935725971785566e-02
2.999935725971784178e-02
2.999935725971784178e-02
2.999935725971785913e-02
2.999935725971786954e-02
2.999935725971789383e-02
2.999935725971789729e-02
2.999935725971788689e-02
2.999935725971789729e-02
2.999935725971793199e-02
2.999935725971794240e-02
2.999935725971796668e-02
2.999935725971796668e-02
2.999935725971799097e-02
2.999935725971798750e-02
2.999935725971798750e-02
2.999935725971800138e-02
2.999935725971806730e-02
2.999935725971802913e-02
2.999935725971806730e-02
2.999935725971802913e-02
2.999935725971808465e-02
2.999935725971808118e-02
2.999935725971804648e-02
2.999935725971811240e-02
2.999935725971810893e-02
2.999935725971810199e-02
2.999935725971804995e-02
2.999935725971816097e-02
2.999935725971810893e-02
2.999935725971821648e-02
2.999935725971811934e-02
2.999935725971815750e-02
2.999935725971815403e-02
2.999935725971814016e-02
2.999935725971819914e-02
2.999935725971805689e-02
2.999935725971811240e-02
2.999935725971821648e-02
2.999935725971812281e-02
2.999935725971821648e-02
2.999935725971824771e-02
2.999935725971821301e-02
2.999935725971830669e-02
2.999935725971825812e-02
2.999935725971832404e-02
2.999935725971829975e-02
2.999935725971829281e-02
2.999935725971823730e-02
2.999935725971811240e-02
2.999935725971806036e-02
2.999935725971836220e-02
2.999935725971844200e-02
2.999935725971837608e-02
2.999935725971836914e-02
2.999935725971840730e-02
2.999935725971840036e-02
2.999935725971804301e-02
2.999935725971818873e-02
2.999935725971848016e-02
2.999935725971834832e-02
2.999935725971843159e-02
2.999935725971835526e-02
2.999935725971834485e-02
2.999935725971882711e-02
2.999935725971845241e-02
2.999935725971877507e-02
2.999935725971834832e-02
2.999935725971845935e-02
2.999935725971841771e-02
2.999935725971828587e-02
2.999935725971825118e-02
2.999935725971831363e-02
2.999935725971858425e-02
2.999935725971858425e-02
2.999935725971852180e-02
2.999935725971828587e-02
2.999935725971840730e-02
2.999935725971854608e-02
2.999935725971865363e-02
2.999935725971860506e-02
2.999935725971824424e-02
2.999935725971861547e-02
2.999935725971884445e-02
2.999935725971860506e-02
2.999935725971902833e-02
2.999935725971849057e-02
2.999935725971861200e-02
2.999935725971842465e-02
2.999935725971878547e-02
2.999935725971888262e-02
2.999935725971891731e-02
2.999935725971904568e-02
2.999935725971872996e-02
2.999935725971842465e-02
2.999935725971814016e-02
2.999935725971873690e-02
2.999935725971885833e-02
2.999935725971901099e-02
2.999935725971859465e-02
2.999935725971841077e-02
2.999935725971863629e-02
2.999935725971866751e-02
2.999935725971847322e-02
2.999935725971860159e-02
2.999935725971863976e-02
2.999935725971871608e-02
2.999935725971865710e-02
2.999935725971867792e-02
2.999935725971831710e-02
2.999935725971882017e-02
2.999935725971888262e-02
2.999935725971874384e-02
2.999935725971813322e-02
2.999935725971865016e-02
2.999935725971916017e-02
2.999935725971855649e-02
2.999935725971884792e-02
2.999935725971883752e-02
2.999935725971847322e-02
2.999935725971832057e-02
2.999935725971862935e-02
2.999935725971862935e-02
2.999935725971884445e-02
2.999935725971867445e-02
2.999935725971902833e-02
2.999935725971898670e-02
2.999935725971931283e-02
2.999935725971899017e-02
2.999935725971938222e-02
2.999935725971905262e-02
2.999935725971878547e-02
2.999935725971943426e-02
2.999935725971937875e-02
2.999935725971914283e-02
2.999935725971821301e-02
2.999935725971888262e-02
2.999935725971928854e-02
2.999935725971906303e-02
2.999935725971913936e-02
2.999935725971934058e-02
2.999935725971869874e-02
2.999935725971965977e-02
2.999935725971845241e-02
2.999935725971988182e-02
2.999935725971991651e-02
2.999935725971907344e-02
2.999935725971895548e-02
2.999935725971851833e-02
2.999935725971833791e-02
2.999935725971874384e-02
2.999935725971931630e-02
2.999935725971930589e-02
2.999935725971898323e-02
2.999935725971871608e-02
2.999935725971819914e-02
2.999935725971952447e-02
2.999935725971864670e-02
2.999935725971920181e-02
2.999935725971967018e-02
2.999935725971765096e-02
2.999935725971947242e-02
2.999935725971927120e-02
2.999935725971921915e-02
2.999935725971769954e-02
2.999935725971916711e-02
2.999935725971953487e-02
2.999935725971936140e-02
2.999935725971952100e-02
2.999935725971910813e-02
2.999935725971868833e-02
2.999935725971957998e-02
2.999935725971917752e-02
2.999935725971889650e-02
2.999935725971886874e-02
2.999935725971915670e-02
2.999935725971750178e-02
2.999935725971788342e-02
2.999935725971995121e-02
2.999935725971870915e-02
2.999935725971929201e-02
2.999935725971848016e-02
2.999935725971914630e-02
2.999935725971911160e-02
2.999935725971927813e-02
2.999935725971896588e-02
2.999935725971919834e-02
2.999935725971875772e-02
2.999935725971973610e-02
2.999935725971858425e-02
2.999935725971912548e-02
2.999935725972000672e-02
2.999935725971906997e-02
2.999935725971910119e-02
2.999935725971940997e-02
2.999935725971828587e-02
2.999935725972015244e-02
2.999935725971851486e-02
2.999935725971879588e-02
2.999935725971816097e-02
2.999935725971964590e-02
2.999935725971921568e-02
2.999935725971921568e-02
2.999935725971955222e-02
2.999935725971940650e-02
2.999935725971884445e-02
2.999935725972131123e-02
2.999935725971904568e-02
2.999935725971940650e-02
2.999935725971952100e-02
2.999935725971905956e-02
2.999935725971863282e-02
2.999935725971917405e-02
2.999935725972063816e-02
2.999935725971987488e-02
2.999935725971878547e-02
2.999935725971950365e-02
2.999935725972017672e-02
2.999935725971926079e-02
2.999935725972110306e-02
2.999935725972049244e-02
2.999935725971918099e-02
2.999935725972039530e-02
2.999935725971884098e-02
2.999935725972024958e-02
2.999935725971957998e-02
2.999935725972011080e-02
2.999935725971918793e-02
2.999935725971991651e-02
2.999935725971891731e-02
2.999935725971992692e-02
2.999935725971939263e-02
2.999935725972033632e-02
2.999935725971921568e-02
2.999935725972085326e-02
2.999935725971908732e-02
2.999935725971940303e-02
2.999935725972095735e-02
2.999935725971884098e-02
2.999935725971968753e-02
2.999935725971990264e-02
2.999935725972025652e-02
2.999935725971967712e-02
2.999935725971917752e-02
2.999935725972112041e-02
2.999935725972097122e-02
2.999935725971943079e-02
2.999935725972036060e-02
2.999935725971877853e-02
2.999935725972058265e-02
2.999935725971947242e-02
2.999935725972089143e-02
2.999935725972011774e-02
2.999935725972007611e-02
2.999935725971996509e-02
2.999935725972090531e-02
2.999935725972049938e-02
2.999935725971993733e-02
2.999935725972087408e-02
2.999935725972013856e-02
2.999935725972033285e-02
2.999935725972036060e-02
2.999935725972009692e-02
2.999935725971942385e-02
2.999935725972072836e-02
2.999935725972034672e-02
2.999935725972015244e-02
2.999935725971923650e-02
2.999935725971953487e-02
2.999935725972009692e-02
2.999935725972073877e-02
2.999935725972040571e-02
2.999935725971997896e-02
2.999935725971936834e-02
2.999935725972116204e-02
2.999935725972032591e-02
2.999935725971971182e-02
2.999935725971902487e-02
2.999935725972055836e-02
2.999935725972039530e-02
2.999935725971854608e-02
2.999935725971959732e-02
2.999935725971833445e-02
2.999935725971955569e-02
2.999935725971942038e-02
2.999935725972019060e-02
2.999935725972067979e-02
2.999935725971871261e-02
2.999935725972012121e-02
2.999935725971863629e-02
2.999935725971984365e-02
2.999935725972056183e-02
2.999935725971985406e-02
2.999935725972047856e-02
2.999935725972013856e-02
2.999935725972118633e-02
2.999935725972068673e-02
2.999935725972024264e-02
2.999935725971992345e-02
2.999935725972077694e-02
2.999935725972013856e-02
2.999935725972109266e-02
2.999935725972010386e-02
2.999935725972145348e-02
2.999935725971980549e-02
2.999935725972217859e-02
2.999935725972090531e-02
2.999935725972169634e-02
2.999935725972153328e-02
2.999935725972122103e-02
2.999935725972110306e-02
2.999935725971939610e-02
2.999935725972040571e-02
2.999935725971934058e-02
2.999935725972161654e-02
2.999935725972158879e-02
2.999935725972075265e-02
2.999935725972185940e-02
2.999935725972096429e-02
2.999935725972110306e-02
2.999935725972164777e-02
2.999935725972105102e-02
2.999935725971825118e-02
2.999935725972168246e-02
2.999935725971992692e-02
2.999935725972052020e-02
2.999935725972153674e-02
2.999935725972147429e-02
2.999935725972043693e-02
2.999935725972117245e-02
2.999935725971905609e-02
2.999935725972069367e-02
2.999935725972135633e-02
2.999935725972201206e-02
2.999935725972045081e-02
2.999935725972038836e-02
2.999935725972040224e-02
2.999935725972029468e-02
2.999935725971981243e-02
2.999935725972069367e-02
2.999935725972179695e-02
2.999935725972223410e-02
2.999935725972073530e-02
2.999935725972117939e-02
2.999935725971940650e-02
2.999935725972083939e-02
2.999935725972138756e-02
2.999935725972087408e-02
2.999935725971925385e-02
2.999935725971971529e-02
2.999935725972021142e-02
2.999935725972100939e-02
2.999935725972084979e-02
2.999935725971968406e-02
2.999935725972139103e-02
2.999935725972031203e-02
2.999935725972156103e-02
2.999935725972054795e-02
2.999935725972154021e-02
2.999935725972100245e-02
2.999935725972001019e-02
2.999935725971891037e-02
2.999935725972222023e-02
2.999935725972264350e-02
2.999935725972249778e-02
2.999935725972123490e-02
2.999935725972082551e-02
2.999935725972245962e-02
2.999935725972230349e-02
2.999935725972008305e-02
2.999935725972069020e-02
2.999935725972063816e-02
2.999935725972082551e-02
2.999935725972050632e-02
2.999935725972203981e-02
2.999935725972214390e-02
2.999935725972124531e-02
2.999935725972181777e-02
2.999935725972140144e-02
2.999935725972226880e-02
2.999935725972200859e-02
2.999935725972154715e-02
2.999935725971952794e-02
2.999935725972244921e-02
2.999935725972149164e-02
2.999935725972250472e-02
2.999935725972098510e-02
2.999935725972208145e-02
2.999935725972115164e-02
2.999935725972058959e-02
2.999935725972104755e-02
2.999935725972207451e-02
2.999935725972209533e-02
2.999935725972254982e-02
2.999935725972261574e-02
2.999935725972053407e-02
2.999935725972210920e-02
2.999935725972188022e-02
2.999935725972304942e-02
2.999935725972181777e-02
2.999935725972148817e-02
2.999935725972090531e-02
2.999935725972242839e-02
2.999935725972239370e-02
2.999935725972220635e-02
2.999935725972066591e-02
2.999935725972041264e-02
2.999935725972236247e-02
2.999935725972242145e-02
2.999935725972315004e-02
2.999935725971914630e-02
2.999935725972230696e-02
2.999935725972390985e-02
2.999935725972201553e-02
2.999935725972180389e-02
2.999935725972228268e-02
2.999935725972083245e-02
2.999935725972379189e-02
2.999935725972366699e-02
2.999935725972092265e-02
2.999935725972106490e-02
2.999935725972011774e-02
2.999935725971972222e-02
2.999935725972086714e-02
2.999935725972221676e-02
2.999935725972074918e-02
2.999935725971930936e-02
2.999935725972374678e-02
2.999935725972078041e-02
2.999935725972231390e-02
2.999935725972313963e-02
2.999935725972094347e-02
2.999935725972241451e-02
2.999935725972393066e-02
2.999935725972199124e-02
2.999935725971801873e-02
2.999935725971994774e-02
2.999935725972200512e-02
2.999935725972147429e-02
2.999935725972118286e-02
2.999935725972412495e-02
2.999935725971970141e-02
2.999935725971994427e-02
2.999935725971979161e-02
2.999935725972385087e-02
2.999935725972237288e-02
2.999935725971739769e-02
2.999935725972021489e-02
2.999935725972065897e-02
2.999935725972131123e-02
2.999935725972187328e-02
2.999935725972169287e-02
2.999935725972254288e-02
2.999935725972262615e-02
2.999935725972093653e-02
2.999935725972276493e-02
2.999935725972075612e-02
2.999935725972214737e-02
2.999935725972375719e-02
2.999935725972281697e-02
2.999935725971980202e-02
2.999935725972089143e-02
2.999935725972308759e-02
2.999935725972172756e-02
2.999935725972059652e-02
2.999935725972047162e-02
2.999935725971858771e-02
2.999935725972333392e-02
2.999935725972389250e-02
2.999935725971989570e-02
2.999935725972260533e-02
2.999935725971879241e-02
2.999935725972032591e-02
2.999935725972173103e-02
2.999935725972119327e-02
2.999935725971763015e-02
2.999935725972282044e-02
2.999935725972175879e-02
2.999935725972120368e-02
2.999935725972235206e-02
2.999935725972330269e-02
2.999935725972269554e-02
2.999935725972454129e-02
2.999935725972507558e-02
2.999935725972103714e-02
2.999935725972334780e-02
2.999935725972134246e-02
2.999935725972419087e-02
2.999935725972266432e-02
