2.999935703545953194e-02
2.999935703545864377e-02
2.999935703545384205e-02
2.999935703545551086e-02
2.999935703545379348e-02
2.999935703545841825e-02
2.999935703545987542e-02
2.999935703545685006e-02
2.999935703545605903e-02
2.999935703545578494e-02
2.999935703545506330e-02
2.999935703545913296e-02
2.999935703545510146e-02
2.999935703545760987e-02
2.999935703545869234e-02
2.999935703545600352e-02
2.999935703545493840e-02
2.999935703545283244e-02
2.999935703545683965e-02
2.999935703545427226e-02
2.999935703545549004e-02
2.999935703545920582e-02
2.999935703545567045e-02
2.999935703545489676e-02
2.999935703545953888e-02
2.999935703545628801e-02
2.999935703545662455e-02
2.999935703545787008e-02
2.999935703545805396e-02
2.999935703545422716e-02
2.999935703545541371e-02
2.999935703545607638e-02
2.999935703545942092e-02
2.999935703545432084e-02
2.999935703545325225e-02
2.999935703545668353e-02
2.999935703544995280e-02
2.999935703545854315e-02
2.999935703546048604e-02
2.999935703545384552e-02
2.999935703545736701e-02
2.999935703545742252e-02
2.999935703545776947e-02
2.999935703545694721e-02
2.999935703545224264e-02
2.999935703545552126e-02
2.999935703545588556e-02
2.999935703545748150e-02
2.999935703545553514e-02
2.999935703545796375e-02
2.999935703545289142e-02
2.999935703545656904e-02
2.999935703545683965e-02
2.999935703545620475e-02
2.999935703545607291e-02
2.999935703545349164e-02
2.999935703545363042e-02
2.999935703545500432e-02
2.999935703545196161e-02
2.999935703545673904e-02
2.999935703545637128e-02
2.999935703545886234e-02
2.999935703545436941e-02
2.999935703545742946e-02
2.999935703545810253e-02
2.999935703545782845e-02
2.999935703545707558e-02
2.999935703545815804e-02
2.999935703545299204e-02
2.999935703545207610e-02
2.999935703545737048e-02
2.999935703545689863e-02
2.999935703545463656e-02
2.999935703545716578e-02
2.999935703545611107e-02
2.999935703545434512e-02
2.999935703545501473e-02
2.999935703545734272e-02
2.999935703546004889e-02
2.999935703545553167e-02
2.999935703545757865e-02
2.999935703545816151e-02
2.999935703545514309e-02
2.999935703545560453e-02
2.999935703545690557e-02
2.999935703545508411e-02
2.999935703545539289e-02
2.999935703545433124e-02
2.999935703545477186e-02
2.999935703545487595e-02
2.999935703545596882e-02
2.999935703545594801e-02
2.999935703545604168e-02
2.999935703545399124e-02
2.999935703545831070e-02
2.999935703545485860e-02
2.999935703545730456e-02
2.999935703545710680e-02
2.999935703545704435e-02
2.999935703545611801e-02
2.999935703545579188e-02
2.999935703545694721e-02
2.999935703545836274e-02
2.999935703545723170e-02
2.999935703545521248e-02
2.999935703545416471e-02
2.999935703545624638e-02
2.999935703545657945e-02
2.999935703545574678e-02
2.999935703545578494e-02
2.999935703545476146e-02
2.999935703545675292e-02
2.999935703545734272e-02
2.999935703545578841e-02
2.999935703545462268e-02
2.999935703545444227e-02
2.999935703545595841e-02
2.999935703545653781e-02
2.999935703545539983e-02
2.999935703545535820e-02
2.999935703545723170e-02
2.999935703545624638e-02
2.999935703545526799e-02
2.999935703545652393e-02
2.999935703545650312e-02
2.999935703545642679e-02
2.999935703545525065e-02
2.999935703545391491e-02
2.999935703545567045e-02
2.999935703545555943e-02
2.999935703545563923e-02
2.999935703545649965e-02
2.999935703545535820e-02
2.999935703545696455e-02
2.999935703545533044e-02
2.999935703545634352e-02
2.999935703545658292e-02
2.999935703545473370e-02
2.999935703545836274e-02
2.999935703545445614e-02
2.999935703545614576e-02
2.999935703545512575e-02
2.999935703545688476e-02
2.999935703545568780e-02
2.999935703545650659e-02
2.999935703545685700e-02
2.999935703545628107e-02
2.999935703545467472e-02
2.999935703545551086e-02
2.999935703545768967e-02
2.999935703545724558e-02
2.999935703545587168e-02
2.999935703545530963e-02
2.999935703545700619e-02
2.999935703545613189e-02
2.999935703545587862e-02
2.999935703545637128e-02
2.999935703545545881e-02
2.999935703545661414e-02
2.999935703545591678e-02
2.999935703545431043e-02
2.999935703545759252e-02
2.999935703545609025e-02
2.999935703545500779e-02
2.999935703545743293e-02
2.999935703545657598e-02
2.999935703545499738e-02
2.999935703545531657e-02
2.999935703545675292e-02
2.999935703545630189e-02
2.999935703545536167e-02
2.999935703545732885e-02
2.999935703545641291e-02
2.999935703545529575e-02
2.999935703545599658e-02
2.999935703545623597e-02
2.999935703545619087e-02
2.999935703545738089e-02
2.999935703545466431e-02
2.999935703545603127e-02
2.999935703545569474e-02
2.999935703545674945e-02
2.999935703545558718e-02
2.999935703545620475e-02
2.999935703545610760e-02
2.999935703545716231e-02
2.999935703545581270e-02
2.999935703545581270e-02
2.999935703545279775e-02
2.999935703545509452e-02
2.999935703545644067e-02
2.999935703545524024e-02
2.999935703545323837e-02
2.999935703545704435e-02
2.999935703545529575e-02
2.999935703545507718e-02
2.999935703545415083e-02
2.999935703545512228e-02
2.999935703545637822e-02
2.999935703545653434e-02
2.999935703545487248e-02
2.999935703545651353e-02
2.999935703545711027e-02
2.999935703545607985e-02
2.999935703545718313e-02
2.999935703545467819e-02
2.999935703545664883e-02
2.999935703545470941e-02
2.999935703545520554e-02
2.999935703545635740e-02
2.999935703545588556e-02
2.999935703545612148e-02
2.999935703545633311e-02
2.999935703545534779e-02
2.999935703545580229e-02
2.999935703545568433e-02
2.999935703545544494e-02
2.999935703545585780e-02
2.999935703545620128e-02
2.999935703545700619e-02
2.999935703545679108e-02
2.999935703545632965e-02
2.999935703545725252e-02
2.999935703545507024e-02
2.999935703545481003e-02
2.999935703545463656e-02
2.999935703545536861e-02
2.999935703545522636e-02
2.999935703545483778e-02
2.999935703545624638e-02
2.999935703545699578e-02
2.999935703545634352e-02
2.999935703545583698e-02
2.999935703545457411e-02
2.999935703545415777e-02
2.999935703545543453e-02
2.999935703545680149e-02
2.999935703545558024e-02
2.999935703545486554e-02
2.999935703545456023e-02
2.999935703545496615e-02
2.999935703545526799e-02
2.999935703545661414e-02
2.999935703545505983e-02
2.999935703545427573e-02
2.999935703545506677e-02
2.999935703545542412e-02
2.999935703545513963e-02
2.999935703545606597e-02
2.999935703545558718e-02
2.999935703545740517e-02
2.999935703545559065e-02
2.999935703545519167e-02
2.999935703545570861e-02
2.999935703545499738e-02
2.999935703545466431e-02
2.999935703545590637e-02
2.999935703545437982e-02
2.999935703545426186e-02
2.999935703545584739e-02
2.999935703545446308e-02
2.999935703545479615e-02
2.999935703545617352e-02
2.999935703545647536e-02
2.999935703545539983e-02
2.999935703545594454e-02
2.999935703545523677e-02
2.999935703545542412e-02
2.999935703545618046e-02
2.999935703545510840e-02
2.999935703545487942e-02
2.999935703545639903e-02
2.999935703545598270e-02
2.999935703545597229e-02
2.999935703545509799e-02
2.999935703545493840e-02
2.999935703545677373e-02
2.999935703545652740e-02
2.999935703545526799e-02
2.999935703545614576e-02
2.999935703545529575e-02
2.999935703545583005e-02
2.999935703545443186e-02
2.999935703545492105e-02
2.999935703545525412e-02
2.999935703545579882e-02
2.999935703545583005e-02
2.999935703545495227e-02
2.999935703545449084e-02
2.999935703545569127e-02
2.999935703545528187e-02
2.999935703545535820e-02
2.999935703545451859e-02
2.999935703545474064e-02
2.999935703545588556e-02
2.999935703545489676e-02
2.999935703545462962e-02
2.999935703545547616e-02
2.999935703545533738e-02
2.999935703545537902e-02
2.999935703545571902e-02
2.999935703545505983e-02
2.999935703545473023e-02
2.999935703545560106e-02
2.999935703545594454e-02
2.999935703545447349e-02
2.999935703545512228e-02
2.999935703545601740e-02
2.999935703545437288e-02
2.999935703545341184e-02
2.999935703545435900e-02
2.999935703545501819e-02
2.999935703545637822e-02
2.999935703545497656e-02
2.999935703545526453e-02
2.999935703545554555e-02
2.999935703545603127e-02
2.999935703545384205e-02
2.999935703545585433e-02
2.999935703545496268e-02
2.999935703545464349e-02
2.999935703545610066e-02
2.999935703545515697e-02
2.999935703545466431e-02
2.999935703545460533e-02
2.999935703545446308e-02
2.999935703545526106e-02
2.999935703545523330e-02
2.999935703545532698e-02
2.999935703545521248e-02
2.999935703545513963e-02
2.999935703545501126e-02
2.999935703545450125e-02
2.999935703545436594e-02
2.999935703545487942e-02
2.999935703545579535e-02
2.999935703545636434e-02
2.999935703545457757e-02
2.999935703545610760e-02
2.999935703545549004e-02
2.999935703545456370e-02
2.999935703545520208e-02
2.999935703545458798e-02
2.999935703545487595e-02
2.999935703545505983e-02
2.999935703545490717e-02
2.999935703545484819e-02
2.999935703545442839e-02
2.999935703545385593e-02
2.999935703545334592e-02
2.999935703545448390e-02
2.999935703545573637e-02
2.999935703545494534e-02
2.999935703545512228e-02
2.999935703545528187e-02
2.999935703545494534e-02
2.999935703545536167e-02
2.999935703545496268e-02
2.999935703545467819e-02
2.999935703545462962e-02
2.999935703545556290e-02
2.999935703545484472e-02
2.999935703545524718e-02
2.999935703545489676e-02
2.999935703545494881e-02
2.999935703545564269e-02
2.999935703545478227e-02
2.999935703545536167e-02
2.999935703545508758e-02
2.999935703545527146e-02
2.999935703545537902e-02
2.999935703545428961e-02
2.999935703545558718e-02
2.999935703545469901e-02
2.999935703545471982e-02
2.999935703545536514e-02
2.999935703545483778e-02
2.999935703545490717e-02
2.999935703545440063e-02
2.999935703545515003e-02
2.999935703545431737e-02
2.999935703545483431e-02
2.999935703545434165e-02
2.999935703545490717e-02
2.999935703545467125e-02
2.999935703545501473e-02
2.999935703545474064e-02
2.999935703545526106e-02
2.999935703545467472e-02
2.999935703545477880e-02
2.999935703545459839e-02
2.999935703545522289e-02
2.999935703545501819e-02
2.999935703545470594e-02
2.999935703545502166e-02
2.999935703545501819e-02
2.999935703545495574e-02
2.999935703545504248e-02
2.999935703545546575e-02
2.999935703545561147e-02
2.999935703545490023e-02
2.999935703545478227e-02
2.999935703545508758e-02
2.999935703545469207e-02
2.999935703545504595e-02
2.999935703545517432e-02
2.999935703545477533e-02
2.999935703545481697e-02
2.999935703545460880e-02
2.999935703545452553e-02
2.999935703545478227e-02
2.999935703545463309e-02
2.999935703545495921e-02
2.999935703545489329e-02
2.999935703545505289e-02
2.999935703545448043e-02
2.999935703545453247e-02
2.999935703545489329e-02
2.999935703545480656e-02
2.999935703545490023e-02
2.999935703545502166e-02
2.999935703545485860e-02
2.999935703545492105e-02
2.999935703545510146e-02
2.999935703545479962e-02
2.999935703545489329e-02
2.999935703545494187e-02
2.999935703545487942e-02
2.999935703545509452e-02
2.999935703545509452e-02
2.999935703545531657e-02
2.999935703545479615e-02
2.999935703545449084e-02
2.999935703545525759e-02
2.999935703545491758e-02
2.999935703545529575e-02
2.999935703545515003e-02
2.999935703545484125e-02
2.999935703545491758e-02
2.999935703545493493e-02
2.999935703545532698e-02
2.999935703545502166e-02
2.999935703545503207e-02
2.999935703545487248e-02
2.999935703545490370e-02
2.999935703545527840e-02
2.999935703545500779e-02
2.999935703545503207e-02
2.999935703545504595e-02
2.999935703545510840e-02
2.999935703545504942e-02
2.999935703545505289e-02
2.999935703545513963e-02
2.999935703545503207e-02
2.999935703545512228e-02
2.999935703545513269e-02
2.999935703545506677e-02
2.999935703545512922e-02
2.999935703545508411e-02
2.999935703545505289e-02
2.999935703545513269e-02
2.999935703545513963e-02
2.999935703545510840e-02
2.999935703545509105e-02
2.999935703545513616e-02
2.999935703545511881e-02
2.999935703545516391e-02
2.999935703545518126e-02
2.999935703545527493e-02
2.999935703545510840e-02
2.999935703545511881e-02
2.999935703545520554e-02
2.999935703545516738e-02
2.999935703545518820e-02
2.999935703545526453e-02
2.999935703545526106e-02
2.999935703545522636e-02
2.999935703545519861e-02
2.999935703545520554e-02
2.999935703545519167e-02
2.999935703545521248e-02
2.999935703545521248e-02
2.999935703545520901e-02
2.999935703545522636e-02
2.999935703545522983e-02
2.999935703545521595e-02
2.999935703545522636e-02
2.999935703545524371e-02
2.999935703545524718e-02
2.999935703545523677e-02
2.999935703545523677e-02
2.999935703545524718e-02
2.999935703545524718e-02
2.999935703545524718e-02
2.999935703545525412e-02
2.999935703545526453e-02
2.999935703545526799e-02
2.999935703545527146e-02
2.999935703545528187e-02
2.999935703545528534e-02
2.999935703545530269e-02
2.999935703545532004e-02
2.999935703545532698e-02
2.999935703545532698e-02
2.999935703545535126e-02
2.999935703545534779e-02
2.999935703545536167e-02
2.999935703545536514e-02
2.999935703545537208e-02
2.999935703545536861e-02
2.999935703545538249e-02
2.999935703545539289e-02
2.999935703545540330e-02
2.999935703545541371e-02
2.999935703545541718e-02
2.999935703545541371e-02
2.999935703545541371e-02
2.999935703545541371e-02
2.999935703545543800e-02
2.999935703545544147e-02
2.999935703545545534e-02
2.999935703545545188e-02
2.999935703545545188e-02
2.999935703545547269e-02
2.999935703545546575e-02
2.999935703545547269e-02
2.999935703545546922e-02
2.999935703545547963e-02
2.999935703545544841e-02
2.999935703545547616e-02
2.999935703545544147e-02
2.999935703545544147e-02
2.999935703545544147e-02
2.999935703545551433e-02
2.999935703545547269e-02
2.999935703545543453e-02
2.999935703545556290e-02
2.999935703545551779e-02
2.999935703545545881e-02
2.999935703545549004e-02
2.999935703545550739e-02
2.999935703545548310e-02
2.999935703545554555e-02
2.999935703545556637e-02
2.999935703545559412e-02
2.999935703545566004e-02
2.999935703545550392e-02
2.999935703545563229e-02
2.999935703545554208e-02
2.999935703545563576e-02
2.999935703545559412e-02
2.999935703545554208e-02
2.999935703545556637e-02
2.999935703545562188e-02
2.999935703545578841e-02
2.999935703545551779e-02
2.999935703545571208e-02
2.999935703545571208e-02
2.999935703545558718e-02
2.999935703545562882e-02
2.999935703545576066e-02
2.999935703545571208e-02
2.999935703545570514e-02
2.999935703545563576e-02
2.999935703545577453e-02
2.999935703545576759e-02
2.999935703545585780e-02
2.999935703545569821e-02
2.999935703545584045e-02
2.999935703545584045e-02
2.999935703545578841e-02
2.999935703545578494e-02
2.999935703545566351e-02
2.999935703545580229e-02
2.999935703545590637e-02
2.999935703545585086e-02
2.999935703545581617e-02
2.999935703545577106e-02
2.999935703545590290e-02
2.999935703545589943e-02
2.999935703545577453e-02
2.999935703545589943e-02
2.999935703545576066e-02
2.999935703545561147e-02
2.999935703545593066e-02
2.999935703545584392e-02
2.999935703545553861e-02
2.999935703545608678e-02
2.999935703545542412e-02
2.999935703545610066e-02
2.999935703545570514e-02
2.999935703545615617e-02
2.999935703545593760e-02
2.999935703545585780e-02
2.999935703545576066e-02
2.999935703545592372e-02
2.999935703545618393e-02
2.999935703545593760e-02
2.999935703545606597e-02
2.999935703545603821e-02
2.999935703545607985e-02
2.999935703545619434e-02
2.999935703545575719e-02
2.999935703545580923e-02
2.999935703545618046e-02
2.999935703545557331e-02
2.999935703545612148e-02
2.999935703545583351e-02
2.999935703545548310e-02
2.999935703545613536e-02
2.999935703545595495e-02
2.999935703545577453e-02
2.999935703545636434e-02
2.999935703545616311e-02
2.999935703545610066e-02
2.999935703545630883e-02
2.999935703545622903e-02
2.999935703545594801e-02
2.999935703545602086e-02
2.999935703545627760e-02
2.999935703545650312e-02
2.999935703545607291e-02
2.999935703545641985e-02
2.999935703545596882e-02
2.999935703545612495e-02
2.999935703545605903e-02
2.999935703545601740e-02
2.999935703545590290e-02
2.999935703545618740e-02
2.999935703545631577e-02
2.999935703545628454e-02
2.999935703545549351e-02
2.999935703545614230e-02
2.999935703545603127e-02
2.999935703545631577e-02
2.999935703545593413e-02
2.999935703545624985e-02
2.999935703545664883e-02
2.999935703545634352e-02
2.999935703545600352e-02
2.999935703545533738e-02
2.999935703545575372e-02
2.999935703545671822e-02
2.999935703545630883e-02
2.999935703545595148e-02
2.999935703545533044e-02
2.999935703545669741e-02
2.999935703545579535e-02
2.999935703545599311e-02
2.999935703545655516e-02
2.999935703545598964e-02
2.999935703545621515e-02
2.999935703545675292e-02
2.999935703545625332e-02
2.999935703545636087e-02
2.999935703545590984e-02
2.999935703545621515e-02
2.999935703545668353e-02
2.999935703545720048e-02
2.999935703545559412e-02
2.999935703545627760e-02
2.999935703545612148e-02
2.999935703545609025e-02
2.999935703545648924e-02
2.999935703545715537e-02
2.999935703545657945e-02
2.999935703545677720e-02
2.999935703545681190e-02
2.999935703545530616e-02
2.999935703545553861e-02
2.999935703545644761e-02
2.999935703545723864e-02
2.999935703545626720e-02
2.999935703545671475e-02
2.999935703545621862e-02
2.999935703545797069e-02
2.999935703545569474e-02
2.999935703545683618e-02
2.999935703545630536e-02
2.999935703545564269e-02
2.999935703545536861e-02
2.999935703545579535e-02
2.999935703545563576e-02
2.999935703545643373e-02
2.999935703545708945e-02
2.999935703545546575e-02
2.999935703545696108e-02
2.999935703545686394e-02
2.999935703545631577e-02
2.999935703545717272e-02
2.999935703545723864e-02
2.999935703545640250e-02
2.999935703545639903e-02
2.999935703545741905e-02
2.999935703545605209e-02
2.999935703545689517e-02
2.999935703545558371e-02
2.999935703545799498e-02
2.999935703545742252e-02
2.999935703545715537e-02
2.999935703545571555e-02
2.999935703545579535e-02
2.999935703545667659e-02
2.999935703545713109e-02
2.999935703545671822e-02
2.999935703545720742e-02
2.999935703545639903e-02
2.999935703545683272e-02
2.999935703545533044e-02
2.999935703545619087e-02
2.999935703545635046e-02
2.999935703545559412e-02
2.999935703545677027e-02
2.999935703545682578e-02
2.999935703545587168e-02
2.999935703545690557e-02
2.999935703545672169e-02
2.999935703545664883e-02
2.999935703545807825e-02
2.999935703545690210e-02
2.999935703545704782e-02
2.999935703545680149e-02
2.999935703545755436e-02
2.999935703545714843e-02
2.999935703545555596e-02
2.999935703545720395e-02
2.999935703545760640e-02
2.999935703545721088e-02
2.999935703545594454e-02
2.999935703545712415e-02
2.999935703545699925e-02
2.999935703545689170e-02
2.999935703545705823e-02
2.999935703545692986e-02
2.999935703545699231e-02
2.999935703545678761e-02
2.999935703545743987e-02
2.999935703545708252e-02
2.999935703545667659e-02
2.999935703545719701e-02
2.999935703545753354e-02
2.999935703545620475e-02
2.999935703545699231e-02
2.999935703545777987e-02
2.999935703545801927e-02
2.999935703545767579e-02
2.999935703545753701e-02
2.999935703545629842e-02
2.999935703545713109e-02
2.999935703545816151e-02
2.999935703545625332e-02
2.999935703545753701e-02
2.999935703545767579e-02
2.999935703545765497e-02
2.999935703545702700e-02
2.999935703545812335e-02
2.999935703545752660e-02
2.999935703545728027e-02
2.999935703545701660e-02
2.999935703545707211e-02
2.999935703545770355e-02
2.999935703545784926e-02
2.999935703545800192e-02
2.999935703545724558e-02
2.999935703545715884e-02
2.999935703545660720e-02
2.999935703545774518e-02
2.999935703545759946e-02
2.999935703545661414e-02
2.999935703545847376e-02
2.999935703545630189e-02
2.999935703545595495e-02
2.999935703545734966e-02
2.999935703545602780e-02
2.999935703545701660e-02
2.999935703545807478e-02
2.999935703545804355e-02
2.999935703545925786e-02
2.999935703545705129e-02
2.999935703545695415e-02
2.999935703545672516e-02
2.999935703545746069e-02
2.999935703545787008e-02
2.999935703545801580e-02
2.999935703545820662e-02
2.999935703545838703e-02
2.999935703545694027e-02
2.999935703545776947e-02
2.999935703545797763e-02
2.999935703545734966e-02
2.999935703545743987e-02
2.999935703545766191e-02
2.999935703545809906e-02
2.999935703545696455e-02
2.999935703545760293e-02
2.999935703545927521e-02
2.999935703545927868e-02
2.999935703545619087e-02
2.999935703545907745e-02
2.999935703545784579e-02
2.999935703545644067e-02
2.999935703545746762e-02
2.999935703545743987e-02
2.999935703545958746e-02
2.999935703545818927e-02
2.999935703545785620e-02
2.999935703545792906e-02
2.999935703545721088e-02
2.999935703545789090e-02
2.999935703545869581e-02
2.999935703545746069e-02
2.999935703545805049e-02
2.999935703545793253e-02
2.999935703545839050e-02
2.999935703545876520e-02
2.999935703545688129e-02
2.999935703545762028e-02
2.999935703545752660e-02
2.999935703545931337e-02
2.999935703545792559e-02
2.999935703545654475e-02
2.999935703545830376e-02
2.999935703545708598e-02
2.999935703545849111e-02
2.999935703545894214e-02
2.999935703545846682e-02
2.999935703545725946e-02
2.999935703545852234e-02
2.999935703545641985e-02
2.999935703545757865e-02
2.999935703545820662e-02
2.999935703545809212e-02
2.999935703545789090e-02
2.999935703545755783e-02
2.999935703545823090e-02
2.999935703545705823e-02
2.999935703545657251e-02
2.999935703545737048e-02
2.999935703545800192e-02
2.999935703545777294e-02
2.999935703545651353e-02
2.999935703545877214e-02
2.999935703545694374e-02
2.999935703545876520e-02
2.999935703545935500e-02
2.999935703545719354e-02
2.999935703545817539e-02
2.999935703545899418e-02
2.999935703545841478e-02
2.999935703545817539e-02
2.999935703545771742e-02
2.999935703545852927e-02
2.999935703545754395e-02
2.999935703546054849e-02
2.999935703545835580e-02
2.999935703545724558e-02
2.999935703545897336e-02
2.999935703545916418e-02
2.999935703545684312e-02
2.999935703546063176e-02
2.999935703545790477e-02
2.999935703545936888e-02
2.999935703545787008e-02
2.999935703545743640e-02
2.999935703545834886e-02
2.999935703545902194e-02
2.999935703545592025e-02
2.999935703545817192e-02
2.999935703545835580e-02
2.999935703545771049e-02
2.999935703545945215e-02
2.999935703545983379e-02
2.999935703545968113e-02
2.999935703545933419e-02
2.999935703545677373e-02
2.999935703545815804e-02
2.999935703545886928e-02
2.999935703545925439e-02
2.999935703545660026e-02
2.999935703545921623e-02
2.999935703545741211e-02
2.999935703545675986e-02
2.999935703545669047e-02
2.999935703546096136e-02
2.999935703545882071e-02
2.999935703545954929e-02
2.999935703545927868e-02
2.999935703545733579e-02
2.999935703545836621e-02
2.999935703545941745e-02
2.999935703545988930e-02
2.999935703545896296e-02
2.999935703545829335e-02
2.999935703545911214e-02
2.999935703545970889e-02
2.999935703546027094e-02
2.999935703545916071e-02
2.999935703545969501e-02
2.999935703545841131e-02
2.999935703545843907e-02
2.999935703546078788e-02
2.999935703545899765e-02
2.999935703545881724e-02
2.999935703546070809e-02
2.999935703545954235e-02
2.999935703545805049e-02
2.999935703545895949e-02
2.999935703545927868e-02
2.999935703545747456e-02
2.999935703546012869e-02
2.999935703545860560e-02
2.999935703546013910e-02
2.999935703545821009e-02
2.999935703545740517e-02
2.999935703545937582e-02
2.999935703545804355e-02
2.999935703545710333e-02
2.999935703545762722e-02
2.999935703545707211e-02
2.999935703545459492e-02
2.999935703546035073e-02
2.999935703545806784e-02
2.999935703545693333e-02
2.999935703546041318e-02
2.999935703546045482e-02
2.999935703546134994e-02
2.999935703545964644e-02
2.999935703545993440e-02
2.999935703545947990e-02
2.999935703546040278e-02
2.999935703545887622e-02
2.999935703545720742e-02
2.999935703545622903e-02
2.999935703545914684e-02
2.999935703545714497e-02
2.999935703545937929e-02
2.999935703545805049e-02
2.999935703546073237e-02
2.999935703545895255e-02
2.999935703545786661e-02
2.999935703546066645e-02
2.999935703545777294e-02
2.999935703545665577e-02
2.999935703545706517e-02
2.999935703545876173e-02
2.999935703545979215e-02
2.999935703545880683e-02
2.999935703546130136e-02
2.999935703546100993e-02
2.999935703545618393e-02
2.999935703545908439e-02
2.999935703546022930e-02
2.999935703546046523e-02
2.999935703545692986e-02
2.999935703546139504e-02
2.999935703545973664e-02
2.999935703545972276e-02
2.999935703545955970e-02
2.999935703545886928e-02
2.999935703545879642e-02
2.999935703545755783e-02
2.999935703545823784e-02
2.999935703545913990e-02
2.999935703546018767e-02
2.999935703545818927e-02
2.999935703545853621e-02
2.999935703545901153e-02
2.999935703545960827e-02
2.999935703545627760e-02
2.999935703545777294e-02
2.999935703545882418e-02
2.999935703546325119e-02
2.999935703545978175e-02
2.999935703545924398e-02
2.999935703545792212e-02
2.999935703545712415e-02
2.999935703545986154e-02
2.999935703545870622e-02
2.999935703545687782e-02
2.999935703545814417e-02
2.999935703546014951e-02
2.999935703545708945e-02
2.999935703546083993e-02
2.999935703545833499e-02
2.999935703545722823e-02
2.999935703545680843e-02
2.999935703545747803e-02
2.999935703546114524e-02
2.999935703546100646e-02
2.999935703546011481e-02
2.999935703545695068e-02
2.999935703545792559e-02
2.999935703546346630e-02
2.999935703546070809e-02
2.999935703545861254e-02
2.999935703545850499e-02
2.999935703545804355e-02
2.999935703545832805e-02
