2.771914099596545566e+06
2.771914099596546963e+06
2.771914099596547429e+06
2.771914099596548826e+06
2.771914099596550688e+06
2.771914099596550222e+06
2.771914099596553016e+06
2.771914099596555345e+06
2.771914099596556742e+06
2.771914099596557673e+06
2.771914099596559536e+06
2.771914099596560467e+06
2.771914099596561864e+06
2.771914099596562330e+06
2.771914099596561398e+06
2.771914099596562330e+06
2.771914099596564192e+06
2.771914099596563727e+06
2.771914099596565124e+06
2.771914099596564658e+06
2.771914099596566521e+06
2.771914099596566521e+06
2.771914099596568383e+06
2.771914099596570246e+06
2.771914099596572109e+06
2.771914099596573040e+06
2.771914099596575368e+06
2.771914099596575834e+06
2.771914099596577697e+06
2.771914099596578628e+06
2.771914099596580490e+06
2.771914099596582353e+06
2.771914099596585147e+06
2.771914099596587010e+06
2.771914099596587010e+06
2.771914099596587475e+06
2.771914099596589804e+06
2.771914099596590269e+06
2.771914099596590269e+06
2.771914099596591201e+06
2.771914099596593529e+06
2.771914099596595857e+06
2.771914099596597254e+06
2.771914099596596789e+06
2.771914099596597254e+06
2.771914099596598651e+06
2.771914099596600514e+06
2.771914099596601911e+06
2.771914099596602842e+06
2.771914099596603308e+06
2.771914099596604705e+06
2.771914099596606568e+06
2.771914099596607033e+06
2.771914099596608896e+06
2.771914099596611224e+06
2.771914099596612155e+06
2.771914099596612621e+06
2.771914099596612621e+06
2.771914099596614484e+06
2.771914099596614484e+06
2.771914099596614949e+06
2.771914099596615881e+06
2.771914099596617743e+06
2.771914099596619140e+06
2.771914099596621003e+06
2.771914099596622400e+06
2.771914099596623331e+06
2.771914099596624728e+06
2.771914099596626591e+06
2.771914099596629851e+06
2.771914099596630316e+06
2.771914099596632645e+06
2.771914099596634042e+06
2.771914099596634973e+06
2.771914099596636370e+06
2.771914099596638232e+06
2.771914099596639629e+06
2.771914099596641492e+06
2.771914099596642423e+06
2.771914099596642423e+06
2.771914099596641958e+06
2.771914099596644286e+06
2.771914099596645217e+06
2.771914099596645683e+06
2.771914099596645683e+06
2.771914099596646149e+06
2.771914099596645683e+06
2.771914099596646149e+06
2.771914099596646614e+06
2.771914099596648477e+06
2.771914099596650805e+06
2.771914099596651271e+06
2.771914099596652668e+06
2.771914099596654065e+06
2.771914099596655462e+06
2.771914099596656859e+06
2.771914099596657325e+06
2.771914099596658256e+06
2.771914099596659187e+06
2.771914099596658722e+06
2.771914099596660119e+06
2.771914099596662447e+06
2.771914099596661981e+06
2.771914099596661981e+06
2.771914099596663378e+06
2.771914099596663844e+06
2.771914099596666172e+06
2.771914099596667103e+06
2.771914099596667569e+06
2.771914099596670363e+06
2.771914099596671760e+06
2.771914099596670829e+06
2.771914099596672226e+06
2.771914099596673157e+06
2.771914099596674088e+06
2.771914099596675485e+06
2.771914099596676882e+06
2.771914099596677348e+06
2.771914099596678279e+06
2.771914099596680142e+06
2.771914099596680142e+06
2.771914099596683867e+06
2.771914099596682005e+06
2.771914099596680608e+06
2.771914099596681539e+06
2.771914099596682470e+06
2.771914099596684333e+06
2.771914099596685264e+06
2.771914099596686196e+06
2.771914099596688058e+06
2.771914099596688058e+06
2.771914099596688990e+06
2.771914099596688990e+06
2.771914099596688990e+06
2.771914099596690387e+06
2.771914099596689921e+06
2.771914099596689921e+06
2.771914099596690852e+06
2.771914099596692249e+06
2.771914099596694112e+06
2.771914099596696906e+06
2.771914099596699234e+06
2.771914099596700631e+06
2.771914099596700165e+06
2.771914099596698768e+06
2.771914099596700165e+06
2.771914099596700631e+06
2.771914099596701097e+06
2.771914099596702494e+06
2.771914099596704356e+06
2.771914099596705288e+06
2.771914099596705753e+06
2.771914099596708082e+06
2.771914099596709013e+06
2.771914099596710410e+06
2.771914099596709944e+06
2.771914099596710410e+06
2.771914099596709944e+06
2.771914099596712273e+06
2.771914099596714135e+06
2.771914099596715067e+06
2.771914099596715532e+06
2.771914099596715532e+06
2.771914099596718792e+06
2.771914099596720189e+06
2.771914099596719258e+06
2.771914099596720189e+06
2.771914099596720655e+06
2.771914099596718792e+06
2.771914099596715998e+06
2.771914099596717861e+06
2.771914099596717861e+06
2.771914099596720655e+06
2.771914099596722052e+06
2.771914099596721586e+06
2.771914099596721586e+06
2.771914099596722052e+06
2.771914099596724380e+06
2.771914099596726708e+06
2.771914099596727174e+06
2.771914099596728105e+06
2.771914099596730433e+06
2.771914099596729968e+06
2.771914099596729502e+06
2.771914099596728571e+06
2.771914099596729968e+06
2.771914099596732296e+06
2.771914099596731830e+06
2.771914099596733227e+06
2.771914099596734624e+06
2.771914099596735090e+06
2.771914099596736021e+06
2.771914099596735556e+06
2.771914099596736953e+06
2.771914099596736953e+06
2.771914099596738350e+06
2.771914099596740212e+06
2.771914099596739281e+06
2.771914099596740212e+06
2.771914099596743006e+06
2.771914099596743472e+06
2.771914099596742541e+06
2.771914099596743938e+06
2.771914099596744869e+06
2.771914099596747197e+06
2.771914099596747197e+06
2.771914099596748594e+06
2.771914099596749060e+06
2.771914099596750923e+06
2.771914099596750457e+06
2.771914099596750923e+06
2.771914099596751854e+06
2.771914099596752319e+06
2.771914099596753716e+06
2.771914099596754182e+06
2.771914099596753716e+06
2.771914099596752319e+06
2.771914099596752319e+06
2.771914099596753716e+06
2.771914099596753716e+06
2.771914099596754182e+06
2.771914099596754182e+06
2.771914099596756976e+06
2.771914099596757442e+06
2.771914099596759304e+06
2.771914099596759770e+06
2.771914099596760236e+06
2.771914099596763495e+06
2.771914099596763495e+06
2.771914099596763495e+06
2.771914099596763495e+06
2.771914099596764892e+06
2.771914099596766289e+06
2.771914099596766755e+06
2.771914099596769083e+06
2.771914099596768618e+06
2.771914099596767686e+06
2.771914099596765824e+06
2.771914099596767221e+06
2.771914099596767221e+06
2.771914099596767686e+06
2.771914099596768618e+06
2.771914099596770015e+06
2.771914099596770480e+06
2.771914099596772809e+06
2.771914099596772343e+06
2.771914099596770480e+06
2.771914099596770480e+06
2.771914099596770480e+06
2.771914099596773740e+06
2.771914099596774671e+06
2.771914099596773740e+06
2.771914099596776534e+06
2.771914099596777931e+06
2.771914099596778397e+06
2.771914099596780259e+06
2.771914099596779328e+06
2.771914099596777931e+06
2.771914099596777465e+06
2.771914099596777931e+06
2.771914099596780725e+06
2.771914099596780725e+06
2.771914099596782587e+06
2.771914099596782587e+06
2.771914099596783053e+06
2.771914099596783519e+06
2.771914099596783984e+06
2.771914099596784916e+06
2.771914099596782122e+06
2.771914099596781656e+06
2.771914099596781190e+06
2.771914099596782587e+06
2.771914099596783519e+06
2.771914099596785847e+06
2.771914099596787710e+06
2.771914099596789572e+06
2.771914099596788175e+06
2.771914099596791435e+06
2.771914099596791435e+06
2.771914099596792366e+06
2.771914099596792832e+06
2.771914099596792832e+06
2.771914099596794695e+06
2.771914099596792832e+06
2.771914099596790969e+06
2.771914099596791901e+06
2.771914099596793763e+06
2.771914099596794229e+06
2.771914099596795160e+06
2.771914099596793763e+06
2.771914099596793298e+06
2.771914099596792832e+06
2.771914099596792832e+06
2.771914099596792832e+06
2.771914099596791435e+06
2.771914099596790038e+06
2.771914099596789572e+06
2.771914099596790504e+06
2.771914099596790504e+06
2.771914099596790969e+06
2.771914099596790969e+06
2.771914099596789107e+06
2.771914099596790969e+06
2.771914099596790038e+06
2.771914099596787710e+06
2.771914099596788175e+06
2.771914099596786778e+06
2.771914099596785381e+06
2.771914099596784916e+06
2.771914099596782587e+06
2.771914099596783519e+06
2.771914099596781656e+06
2.771914099596781190e+06
2.771914099596782587e+06
2.771914099596783053e+06
2.771914099596783984e+06
2.771914099596783053e+06
2.771914099596784916e+06
2.771914099596785847e+06
2.771914099596787710e+06
2.771914099596789572e+06
2.771914099596791901e+06
2.771914099596794695e+06
2.771914099596795626e+06
2.771914099596796092e+06
2.771914099596796557e+06
2.771914099596794695e+06
2.771914099596793763e+06
2.771914099596794229e+06
2.771914099596792366e+06
2.771914099596790969e+06
2.771914099596792366e+06
2.771914099596793763e+06
2.771914099596795626e+06
2.771914099596793763e+06
2.771914099596790504e+06
2.771914099596788641e+06
2.771914099596790969e+06
2.771914099596791901e+06
2.771914099596792832e+06
2.771914099596795160e+06
2.771914099596795160e+06
2.771914099596797023e+06
2.771914099596796092e+06
2.771914099596793298e+06
2.771914099596789572e+06
2.771914099596789572e+06
2.771914099596792366e+06
2.771914099596789572e+06
2.771914099596787710e+06
2.771914099596787710e+06
2.771914099596785381e+06
2.771914099596784916e+06
2.771914099596783053e+06
2.771914099596783519e+06
2.771914099596782122e+06
2.771914099596783053e+06
2.771914099596781190e+06
2.771914099596781190e+06
2.771914099596780725e+06
2.771914099596779328e+06
2.771914099596783053e+06
2.771914099596782122e+06
2.771914099596781656e+06
2.771914099596783984e+06
2.771914099596783984e+06
2.771914099596783519e+06
2.771914099596785381e+06
2.771914099596784450e+06
2.771914099596788641e+06
2.771914099596789572e+06
2.771914099596788641e+06
2.771914099596789107e+06
2.771914099596790504e+06
2.771914099596788641e+06
2.771914099596790038e+06
2.771914099596791901e+06
2.771914099596791901e+06
2.771914099596792366e+06
2.771914099596792832e+06
2.771914099596794695e+06
2.771914099596794695e+06
2.771914099596796557e+06
2.771914099596794229e+06
2.771914099596793763e+06
2.771914099596794695e+06
2.771914099596791901e+06
2.771914099596792366e+06
2.771914099596792832e+06
2.771914099596793298e+06
2.771914099596792832e+06
2.771914099596792366e+06
2.771914099596796557e+06
2.771914099596796557e+06
2.771914099596797023e+06
2.771914099596796092e+06
2.771914099596795160e+06
2.771914099596793298e+06
2.771914099596792366e+06
2.771914099596792366e+06
2.771914099596788641e+06
2.771914099596789107e+06
2.771914099596786778e+06
2.771914099596787244e+06
2.771914099596784916e+06
2.771914099596784450e+06
2.771914099596786313e+06
2.771914099596781656e+06
2.771914099596781190e+06
2.771914099596780259e+06
2.771914099596781190e+06
2.771914099596779328e+06
2.771914099596778862e+06
2.771914099596777000e+06
2.771914099596774206e+06
2.771914099596775137e+06
2.771914099596777000e+06
2.771914099596779328e+06
2.771914099596777931e+06
2.771914099596776068e+06
2.771914099596774206e+06
2.771914099596774206e+06
2.771914099596776534e+06
2.771914099596776068e+06
2.771914099596773740e+06
2.771914099596772809e+06
2.771914099596772809e+06
2.771914099596771412e+06
2.771914099596770015e+06
2.771914099596770946e+06
2.771914099596770946e+06
2.771914099596770015e+06
2.771914099596771412e+06
2.771914099596768152e+06
2.771914099596768152e+06
2.771914099596770015e+06
2.771914099596771412e+06
2.771914099596772343e+06
2.771914099596773274e+06
2.771914099596770946e+06
2.771914099596770480e+06
2.771914099596773274e+06
2.771914099596773740e+06
2.771914099596774671e+06
2.771914099596775603e+06
2.771914099596774671e+06
2.771914099596776068e+06
2.771914099596775603e+06
2.771914099596774671e+06
2.771914099596775603e+06
2.771914099596772809e+06
2.771914099596771877e+06
2.771914099596769549e+06
2.771914099596769549e+06
2.771914099596768618e+06
2.771914099596771412e+06
2.771914099596773274e+06
2.771914099596773740e+06
2.771914099596775603e+06
2.771914099596773740e+06
2.771914099596772809e+06
2.771914099596770015e+06
2.771914099596768618e+06
2.771914099596767686e+06
2.771914099596769083e+06
2.771914099596766755e+06
2.771914099596763030e+06
2.771914099596764892e+06
2.771914099596763030e+06
2.771914099596764892e+06
2.771914099596765358e+06
2.771914099596767686e+06
2.771914099596767221e+06
2.771914099596763495e+06
2.771914099596765824e+06
2.771914099596765358e+06
2.771914099596764892e+06
2.771914099596766755e+06
2.771914099596767221e+06
2.771914099596769083e+06
2.771914099596770480e+06
2.771914099596770480e+06
2.771914099596769549e+06
2.771914099596766289e+06
2.771914099596764427e+06
2.771914099596763030e+06
2.771914099596761633e+06
2.771914099596759304e+06
2.771914099596757442e+06
2.771914099596758373e+06
2.771914099596758839e+06
2.771914099596755579e+06
2.771914099596756510e+06
2.771914099596756510e+06
2.771914099596757907e+06
2.771914099596761633e+06
2.771914099596758839e+06
2.771914099596758373e+06
2.771914099596756976e+06
2.771914099596757907e+06
2.771914099596756976e+06
2.771914099596755579e+06
2.771914099596756976e+06
2.771914099596754648e+06
2.771914099596754182e+06
2.771914099596751854e+06
2.771914099596749526e+06
2.771914099596750457e+06
2.771914099596751388e+06
2.771914099596748594e+06
2.771914099596749526e+06
2.771914099596749060e+06
2.771914099596748129e+06
2.771914099596746732e+06
2.771914099596745800e+06
2.771914099596744869e+06
2.771914099596744403e+06
2.771914099596743938e+06
2.771914099596743472e+06
2.771914099596740212e+06
2.771914099596743472e+06
2.771914099596742541e+06
2.771914099596741609e+06
2.771914099596740678e+06
2.771914099596740678e+06
2.771914099596742541e+06
2.771914099596737418e+06
2.771914099596736953e+06
2.771914099596734159e+06
2.771914099596735090e+06
2.771914099596735090e+06
2.771914099596731830e+06
2.771914099596729502e+06
2.771914099596728571e+06
2.771914099596729968e+06
2.771914099596730899e+06
2.771914099596729036e+06
2.771914099596727639e+06
2.771914099596727174e+06
2.771914099596727639e+06
2.771914099596722517e+06
2.771914099596724380e+06
2.771914099596724845e+06
2.771914099596723448e+06
2.771914099596720655e+06
2.771914099596720189e+06
2.771914099596721586e+06
2.771914099596716929e+06
2.771914099596714601e+06
2.771914099596714601e+06
2.771914099596715998e+06
2.771914099596717861e+06
2.771914099596715067e+06
2.771914099596714135e+06
2.771914099596712738e+06
2.771914099596711341e+06
2.771914099596712273e+06
2.771914099596711807e+06
2.771914099596709944e+06
2.771914099596708547e+06
2.771914099596708547e+06
2.771914099596710876e+06
2.771914099596709479e+06
2.771914099596710410e+06
2.771914099596711341e+06
2.771914099596711341e+06
2.771914099596709013e+06
2.771914099596709944e+06
2.771914099596710410e+06
2.771914099596711341e+06
2.771914099596713670e+06
2.771914099596713204e+06
2.771914099596715067e+06
2.771914099596713204e+06
2.771914099596711341e+06
2.771914099596711807e+06
2.771914099596714135e+06
2.771914099596713670e+06
2.771914099596715532e+06
2.771914099596713670e+06
2.771914099596715067e+06
2.771914099596716464e+06
2.771914099596715998e+06
2.771914099596715532e+06
2.771914099596713670e+06
2.771914099596712273e+06
2.771914099596709479e+06
2.771914099596707616e+06
2.771914099596705288e+06
2.771914099596705753e+06
2.771914099596706219e+06
2.771914099596705288e+06
2.771914099596705288e+06
2.771914099596704822e+06
2.771914099596705288e+06
2.771914099596702959e+06
2.771914099596702494e+06
2.771914099596702494e+06
2.771914099596700165e+06
2.771914099596699234e+06
2.771914099596697837e+06
2.771914099596699700e+06
2.771914099596697837e+06
2.771914099596698768e+06
2.771914099596696906e+06
2.771914099596696440e+06
2.771914099596693646e+06
2.771914099596691318e+06
2.771914099596691784e+06
2.771914099596690852e+06
2.771914099596688524e+06
2.771914099596686661e+06
2.771914099596686661e+06
2.771914099596687127e+06
2.771914099596688058e+06
2.771914099596686196e+06
2.771914099596686196e+06
2.771914099596683867e+06
2.771914099596683402e+06
2.771914099596683867e+06
2.771914099596684333e+06
2.771914099596682005e+06
2.771914099596680142e+06
2.771914099596680608e+06
2.771914099596680142e+06
2.771914099596678279e+06
2.771914099596679211e+06
2.771914099596678279e+06
2.771914099596676882e+06
2.771914099596676417e+06
2.771914099596677814e+06
2.771914099596676417e+06
2.771914099596676417e+06
2.771914099596675020e+06
2.771914099596675020e+06
2.771914099596674088e+06
2.771914099596675485e+06
2.771914099596674554e+06
2.771914099596673623e+06
2.771914099596671760e+06
2.771914099596671760e+06
2.771914099596672226e+06
2.771914099596673157e+06
2.771914099596670829e+06
2.771914099596671294e+06
2.771914099596668500e+06
2.771914099596668500e+06
2.771914099596667569e+06
2.771914099596667569e+06
2.771914099596666638e+06
2.771914099596667103e+06
2.771914099596665241e+06
2.771914099596665241e+06
2.771914099596664775e+06
2.771914099596665241e+06
2.771914099596664310e+06
2.771914099596665241e+06
2.771914099596664775e+06
2.771914099596665241e+06
2.771914099596665706e+06
2.771914099596664310e+06
2.771914099596666638e+06
2.771914099596665706e+06
2.771914099596666638e+06
2.771914099596664310e+06
2.771914099596663844e+06
2.771914099596661050e+06
2.771914099596660119e+06
2.771914099596659653e+06
2.771914099596659187e+06
2.771914099596659653e+06
2.771914099596658722e+06
2.771914099596656393e+06
2.771914099596654996e+06
2.771914099596654531e+06
2.771914099596651271e+06
2.771914099596651737e+06
2.771914099596650805e+06
2.771914099596649874e+06
2.771914099596648011e+06
2.771914099596647546e+06
2.771914099596646614e+06
2.771914099596644286e+06
2.771914099596644752e+06
2.771914099596642423e+06
2.771914099596642423e+06
2.771914099596642889e+06
2.771914099596643820e+06
2.771914099596642889e+06
2.771914099596642889e+06
2.771914099596642423e+06
2.771914099596641026e+06
2.771914099596643355e+06
2.771914099596642889e+06
2.771914099596642889e+06
2.771914099596641958e+06
2.771914099596639629e+06
2.771914099596638698e+06
2.771914099596639164e+06
2.771914099596638698e+06
2.771914099596639629e+06
2.771914099596639629e+06
2.771914099596639164e+06
2.771914099596637301e+06
2.771914099596638232e+06
2.771914099596636835e+06
2.771914099596634507e+06
2.771914099596634042e+06
2.771914099596630316e+06
2.771914099596628919e+06
2.771914099596629851e+06
2.771914099596627522e+06
2.771914099596628454e+06
2.771914099596630782e+06
2.771914099596630316e+06
2.771914099596628454e+06
2.771914099596627988e+06
2.771914099596627057e+06
2.771914099596627057e+06
2.771914099596627057e+06
2.771914099596624263e+06
2.771914099596625194e+06
2.771914099596624263e+06
2.771914099596621934e+06
2.771914099596620537e+06
2.771914099596620537e+06
2.771914099596618209e+06
2.771914099596617278e+06
2.771914099596617743e+06
2.771914099596616346e+06
2.771914099596616346e+06
2.771914099596614484e+06
2.771914099596615881e+06
2.771914099596615881e+06
2.771914099596612621e+06
2.771914099596612621e+06
2.771914099596613087e+06
2.771914099596613552e+06
2.771914099596614018e+06
2.771914099596611224e+06
2.771914099596609827e+06
2.771914099596607033e+06
2.771914099596605171e+06
2.771914099596605636e+06
2.771914099596605171e+06
2.771914099596604239e+06
2.771914099596603308e+06
2.771914099596604239e+06
2.771914099596605171e+06
2.771914099596605171e+06
2.771914099596603308e+06
2.771914099596600980e+06
2.771914099596600048e+06
2.771914099596600980e+06
2.771914099596601445e+06
2.771914099596600980e+06
2.771914099596598651e+06
2.771914099596599117e+06
2.771914099596596789e+06
2.771914099596597720e+06
2.771914099596596323e+06
2.771914099596595392e+06
2.771914099596593529e+06
2.771914099596594460e+06
2.771914099596592598e+06
2.771914099596591666e+06
2.771914099596591666e+06
2.771914099596591201e+06
2.771914099596591666e+06
2.771914099596591201e+06
2.771914099596590735e+06
2.771914099596590269e+06
2.771914099596587941e+06
2.771914099596586544e+06
2.771914099596587475e+06
2.771914099596588407e+06
2.771914099596589338e+06
2.771914099596588407e+06
2.771914099596587475e+06
2.771914099596588407e+06
2.771914099596587941e+06
2.771914099596586544e+06
2.771914099596586544e+06
2.771914099596585613e+06
2.771914099596583284e+06
2.771914099596582819e+06
2.771914099596581422e+06
2.771914099596581422e+06
2.771914099596580025e+06
2.771914099596578162e+06
2.771914099596579559e+06
2.771914099596580025e+06
2.771914099596580490e+06
2.771914099596580956e+06
2.771914099596580490e+06
2.771914099596579093e+06
2.771914099596580490e+06
2.771914099596580025e+06
2.771914099596578162e+06
2.771914099596578628e+06
2.771914099596579093e+06
2.771914099596579093e+06
2.771914099596580025e+06
2.771914099596579559e+06
2.771914099596580025e+06
2.771914099596578628e+06
2.771914099596577697e+06
2.771914099596578162e+06
2.771914099596579559e+06
2.771914099596581422e+06
2.771914099596580490e+06
2.771914099596579559e+06
2.771914099596579093e+06
2.771914099596577231e+06
2.771914099596574903e+06
2.771914099596573506e+06
2.771914099596574903e+06
2.771914099596573040e+06
2.771914099596572574e+06
2.771914099596572574e+06
2.771914099596571643e+06
2.771914099596572574e+06
2.771914099596573040e+06
2.771914099596573506e+06
2.771914099596573971e+06
2.771914099596575834e+06
2.771914099596575368e+06
2.771914099596575368e+06
2.771914099596575368e+06
2.771914099596574437e+06
2.771914099596575368e+06
2.771914099596574903e+06
2.771914099596574437e+06
2.771914099596574903e+06
2.771914099596574437e+06
2.771914099596573971e+06
2.771914099596573040e+06
2.771914099596573506e+06
2.771914099596573971e+06
2.771914099596572109e+06
2.771914099596571643e+06
2.771914099596571177e+06
2.771914099596569780e+06
2.771914099596569315e+06
2.771914099596570712e+06
2.771914099596569315e+06
2.771914099596568383e+06
2.771914099596566986e+06
2.771914099596568383e+06
2.771914099596567452e+06
2.771914099596565124e+06
2.771914099596564658e+06
2.771914099596563727e+06
2.771914099596562330e+06
2.771914099596560933e+06
2.771914099596561398e+06
2.771914099596560467e+06
2.771914099596560001e+06
2.771914099596561398e+06
2.771914099596560467e+06
2.771914099596561864e+06
2.771914099596563261e+06
2.771914099596564192e+06
2.771914099596562330e+06
2.771914099596561864e+06
2.771914099596560467e+06
2.771914099596561864e+06
2.771914099596563261e+06
2.771914099596563727e+06
2.771914099596562795e+06
2.771914099596560933e+06
2.771914099596560467e+06
2.771914099596561398e+06
2.771914099596561864e+06
2.771914099596561398e+06
2.771914099596561864e+06
2.771914099596560001e+06
2.771914099596558139e+06
2.771914099596558139e+06
2.771914099596558604e+06
2.771914099596558604e+06
2.771914099596559070e+06
2.771914099596558604e+06
2.771914099596559536e+06
2.771914099596559070e+06
2.771914099596561864e+06
2.771914099596561864e+06
2.771914099596561864e+06
2.771914099596560933e+06
2.771914099596560933e+06
2.771914099596563261e+06
2.771914099596564192e+06
2.771914099596564192e+06
2.771914099596563727e+06
2.771914099596562330e+06
2.771914099596561864e+06
2.771914099596561864e+06
2.771914099596560933e+06
2.771914099596560933e+06
2.771914099596561398e+06
2.771914099596559536e+06
2.771914099596559070e+06
2.771914099596559070e+06
2.771914099596558604e+06
2.771914099596559536e+06
2.771914099596558139e+06
2.771914099596559536e+06
2.771914099596559536e+06
2.771914099596560467e+06
2.771914099596562330e+06
2.771914099596561864e+06
2.771914099596562795e+06
2.771914099596559070e+06
2.771914099596559070e+06
2.771914099596556742e+06
2.771914099596556276e+06
2.771914099596555345e+06
2.771914099596555810e+06
2.771914099596555345e+06
2.771914099596555345e+06
2.771914099596555810e+06
2.771914099596555345e+06
2.771914099596556276e+06
2.771914099596557207e+06
2.771914099596557207e+06
2.771914099596557673e+06
2.771914099596559536e+06
2.771914099596557673e+06
2.771914099596557673e+06
2.771914099596557207e+06
2.771914099596555810e+06
2.771914099596557207e+06
2.771914099596555810e+06
2.771914099596556276e+06
2.771914099596556276e+06
2.771914099596555810e+06
2.771914099596558604e+06
2.771914099596557673e+06
2.771914099596557673e+06
2.771914099596558139e+06
2.771914099596559070e+06
2.771914099596556276e+06
2.771914099596557673e+06
2.771914099596554879e+06
2.771914099596555345e+06
2.771914099596557673e+06
2.771914099596555810e+06
2.771914099596553482e+06
2.771914099596553016e+06
2.771914099596553016e+06
2.771914099596551619e+06
2.771914099596553016e+06
2.771914099596554879e+06
2.771914099596553016e+06
2.771914099596552085e+06
2.771914099596552551e+06
2.771914099596552551e+06
2.771914099596552551e+06
2.771914099596553948e+06
2.771914099596554413e+06
2.771914099596554879e+06
2.771914099596556276e+06
2.771914099596557207e+06
2.771914099596556742e+06
2.771914099596557207e+06
2.771914099596554413e+06
2.771914099596552551e+06
2.771914099596553016e+06
2.771914099596550688e+06
2.771914099596548826e+06
2.771914099596547894e+06
2.771914099596550222e+06
2.771914099596550688e+06
2.771914099596552085e+06
2.771914099596550688e+06
2.771914099596550688e+06
2.771914099596549757e+06
2.771914099596550688e+06
2.771914099596550688e+06
2.771914099596549291e+06
2.771914099596551154e+06
2.771914099596552551e+06
2.771914099596552551e+06
2.771914099596552551e+06
2.771914099596553482e+06
2.771914099596553016e+06
2.771914099596552551e+06
2.771914099596552551e+06
2.771914099596552551e+06
2.771914099596555810e+06
2.771914099596554413e+06
2.771914099596553016e+06
2.771914099596551154e+06
2.771914099596552085e+06
2.771914099596553482e+06
2.771914099596551154e+06
2.771914099596550688e+06
2.771914099596549291e+06
