2.999925691709943651e-02
2.999925691709521766e-02
2.999925691709900630e-02
2.999925691709858649e-02
2.999925691710278106e-02
2.999925691709741035e-02
2.999925691710065428e-02
2.999925691709707035e-02
2.999925691709857956e-02
2.999925691709790995e-02
2.999925691709859690e-02
2.999925691709927691e-02
2.999925691709895773e-02
2.999925691709396172e-02
2.999925691710039755e-02
2.999925691709642156e-02
2.999925691709482214e-02
2.999925691709919018e-02
2.999925691709827077e-02
2.999925691709869058e-02
2.999925691709736178e-02
2.999925691709851364e-02
2.999925691709798281e-02
2.999925691709728892e-02
2.999925691709791342e-02
2.999925691710236819e-02
2.999925691709942610e-02
2.999925691710095266e-02
2.999925691709967243e-02
2.999925691710131348e-02
2.999925691709882242e-02
2.999925691709798281e-02
2.999925691709669218e-02
2.999925691709828118e-02
2.999925691709935324e-02
2.999925691709555767e-02
2.999925691709649095e-02
2.999925691709829853e-02
2.999925691709752137e-02
2.999925691709875303e-02
2.999925691709545705e-02
2.999925691710035591e-02
2.999925691709817363e-02
2.999925691710310025e-02
2.999925691709661585e-02
2.999925691709580400e-02
2.999925691709851711e-02
2.999925691709724035e-02
2.999925691709868364e-02
2.999925691709701830e-02
2.999925691710048775e-02
2.999925691709522807e-02
2.999925691709836445e-02
2.999925691709617523e-02
2.999925691709750403e-02
2.999925691709860731e-02
2.999925691709899936e-02
2.999925691710136205e-02
2.999925691709874262e-02
2.999925691709745545e-02
2.999925691710022407e-02
2.999925691709805567e-02
2.999925691709759076e-02
2.999925691709603298e-02
2.999925691710127879e-02
2.999925691709862119e-02
2.999925691710001591e-02
2.999925691709938100e-02
2.999925691710120940e-02
2.999925691709861425e-02
2.999925691709699402e-02
2.999925691709884323e-02
2.999925691709746586e-02
2.999925691710180267e-02
2.999925691709921100e-02
2.999925691709885711e-02
2.999925691709907916e-02
2.999925691709598441e-02
2.999925691709576583e-02
2.999925691709726810e-02
2.999925691709774689e-02
2.999925691709817710e-02
2.999925691709877384e-02
2.999925691709992570e-02
2.999925691710065775e-02
2.999925691710004019e-02
2.999925691710104980e-02
2.999925691709846506e-02
2.999925691710005754e-02
2.999925691710017550e-02
2.999925691710016509e-02
2.999925691709624809e-02
2.999925691709742770e-02
2.999925691709644238e-02
2.999925691710044612e-02
2.999925691709855180e-02
2.999925691709827424e-02
2.999925691709767056e-02
2.999925691710091102e-02
2.999925691709627584e-02
2.999925691710051204e-02
2.999925691709812159e-02
2.999925691709991876e-02
2.999925691709941916e-02
2.999925691709872180e-02
2.999925691709934283e-02
2.999925691709920406e-02
2.999925691709817363e-02
2.999925691710060918e-02
2.999925691709601910e-02
2.999925691709839221e-02
2.999925691710014081e-02
2.999925691709908609e-02
2.999925691709817016e-02
2.999925691709937753e-02
2.999925691709775730e-02
2.999925691709796893e-02
2.999925691709681708e-02
2.999925691709956488e-02
2.999925691709843731e-02
2.999925691709976958e-02
2.999925691709981121e-02
2.999925691710055367e-02
2.999925691709775036e-02
2.999925691709836445e-02
2.999925691709984243e-02
2.999925691709892650e-02
2.999925691709874262e-02
2.999925691709875997e-02
2.999925691709955100e-02
2.999925691709857262e-02
2.999925691709928038e-02
2.999925691709956835e-02
2.999925691709819445e-02
2.999925691709812853e-02
2.999925691709800363e-02
2.999925691709840261e-02
2.999925691709856915e-02
2.999925691709805220e-02
2.999925691709762199e-02
2.999925691709873915e-02
2.999925691709846159e-02
2.999925691709866976e-02
2.999925691709786485e-02
2.999925691709820486e-02
2.999925691709858649e-02
2.999925691709791342e-02
2.999925691709948508e-02
2.999925691709750403e-02
2.999925691709862813e-02
2.999925691709692116e-02
2.999925691710017550e-02
2.999925691709784750e-02
2.999925691709904446e-02
2.999925691710067857e-02
2.999925691709789261e-02
2.999925691709685524e-02
2.999925691709593584e-02
2.999925691709673728e-02
2.999925691709984590e-02
2.999925691709788220e-02
2.999925691709665401e-02
2.999925691709775036e-02
2.999925691709753525e-02
2.999925691709954406e-02
2.999925691709785097e-02
2.999925691709818404e-02
2.999925691709911385e-02
2.999925691709876691e-02
2.999925691709744158e-02
2.999925691709908609e-02
2.999925691709789954e-02
2.999925691709833669e-02
2.999925691709848935e-02
2.999925691709756995e-02
2.999925691709875303e-02
2.999925691709867323e-02
2.999925691709905140e-02
2.999925691709926651e-02
2.999925691709905140e-02
2.999925691709913467e-02
2.999925691709738607e-02
2.999925691709857262e-02
2.999925691709874262e-02
2.999925691709768444e-02
2.999925691709858649e-02
2.999925691709687259e-02
2.999925691709742423e-02
2.999925691709873568e-02
2.999925691709713627e-02
2.999925691709828812e-02
2.999925691709883629e-02
2.999925691709969672e-02
2.999925691709870793e-02
2.999925691710004366e-02
2.999925691709803832e-02
2.999925691709857262e-02
2.999925691709749015e-02
2.999925691709911385e-02
2.999925691709892650e-02
2.999925691709987019e-02
2.999925691709749709e-02
2.999925691710114001e-02
2.999925691709889874e-02
2.999925691709774689e-02
2.999925691709778158e-02
2.999925691709778158e-02
2.999925691709697320e-02
2.999925691709893691e-02
2.999925691709802097e-02
2.999925691709893344e-02
2.999925691709879466e-02
2.999925691709917977e-02
2.999925691709759770e-02
2.999925691709819792e-02
2.999925691709730280e-02
2.999925691709950590e-02
2.999925691709833322e-02
2.999925691709792036e-02
2.999925691709847547e-02
2.999925691709887793e-02
2.999925691709785097e-02
2.999925691709861425e-02
2.999925691709926651e-02
2.999925691709785097e-02
2.999925691709760117e-02
2.999925691709820486e-02
2.999925691709767056e-02
2.999925691709843037e-02
2.999925691709895079e-02
2.999925691709852404e-02
2.999925691709733749e-02
2.999925691709962733e-02
2.999925691709757342e-02
2.999925691710000897e-02
2.999925691709701484e-02
2.999925691709905834e-02
2.999925691709851017e-02
2.999925691709902364e-02
2.999925691709736872e-02
2.999925691710030387e-02
2.999925691709810771e-02
2.999925691709871833e-02
2.999925691709868364e-02
2.999925691709817016e-02
2.999925691709828118e-02
2.999925691709796199e-02
2.999925691709798975e-02
2.999925691709880854e-02
2.999925691709835404e-02
2.999925691709900977e-02
2.999925691709791342e-02
2.999925691709903752e-02
2.999925691709814241e-02
2.999925691709902018e-02
2.999925691709732709e-02
2.999925691709758729e-02
2.999925691709841302e-02
2.999925691709883976e-02
2.999925691709892650e-02
2.999925691710027958e-02
2.999925691709792383e-02
2.999925691709855874e-02
2.999925691709866629e-02
2.999925691709650136e-02
2.999925691709832976e-02
2.999925691709850670e-02
2.999925691709814934e-02
2.999925691709909650e-02
2.999925691709735831e-02
2.999925691709887446e-02
2.999925691709662973e-02
2.999925691709881548e-02
2.999925691709849282e-02
2.999925691709908609e-02
2.999925691709798975e-02
2.999925691709858996e-02
2.999925691709810077e-02
2.999925691709780934e-02
2.999925691709769832e-02
2.999925691709758035e-02
2.999925691709941222e-02
2.999925691709787873e-02
2.999925691709905140e-02
2.999925691709823261e-02
2.999925691709785791e-02
2.999925691709903058e-02
2.999925691709907916e-02
2.999925691709853792e-02
2.999925691709837139e-02
2.999925691709882242e-02
2.999925691709875997e-02
2.999925691709732362e-02
2.999925691709915201e-02
2.999925691709823261e-02
2.999925691709909303e-02
2.999925691709857956e-02
2.999925691709791342e-02
2.999925691709862813e-02
2.999925691709908263e-02
2.999925691709847894e-02
2.999925691709742770e-02
2.999925691709743811e-02
2.999925691709891956e-02
2.999925691709909650e-02
2.999925691709800016e-02
2.999925691709852058e-02
2.999925691709850670e-02
2.999925691709872180e-02
2.999925691709780240e-02
2.999925691709835751e-02
2.999925691709843037e-02
2.999925691709831588e-02
2.999925691709807302e-02
2.999925691709778852e-02
2.999925691709797587e-02
2.999925691709804873e-02
2.999925691709817016e-02
2.999925691709742770e-02
2.999925691709926998e-02
2.999925691709784750e-02
2.999925691709694198e-02
2.999925691709823955e-02
2.999925691709702524e-02
2.999925691709872874e-02
2.999925691709713627e-02
2.999925691709761158e-02
2.999925691709749709e-02
2.999925691709744852e-02
2.999925691709824302e-02
2.999925691709828812e-02
2.999925691709870446e-02
2.999925691709748321e-02
2.999925691709764281e-02
2.999925691709732709e-02
2.999925691709808689e-02
2.999925691709750403e-02
2.999925691709883629e-02
2.999925691709807302e-02
2.999925691709713974e-02
2.999925691709941222e-02
2.999925691709790995e-02
2.999925691709726117e-02
2.999925691709792036e-02
2.999925691709706688e-02
2.999925691709709463e-02
2.999925691709795506e-02
2.999925691709809036e-02
2.999925691709824649e-02
2.999925691709831588e-02
2.999925691709735484e-02
2.999925691709707035e-02
2.999925691709847200e-02
2.999925691709769832e-02
2.999925691709723688e-02
2.999925691709745199e-02
2.999925691709775730e-02
2.999925691709805567e-02
2.999925691709798281e-02
2.999925691709749709e-02
2.999925691709864894e-02
2.999925691709760117e-02
2.999925691709738954e-02
2.999925691709839914e-02
2.999925691709859343e-02
2.999925691709781628e-02
2.999925691709774342e-02
2.999925691709795159e-02
2.999925691709709116e-02
2.999925691709756301e-02
2.999925691709811118e-02
2.999925691709823261e-02
2.999925691709764281e-02
2.999925691709814241e-02
2.999925691709789261e-02
2.999925691709744852e-02
2.999925691709821873e-02
2.999925691709756648e-02
2.999925691709766362e-02
2.999925691709781281e-02
2.999925691709858649e-02
2.999925691709806608e-02
2.999925691709780587e-02
2.999925691709753525e-02
2.999925691709754913e-02
2.999925691709750056e-02
2.999925691709727504e-02
2.999925691709756648e-02
2.999925691709804873e-02
2.999925691709787526e-02
2.999925691709781281e-02
2.999925691709764281e-02
2.999925691709748321e-02
2.999925691709754566e-02
2.999925691709763587e-02
2.999925691709789261e-02
2.999925691709780240e-02
2.999925691709837486e-02
2.999925691709742076e-02
2.999925691709763240e-02
2.999925691709751790e-02
2.999925691709744505e-02
2.999925691709800363e-02
2.999925691709784403e-02
2.999925691709786138e-02
2.999925691709787873e-02
2.999925691709764627e-02
2.999925691709792036e-02
2.999925691709794118e-02
2.999925691709769832e-02
2.999925691709745199e-02
2.999925691709788220e-02
2.999925691709746933e-02
2.999925691709760117e-02
2.999925691709787873e-02
2.999925691709751790e-02
2.999925691709767750e-02
2.999925691709779199e-02
2.999925691709775036e-02
2.999925691709809383e-02
2.999925691709784056e-02
2.999925691709730974e-02
2.999925691709753178e-02
2.999925691709796893e-02
2.999925691709794118e-02
2.999925691709783016e-02
2.999925691709777117e-02
2.999925691709773995e-02
2.999925691709781975e-02
2.999925691709786485e-02
2.999925691709783709e-02
2.999925691709796199e-02
2.999925691709779893e-02
2.999925691709769138e-02
2.999925691709764974e-02
2.999925691709776771e-02
2.999925691709773995e-02
2.999925691709783709e-02
2.999925691709780240e-02
2.999925691709803832e-02
2.999925691709779546e-02
2.999925691709775730e-02
2.999925691709779199e-02
2.999925691709772607e-02
2.999925691709787179e-02
2.999925691709793077e-02
2.999925691709785097e-02
2.999925691709797587e-02
2.999925691709780934e-02
2.999925691709764974e-02
2.999925691709785791e-02
2.999925691709787179e-02
2.999925691709786485e-02
2.999925691709796546e-02
2.999925691709785097e-02
2.999925691709789954e-02
2.999925691709781628e-02
2.999925691709780240e-02
2.999925691709789954e-02
2.999925691709782669e-02
2.999925691709781628e-02
2.999925691709782669e-02
2.999925691709782322e-02
2.999925691709781281e-02
2.999925691709787526e-02
2.999925691709789954e-02
2.999925691709789261e-02
2.999925691709791342e-02
2.999925691709781975e-02
2.999925691709789954e-02
2.999925691709789954e-02
2.999925691709793424e-02
2.999925691709793424e-02
2.999925691709797934e-02
2.999925691709792730e-02
2.999925691709789607e-02
2.999925691709789607e-02
2.999925691709790995e-02
2.999925691709792383e-02
2.999925691709793077e-02
2.999925691709792036e-02
2.999925691709794465e-02
2.999925691709792383e-02
2.999925691709794118e-02
2.999925691709794118e-02
2.999925691709794465e-02
2.999925691709797934e-02
2.999925691709796199e-02
2.999925691709797240e-02
2.999925691709799322e-02
2.999925691709799322e-02
2.999925691709799669e-02
2.999925691709799669e-02
2.999925691709800363e-02
2.999925691709801404e-02
2.999925691709802097e-02
2.999925691709803138e-02
2.999925691709803485e-02
2.999925691709803832e-02
2.999925691709804526e-02
2.999925691709804526e-02
2.999925691709805220e-02
2.999925691709805914e-02
2.999925691709805914e-02
2.999925691709807649e-02
2.999925691709807649e-02
2.999925691709808342e-02
2.999925691709809036e-02
2.999925691709810771e-02
2.999925691709810077e-02
2.999925691709810424e-02
2.999925691709812159e-02
2.999925691709811465e-02
2.999925691709811812e-02
2.999925691709813200e-02
2.999925691709812853e-02
2.999925691709814934e-02
2.999925691709813894e-02
2.999925691709814934e-02
2.999925691709816669e-02
2.999925691709817710e-02
2.999925691709817016e-02
2.999925691709817710e-02
2.999925691709817016e-02
2.999925691709818057e-02
2.999925691709820832e-02
2.999925691709820139e-02
2.999925691709821526e-02
2.999925691709822220e-02
2.999925691709821179e-02
2.999925691709821526e-02
2.999925691709827077e-02
2.999925691709823608e-02
2.999925691709825343e-02
2.999925691709826037e-02
2.999925691709832976e-02
2.999925691709822567e-02
2.999925691709828465e-02
2.999925691709828812e-02
2.999925691709835057e-02
2.999925691709829159e-02
2.999925691709826731e-02
2.999925691709831241e-02
2.999925691709832282e-02
2.999925691709823608e-02
2.999925691709830547e-02
2.999925691709835404e-02
2.999925691709837486e-02
2.999925691709833322e-02
2.999925691709839914e-02
2.999925691709837139e-02
2.999925691709843731e-02
2.999925691709846853e-02
2.999925691709847547e-02
2.999925691709821179e-02
2.999925691709823608e-02
2.999925691709817016e-02
2.999925691709835057e-02
2.999925691709824996e-02
2.999925691709834016e-02
2.999925691709853792e-02
2.999925691709830894e-02
2.999925691709843037e-02
2.999925691709844772e-02
2.999925691709854833e-02
2.999925691709831935e-02
2.999925691709831935e-02
2.999925691709834363e-02
2.999925691709842690e-02
2.999925691709854833e-02
2.999925691709879466e-02
2.999925691709823608e-02
2.999925691709836098e-02
2.999925691709845466e-02
2.999925691709862119e-02
2.999925691709861772e-02
2.999925691709849282e-02
2.999925691709859343e-02
2.999925691709882936e-02
2.999925691709850670e-02
2.999925691709873915e-02
2.999925691709815281e-02
2.999925691709834363e-02
2.999925691709847547e-02
2.999925691709857956e-02
2.999925691709835404e-02
2.999925691709846853e-02
2.999925691709862119e-02
2.999925691709852404e-02
2.999925691709830200e-02
2.999925691709788567e-02
2.999925691709854486e-02
2.999925691709882936e-02
2.999925691709874609e-02
2.999925691709873915e-02
2.999925691709847894e-02
2.999925691709884323e-02
2.999925691709897160e-02
2.999925691709870446e-02
2.999925691709877038e-02
2.999925691709851017e-02
2.999925691709897507e-02
2.999925691709831588e-02
2.999925691709873221e-02
2.999925691709848241e-02
2.999925691709896119e-02
2.999925691709900977e-02
2.999925691709834016e-02
2.999925691709845813e-02
2.999925691709898895e-02
2.999925691709869752e-02
2.999925691709836445e-02
2.999925691709882242e-02
2.999925691709879466e-02
2.999925691709912079e-02
2.999925691709899242e-02
2.999925691709884323e-02
2.999925691709857609e-02
2.999925691709897854e-02
2.999925691709839914e-02
2.999925691709917630e-02
2.999925691709852404e-02
2.999925691709903752e-02
2.999925691709866629e-02
2.999925691709904793e-02
2.999925691709853792e-02
2.999925691709882589e-02
2.999925691709940528e-02
2.999925691709851364e-02
2.999925691709839221e-02
2.999925691709883629e-02
2.999925691709888140e-02
2.999925691709929079e-02
2.999925691709892997e-02
2.999925691709905140e-02
2.999925691709922487e-02
2.999925691709798281e-02
2.999925691709914854e-02
2.999925691709909997e-02
2.999925691709943998e-02
2.999925691709883283e-02
2.999925691709915895e-02
2.999925691709896119e-02
2.999925691709870446e-02
2.999925691709911038e-02
2.999925691709927691e-02
2.999925691709898548e-02
2.999925691709830200e-02
2.999925691709993611e-02
2.999925691709880160e-02
2.999925691709982162e-02
2.999925691709870793e-02
2.999925691709825343e-02
2.999925691709848241e-02
2.999925691709796199e-02
2.999925691709815975e-02
2.999925691709852751e-02
2.999925691709968978e-02
2.999925691709907916e-02
2.999925691709890915e-02
2.999925691709926304e-02
2.999925691709990488e-02
2.999925691709915548e-02
2.999925691709899589e-02
2.999925691709892650e-02
2.999925691709916242e-02
2.999925691709936365e-02
2.999925691709871833e-02
2.999925691709881548e-02
2.999925691709932549e-02
2.999925691710047040e-02
2.999925691709895426e-02
2.999925691709880507e-02
2.999925691709943651e-02
2.999925691709972100e-02
2.999925691709858649e-02
2.999925691709990141e-02
2.999925691709878772e-02
2.999925691709825343e-02
2.999925691709943651e-02
2.999925691709947467e-02
2.999925691709976264e-02
2.999925691709920059e-02
2.999925691709968631e-02
2.999925691709902364e-02
2.999925691709956488e-02
2.999925691709910691e-02
2.999925691709953018e-02
2.999925691709843037e-02
2.999925691709975223e-02
2.999925691709996733e-02
2.999925691709972100e-02
2.999925691709957182e-02
2.999925691709849629e-02
2.999925691709998121e-02
2.999925691709917977e-02
2.999925691709911732e-02
2.999925691710072714e-02
2.999925691710016856e-02
2.999925691709937059e-02
2.999925691709868364e-02
2.999925691709937406e-02
2.999925691709952325e-02
2.999925691709923875e-02
2.999925691710028652e-02
2.999925691710040795e-02
2.999925691709955794e-02
2.999925691709937406e-02
2.999925691709882936e-02
2.999925691709960304e-02
2.999925691709977305e-02
2.999925691709888140e-02
2.999925691710062653e-02
2.999925691709889181e-02
2.999925691709869405e-02
2.999925691709940528e-02
2.999925691709979386e-02
2.999925691709954753e-02
2.999925691709905140e-02
2.999925691709961692e-02
2.999925691709874609e-02
2.999925691709988060e-02
2.999925691710059183e-02
2.999925691709906528e-02
2.999925691709992570e-02
2.999925691709964121e-02
2.999925691709868364e-02
2.999925691710036285e-02
2.999925691710152859e-02
2.999925691709923528e-02
2.999925691710031775e-02
2.999925691709843384e-02
2.999925691709875303e-02
2.999925691710095960e-02
2.999925691709873221e-02
2.999925691709866282e-02
2.999925691709984243e-02
2.999925691709996733e-02
2.999925691710013734e-02
2.999925691709967590e-02
2.999925691709868017e-02
2.999925691709944692e-02
2.999925691710028652e-02
2.999925691709921793e-02
2.999925691710133430e-02
2.999925691709931508e-02
2.999925691709901324e-02
2.999925691710101858e-02
2.999925691710049122e-02
2.999925691709988754e-02
2.999925691710018938e-02
2.999925691710065082e-02
2.999925691710071674e-02
2.999925691709746239e-02
2.999925691710031428e-02
2.999925691709942957e-02
2.999925691709912426e-02
2.999925691710040795e-02
2.999925691710066122e-02
2.999925691710005060e-02
2.999925691709933590e-02
2.999925691710028999e-02
2.999925691710075837e-02
2.999925691709865588e-02
2.999925691709911732e-02
2.999925691709985631e-02
2.999925691710093184e-02
2.999925691710005060e-02
2.999925691709903058e-02
2.999925691709989795e-02
2.999925691709896813e-02
2.999925691709959263e-02
2.999925691710068898e-02
2.999925691709909997e-02
2.999925691709976611e-02
2.999925691710015468e-02
2.999925691710084857e-02
2.999925691709904446e-02
2.999925691710193798e-02
2.999925691710085551e-02
2.999925691710111225e-02
2.999925691710043571e-02
2.999925691710021713e-02
2.999925691709967590e-02
2.999925691709993958e-02
2.999925691710132736e-02
2.999925691710034897e-02
2.999925691709962039e-02
2.999925691709961345e-02
2.999925691709932549e-02
2.999925691710090755e-02
2.999925691710082776e-02
2.999925691710029693e-02
2.999925691710018244e-02
2.999925691710041489e-02
2.999925691710100123e-02
2.999925691709866976e-02
2.999925691710120940e-02
2.999925691710025183e-02
2.999925691710059183e-02
2.999925691710111919e-02
2.999925691710123368e-02
2.999925691710134124e-02
2.999925691710043571e-02
2.999925691709981121e-02
2.999925691710070286e-02
2.999925691709947467e-02
2.999925691710104633e-02
2.999925691710045653e-02
2.999925691710013387e-02
2.999925691710119552e-02
2.999925691710098388e-02
2.999925691710048775e-02
2.999925691710140369e-02
2.999925691710053632e-02
2.999925691709926304e-02
2.999925691709921446e-02
2.999925691710104980e-02
2.999925691710112266e-02
2.999925691710217390e-02
2.999925691709966896e-02
2.999925691710091796e-02
2.999925691710177839e-02
2.999925691709970366e-02
2.999925691710013387e-02
2.999925691710077225e-02
2.999925691710250003e-02
2.999925691710060571e-02
2.999925691710101164e-02
2.999925691710093531e-02
2.999925691710004366e-02
2.999925691710218084e-02
2.999925691710092143e-02
2.999925691710008183e-02
2.999925691710131348e-02
2.999925691710153899e-02
2.999925691710089021e-02
2.999925691710100123e-02
2.999925691710158410e-02
2.999925691710140022e-02
2.999925691710166736e-02
2.999925691710154940e-02
2.999925691709930120e-02
2.999925691709977651e-02
2.999925691710206288e-02
2.999925691710152859e-02
2.999925691710285391e-02
2.999925691709985978e-02
2.999925691710148695e-02
2.999925691710117817e-02
2.999925691710041142e-02
2.999925691710204900e-02
2.999925691710264575e-02
2.999925691710158410e-02
2.999925691709986325e-02
2.999925691709991876e-02
2.999925691710142450e-02
2.999925691710260411e-02
2.999925691710000203e-02
2.999925691710230574e-02
2.999925691710143144e-02
2.999925691710092837e-02
2.999925691710217390e-02
2.999925691710039755e-02
2.999925691710044612e-02
2.999925691710146614e-02
2.999925691710220860e-02
2.999925691710256248e-02
2.999925691710208370e-02
2.999925691710105674e-02
2.999925691710031428e-02
2.999925691710085551e-02
2.999925691710052592e-02
2.999925691710269432e-02
2.999925691710225717e-02
2.999925691710063347e-02
2.999925691710220860e-02
2.999925691710242717e-02
2.999925691710016856e-02
2.999925691710024489e-02
2.999925691710114695e-02
2.999925691710225717e-02
2.999925691710010611e-02
2.999925691710138634e-02
2.999925691710179226e-02
2.999925691710224329e-02
2.999925691710246534e-02
2.999925691710281228e-02
2.999925691710188941e-02
2.999925691710089021e-02
2.999925691709953365e-02
2.999925691710100123e-02
2.999925691709990141e-02
2.999925691710038367e-02
2.999925691710223288e-02
2.999925691710112960e-02
2.999925691710191716e-02
2.999925691710163614e-02
2.999925691710066816e-02
2.999925691710089021e-02
2.999925691710181308e-02
2.999925691710134817e-02
2.999925691710434578e-02
2.999925691710358250e-02
2.999925691710224329e-02
2.999925691710123715e-02
2.999925691710145920e-02
2.999925691710297881e-02
2.999925691710371434e-02
2.999925691710097347e-02
2.999925691710181655e-02
2.999925691710356168e-02
2.999925691710294412e-02
2.999925691709879466e-02
2.999925691710255207e-02
2.999925691710144532e-02
2.999925691710204206e-02
2.999925691710137593e-02
2.999925691710039755e-02
2.999925691710136552e-02
2.999925691710232656e-02
2.999925691710550110e-02
2.999925691710229880e-02
2.999925691710049469e-02
2.999925691710116082e-02
2.999925691710470660e-02
2.999925691710247228e-02
2.999925691710174369e-02
2.999925691710287473e-02
2.999925691710400230e-02
2.999925691710302045e-02
2.999925691709967590e-02
2.999925691710324249e-02
2.999925691710343678e-02
2.999925691710473089e-02
2.999925691710412720e-02
2.999925691710146267e-02
2.999925691710216696e-02
2.999925691710091796e-02
2.999925691709970366e-02
2.999925691710083470e-02
2.999925691710151124e-02
2.999925691710120940e-02
2.999925691710255554e-02
2.999925691710263187e-02
2.999925691710369352e-02
2.999925691710064041e-02
2.999925691710390169e-02
2.999925691710101511e-02
2.999925691710388434e-02
2.999925691710191022e-02
2.999925691710247228e-02
2.999925691709805220e-02
2.999925691709956488e-02
2.999925691710059877e-02
2.999925691710066469e-02
2.999925691710054326e-02
2.999925691710275330e-02
2.999925691710253819e-02
2.999925691710497375e-02
2.999925691710637887e-02
2.999925691710415496e-02
2.999925691710041836e-02
2.999925691710250350e-02
2.999925691709733749e-02
2.999925691710561559e-02
2.999925691710152165e-02
2.999925691710211839e-02
2.999925691710338821e-02
2.999925691710114348e-02
2.999925691710299616e-02
2.999925691710034203e-02
2.999925691710290249e-02
2.999925691710405434e-02
2.999925691710540743e-02
2.999925691710555661e-02
2.999925691710343678e-02
2.999925691709846506e-02
2.999925691710016162e-02
2.999925691710127532e-02
2.999925691709816669e-02
2.999925691710127879e-02
2.999925691710288861e-02
2.999925691710155981e-02
2.999925691710390863e-02
2.999925691710316616e-02
2.999925691710064735e-02
2.999925691710087980e-02
2.999925691710165696e-02
2.999925691710030387e-02
2.999925691710454007e-02
2.999925691710268391e-02
2.999925691710501538e-02
2.999925691710597989e-02
2.999925691710325984e-02
2.999925691710176451e-02
2.999925691709987366e-02
2.999925691710165002e-02
