2.999936572681773453e-02
2.999936572681635369e-02
2.999936572681246097e-02
2.999936572681414018e-02
2.999936572681493815e-02
2.999936572681308200e-02
2.999936572681481672e-02
2.999936572681211402e-02
2.999936572681498326e-02
2.999936572681537184e-02
2.999936572681723146e-02
2.999936572681263097e-02
2.999936572681334568e-02
2.999936572681745003e-02
2.999936572681349140e-02
2.999936572681376895e-02
2.999936572681651328e-02
2.999936572681471611e-02
2.999936572681434835e-02
2.999936572681574654e-02
2.999936572681562511e-02
2.999936572681380365e-02
2.999936572681445243e-02
2.999936572681521571e-02
2.999936572681426855e-02
2.999936572681552796e-02
2.999936572681224933e-02
2.999936572681529898e-02
2.999936572681511857e-02
2.999936572681394589e-02
2.999936572681633634e-02
2.999936572681470917e-02
2.999936572681352956e-02
2.999936572681816127e-02
2.999936572681558000e-02
2.999936572681481672e-02
2.999936572681414712e-02
2.999936572681199259e-02
2.999936572681313404e-02
2.999936572681833474e-02
2.999936572681205157e-02
2.999936572681499367e-02
2.999936572681352609e-02
2.999936572681528510e-02
2.999936572681032726e-02
2.999936572681203076e-02
2.999936572681348099e-02
2.999936572681640573e-02
2.999936572681546204e-02
2.999936572681289465e-02
2.999936572681385916e-02
2.999936572681675961e-02
2.999936572681390773e-02
2.999936572680993521e-02
2.999936572681279751e-02
2.999936572681546898e-02
2.999936572681489999e-02
2.999936572681800515e-02
2.999936572681418528e-02
2.999936572681276281e-02
2.999936572681419916e-02
2.999936572681455998e-02
2.999936572681313057e-02
2.999936572681472305e-02
2.999936572681756453e-02
2.999936572681485142e-02
2.999936572681527469e-02
2.999936572681359201e-02
2.999936572681451141e-02
2.999936572681632246e-02
2.999936572681190586e-02
2.999936572681774494e-02
2.999936572681444202e-02
2.999936572681669369e-02
2.999936572681556612e-02
2.999936572681318608e-02
2.999936572681385222e-02
2.999936572681416794e-02
2.999936572681488264e-02
2.999936572681573613e-02
2.999936572681464325e-02
2.999936572681414712e-02
2.999936572681529551e-02
2.999936572681353650e-02
2.999936572681462937e-02
2.999936572681543775e-02
2.999936572681421998e-02
2.999936572681378283e-02
2.999936572681738065e-02
2.999936572681582980e-02
2.999936572681502489e-02
2.999936572681441774e-02
2.999936572681299873e-02
2.999936572681489305e-02
2.999936572681375854e-02
2.999936572681533020e-02
2.999936572681339425e-02
2.999936572681397365e-02
2.999936572681328323e-02
2.999936572681624614e-02
2.999936572681520530e-02
2.999936572681420610e-02
2.999936572681408120e-02
2.999936572681444896e-02
2.999936572681279404e-02
2.999936572681451835e-02
2.999936572681542041e-02
2.999936572681492081e-02
2.999936572681480285e-02
2.999936572681530592e-02
2.999936572681533714e-02
2.999936572681315139e-02
2.999936572681612817e-02
2.999936572681587491e-02
2.999936572681508040e-02
2.999936572681471264e-02
2.999936572681319996e-02
2.999936572681467795e-02
2.999936572681484448e-02
2.999936572681678390e-02
2.999936572681527469e-02
2.999936572681501795e-02
2.999936572681358507e-02
2.999936572681575694e-02
2.999936572681517408e-02
2.999936572681540653e-02
2.999936572681449060e-02
2.999936572681393548e-02
2.999936572681593389e-02
2.999936572681482019e-02
2.999936572681446284e-02
2.999936572681561470e-02
2.999936572681573960e-02
2.999936572681385222e-02
2.999936572681545510e-02
2.999936572681623920e-02
2.999936572681407773e-02
2.999936572681529551e-02
2.999936572681340119e-02
2.999936572681368568e-02
2.999936572681581592e-02
2.999936572681473693e-02
2.999936572681452529e-02
2.999936572681517061e-02
2.999936572681511510e-02
2.999936572681392855e-02
2.999936572681317568e-02
2.999936572681448366e-02
2.999936572681611430e-02
2.999936572681551061e-02
2.999936572681484101e-02
2.999936572681510816e-02
2.999936572681518449e-02
2.999936572681599287e-02
2.999936572681486530e-02
2.999936572681613511e-02
2.999936572681500407e-02
2.999936572681429631e-02
2.999936572681533714e-02
2.999936572681343935e-02
2.999936572681604491e-02
2.999936572681473346e-02
2.999936572681478550e-02
2.999936572681533714e-02
2.999936572681566327e-02
2.999936572681429284e-02
2.999936572681430672e-02
2.999936572681403957e-02
2.999936572681593389e-02
2.999936572681485836e-02
2.999936572681445937e-02
2.999936572681439345e-02
2.999936572681391467e-02
2.999936572681450447e-02
2.999936572681376548e-02
2.999936572681529551e-02
2.999936572681543429e-02
2.999936572681462937e-02
2.999936572681628083e-02
2.999936572681427896e-02
2.999936572681508734e-02
2.999936572681304731e-02
2.999936572681331098e-02
2.999936572681408814e-02
2.999936572681483060e-02
2.999936572681543429e-02
2.999936572681564592e-02
2.999936572681455305e-02
2.999936572681463978e-02
2.999936572681537877e-02
2.999936572681517755e-02
2.999936572681588184e-02
2.999936572681337343e-02
2.999936572681416447e-02
2.999936572681566327e-02
2.999936572681367875e-02
2.999936572681338037e-02
2.999936572681494509e-02
2.999936572681669023e-02
2.999936572681546204e-02
2.999936572681348793e-02
2.999936572681558000e-02
2.999936572681363711e-02
2.999936572681367181e-02
2.999936572681505959e-02
2.999936572681499714e-02
2.999936572681387997e-02
2.999936572681392508e-02
2.999936572681408120e-02
2.999936572681507346e-02
2.999936572681359548e-02
2.999936572681556265e-02
2.999936572681467101e-02
2.999936572681475427e-02
2.999936572681442815e-02
2.999936572681421998e-02
2.999936572681453917e-02
2.999936572681391467e-02
2.999936572681453917e-02
2.999936572681443855e-02
2.999936572681458080e-02
2.999936572681489305e-02
2.999936572681587491e-02
2.999936572681539959e-02
2.999936572681642655e-02
2.999936572681418528e-02
2.999936572681453917e-02
2.999936572681585756e-02
2.999936572681396324e-02
2.999936572681525387e-02
2.999936572681248526e-02
2.999936572681564939e-02
2.999936572681308547e-02
2.999936572681427549e-02
2.999936572681415753e-02
2.999936572681394242e-02
2.999936572681451835e-02
2.999936572681498326e-02
2.999936572681538224e-02
2.999936572681552102e-02
2.999936572681389732e-02
2.999936572681578123e-02
2.999936572681500754e-02
2.999936572681479591e-02
2.999936572681474040e-02
2.999936572681513244e-02
2.999936572681406732e-02
2.999936572681495550e-02
2.999936572681526081e-02
2.999936572681426161e-02
2.999936572681485142e-02
2.999936572681360936e-02
2.999936572681418528e-02
2.999936572681496244e-02
2.999936572681566327e-02
2.999936572681339425e-02
2.999936572681532326e-02
2.999936572681536490e-02
2.999936572681571878e-02
2.999936572681439345e-02
2.999936572681467795e-02
2.999936572681537184e-02
2.999936572681334915e-02
2.999936572681527122e-02
2.999936572681432753e-02
2.999936572681585062e-02
2.999936572681463978e-02
2.999936572681535102e-02
2.999936572681342895e-02
2.999936572681435182e-02
2.999936572681421651e-02
2.999936572681448713e-02
2.999936572681452529e-02
2.999936572681512550e-02
2.999936572681429978e-02
2.999936572681536490e-02
2.999936572681511857e-02
2.999936572681532326e-02
2.999936572681539959e-02
2.999936572681431712e-02
2.999936572681392508e-02
2.999936572681622532e-02
2.999936572681542041e-02
2.999936572681502489e-02
2.999936572681470570e-02
2.999936572681604491e-02
2.999936572681478897e-02
2.999936572681517755e-02
2.999936572681458080e-02
2.999936572681567021e-02
2.999936572681527122e-02
2.999936572681639879e-02
2.999936572681440039e-02
2.999936572681408120e-02
2.999936572681410549e-02
2.999936572681477856e-02
2.999936572681505959e-02
2.999936572681526428e-02
2.999936572681519142e-02
2.999936572681490346e-02
2.999936572681509428e-02
2.999936572681428243e-02
2.999936572681511163e-02
2.999936572681435529e-02
2.999936572681592348e-02
2.999936572681466060e-02
2.999936572681447325e-02
2.999936572681484795e-02
2.999936572681400834e-02
2.999936572681434488e-02
2.999936572681424080e-02
2.999936572681497632e-02
2.999936572681527469e-02
2.999936572681537184e-02
2.999936572681510122e-02
2.999936572681570490e-02
2.999936572681427549e-02
2.999936572681471958e-02
2.999936572681518449e-02
2.999936572681559388e-02
2.999936572681500754e-02
2.999936572681556959e-02
2.999936572681481325e-02
2.999936572681506652e-02
2.999936572681469876e-02
2.999936572681550020e-02
2.999936572681551755e-02
2.999936572681425814e-02
2.999936572681584368e-02
2.999936572681476121e-02
2.999936572681472305e-02
2.999936572681562511e-02
2.999936572681579511e-02
2.999936572681540653e-02
2.999936572681510122e-02
2.999936572681609348e-02
2.999936572681522265e-02
2.999936572681630512e-02
2.999936572681477856e-02
2.999936572681489999e-02
2.999936572681517755e-02
2.999936572681564592e-02
2.999936572681596164e-02
2.999936572681551755e-02
2.999936572681620450e-02
2.999936572681580899e-02
2.999936572681497979e-02
2.999936572681542388e-02
2.999936572681565980e-02
2.999936572681532326e-02
2.999936572681537877e-02
2.999936572681593389e-02
2.999936572681528510e-02
2.999936572681595817e-02
2.999936572681571878e-02
2.999936572681512550e-02
2.999936572681584021e-02
2.999936572681571184e-02
2.999936572681399446e-02
2.999936572681524347e-02
2.999936572681524000e-02
2.999936572681587491e-02
2.999936572681580899e-02
2.999936572681541000e-02
2.999936572681632593e-02
2.999936572681544816e-02
2.999936572681575347e-02
2.999936572681507346e-02
2.999936572681560429e-02
2.999936572681561470e-02
2.999936572681511163e-02
2.999936572681536490e-02
2.999936572681522612e-02
2.999936572681546898e-02
2.999936572681568409e-02
2.999936572681571878e-02
2.999936572681538571e-02
2.999936572681588531e-02
2.999936572681571184e-02
2.999936572681516367e-02
2.999936572681603797e-02
2.999936572681588531e-02
2.999936572681603797e-02
2.999936572681610736e-02
2.999936572681586797e-02
2.999936572681545857e-02
2.999936572681584368e-02
2.999936572681621144e-02
2.999936572681533714e-02
2.999936572681587144e-02
2.999936572681594776e-02
2.999936572681605185e-02
2.999936572681571531e-02
2.999936572681576041e-02
2.999936572681585756e-02
2.999936572681559388e-02
2.999936572681586450e-02
2.999936572681555225e-02
2.999936572681550367e-02
2.999936572681595470e-02
2.999936572681594776e-02
2.999936572681590613e-02
2.999936572681590960e-02
2.999936572681605532e-02
2.999936572681569796e-02
2.999936572681553837e-02
2.999936572681571184e-02
2.999936572681598593e-02
2.999936572681596164e-02
2.999936572681572572e-02
2.999936572681639879e-02
2.999936572681585756e-02
2.999936572681586450e-02
2.999936572681594776e-02
2.999936572681589225e-02
2.999936572681588184e-02
2.999936572681611430e-02
2.999936572681601021e-02
2.999936572681591307e-02
2.999936572681589225e-02
2.999936572681598940e-02
2.999936572681586450e-02
2.999936572681590613e-02
2.999936572681599634e-02
2.999936572681603103e-02
2.999936572681601715e-02
2.999936572681594082e-02
2.999936572681586450e-02
2.999936572681592695e-02
2.999936572681614899e-02
2.999936572681643349e-02
2.999936572681609348e-02
2.999936572681580899e-02
2.999936572681587837e-02
2.999936572681579858e-02
2.999936572681592348e-02
2.999936572681626695e-02
2.999936572681627389e-02
2.999936572681616981e-02
2.999936572681575694e-02
2.999936572681602409e-02
2.999936572681614899e-02
2.999936572681601715e-02
2.999936572681596858e-02
2.999936572681609348e-02
2.999936572681616634e-02
2.999936572681597899e-02
2.999936572681632940e-02
2.999936572681621838e-02
2.999936572681601715e-02
2.999936572681618716e-02
2.999936572681613511e-02
2.999936572681618369e-02
2.999936572681606919e-02
2.999936572681605879e-02
2.999936572681613164e-02
2.999936572681603450e-02
2.999936572681608307e-02
2.999936572681615940e-02
2.999936572681611430e-02
2.999936572681614552e-02
2.999936572681613511e-02
2.999936572681609001e-02
2.999936572681618716e-02
2.999936572681618716e-02
2.999936572681608307e-02
2.999936572681606572e-02
2.999936572681606226e-02
2.999936572681606572e-02
2.999936572681612471e-02
2.999936572681612817e-02
2.999936572681615940e-02
2.999936572681611083e-02
2.999936572681615246e-02
2.999936572681609001e-02
2.999936572681616287e-02
2.999936572681614899e-02
2.999936572681612124e-02
2.999936572681616287e-02
2.999936572681615593e-02
2.999936572681615940e-02
2.999936572681615940e-02
2.999936572681614552e-02
2.999936572681616287e-02
2.999936572681615593e-02
2.999936572681613511e-02
2.999936572681614552e-02
2.999936572681615246e-02
2.999936572681616287e-02
2.999936572681615246e-02
2.999936572681615593e-02
2.999936572681615593e-02
2.999936572681616634e-02
2.999936572681616981e-02
2.999936572681616981e-02
2.999936572681616981e-02
2.999936572681616981e-02
2.999936572681615940e-02
2.999936572681616287e-02
2.999936572681616287e-02
2.999936572681615940e-02
2.999936572681615246e-02
2.999936572681614552e-02
2.999936572681614899e-02
2.999936572681614899e-02
2.999936572681615593e-02
2.999936572681614205e-02
2.999936572681613164e-02
2.999936572681613511e-02
2.999936572681612817e-02
2.999936572681614552e-02
2.999936572681614552e-02
2.999936572681614552e-02
2.999936572681615593e-02
2.999936572681615246e-02
2.999936572681614899e-02
2.999936572681612817e-02
2.999936572681614552e-02
2.999936572681614552e-02
2.999936572681615593e-02
2.999936572681613511e-02
2.999936572681612124e-02
2.999936572681611430e-02
2.999936572681611430e-02
2.999936572681612471e-02
2.999936572681613164e-02
2.999936572681614899e-02
2.999936572681613511e-02
2.999936572681611777e-02
2.999936572681613858e-02
2.999936572681610042e-02
2.999936572681616981e-02
2.999936572681613511e-02
2.999936572681614205e-02
2.999936572681610042e-02
2.999936572681623920e-02
2.999936572681616981e-02
2.999936572681607266e-02
2.999936572681611777e-02
2.999936572681615940e-02
2.999936572681618716e-02
2.999936572681613164e-02
2.999936572681623573e-02
2.999936572681615246e-02
2.999936572681619756e-02
2.999936572681619062e-02
2.999936572681606226e-02
2.999936572681622879e-02
2.999936572681628430e-02
2.999936572681625654e-02
2.999936572681615593e-02
2.999936572681618716e-02
2.999936572681608654e-02
2.999936572681618716e-02
2.999936572681621144e-02
2.999936572681630859e-02
2.999936572681611430e-02
2.999936572681604144e-02
2.999936572681603450e-02
2.999936572681621838e-02
2.999936572681621144e-02
2.999936572681650288e-02
2.999936572681627736e-02
2.999936572681618022e-02
2.999936572681637104e-02
2.999936572681620103e-02
2.999936572681634328e-02
2.999936572681634328e-02
2.999936572681620450e-02
2.999936572681587491e-02
2.999936572681632246e-02
2.999936572681629124e-02
2.999936572681656533e-02
2.999936572681621144e-02
2.999936572681637104e-02
2.999936572681613511e-02
2.999936572681639879e-02
2.999936572681622532e-02
2.999936572681613511e-02
2.999936572681626001e-02
2.999936572681660696e-02
2.999936572681640226e-02
2.999936572681639879e-02
2.999936572681633981e-02
2.999936572681653410e-02
2.999936572681620450e-02
2.999936572681651675e-02
2.999936572681656879e-02
2.999936572681630165e-02
2.999936572681656533e-02
2.999936572681682900e-02
2.999936572681646124e-02
2.999936572681622532e-02
2.999936572681625307e-02
2.999936572681618716e-02
2.999936572681630165e-02
2.999936572681694696e-02
2.999936572681616634e-02
2.999936572681671451e-02
2.999936572681627389e-02
2.999936572681665206e-02
2.999936572681649941e-02
2.999936572681643002e-02
2.999936572681645430e-02
2.999936572681615246e-02
2.999936572681640573e-02
2.999936572681634328e-02
2.999936572681630512e-02
2.999936572681633634e-02
2.999936572681647859e-02
2.999936572681661390e-02
2.999936572681653757e-02
2.999936572681615593e-02
2.999936572681664859e-02
2.999936572681629124e-02
2.999936572681627389e-02
2.999936572681657920e-02
2.999936572681649247e-02
2.999936572681643349e-02
2.999936572681622532e-02
2.999936572681681859e-02
2.999936572681637451e-02
2.999936572681659308e-02
2.999936572681643349e-02
2.999936572681637797e-02
2.999936572681702329e-02
2.999936572681745003e-02
2.999936572681666247e-02
2.999936572681725228e-02
2.999936572681673880e-02
2.999936572681671451e-02
2.999936572681653063e-02
2.999936572681647512e-02
2.999936572681605532e-02
2.999936572681698166e-02
2.999936572681682553e-02
2.999936572681678043e-02
2.999936572681680819e-02
2.999936572681716207e-02
2.999936572681678737e-02
2.999936572681652369e-02
2.999936572681793923e-02
2.999936572681666594e-02
2.999936572681680819e-02
2.999936572681680472e-02
2.999936572681701635e-02
2.999936572681544816e-02
2.999936572681688104e-02
2.999936572681606572e-02
2.999936572681757840e-02
2.999936572681692615e-02
2.999936572681705105e-02
2.999936572681759922e-02
2.999936572681656186e-02
2.999936572681699207e-02
2.999936572681719330e-02
2.999936572681843189e-02
2.999936572681735289e-02
2.999936572681754024e-02
2.999936572681717942e-02
2.999936572681727309e-02
2.999936572681780739e-02
2.999936572681679431e-02
2.999936572681707880e-02
2.999936572681731126e-02
2.999936572681586103e-02
2.999936572681667288e-02
2.999936572681726962e-02
2.999936572681649941e-02
2.999936572681644736e-02
2.999936572681678043e-02
2.999936572681768943e-02
2.999936572681645430e-02
2.999936572681606572e-02
2.999936572681716207e-02
2.999936572681602062e-02
2.999936572681786637e-02
2.999936572681755065e-02
2.999936572681731473e-02
2.999936572681683594e-02
2.999936572681786290e-02
2.999936572681713431e-02
2.999936572681716901e-02
2.999936572681701635e-02
2.999936572681591307e-02
2.999936572681570490e-02
2.999936572681746044e-02
2.999936572681840760e-02
2.999936572681755759e-02
2.999936572681823066e-02
2.999936572681789759e-02
2.999936572681681166e-02
2.999936572681745350e-02
2.999936572681729044e-02
2.999936572681740493e-02
2.999936572681736677e-02
2.999936572681673533e-02
2.999936572681661390e-02
2.999936572681649941e-02
2.999936572681791147e-02
2.999936572681734595e-02
2.999936572681767208e-02
2.999936572681789759e-02
2.999936572681830005e-02
2.999936572681592695e-02
2.999936572681774494e-02
2.999936572681615940e-02
2.999936572681678043e-02
2.999936572681694003e-02
2.999936572681715166e-02
2.999936572681735983e-02
2.999936572681783514e-02
2.999936572681586450e-02
2.999936572681734248e-02
2.999936572681653410e-02
2.999936572681757493e-02
2.999936572681787678e-02
2.999936572681719330e-02
2.999936572681666247e-02
2.999936572681731820e-02
2.999936572681771024e-02
2.999936572681690880e-02
2.999936572681722452e-02
2.999936572681797045e-02
2.999936572681641961e-02
2.999936572681644736e-02
2.999936572681707186e-02
2.999936572681747432e-02
2.999936572681731126e-02
2.999936572681684982e-02
2.999936572681784902e-02
2.999936572681654798e-02
2.999936572681662084e-02
2.999936572681746044e-02
2.999936572681664165e-02
2.999936572681732166e-02
2.999936572681778657e-02
2.999936572681695390e-02
2.999936572681708227e-02
2.999936572681720370e-02
2.999936572681749861e-02
2.999936572681715513e-02
2.999936572681718289e-02
2.999936572681783514e-02
2.999936572681844577e-02
2.999936572681712391e-02
2.999936572681677349e-02
2.999936572681690533e-02
2.999936572681908414e-02
2.999936572681682900e-02
2.999936572681730779e-02
2.999936572681752983e-02
2.999936572681696778e-02
2.999936572681782820e-02
2.999936572681757493e-02
2.999936572681792535e-02
2.999936572681694696e-02
2.999936572681723840e-02
2.999936572681789759e-02
2.999936572681736330e-02
2.999936572681769290e-02
2.999936572681626348e-02
2.999936572681725228e-02
2.999936572681752289e-02
2.999936572681674227e-02
2.999936572681669023e-02
2.999936572681689145e-02
2.999936572681760616e-02
2.999936572681682900e-02
2.999936572681753677e-02
2.999936572681647512e-02
2.999936572681621491e-02
2.999936572681771718e-02
2.999936572681685676e-02
2.999936572681716554e-02
2.999936572681634328e-02
2.999936572681735636e-02
2.999936572681674227e-02
2.999936572681753330e-02
2.999936572681738758e-02
2.999936572681660696e-02
2.999936572681776575e-02
2.999936572681688104e-02
2.999936572681735983e-02
2.999936572681616981e-02
2.999936572681700248e-02
2.999936572681655492e-02
2.999936572681721758e-02
2.999936572681622879e-02
2.999936572681585062e-02
2.999936572681723840e-02
2.999936572681635716e-02
2.999936572681679431e-02
2.999936572681734942e-02
2.999936572681803984e-02
2.999936572681839719e-02
2.999936572681802943e-02
2.999936572681797392e-02
2.999936572681610042e-02
2.999936572681775881e-02
2.999936572681632593e-02
2.999936572681668329e-02
2.999936572681749514e-02
2.999936572681665553e-02
2.999936572681555225e-02
2.999936572681757146e-02
2.999936572681632246e-02
2.999936572681668329e-02
2.999936572681673186e-02
2.999936572681694696e-02
2.999936572681609348e-02
2.999936572681506652e-02
2.999936572681542735e-02
2.999936572681600674e-02
2.999936572681688798e-02
2.999936572681655145e-02
2.999936572681657226e-02
2.999936572681683941e-02
2.999936572681804331e-02
2.999936572681648900e-02
2.999936572681840413e-02
2.999936572681739105e-02
2.999936572681671104e-02
2.999936572681709268e-02
2.999936572681573613e-02
2.999936572681690533e-02
2.999936572681784902e-02
2.999936572681620450e-02
2.999936572681437957e-02
2.999936572681759228e-02
2.999936572681754718e-02
2.999936572681629471e-02
2.999936572681652022e-02
2.999936572681571184e-02
2.999936572681520183e-02
2.999936572681689839e-02
2.999936572681799474e-02
2.999936572681761657e-02
2.999936572681770330e-02
2.999936572681642655e-02
2.999936572681780739e-02
2.999936572681895230e-02
2.999936572681678390e-02
2.999936572681713431e-02
2.999936572681714125e-02
2.999936572681767555e-02
2.999936572681639185e-02
2.999936572681483407e-02
2.999936572681538571e-02
2.999936572681749167e-02
2.999936572681580552e-02
2.999936572681714125e-02
2.999936572681687758e-02
2.999936572681621144e-02
2.999936572681697472e-02
2.999936572681760616e-02
2.999936572681603103e-02
2.999936572681773106e-02
2.999936572681791494e-02
2.999936572681790453e-02
2.999936572681609348e-02
2.999936572681623573e-02
2.999936572681551061e-02
2.999936572681682206e-02
2.999936572681577429e-02
2.999936572681598246e-02
2.999936572681708921e-02
2.999936572681744310e-02
2.999936572681827923e-02
2.999936572681811964e-02
2.999936572681705105e-02
2.999936572681639532e-02
2.999936572681604838e-02
2.999936572681723146e-02
2.999936572681731126e-02
2.999936572681815780e-02
2.999936572681706839e-02
2.999936572681695737e-02
2.999936572681665553e-02
2.999936572681631899e-02
2.999936572681745350e-02
2.999936572681593736e-02
2.999936572681689839e-02
2.999936572681713778e-02
2.999936572681465713e-02
2.999936572681793576e-02
2.999936572681671104e-02
2.999936572681537877e-02
2.999936572681730779e-02
2.999936572681638491e-02
2.999936572681750555e-02
2.999936572681498326e-02
2.999936572681783167e-02
2.999936572681576041e-02
2.999936572681780739e-02
2.999936572681799474e-02
2.999936572681501101e-02
2.999936572681671451e-02
2.999936572681728697e-02
2.999936572681600327e-02
2.999936572681773800e-02
2.999936572681541694e-02
2.999936572681747779e-02
2.999936572681696431e-02
2.999936572681631899e-02
2.999936572681559041e-02
2.999936572681591307e-02
2.999936572681671798e-02
2.999936572681642308e-02
2.999936572681594082e-02
2.999936572681697472e-02
2.999936572681487224e-02
2.999936572681709268e-02
2.999936572681699207e-02
2.999936572681635369e-02
2.999936572681597552e-02
2.999936572681636063e-02
2.999936572681688104e-02
2.999936572681843189e-02
2.999936572681651328e-02
2.999936572681508040e-02
2.999936572681678737e-02
2.999936572681630512e-02
2.999936572681994804e-02
2.999936572681725228e-02
2.999936572681669716e-02
2.999936572681614205e-02
2.999936572681848740e-02
2.999936572681751248e-02
2.999936572681572919e-02
2.999936572681691921e-02
2.999936572681939986e-02
2.999936572681634675e-02
2.999936572681586103e-02
2.999936572681800168e-02
2.999936572681589225e-02
2.999936572681627736e-02
2.999936572681592001e-02
2.999936572681389385e-02
2.999936572681471611e-02
2.999936572681522265e-02
2.999936572681484448e-02
2.999936572681635022e-02
2.999936572681471264e-02
2.999936572681866781e-02
2.999936572681469876e-02
2.999936572681776575e-02
2.999936572681673186e-02
2.999936572681517061e-02
2.999936572681352262e-02
2.999936572681436570e-02
2.999936572681601021e-02
2.999936572682029845e-02
2.999936572681548286e-02
2.999936572681772412e-02
2.999936572681987865e-02
2.999936572681922292e-02
2.999936572681820984e-02
2.999936572681689145e-02
2.999936572682082581e-02
2.999936572681871985e-02
2.999936572681941374e-02
2.999936572682126990e-02
2.999936572681499367e-02
2.999936572681807107e-02
2.999936572682032968e-02
2.999936572681996191e-02
2.999936572681613164e-02
2.999936572681479591e-02
2.999936572681968089e-02
2.999936572681698860e-02
2.999936572681813352e-02
2.999936572681788371e-02
2.999936572681577082e-02
2.999936572681874067e-02
2.999936572681836944e-02
2.999936572681343588e-02
2.999936572681764779e-02
2.999936572681346017e-02
2.999936572681845270e-02
2.999936572681704411e-02
2.999936572681482713e-02
2.999936572681588878e-02
2.999936572681745697e-02
2.999936572681794617e-02
2.999936572681526081e-02
2.999936572681457733e-02
2.999936572681685676e-02
2.999936572681621144e-02
2.999936572681514979e-02
2.999936572681844230e-02
2.999936572682034702e-02
2.999936572681769636e-02
2.999936572681699901e-02
2.999936572681673880e-02
2.999936572681858454e-02
2.999936572681670063e-02
2.999936572681644736e-02
