1.534079976201671303e-01
1.534079974852052830e-01
1.534079973669583985e-01
1.534079971555935562e-01
1.534079969616727324e-01
1.534079966836190689e-01
1.534079964248072359e-01
1.534079960971393430e-01
1.534079957870022604e-01
1.534079954164786208e-01
1.534079950688316540e-01
1.534079946831445607e-01
1.534079943205999830e-01
1.534079939346909005e-01
1.534079935750420343e-01
1.534079932062569762e-01
1.534079928539768267e-01
1.534079925150281798e-01
1.534079921980944505e-01
1.534079919069920306e-01
1.534079916332187210e-01
1.534079913966125142e-01
1.534079911695494514e-01
1.534079909856684021e-01
1.534079908192892971e-01
1.534079906907790114e-01
1.534079905698154667e-01
1.534079904971695218e-01
1.534079904384577087e-01
1.534079904372963876e-01
1.534079904235172709e-01
1.534079904675768879e-01
1.534079905006459077e-01
1.534079906116891934e-01
1.534079907056910830e-01
1.534079908801876391e-01
1.534079910464563601e-01
1.534079912710553661e-01
1.534079914724700566e-01
1.534079917703332352e-01
1.534079920123058161e-01
1.534079923938980738e-01
1.534079927236620122e-01
1.534079931186757562e-01
1.534079935136926642e-01
1.534079939662676695e-01
1.534079943945996227e-01
1.534079949180851554e-01
1.534079953588780854e-01
1.534079958652286302e-01
1.534079963165460303e-01
1.534079968755522883e-01
1.534079973247099993e-01
1.534079978532048860e-01
1.534079982603802905e-01
1.534079986423118602e-01
1.534079989891899698e-01
1.534079993718868440e-01
1.534079996219961384e-01
1.534080000608342986e-01
1.534080001567375839e-01
1.534080004205200520e-01
1.534080004038203549e-01
1.534080004215498394e-01
1.534080006036822041e-01
1.534080006383469197e-01
1.534080004949611720e-01
1.534080004840633338e-01
1.534080000447402559e-01
1.534079997196272915e-01
1.534079994181053452e-01
1.534079989228240015e-01
1.534079984429550236e-01
1.534079981068856013e-01
1.534079978098548680e-01
1.534079976659942779e-01
1.534079975824579611e-01
1.534079973780860806e-01
1.534079973052771828e-01
1.534079970827412487e-01
1.534079970251285008e-01
1.534079969637583696e-01
1.534079968966104435e-01
1.534079968897146817e-01
1.534079967433419345e-01
1.534079967042179526e-01
1.534079965476964902e-01
1.534079962661597518e-01
1.534079966563272057e-01
1.534079970975389950e-01
1.534079982330117942e-01
1.534079986181481337e-01
1.534080000417088196e-01
1.534080012266665904e-01
1.534080023054142095e-01
1.534080034102432988e-01
1.534080052077018419e-01
1.534080072796266403e-01
1.534080099403500874e-01
1.534080126323502935e-01
1.534080158891978629e-01
1.534080191366319623e-01
1.534080230657041688e-01
1.534080272212657026e-01
1.534080317885770650e-01
1.534080350823658623e-01
1.534080403638712897e-01
1.534080450031803378e-01
1.534080505572870401e-01
1.534080547341787060e-01
1.534080607894378612e-01
1.534080657331936548e-01
1.534080713776604099e-01
1.534080771086626382e-01
1.534080825632258005e-01
1.534080869915790957e-01
1.534080920566518180e-01
1.534080968646300835e-01
1.534081007227134918e-01
1.534081041686013724e-01
1.534081077692075190e-01
1.534081108654989090e-01
1.534081139679671080e-01
1.534081169065955597e-01
1.534081192843724240e-01
1.534081214844186247e-01
1.534081230248719174e-01
1.534081232747354084e-01
1.534081235216618322e-01
1.534081236327490549e-01
1.534081238742759645e-01
1.534081225047690122e-01
1.534081211566617753e-01
1.534081201453106058e-01
1.534081187665794765e-01
1.534081180683736778e-01
1.534081157919761351e-01
1.534081132159395289e-01
1.534081110837227091e-01
1.534081087712648173e-01
1.534081068528211078e-01
1.534081049863206814e-01
1.534081030093354392e-01
1.534081014022973810e-01
1.534080995897263155e-01
1.534080977240354637e-01
1.534080958317854682e-01
1.534080941426593792e-01
1.534080926160930058e-01
1.534080916744857970e-01
1.534080904464922290e-01
1.534080886383403786e-01
1.534080881949207997e-01
1.534080871252107015e-01
1.534080859680518882e-01
1.534080851261909739e-01
1.534080845222709488e-01
1.534080839700946997e-01
1.534080836306618290e-01
1.534080832614164169e-01
1.534080828668501484e-01
1.534080824031465173e-01
1.534080821815438922e-01
1.534080818135323265e-01
1.534080816154992088e-01
1.534080814611001320e-01
1.534080808407915775e-01
1.534080806790637519e-01
1.534080804431440515e-01
1.534080803810453364e-01
1.534080802200663562e-01
1.534080805198574371e-01
1.534080804937905107e-01
1.534080803687414285e-01
1.534080802981508396e-01
1.534080795820411403e-01
1.534080795967396882e-01
1.534080792840859520e-01
1.534080786807523189e-01
1.534080779766278102e-01
1.534080771595011661e-01
1.534080763583698936e-01
1.534080748306375641e-01
1.534080733979760747e-01
1.534080712742602881e-01
1.534080688921345692e-01
1.534080669756375803e-01
1.534080643113338582e-01
1.534080610432755065e-01
1.534080576032365029e-01
1.534080542296774041e-01
1.534080499505783568e-01
1.534080457005806974e-01
1.534080416511135192e-01
1.534080370543497440e-01
1.534080326165320751e-01
1.534080277204239451e-01
1.534080222635704205e-01
1.534080165882350244e-01
1.534080114221934854e-01
1.534080056471631981e-01
1.534080009633125852e-01
1.534079962850992129e-01
1.534079902752873148e-01
1.534079849335617529e-01
1.534079806801491586e-01
1.534079753426558224e-01
1.534079712860803024e-01
1.534079675854368996e-01
1.534079628774994708e-01
1.534079607927733013e-01
1.534079574604644558e-01
1.534079540143805931e-01
1.534079514832122071e-01
1.534079500908527294e-01
1.534079466092922450e-01
1.534079454997796244e-01
1.534079438210785018e-01
1.534079427733174850e-01
1.534079433019876204e-01
1.534079446897708421e-01
1.534079435035578531e-01
1.534079434218690308e-01
1.534079446368351030e-01
1.534079445985803980e-01
1.534079447759755521e-01
1.534079459258625155e-01
1.534079465397484854e-01
1.534079466710602524e-01
1.534079451009306150e-01
1.534079470542934476e-01
1.534079458514029937e-01
1.534079462963951479e-01
1.534079477641615286e-01
1.534079486020650807e-01
1.534079491105246884e-01
1.534079515251898229e-01
1.534079532080535602e-01
1.534079546229794866e-01
1.534079550347603738e-01
1.534079549161376510e-01
1.534079530395963675e-01
1.534079525072618300e-01
1.534079519687567283e-01
1.534079545842876868e-01
1.534079553752345226e-01
1.534079557138813554e-01
1.534079586754645008e-01
1.534079556460219707e-01
1.534079567678763856e-01
1.534079538466452397e-01
1.534079511133154550e-01
1.534079489779014982e-01
1.534079477686820792e-01
1.534079482290869600e-01
1.534079462921396630e-01
1.534079495192058606e-01
1.534079525131188948e-01
1.534079509264099361e-01
1.534079502916618765e-01
1.534079491656986927e-01
1.534079513586501797e-01
1.534079518545314880e-01
1.534079516322147396e-01
1.534079543854257599e-01
1.534079545004778389e-01
1.534079548580369601e-01
1.534079554219159869e-01
1.534079536223158235e-01
1.534079524202942302e-01
1.534079512054857264e-01
1.534079434573338840e-01
1.534079401527574382e-01
1.534079348105921170e-01
1.534079323572469788e-01
1.534079309654540202e-01
1.534079296601748577e-01
1.534079237606601198e-01
1.534079200830440748e-01
1.534079132057483419e-01
1.534079093778994707e-01
1.534079017610797957e-01
1.534078936730386145e-01
1.534078856519492384e-01
1.534078809361846818e-01
1.534078688735092399e-01
1.534078616270168893e-01
1.534078547164393069e-01
1.534078469590485216e-01
1.534078408486159728e-01
1.534078345844035463e-01
1.534078230932115483e-01
1.534078132368590919e-01
1.534078071846820268e-01
1.534077987488002559e-01
1.534077886938754187e-01
1.534077789192834773e-01
1.534077686508321936e-01
1.534077582665702988e-01
1.534077467957237206e-01
1.534077369999076734e-01
1.534077252555856030e-01
1.534077161095117325e-01
1.534077046928220001e-01
1.534076938460064432e-01
1.534076813267217787e-01
1.534076699813946842e-01
1.534076585175600804e-01
1.534076468812013705e-01
1.534076350885897888e-01
1.534076233145972301e-01
1.534076102286758281e-01
1.534075977776030442e-01
1.534075843616400925e-01
1.534075716514359811e-01
1.534075578713541277e-01
1.534075445720924358e-01
1.534075305323073513e-01
1.534075171391995063e-01
1.534075025355910726e-01
1.534074890100274591e-01
1.534074747571604058e-01
1.534074612444235319e-01
1.534074469202400259e-01
1.534074333830341419e-01
1.534074189154765455e-01
1.534074056218416582e-01
1.534073912591080724e-01
1.534073777729873522e-01
1.534073635522595902e-01
1.534073501870459322e-01
1.534073361440299321e-01
1.534073228781358822e-01
1.534073088265456297e-01
1.534072958356194893e-01
1.534072818982890052e-01
1.534072691080489992e-01
1.534072554391468224e-01
1.534072425554068031e-01
1.534072289689250579e-01
1.534072164717337761e-01
1.534072030068338865e-01
1.534071908368396520e-01
1.534071781294842896e-01
1.534071664644796607e-01
1.534071544810954035e-01
1.534071427904752927e-01
1.534071310926295451e-01
1.534071204046480452e-01
1.534071084496929915e-01
1.534070984496742618e-01
1.534070883736966262e-01
1.534070784487214234e-01
1.534070678051066838e-01
1.534070590454914285e-01
1.534070509793157844e-01
1.534070426979911028e-01
1.534070344947370268e-01
1.534070269567703315e-01
1.534070202718063880e-01
1.534070120913975654e-01
1.534070028092744675e-01
1.534069971723382442e-01
1.534069880424396848e-01
1.534069785736682512e-01
1.534069709000998039e-01
1.534069629972151239e-01
1.534069529849018676e-01
1.534069409692158381e-01
1.534069305162064911e-01
1.534069184617361525e-01
1.534069067242574691e-01
1.534068915595304117e-01
1.534068753557431830e-01
1.534068628700838155e-01
1.534068461479027590e-01
1.534068310050557271e-01
1.534068173291510129e-01
1.534068083447205633e-01
1.534067890134622192e-01
1.534067734457990884e-01
1.534067541363266785e-01
1.534067393700476734e-01
1.534067324705462032e-01
1.534067195483068136e-01
1.534067092909125185e-01
1.534066939556611997e-01
1.534066809850763435e-01
1.534066703595085845e-01
1.534066594547964235e-01
1.534066462120869112e-01
1.534066338833586229e-01
1.534066211128050916e-01
1.534066148333103619e-01
1.534066129979012871e-01
1.534066082546928500e-01
1.534065980734597434e-01
1.534065967215759441e-01
1.534065959816191538e-01
1.534065860820826022e-01
1.534065780858641370e-01
1.534065761839675524e-01
1.534065790282776176e-01
1.534065731849883485e-01
1.534065607443057255e-01
1.534065639202128184e-01
1.534065618547408583e-01
1.534065443089736025e-01
1.534065337044871191e-01
1.534065394699329066e-01
1.534065342403309329e-01
1.534065276260425936e-01
1.534065220305130262e-01
1.534065199122765233e-01
1.534065181655001886e-01
1.534065047468360088e-01
1.534064905388703992e-01
1.534064835886707334e-01
1.534064804527528469e-01
1.534064767041171673e-01
1.534064633789946619e-01
1.534064437674265424e-01
1.534064361598300452e-01
1.534064257237684470e-01
1.534064108235141943e-01
1.534063929018174843e-01
1.534063793786059615e-01
1.534063609068527789e-01
1.534063480898433807e-01
1.534063387541191037e-01
1.534063224488040056e-01
1.534063087344633147e-01
1.534063029919814913e-01
1.534062889355514991e-01
1.534062767063570365e-01
1.534062649528377398e-01
1.534062558166868206e-01
1.534062475363745237e-01
1.534062343008265050e-01
1.534062151344937619e-01
1.534061963575701903e-01
1.534061846063742851e-01
1.534061718599621371e-01
1.534061485601887764e-01
1.534061370835917426e-01
1.534061212612197744e-01
1.534061087860515427e-01
1.534060917795364576e-01
1.534060767722653651e-01
1.534060580691127829e-01
1.534060372198658706e-01
1.534060198643243944e-01
1.534060003578790465e-01
1.534059854833581815e-01
1.534059716913381555e-01
1.534059546074004465e-01
1.534059416185712399e-01
1.534059276896867496e-01
1.534059108594725551e-01
1.534058993302160612e-01
1.534058872863596212e-01
1.534058761065149323e-01
1.534058654100508012e-01
1.534058540293997408e-01
1.534058419080290836e-01
1.534058331173170364e-01
1.534058239372899091e-01
1.534058164639806598e-01
1.534058098651067958e-01
1.534058028047173561e-01
1.534057965385954569e-01
1.534057898280906385e-01
1.534057844570517470e-01
1.534057790116287734e-01
1.534057751332562058e-01
1.534057707334101628e-01
1.534057672579113851e-01
1.534057621712450470e-01
1.534057587921116295e-01
1.534057540406157660e-01
1.534057504850345477e-01
1.534057457515336231e-01
1.534057418177743326e-01
1.534057362795705204e-01
1.534057318496621358e-01
1.534057257552555176e-01
1.534057205223431919e-01
1.534057136728441684e-01
1.534057075743694709e-01
1.534056993669982716e-01
1.534056919040688582e-01
1.534056826905610682e-01
1.534056739669530101e-01
1.534056634908174122e-01
1.534056529860638729e-01
1.534056400395586994e-01
1.534056283032282086e-01
1.534056145678761585e-01
1.534056019433742146e-01
1.534055847815241624e-01
1.534055698786689903e-01
1.534055530706399662e-01
1.534055366305656087e-01
1.534055184569260155e-01
1.534054996066556986e-01
1.534054795386269043e-01
1.534054578607620400e-01
1.534054345491347171e-01
1.534054097100009395e-01
1.534053852127139628e-01
1.534053634510075259e-01
1.534053344957236886e-01
1.534053099113697194e-01
1.534052779959436674e-01
1.534052498424990085e-01
1.534052206190369139e-01
1.534051867737356023e-01
1.534051561532223384e-01
1.534051270829448477e-01
1.534050983556082270e-01
1.534050677418749842e-01
1.534050355318409831e-01
1.534050033920756340e-01
1.534049752875843997e-01
1.534049431080027615e-01
1.534049141021879281e-01
1.534048847871913868e-01
1.534048589161609577e-01
1.534048303905019284e-01
1.534048000604780193e-01
1.534047749229709989e-01
1.534047461495187115e-01
1.534047263066549704e-01
1.534046946119128341e-01
1.534046729856432811e-01
1.534046550155672428e-01
1.534046399944273831e-01
1.534046217847518101e-01
1.534046090760266545e-01
1.534045991251345720e-01
1.534045893743700983e-01
1.534045821563938261e-01
1.534045852492736395e-01
1.534045683211840982e-01
1.534045611518787267e-01
1.534045593705745947e-01
1.534045577052093323e-01
1.534045524989715581e-01
1.534045506199365472e-01
1.534045562054938416e-01
1.534045662595329707e-01
1.534045732470817602e-01
1.534045747692937001e-01
1.534045819187400128e-01
1.534045842175753016e-01
1.534045803755630377e-01
1.534045775081750440e-01
1.534045752107511817e-01
1.534045680189394245e-01
1.534045699120347162e-01
1.534045683652667524e-01
1.534045616742385765e-01
1.534045496303802769e-01
1.534045432831197819e-01
1.534045281079789991e-01
1.534045241085711941e-01
1.534045060998918686e-01
1.534044887672164625e-01
1.534044696704296440e-01
1.534044573512023668e-01
1.534044305261400842e-01
1.534044163037339703e-01
1.534044125802726255e-01
1.534044023941365520e-01
1.534043884974650995e-01
1.534043782514402376e-01
1.534043620189953772e-01
1.534043335939336838e-01
1.534043147148938802e-01
1.534042925745999764e-01
1.534042696000143535e-01
1.534042464890572610e-01
1.534042273297028802e-01
1.534042012463018578e-01
1.534041806710010614e-01
1.534041640701537534e-01
1.534041458383632595e-01
1.534041238121383877e-01
1.534041044675555354e-01
1.534040870544151336e-01
1.534040627724599093e-01
1.534040351458569595e-01
1.534040108306041483e-01
1.534039923149678464e-01
1.534039709266530604e-01
1.534039523585805087e-01
1.534039281205681338e-01
1.534038997301054030e-01
1.534038768825203014e-01
1.534038569179739797e-01
1.534038376404139314e-01
1.534038106428268766e-01
1.534037901349186439e-01
1.534037629573628547e-01
1.534037387510214234e-01
1.534037110307443497e-01
1.534036872981261179e-01
1.534036664430021013e-01
1.534036396648086609e-01
1.534036124071238294e-01
1.534035887600783687e-01
1.534035607670645729e-01
1.534035388711843806e-01
1.534035100202749968e-01
1.534034821618176503e-01
1.534034562356645648e-01
1.534034305977413359e-01
1.534034004199320012e-01
1.534033710173445253e-01
1.534033387149963401e-01
1.534033066320164562e-01
1.534032743446896441e-01
1.534032425738334204e-01
1.534032066605852673e-01
1.534031720674358668e-01
1.534031340123668541e-01
1.534030989806184631e-01
1.534030617985807365e-01
1.534030256818631477e-01
1.534029870295888776e-01
1.534029502420297120e-01
1.534029106094212391e-01
1.534028741810373186e-01
1.534028358836513339e-01
1.534027998499321865e-01
1.534027621220232784e-01
1.534027273518569212e-01
1.534026911256488046e-01
1.534026578086474524e-01
1.534026233224788649e-01
1.534025917133234607e-01
1.534025594133577586e-01
1.534025300539966219e-01
1.534024996081133074e-01
1.534024723215990649e-01
1.534024433429233836e-01
1.534024176797375294e-01
1.534023913047545262e-01
1.534023678348807596e-01
1.534023441379053221e-01
1.534023220872146043e-01
1.534022993238769728e-01
1.534022796042646408e-01
1.534022598241289170e-01
1.534022403773413201e-01
1.534022178734913977e-01
1.534021986906407842e-01
1.534021795502260033e-01
1.534021618061757464e-01
1.534021418195478381e-01
1.534021234544718504e-01
1.534021017146427468e-01
1.534020839509099843e-01
1.534020635583396852e-01
1.534020448100985867e-01
1.534020262415570768e-01
1.534020094911397181e-01
1.534019909702711293e-01
1.534019714532805223e-01
1.534019565008595265e-01
1.534019429159513559e-01
1.534019233719831621e-01
1.534019017388419392e-01
1.534018839353968044e-01
1.534018625575609418e-01
1.534018466654855639e-01
1.534018282445069048e-01
1.534018152605849394e-01
1.534017944458458405e-01
1.534017793772884664e-01
1.534017591301610750e-01
1.534017368996629660e-01
1.534017215716046434e-01
1.534017027195739569e-01
1.534016826482572371e-01
1.534016685522194834e-01
1.534016558167712596e-01
1.534016408949394616e-01
1.534016267850299986e-01
1.534016151933550454e-01
1.534016053342390773e-01
1.534015906554510311e-01
1.534015736305997801e-01
1.534015649241490808e-01
1.534015593526700805e-01
1.534015549315154714e-01
1.534015419400665825e-01
1.534015312833939826e-01
1.534015211215123964e-01
1.534015209936241408e-01
1.534015199100402238e-01
1.534015107943867973e-01
1.534015036529959575e-01
1.534015075337571976e-01
1.534015033285179574e-01
1.534015044241263392e-01
1.534015115114259475e-01
1.534015192931728055e-01
1.534015321365884699e-01
1.534015363440766333e-01
1.534015455932645766e-01
1.534015666515384513e-01
1.534015801247245736e-01
1.534015912654750902e-01
1.534016016524907544e-01
1.534016213138459095e-01
1.534016374026472562e-01
1.534016511573689789e-01
1.534016636416084545e-01
1.534016787484416278e-01
1.534017002272479724e-01
1.534017216729886834e-01
1.534017334532772059e-01
1.534017432059437414e-01
1.534017528877313075e-01
1.534017657737043461e-01
1.534017786125789484e-01
1.534017942560400027e-01
1.534018036360804693e-01
1.534018120761705128e-01
1.534018203940119007e-01
1.534018266548528575e-01
1.534018265032921213e-01
1.534018288101586525e-01
1.534018282227569141e-01
1.534018288656299467e-01
1.534018296402869797e-01
1.534018277405623798e-01
1.534018288095332361e-01
1.534018279876505908e-01
1.534018230572272434e-01
1.534018193073490854e-01
1.534018157498245327e-01
1.534018108563609539e-01
1.534018037031301962e-01
1.534017919868811142e-01
1.534017857221230408e-01
1.534017727888700999e-01
1.534017637470102002e-01
1.534017519429949350e-01
1.534017398738541926e-01
1.534017281473845362e-01
1.534017175007132971e-01
1.534017070831049379e-01
1.534016942775423831e-01
1.534016807277726879e-01
1.534016704432275002e-01
1.534016539276187308e-01
1.534016395233097907e-01
1.534016267759593377e-01
1.534016146282228543e-01
1.534016015898940488e-01
1.534015879498974444e-01
1.534015717073441976e-01
1.534015578749492736e-01
1.534015435642414327e-01
1.534015307610024914e-01
1.534015176649055068e-01
1.534015058566073619e-01
1.534014929916583669e-01
1.534014817893364357e-01
1.534014680882359871e-01
1.534014571107106262e-01
1.534014448825735677e-01
1.534014344997255697e-01
1.534014242571732356e-01
1.534014151614719601e-01
1.534014047748908927e-01
1.534013965356802178e-01
1.534013872903066678e-01
1.534013798469346102e-01
1.534013713982221860e-01
1.534013652087801161e-01
1.534013580669043308e-01
1.534013528332433540e-01
1.534013464254303793e-01
1.534013419192344074e-01
1.534013371009525228e-01
1.534013334027052033e-01
1.534013288915554163e-01
1.534013254779954261e-01
1.534013207683524449e-01
1.534013176642267384e-01
1.534013126525138326e-01
1.534013094798674648e-01
1.534013052197282789e-01
1.534013016317278266e-01
1.534012963501684423e-01
1.534012926499518092e-01
1.534012864484009253e-01
1.534012821319832021e-01
1.534012757632771951e-01
1.534012702521360405e-01
1.534012624211380793e-01
1.534012547920609870e-01
1.534012459993251976e-01
1.534012384577371768e-01
1.534012282199739841e-01
1.534012190166074985e-01
1.534012086522855978e-01
1.534011988445564967e-01
1.534011873094835443e-01
1.534011761301511678e-01
1.534011647386348265e-01
1.534011549235960170e-01
1.534011441414014909e-01
1.534011346137755250e-01
1.534011249592696358e-01
1.534011177779731061e-01
1.534011070548010336e-01
1.534011005872182587e-01
1.534010925683704230e-01
1.534010872030967532e-01
1.534010822873693447e-01
1.534010780442295330e-01
1.534010769734523161e-01
1.534010771293782271e-01
1.534010778078628567e-01
1.534010841951747306e-01
1.534010915717157753e-01
1.534011020672946535e-01
1.534011129675630913e-01
1.534011252505839973e-01
1.534011432218788384e-01
1.534011607492397622e-01
1.534011816387906846e-01
1.534012041538444782e-01
1.534012283578962410e-01
1.534012550066365665e-01
1.534012865459748742e-01
1.534013175456847844e-01
1.534013457793944879e-01
1.534013815196397512e-01
1.534014189216097723e-01
1.534014549980838860e-01
1.534014943929546682e-01
1.534015378722443090e-01
1.534015810302137850e-01
1.534016227960158241e-01
1.534016701941144922e-01
1.534017162733935513e-01
1.534017629816551154e-01
1.534018130385421674e-01
1.534018619173513343e-01
1.534019090116779116e-01
1.534019620028088116e-01
1.534020155200988555e-01
1.534020678191324871e-01
1.534021167772464667e-01
1.534021689279532752e-01
1.534022198677969240e-01
1.534022715507378509e-01
1.534023229516760511e-01
1.534023743286289654e-01
1.534024208193180694e-01
1.534024740406447762e-01
1.534025213883238592e-01
1.534025683806615192e-01
1.534026110347986305e-01
1.534026587378183870e-01
1.534027045477396045e-01
1.534027465843750271e-01
1.534027873557061161e-01
1.534028297102384142e-01
1.534028700914938925e-01
1.534029057515529093e-01
1.534029420836093560e-01
1.534029759239208812e-01
1.534030086369967683e-01
1.534030385135963515e-01
1.534030644278001898e-01
1.534030925167935711e-01
1.534031174095484007e-01
1.534031401546340490e-01
1.534031606551874427e-01
1.534031808190005897e-01
1.534031968007165958e-01
1.534032126065704715e-01
1.534032267288275297e-01
1.534032379571501070e-01
1.534032468091994506e-01
1.534032542597779658e-01
1.534032609573744987e-01
1.534032648120825792e-01
1.534032671879353160e-01
1.534032679150428569e-01
1.534032681141068721e-01
1.534032644833490666e-01
1.534032612579256105e-01
1.534032552718680165e-01
1.534032494213652120e-01
1.534032408911167877e-01
1.534032326152139913e-01
1.534032218049655449e-01
1.534032107750285534e-01
1.534031979089519881e-01
1.534031862434256099e-01
1.534031709838418744e-01
1.534031578285695585e-01
1.534031433689584389e-01
1.534031296464417604e-01
1.534031139946462896e-01
1.534030993052533098e-01
1.534030826566570860e-01
1.534030675086914541e-01
1.534030503377136201e-01
1.534030351133616743e-01
1.534030177187356569e-01
1.534030024487430810e-01
1.534029848618163605e-01
1.534029699782350487e-01
1.534029525669813876e-01
1.534029380112842678e-01
1.534029207819360141e-01
1.534029063150367800e-01
1.534028895773306977e-01
1.534028754816589291e-01
1.534028588917422942e-01
1.534028450133094468e-01
1.534028287971232474e-01
1.534028152363624553e-01
1.534027990815840792e-01
1.534027857066950773e-01
1.534027696515909700e-01
1.534027564556417478e-01
1.534027404937255978e-01
1.534027272238078776e-01
1.534027111128463683e-01
1.534026978647254902e-01
1.534026817409731014e-01
1.534026682868075697e-01
1.534026518841672404e-01
1.534026382632036611e-01
1.534026215831660322e-01
1.534026076162069152e-01
1.534025905727030570e-01
1.534025761711211577e-01
1.534025589073687024e-01
1.534025442484340251e-01
1.534025265981438235e-01
1.534025115356185687e-01
1.534024936833648933e-01
1.534024783529728542e-01
1.534024605815184072e-01
1.534024451890081409e-01
1.534024271313174370e-01
1.534024115967423940e-01
1.534023938320379921e-01
1.534023784115236266e-01
1.534023608468063349e-01
1.534023458707641507e-01
1.534023292862915777e-01
1.534023150112060752e-01
1.534022993329875739e-01
1.534022858464568206e-01
1.534022712481402373e-01
1.534022592223732162e-01
1.534022464145763931e-01
1.534022356355711492e-01
1.534022247578872011e-01
1.534022160888264263e-01
1.534022072192362252e-01
1.534022011638775940e-01
1.534021950459557304e-01
1.534021912346387739e-01
1.534021880224727963e-01
1.534021869221579293e-01
1.534021867383264515e-01
1.534021887009533736e-01
1.534021917910269595e-01
1.534021971733745271e-01
1.534022038456312464e-01
1.534022128717085209e-01
1.534022233565316418e-01
1.534022359965245552e-01
1.534022504833804368e-01
1.534022669979187015e-01
1.534022855453418543e-01
1.534023060313872144e-01
1.534023288202081003e-01
1.534023537599897846e-01
1.534023812088445293e-01
1.534024099141876873e-01
1.534024416476648389e-01
1.534024747495215946e-01
1.534025107516010233e-01
1.534025482368152338e-01
1.534025886333937050e-01
