2.999935839871102627e-02
2.999935839871097423e-02
2.999935839871094995e-02
2.999935839870907298e-02
2.999935839870801479e-02
2.999935839870868440e-02
2.999935839870895155e-02
2.999935839870742499e-02
2.999935839870939910e-02
2.999935839871169241e-02
2.999935839871289284e-02
2.999935839870868787e-02
2.999935839871350346e-02
2.999935839870891338e-02
2.999935839870751172e-02
2.999935839870842419e-02
2.999935839870893420e-02
2.999935839871030463e-02
2.999935839870803214e-02
2.999935839871065504e-02
2.999935839870939910e-02
2.999935839871150159e-02
2.999935839870533291e-02
2.999935839871076260e-02
2.999935839871228568e-02
2.999935839871005136e-02
2.999935839871107138e-02
2.999935839870756377e-02
2.999935839870905910e-02
2.999935839871075566e-02
2.999935839870876073e-02
2.999935839871187282e-02
2.999935839871227528e-02
2.999935839870812929e-02
2.999935839870702600e-02
2.999935839870778581e-02
2.999935839871120669e-02
2.999935839871474552e-02
2.999935839870888216e-02
2.999935839870684906e-02
2.999935839870975299e-02
2.999935839871016238e-02
2.999935839871149465e-02
2.999935839871282692e-02
2.999935839871010340e-02
2.999935839871190058e-02
2.999935839871101240e-02
2.999935839870854562e-02
2.999935839870934359e-02
2.999935839870728274e-02
2.999935839871020749e-02
2.999935839870876766e-02
2.999935839871203935e-02
2.999935839870867052e-02
2.999935839871017279e-02
2.999935839871103668e-02
2.999935839870634946e-02
2.999935839870785867e-02
2.999935839871012769e-02
2.999935839870988136e-02
2.999935839870970788e-02
2.999935839870784826e-02
2.999935839870909379e-02
2.999935839870801479e-02
2.999935839870894461e-02
2.999935839871062382e-02
2.999935839870833398e-02
2.999935839871013116e-02
2.999935839871093607e-02
2.999935839870781357e-02
2.999935839871099852e-02
2.999935839870818133e-02
2.999935839870712662e-02
2.999935839871213997e-02
2.999935839870866705e-02
2.999935839870975993e-02
2.999935839870874338e-02
2.999935839871133506e-02
2.999935839870570067e-02
2.999935839870842419e-02
2.999935839870932971e-02
2.999935839871115117e-02
2.999935839870840684e-02
2.999935839871125526e-02
2.999935839871156751e-02
2.999935839870953441e-02
2.999935839871206364e-02
2.999935839870972870e-02
2.999935839870985360e-02
2.999935839871199078e-02
2.999935839870764703e-02
2.999935839871042606e-02
2.999935839870677273e-02
2.999935839870710233e-02
2.999935839871124832e-02
2.999935839871022136e-02
2.999935839870740070e-02
2.999935839871098117e-02
2.999935839870876420e-02
2.999935839870765744e-02
2.999935839870816745e-02
2.999935839870884052e-02
2.999935839871021095e-02
2.999935839870910073e-02
2.999935839870815704e-02
2.999935839870905563e-02
2.999935839870899665e-02
2.999935839870907645e-02
2.999935839870966972e-02
2.999935839870913543e-02
2.999935839870750132e-02
2.999935839871136628e-02
2.999935839870967319e-02
2.999935839870929502e-02
2.999935839871079035e-02
2.999935839871006177e-02
2.999935839870970788e-02
2.999935839870804255e-02
2.999935839870957605e-02
2.999935839870735213e-02
2.999935839870868093e-02
2.999935839870979809e-02
2.999935839870912155e-02
2.999935839871001320e-02
2.999935839871025606e-02
2.999935839871165424e-02
2.999935839870951360e-02
2.999935839871021442e-02
2.999935839870938176e-02
2.999935839870786908e-02
2.999935839871035320e-02
2.999935839871109566e-02
2.999935839870893073e-02
2.999935839871031851e-02
2.999935839870931237e-02
2.999935839870943727e-02
2.999935839870915277e-02
2.999935839870935400e-02
2.999935839871051974e-02
2.999935839870730703e-02
2.999935839871051280e-02
2.999935839871035320e-02
2.999935839870884052e-02
2.999935839870924992e-02
2.999935839870923604e-02
2.999935839870877807e-02
2.999935839870960727e-02
2.999935839870963156e-02
2.999935839870907645e-02
2.999935839870879889e-02
2.999935839871081464e-02
2.999935839871068280e-02
2.999935839870996462e-02
2.999935839871141485e-02
2.999935839870905910e-02
2.999935839870902093e-02
2.999935839870936094e-02
2.999935839870892032e-02
2.999935839870820908e-02
2.999935839870845888e-02
2.999935839871019361e-02
2.999935839870886828e-02
2.999935839871019361e-02
2.999935839870968707e-02
2.999935839871024218e-02
2.999935839871023524e-02
2.999935839871004442e-02
2.999935839870879195e-02
2.999935839871008952e-02
2.999935839870904175e-02
2.999935839870940257e-02
2.999935839871003401e-02
2.999935839870881277e-02
2.999935839870961768e-02
2.999935839871029075e-02
2.999935839870965931e-02
2.999935839870886481e-02
2.999935839870935053e-02
2.999935839871043647e-02
2.999935839870732784e-02
2.999935839870927767e-02
2.999935839871047463e-02
2.999935839870833398e-02
2.999935839870988830e-02
2.999935839871094301e-02
2.999935839871037402e-02
2.999935839870946155e-02
2.999935839871064464e-02
2.999935839870988830e-02
2.999935839870851439e-02
2.999935839870974605e-02
2.999935839870992993e-02
2.999935839870964197e-02
2.999935839870981891e-02
2.999935839870996809e-02
2.999935839871115464e-02
2.999935839870998544e-02
2.999935839871038790e-02
2.999935839870956911e-02
2.999935839870977033e-02
2.999935839870919094e-02
2.999935839870982585e-02
2.999935839871060300e-02
2.999935839870974605e-02
2.999935839871079382e-02
2.999935839870930543e-02
2.999935839871025606e-02
2.999935839870975646e-02
2.999935839871012075e-02
2.999935839870915277e-02
2.999935839871054055e-02
2.999935839871085974e-02
2.999935839870965584e-02
2.999935839870877113e-02
2.999935839871022136e-02
2.999935839871106097e-02
2.999935839870909726e-02
2.999935839870976340e-02
2.999935839870909032e-02
2.999935839871015891e-02
2.999935839871072096e-02
2.999935839870945115e-02
2.999935839870923951e-02
2.999935839871042953e-02
2.999935839870956564e-02
2.999935839870961074e-02
2.999935839871020055e-02
2.999935839870959686e-02
2.999935839870884052e-02
2.999935839871060647e-02
2.999935839870999585e-02
2.999935839870920135e-02
2.999935839870910073e-02
2.999935839870995768e-02
2.999935839871122750e-02
2.999935839871009646e-02
2.999935839871024218e-02
2.999935839871064464e-02
2.999935839870992993e-02
2.999935839870963850e-02
2.999935839871063770e-02
2.999935839870981197e-02
2.999935839870868787e-02
2.999935839871001320e-02
2.999935839870988136e-02
2.999935839871067933e-02
2.999935839870868093e-02
2.999935839871047116e-02
2.999935839870867052e-02
2.999935839871071402e-02
2.999935839871022136e-02
2.999935839870895501e-02
2.999935839870973911e-02
2.999935839871004095e-02
2.999935839870938176e-02
2.999935839871082505e-02
2.999935839870975299e-02
2.999935839870960380e-02
2.999935839871065504e-02
2.999935839870998544e-02
2.999935839870986748e-02
2.999935839871019361e-02
2.999935839870983625e-02
2.999935839870908685e-02
2.999935839871011381e-02
2.999935839871028381e-02
2.999935839870940951e-02
2.999935839871015891e-02
2.999935839870983278e-02
2.999935839870961768e-02
2.999935839871011381e-02
2.999935839870954829e-02
2.999935839871080423e-02
2.999935839870963503e-02
2.999935839871046769e-02
2.999935839870888216e-02
2.999935839871072096e-02
2.999935839871017626e-02
2.999935839870986748e-02
2.999935839871050933e-02
2.999935839871009299e-02
2.999935839870996462e-02
2.999935839871085280e-02
2.999935839870970442e-02
2.999935839870883358e-02
2.999935839871104709e-02
2.999935839871026994e-02
2.999935839870996115e-02
2.999935839870949278e-02
2.999935839870987442e-02
2.999935839871025606e-02
2.999935839871028728e-02
2.999935839871078341e-02
2.999935839870887522e-02
2.999935839870970095e-02
2.999935839870933665e-02
2.999935839870973564e-02
2.999935839870911114e-02
2.999935839871002707e-02
2.999935839870990911e-02
2.999935839870908685e-02
2.999935839870892032e-02
2.999935839870975993e-02
2.999935839870938870e-02
2.999935839870949625e-02
2.999935839871035320e-02
2.999935839870911461e-02
2.999935839871036014e-02
2.999935839871018667e-02
2.999935839870980503e-02
2.999935839870972870e-02
2.999935839871058219e-02
2.999935839870922216e-02
2.999935839870982585e-02
2.999935839871019361e-02
2.999935839871049892e-02
2.999935839870964890e-02
2.999935839870931237e-02
2.999935839870985013e-02
2.999935839870978074e-02
2.999935839871054055e-02
2.999935839871012422e-02
2.999935839871024218e-02
2.999935839870978768e-02
2.999935839870872950e-02
2.999935839870987095e-02
2.999935839871127607e-02
2.999935839871013463e-02
2.999935839871016238e-02
2.999935839870924992e-02
2.999935839870981197e-02
2.999935839870873991e-02
2.999935839870972176e-02
2.999935839870960033e-02
2.999935839870922910e-02
2.999935839870912502e-02
2.999935839871060994e-02
2.999935839870974952e-02
2.999935839870904522e-02
2.999935839870988136e-02
2.999935839870922216e-02
2.999935839871057178e-02
2.999935839871013810e-02
2.999935839870920135e-02
2.999935839870941298e-02
2.999935839870943033e-02
2.999935839870992993e-02
2.999935839870988136e-02
2.999935839870889603e-02
2.999935839870967666e-02
2.999935839871080076e-02
2.999935839870943727e-02
2.999935839870994381e-02
2.999935839870920481e-02
2.999935839870937482e-02
2.999935839871034626e-02
2.999935839870902787e-02
2.999935839870956911e-02
2.999935839870964197e-02
2.999935839870909726e-02
2.999935839870938523e-02
2.999935839870898624e-02
2.999935839870907298e-02
2.999935839870929155e-02
2.999935839870967319e-02
2.999935839870934359e-02
2.999935839870950666e-02
2.999935839871031851e-02
2.999935839870950666e-02
2.999935839871014157e-02
2.999935839870885440e-02
2.999935839870953441e-02
2.999935839870951360e-02
2.999935839870941298e-02
2.999935839870969401e-02
2.999935839871002013e-02
2.999935839870949972e-02
2.999935839870902787e-02
2.999935839870840337e-02
2.999935839870980503e-02
2.999935839870934706e-02
2.999935839870983972e-02
2.999935839871016585e-02
2.999935839870947543e-02
2.999935839870961074e-02
2.999935839870987442e-02
2.999935839871009993e-02
2.999935839870917012e-02
2.999935839870971829e-02
2.999935839870944074e-02
2.999935839870965931e-02
2.999935839870985360e-02
2.999935839870944074e-02
2.999935839870982585e-02
2.999935839870968707e-02
2.999935839870970095e-02
2.999935839870949278e-02
2.999935839870951707e-02
2.999935839870972870e-02
2.999935839870932971e-02
2.999935839870977033e-02
2.999935839870955523e-02
2.999935839870967319e-02
2.999935839870975993e-02
2.999935839870930543e-02
2.999935839870944421e-02
2.999935839870942339e-02
2.999935839870986054e-02
2.999935839870946502e-02
2.999935839870962809e-02
2.999935839870979809e-02
2.999935839870963156e-02
2.999935839870946502e-02
2.999935839870949278e-02
2.999935839870927767e-02
2.999935839870935053e-02
2.999935839870943727e-02
2.999935839870943727e-02
2.999935839870969401e-02
2.999935839870960380e-02
2.999935839870940257e-02
2.999935839870963503e-02
2.999935839870946502e-02
2.999935839870923257e-02
2.999935839870980503e-02
2.999935839870964890e-02
2.999935839870947543e-02
2.999935839870981197e-02
2.999935839870972870e-02
2.999935839870958298e-02
2.999935839870943727e-02
2.999935839870938523e-02
2.999935839870948584e-02
2.999935839870961074e-02
2.999935839870940257e-02
2.999935839870963156e-02
2.999935839870945462e-02
2.999935839870925686e-02
2.999935839870955523e-02
2.999935839870953788e-02
2.999935839870951360e-02
2.999935839870969748e-02
2.999935839870949278e-02
2.999935839870932278e-02
2.999935839870965237e-02
2.999935839870946849e-02
2.999935839870951013e-02
2.999935839870957258e-02
2.999935839870944768e-02
2.999935839870949972e-02
2.999935839870940257e-02
2.999935839870950319e-02
2.999935839870951707e-02
2.999935839870951707e-02
2.999935839870950666e-02
2.999935839870953441e-02
2.999935839870950319e-02
2.999935839870948931e-02
2.999935839870953094e-02
2.999935839870955870e-02
2.999935839870948931e-02
2.999935839870945808e-02
2.999935839870952400e-02
2.999935839870946155e-02
2.999935839870949278e-02
2.999935839870947196e-02
2.999935839870944768e-02
2.999935839870951360e-02
2.999935839870949278e-02
2.999935839870944768e-02
2.999935839870948237e-02
2.999935839870951707e-02
2.999935839870951360e-02
2.999935839870954482e-02
2.999935839870952053e-02
2.999935839870949625e-02
2.999935839870953441e-02
2.999935839870951013e-02
2.999935839870950319e-02
2.999935839870953441e-02
2.999935839870951360e-02
2.999935839870949972e-02
2.999935839870952053e-02
2.999935839870954482e-02
2.999935839870954135e-02
2.999935839870953094e-02
2.999935839870953094e-02
2.999935839870954135e-02
2.999935839870952400e-02
2.999935839870955523e-02
2.999935839870954482e-02
2.999935839870955523e-02
2.999935839870956911e-02
2.999935839870956564e-02
2.999935839870956911e-02
2.999935839870956564e-02
2.999935839870957605e-02
2.999935839870957952e-02
2.999935839870957605e-02
2.999935839870957605e-02
2.999935839870958298e-02
2.999935839870957605e-02
2.999935839870957605e-02
2.999935839870957258e-02
2.999935839870957952e-02
2.999935839870959339e-02
2.999935839870958298e-02
2.999935839870958992e-02
2.999935839870957258e-02
2.999935839870957952e-02
2.999935839870957605e-02
2.999935839870957258e-02
2.999935839870956911e-02
2.999935839870957605e-02
2.999935839870958298e-02
2.999935839870958298e-02
2.999935839870956911e-02
2.999935839870957605e-02
2.999935839870958298e-02
2.999935839870956217e-02
2.999935839870958645e-02
2.999935839870955176e-02
2.999935839870957952e-02
2.999935839870961074e-02
2.999935839870959686e-02
2.999935839870960727e-02
2.999935839870958645e-02
2.999935839870958992e-02
2.999935839870957258e-02
2.999935839870961074e-02
2.999935839870957605e-02
2.999935839870961768e-02
2.999935839870967319e-02
2.999935839870965931e-02
2.999935839870958992e-02
2.999935839870956911e-02
2.999935839870957952e-02
2.999935839870965237e-02
2.999935839870963850e-02
2.999935839870965584e-02
2.999935839870956564e-02
2.999935839870956564e-02
2.999935839870964890e-02
2.999935839870955176e-02
2.999935839870963503e-02
2.999935839870961768e-02
2.999935839870961768e-02
2.999935839870963850e-02
2.999935839870962809e-02
2.999935839870966972e-02
2.999935839870955870e-02
2.999935839870965237e-02
2.999935839870960380e-02
2.999935839870966625e-02
2.999935839870969401e-02
2.999935839870958298e-02
2.999935839870947890e-02
2.999935839870961768e-02
2.999935839870970442e-02
2.999935839870941992e-02
2.999935839870967666e-02
2.999935839870943727e-02
2.999935839870957952e-02
2.999935839870977727e-02
2.999935839870968013e-02
2.999935839870956564e-02
2.999935839870969054e-02
2.999935839870984319e-02
2.999935839870963850e-02
2.999935839870970095e-02
2.999935839870939563e-02
2.999935839870929502e-02
2.999935839870957952e-02
2.999935839870954482e-02
2.999935839870979809e-02
2.999935839870926033e-02
2.999935839870945115e-02
2.999935839870943033e-02
2.999935839870967319e-02
2.999935839870945462e-02
2.999935839870992993e-02
2.999935839870960380e-02
2.999935839870976340e-02
2.999935839870943033e-02
2.999935839870968013e-02
2.999935839870932625e-02
2.999935839870951360e-02
2.999935839870948237e-02
2.999935839870959339e-02
2.999935839870933318e-02
2.999935839870904175e-02
2.999935839870939910e-02
2.999935839870937829e-02
2.999935839870953788e-02
2.999935839870974605e-02
2.999935839870910073e-02
2.999935839870962809e-02
2.999935839870909032e-02
2.999935839870947890e-02
2.999935839870934012e-02
2.999935839870912849e-02
2.999935839870966278e-02
2.999935839870965931e-02
2.999935839870964543e-02
2.999935839870936094e-02
2.999935839870942686e-02
2.999935839870908338e-02
2.999935839870984666e-02
2.999935839870986401e-02
2.999935839870976340e-02
2.999935839870946502e-02
2.999935839870869481e-02
2.999935839870949972e-02
2.999935839870964197e-02
2.999935839870967666e-02
2.999935839870948931e-02
2.999935839870981891e-02
2.999935839870975299e-02
2.999935839870948931e-02
2.999935839870934359e-02
2.999935839870995422e-02
2.999935839870957952e-02
2.999935839870914583e-02
2.999935839870951707e-02
2.999935839870905216e-02
2.999935839870872950e-02
2.999935839870879542e-02
2.999935839870922910e-02
2.999935839870904869e-02
2.999935839870911114e-02
2.999935839870935053e-02
2.999935839870890297e-02
2.999935839871011728e-02
2.999935839870925686e-02
2.999935839870878501e-02
2.999935839870971482e-02
2.999935839870835133e-02
2.999935839870955523e-02
2.999935839870965237e-02
2.999935839870800786e-02
2.999935839870984319e-02
2.999935839870915971e-02
2.999935839870917706e-02
2.999935839870958298e-02
2.999935839870934706e-02
2.999935839870956564e-02
2.999935839870857684e-02
2.999935839870810847e-02
2.999935839871012075e-02
2.999935839870948584e-02
2.999935839870856297e-02
2.999935839871036708e-02
2.999935839870856297e-02
2.999935839870876420e-02
2.999935839870825419e-02
2.999935839870919441e-02
2.999935839870889256e-02
2.999935839870893073e-02
2.999935839870927420e-02
2.999935839870941298e-02
2.999935839870945115e-02
2.999935839870942686e-02
2.999935839870848664e-02
2.999935839870890297e-02
2.999935839870977033e-02
2.999935839870883358e-02
2.999935839870887522e-02
2.999935839870883358e-02
2.999935839870836868e-02
2.999935839870978421e-02
2.999935839870846582e-02
2.999935839870914236e-02
2.999935839870995768e-02
2.999935839870960727e-02
2.999935839870862542e-02
2.999935839870873991e-02
2.999935839870748397e-02
2.999935839870923604e-02
2.999935839870915971e-02
2.999935839870917359e-02
2.999935839870887175e-02
2.999935839870918747e-02
2.999935839870909726e-02
2.999935839870881971e-02
2.999935839870881277e-02
2.999935839870748050e-02
2.999935839870884746e-02
2.999935839870840337e-02
2.999935839870918400e-02
2.999935839870794194e-02
2.999935839870956564e-02
2.999935839870851786e-02
2.999935839870940951e-02
2.999935839871027687e-02
2.999935839870811194e-02
2.999935839870871215e-02
2.999935839870862542e-02
2.999935839870888216e-02
2.999935839870985707e-02
2.999935839870852133e-02
2.999935839870878154e-02
2.999935839870928808e-02
2.999935839870921175e-02
2.999935839871002707e-02
2.999935839870760540e-02
2.999935839870866705e-02
2.999935839870972523e-02
2.999935839870874685e-02
2.999935839870995422e-02
2.999935839870877113e-02
2.999935839870830276e-02
2.999935839870797663e-02
2.999935839870945808e-02
2.999935839870827847e-02
2.999935839870907645e-02
2.999935839870915971e-02
2.999935839870746662e-02
2.999935839870951360e-02
2.999935839870807031e-02
2.999935839870899318e-02
2.999935839870816745e-02
2.999935839870893420e-02
2.999935839870786908e-02
2.999935839870711621e-02
2.999935839870900706e-02
2.999935839870896542e-02
2.999935839870878154e-02
2.999935839870930543e-02
2.999935839870810153e-02
2.999935839870918053e-02
2.999935839870869828e-02
2.999935839870845888e-02
2.999935839870864623e-02
2.999935839871003054e-02
2.999935839870794888e-02
2.999935839870900706e-02
2.999935839870881971e-02
2.999935839870893767e-02
2.999935839870906257e-02
2.999935839870782051e-02
2.999935839870914236e-02
2.999935839870867746e-02
2.999935839870845888e-02
2.999935839870885093e-02
2.999935839870928461e-02
2.999935839870832704e-02
2.999935839870904869e-02
2.999935839870912502e-02
2.999935839870821602e-02
2.999935839870924992e-02
2.999935839870932625e-02
2.999935839870820908e-02
2.999935839870944768e-02
2.999935839870855603e-02
2.999935839871012075e-02
2.999935839870952747e-02
2.999935839870813276e-02
2.999935839870861848e-02
2.999935839870695314e-02
2.999935839870798010e-02
2.999935839870943380e-02
2.999935839871065157e-02
2.999935839870906604e-02
2.999935839870768867e-02
2.999935839870859419e-02
2.999935839870807724e-02
2.999935839870829235e-02
2.999935839870802173e-02
2.999935839870882665e-02
2.999935839870822296e-02
2.999935839870884746e-02
2.999935839870845888e-02
2.999935839870844154e-02
2.999935839870773724e-02
2.999935839870992299e-02
2.999935839870864623e-02
2.999935839870944074e-02
2.999935839870794541e-02
2.999935839870843113e-02
2.999935839870882665e-02
2.999935839870947890e-02
2.999935839870855256e-02
2.999935839870884052e-02
2.999935839870919441e-02
2.999935839870890991e-02
2.999935839870716478e-02
2.999935839870820561e-02
2.999935839870915971e-02
2.999935839870989523e-02
2.999935839870852133e-02
2.999935839870857338e-02
2.999935839870838949e-02
2.999935839870962462e-02
2.999935839870932625e-02
2.999935839870860460e-02
2.999935839870841725e-02
2.999935839870841031e-02
2.999935839870795928e-02
2.999935839870874338e-02
2.999935839870979115e-02
2.999935839870920135e-02
2.999935839870855603e-02
2.999935839870869481e-02
2.999935839870971482e-02
2.999935839871006177e-02
2.999935839870741458e-02
2.999935839870761581e-02
2.999935839870809112e-02
2.999935839870910073e-02
2.999935839870790377e-02
2.999935839870905563e-02
2.999935839870975299e-02
2.999935839870873991e-02
2.999935839870883358e-02
2.999935839870712662e-02
2.999935839870849358e-02
2.999935839870819521e-02
2.999935839870931931e-02
2.999935839870911808e-02
2.999935839870776499e-02
2.999935839870972870e-02
2.999935839870815357e-02
2.999935839870732091e-02
2.999935839871081811e-02
2.999935839870834092e-02
2.999935839870757764e-02
2.999935839870909726e-02
2.999935839870793847e-02
2.999935839871025259e-02
2.999935839870687682e-02
2.999935839870748050e-02
2.999935839870803561e-02
2.999935839870782397e-02
2.999935839870914583e-02
2.999935839871002013e-02
2.999935839871006871e-02
2.999935839870916665e-02
2.999935839870813623e-02
2.999935839870858031e-02
2.999935839871049892e-02
2.999935839870820908e-02
2.999935839870923604e-02
2.999935839871047116e-02
2.999935839870987095e-02
2.999935839870808418e-02
2.999935839870668253e-02
2.999935839870795928e-02
2.999935839871007912e-02
2.999935839870841031e-02
2.999935839870812235e-02
2.999935839870913196e-02
2.999935839870742499e-02
2.999935839870956217e-02
2.999935839870722723e-02
2.999935839870892379e-02
2.999935839870822296e-02
2.999935839870888216e-02
2.999935839870760540e-02
2.999935839871104015e-02
2.999935839870764356e-02
2.999935839870764009e-02
2.999935839870795928e-02
2.999935839870938870e-02
2.999935839870723070e-02
2.999935839870879195e-02
2.999935839870739376e-02
2.999935839870974258e-02
2.999935839870906951e-02
2.999935839870786214e-02
2.999935839870952053e-02
2.999935839870902787e-02
2.999935839870784132e-02
2.999935839870984666e-02
2.999935839870946502e-02
2.999935839870972176e-02
2.999935839870950666e-02
2.999935839870783785e-02
2.999935839870870521e-02
2.999935839870781704e-02
2.999935839871069321e-02
2.999935839871082505e-02
2.999935839870973564e-02
2.999935839871008952e-02
2.999935839870914583e-02
2.999935839870891685e-02
2.999935839870928808e-02
2.999935839870973911e-02
2.999935839870965237e-02
2.999935839870992993e-02
2.999935839870827500e-02
2.999935839871088750e-02
2.999935839871109219e-02
2.999935839870986748e-02
2.999935839870840337e-02
2.999935839870878501e-02
2.999935839870961768e-02
2.999935839870889256e-02
2.999935839870909379e-02
2.999935839871008258e-02
2.999935839870982585e-02
2.999935839871034626e-02
2.999935839871024218e-02
2.999935839871094995e-02
2.999935839870860460e-02
2.999935839870796622e-02
2.999935839871134546e-02
2.999935839871000626e-02
2.999935839870975646e-02
2.999935839870778928e-02
2.999935839870894461e-02
2.999935839870671722e-02
2.999935839870992299e-02
2.999935839870805296e-02
2.999935839871043300e-02
2.999935839870850746e-02
2.999935839871139404e-02
2.999935839871036014e-02
2.999935839870922910e-02
2.999935839870827500e-02
2.999935839871046422e-02
2.999935839871004789e-02
2.999935839870711968e-02
2.999935839870979115e-02
2.999935839870922910e-02
2.999935839870866011e-02
2.999935839870675885e-02
2.999935839870906951e-02
2.999935839870967666e-02
2.999935839871015197e-02
2.999935839871137322e-02
2.999935839870950319e-02
2.999935839871041218e-02
2.999935839870626966e-02
2.999935839870621762e-02
2.999935839870784826e-02
2.999935839871000279e-02
2.999935839871109566e-02
2.999935839871047116e-02
2.999935839871133852e-02
2.999935839870972870e-02
2.999935839870688375e-02
2.999935839870776152e-02
2.999935839870919094e-02
2.999935839870684212e-02
2.999935839871034973e-02
2.999935839870989523e-02
2.999935839871301774e-02
2.999935839871023524e-02
2.999935839871210874e-02
2.999935839871115811e-02
2.999935839870855603e-02
2.999935839870892726e-02
2.999935839871102627e-02
2.999935839871036708e-02
2.999935839871186935e-02
2.999935839870993340e-02
2.999935839871049892e-02
2.999935839870995768e-02
2.999935839870609272e-02
2.999935839870856297e-02
2.999935839871318427e-02
2.999935839871046422e-02
2.999935839870719947e-02
2.999935839870766091e-02
2.999935839870724805e-02
2.999935839871171669e-02
2.999935839871110260e-02
2.999935839871019708e-02
2.999935839871051627e-02
2.999935839871021442e-02
2.999935839871233426e-02
2.999935839871034973e-02
2.999935839871190404e-02
2.999935839871147036e-02
2.999935839870689763e-02
2.999935839870765397e-02
2.999935839870620721e-02
2.999935839870906257e-02
2.999935839871076260e-02
2.999935839870834092e-02
2.999935839871013810e-02
2.999935839870574925e-02
2.999935839870725499e-02
2.999935839870663742e-02
2.999935839870634599e-02
2.999935839871142179e-02
2.999935839871314611e-02
2.999935839870942686e-02
2.999935839870817439e-02
2.999935839870852133e-02
2.999935839870824378e-02
2.999935839870958992e-02
2.999935839871098464e-02
2.999935839871177914e-02
2.999935839871000626e-02
2.999935839870721335e-02
2.999935839870931584e-02
2.999935839870851093e-02
