2.999935897431654785e-02
2.999935897432165488e-02
2.999935897431764420e-02
2.999935897431759910e-02
2.999935897431744644e-02
2.999935897431934770e-02
2.999935897431475068e-02
2.999935897431819237e-02
2.999935897431629805e-02
2.999935897431996179e-02
2.999935897432050302e-02
2.999935897432064180e-02
2.999935897431691909e-02
2.999935897432072854e-02
2.999935897431696419e-02
2.999935897431821319e-02
2.999935897432119344e-02
2.999935897431920545e-02
2.999935897431988546e-02
2.999935897431800849e-02
2.999935897431852891e-02
2.999935897432119344e-02
2.999935897431766502e-02
2.999935897432143977e-02
2.999935897432074935e-02
2.999935897431737011e-02
2.999935897431803972e-02
2.999935897431932688e-02
2.999935897432027751e-02
2.999935897432055507e-02
2.999935897432349716e-02
2.999935897431875442e-02
2.999935897431706827e-02
2.999935897431837278e-02
2.999935897431598580e-02
2.999935897432046139e-02
2.999935897431967730e-02
2.999935897432228285e-02
2.999935897431769971e-02
2.999935897432329940e-02
2.999935897431875789e-02
2.999935897431805359e-02
2.999935897431872667e-02
2.999935897432150569e-02
2.999935897431972587e-02
2.999935897432295245e-02
2.999935897432128712e-02
2.999935897431798421e-02
2.999935897431903545e-02
2.999935897431870238e-02
2.999935897432133569e-02
2.999935897432363940e-02
2.999935897431910137e-02
2.999935897432164794e-02
2.999935897431854973e-02
2.999935897431952811e-02
2.999935897432383369e-02
2.999935897431987852e-02
2.999935897432214407e-02
2.999935897432488494e-02
2.999935897431579152e-02
2.999935897431562498e-02
2.999935897431732848e-02
2.999935897431969117e-02
2.999935897431933729e-02
2.999935897431759563e-02
2.999935897431772053e-02
2.999935897431605519e-02
2.999935897432272347e-02
2.999935897431969811e-02
2.999935897431776216e-02
2.999935897431720011e-02
2.999935897432225509e-02
2.999935897432017690e-02
2.999935897431880646e-02
2.999935897431740828e-02
2.999935897432090548e-02
2.999935897432118651e-02
2.999935897431862605e-02
2.999935897431997914e-02
2.999935897431949341e-02
2.999935897431845605e-02
2.999935897432189774e-02
2.999935897432077364e-02
2.999935897431912218e-02
2.999935897431839707e-02
2.999935897431914994e-02
2.999935897431737358e-02
2.999935897431688439e-02
2.999935897432005893e-02
2.999935897431986812e-02
2.999935897431933035e-02
2.999935897432248061e-02
2.999935897431769277e-02
2.999935897431766502e-02
2.999935897432190815e-02
2.999935897432092630e-02
2.999935897431947954e-02
2.999935897431840748e-02
2.999935897432071119e-02
2.999935897432023588e-02
2.999935897431899728e-02
2.999935897431952464e-02
2.999935897431701623e-02
2.999935897432010057e-02
2.999935897431942056e-02
2.999935897431703705e-02
2.999935897431873708e-02
2.999935897431916729e-02
2.999935897432037119e-02
2.999935897432003812e-02
2.999935897431954199e-02
2.999935897431762338e-02
2.999935897431866769e-02
2.999935897431788706e-02
2.999935897431968423e-02
2.999935897432000689e-02
2.999935897432034343e-02
2.999935897431749848e-02
2.999935897431950382e-02
2.999935897431988199e-02
2.999935897431837278e-02
2.999935897431926790e-02
2.999935897431858789e-02
2.999935897431833809e-02
2.999935897431912218e-02
2.999935897432030180e-02
2.999935897431971199e-02
2.999935897431921933e-02
2.999935897431816809e-02
2.999935897431910137e-02
2.999935897431893136e-02
2.999935897431874748e-02
2.999935897432021853e-02
2.999935897431823054e-02
2.999935897432048221e-02
2.999935897432007281e-02
2.999935897432021159e-02
2.999935897431841442e-02
2.999935897431841442e-02
2.999935897432106507e-02
2.999935897431790788e-02
2.999935897431728338e-02
2.999935897431875442e-02
2.999935897431817156e-02
2.999935897431934423e-02
2.999935897431753665e-02
2.999935897431939280e-02
2.999935897431885157e-02
2.999935897431912565e-02
2.999935897431951770e-02
2.999935897432069037e-02
2.999935897432024628e-02
2.999935897431948648e-02
2.999935897431955240e-02
2.999935897431912912e-02
2.999935897431869197e-02
2.999935897431945525e-02
2.999935897431946566e-02
2.999935897431835891e-02
2.999935897431800155e-02
2.999935897431963566e-02
2.999935897431771012e-02
2.999935897431919504e-02
2.999935897431944137e-02
2.999935897432016302e-02
2.999935897431833809e-02
2.999935897431896259e-02
2.999935897431817156e-02
2.999935897431876830e-02
2.999935897431954199e-02
2.999935897431797727e-02
2.999935897431887932e-02
2.999935897431862952e-02
2.999935897431856013e-02
2.999935897432066262e-02
2.999935897431887238e-02
2.999935897431835891e-02
2.999935897431773441e-02
2.999935897431972934e-02
2.999935897431837972e-02
2.999935897431878912e-02
2.999935897431810911e-02
2.999935897431852197e-02
2.999935897431938586e-02
2.999935897431764767e-02
2.999935897431773441e-02
2.999935897431695031e-02
2.999935897431910831e-02
2.999935897431869197e-02
2.999935897431800502e-02
2.999935897431972587e-02
2.999935897431969464e-02
2.999935897431866422e-02
2.999935897431964260e-02
2.999935897432005200e-02
2.999935897431726950e-02
2.999935897431867116e-02
2.999935897431920545e-02
2.999935897431880993e-02
2.999935897431966342e-02
2.999935897431718623e-02
2.999935897431860871e-02
2.999935897431948995e-02
2.999935897431792176e-02
2.999935897431808482e-02
2.999935897431819237e-02
2.999935897431846299e-02
2.999935897432066609e-02
2.999935897431845605e-02
2.999935897431791829e-02
2.999935897431808829e-02
2.999935897431851850e-02
2.999935897432004159e-02
2.999935897431894177e-02
2.999935897431674214e-02
2.999935897431837972e-02
2.999935897431890708e-02
2.999935897431971199e-02
2.999935897431832421e-02
2.999935897431900769e-02
2.999935897431894871e-02
2.999935897431859483e-02
2.999935897431876136e-02
2.999935897431899035e-02
2.999935897431759216e-02
2.999935897431942750e-02
2.999935897431803278e-02
2.999935897431976750e-02
2.999935897431802584e-02
2.999935897431894177e-02
2.999935897431849768e-02
2.999935897431814380e-02
2.999935897431914300e-02
2.999935897431722093e-02
2.999935897431746379e-02
2.999935897431927137e-02
2.999935897431859136e-02
2.999935897431751930e-02
2.999935897431774134e-02
2.999935897431860871e-02
2.999935897431892790e-02
2.999935897431805359e-02
2.999935897431853238e-02
2.999935897431971199e-02
2.999935897431909443e-02
2.999935897431784543e-02
2.999935897431858789e-02
2.999935897431803278e-02
2.999935897431899381e-02
2.999935897431907361e-02
2.999935897431871973e-02
2.999935897431895565e-02
2.999935897432004506e-02
2.999935897431833115e-02
2.999935897431735971e-02
2.999935897431741175e-02
2.999935897431896259e-02
2.999935897431808829e-02
2.999935897431809870e-02
2.999935897431874401e-02
2.999935897431887238e-02
2.999935897431894177e-02
2.999935897431741175e-02
2.999935897431881687e-02
2.999935897431884116e-02
2.999935897431962872e-02
2.999935897431770665e-02
2.999935897431874054e-02
2.999935897431869197e-02
2.999935897432039200e-02
2.999935897431746032e-02
2.999935897431974322e-02
2.999935897431820625e-02
2.999935897431816809e-02
2.999935897431855666e-02
2.999935897431766849e-02
2.999935897431914994e-02
2.999935897431771359e-02
2.999935897431695725e-02
2.999935897431945872e-02
2.999935897431818196e-02
2.999935897431860871e-02
2.999935897431801890e-02
2.999935897431806053e-02
2.999935897431760604e-02
2.999935897431907361e-02
2.999935897431763379e-02
2.999935897431875789e-02
2.999935897431900422e-02
2.999935897431867809e-02
2.999935897431878912e-02
2.999935897431853932e-02
2.999935897431853932e-02
2.999935897431789400e-02
2.999935897431838666e-02
2.999935897431935811e-02
2.999935897431894871e-02
2.999935897431825135e-02
2.999935897431837278e-02
2.999935897431883769e-02
2.999935897431833462e-02
2.999935897431854626e-02
2.999935897431947260e-02
2.999935897432044404e-02
2.999935897431902504e-02
2.999935897431864687e-02
2.999935897431801890e-02
2.999935897431892096e-02
2.999935897431751236e-02
2.999935897431857401e-02
2.999935897431952464e-02
2.999935897431835891e-02
2.999935897431903892e-02
2.999935897432036425e-02
2.999935897431861911e-02
2.999935897431869197e-02
2.999935897431734930e-02
2.999935897431797033e-02
2.999935897431857401e-02
2.999935897431880300e-02
2.999935897431883769e-02
2.999935897431936158e-02
2.999935897431707521e-02
2.999935897431990628e-02
2.999935897431938586e-02
2.999935897431777604e-02
2.999935897431835544e-02
2.999935897431881687e-02
2.999935897431985771e-02
2.999935897431916382e-02
2.999935897431743950e-02
2.999935897431959403e-02
2.999935897431806053e-02
2.999935897431843523e-02
2.999935897431853932e-02
2.999935897431917076e-02
2.999935897431881687e-02
2.999935897431832074e-02
2.999935897431860177e-02
2.999935897431953852e-02
2.999935897431798074e-02
2.999935897431920198e-02
2.999935897431866422e-02
2.999935897431817503e-02
2.999935897431847687e-02
2.999935897431926790e-02
2.999935897431775522e-02
2.999935897431865034e-02
2.999935897431984383e-02
2.999935897431868850e-02
2.999935897431910484e-02
2.999935897431861564e-02
2.999935897431844217e-02
2.999935897431901810e-02
2.999935897431916035e-02
2.999935897431904586e-02
2.999935897431870585e-02
2.999935897431854973e-02
2.999935897431834503e-02
2.999935897431829299e-02
2.999935897431888626e-02
2.999935897431858789e-02
2.999935897431953158e-02
2.999935897431899728e-02
2.999935897431782461e-02
2.999935897431894871e-02
2.999935897431805706e-02
2.999935897431886545e-02
2.999935897431916382e-02
2.999935897431851156e-02
2.999935897431809176e-02
2.999935897431848381e-02
2.999935897431906667e-02
2.999935897431804666e-02
2.999935897431868850e-02
2.999935897431810217e-02
2.999935897431850462e-02
2.999935897431903892e-02
2.999935897431857054e-02
2.999935897431892443e-02
2.999935897431851156e-02
2.999935897431862258e-02
2.999935897431851156e-02
2.999935897431862952e-02
2.999935897431819931e-02
2.999935897431867116e-02
2.999935897431873014e-02
2.999935897431840401e-02
2.999935897431879606e-02
2.999935897431885157e-02
2.999935897431868503e-02
2.999935897431859483e-02
2.999935897431898341e-02
2.999935897431865728e-02
2.999935897431828952e-02
2.999935897431848381e-02
2.999935897431871626e-02
2.999935897431861218e-02
2.999935897431815768e-02
2.999935897431851503e-02
2.999935897431866422e-02
2.999935897431849768e-02
2.999935897431835544e-02
2.999935897431860871e-02
2.999935897431893136e-02
2.999935897431829646e-02
2.999935897431885504e-02
2.999935897431824094e-02
2.999935897431844217e-02
2.999935897431849074e-02
2.999935897431860177e-02
2.999935897431857054e-02
2.999935897431878912e-02
2.999935897431854973e-02
2.999935897431841789e-02
2.999935897431860871e-02
2.999935897431844911e-02
2.999935897431824788e-02
2.999935897431829646e-02
2.999935897431853238e-02
2.999935897431824094e-02
2.999935897431868503e-02
2.999935897431840748e-02
2.999935897431831033e-02
2.999935897431846299e-02
2.999935897431835544e-02
2.999935897431848381e-02
2.999935897431840054e-02
2.999935897431828952e-02
2.999935897431839360e-02
2.999935897431870585e-02
2.999935897431847687e-02
2.999935897431824788e-02
2.999935897431839013e-02
2.999935897431820625e-02
2.999935897431844564e-02
2.999935897431854626e-02
2.999935897431835891e-02
2.999935897431848034e-02
2.999935897431827564e-02
2.999935897431841095e-02
2.999935897431854973e-02
2.999935897431842483e-02
2.999935897431860177e-02
2.999935897431832768e-02
2.999935897431834850e-02
2.999935897431829993e-02
2.999935897431854973e-02
2.999935897431848728e-02
2.999935897431839013e-02
2.999935897431833809e-02
2.999935897431828605e-02
2.999935897431845605e-02
2.999935897431833462e-02
2.999935897431833115e-02
2.999935897431840748e-02
2.999935897431835891e-02
2.999935897431833115e-02
2.999935897431835544e-02
2.999935897431828952e-02
2.999935897431838319e-02
2.999935897431833809e-02
2.999935897431832768e-02
2.999935897431835891e-02
2.999935897431832421e-02
2.999935897431817156e-02
2.999935897431835197e-02
2.999935897431823054e-02
2.999935897431830339e-02
2.999935897431828952e-02
2.999935897431825829e-02
2.999935897431826523e-02
2.999935897431822360e-02
2.999935897431826176e-02
2.999935897431822360e-02
2.999935897431819584e-02
2.999935897431820972e-02
2.999935897431820972e-02
2.999935897431819584e-02
2.999935897431817849e-02
2.999935897431816115e-02
2.999935897431818196e-02
2.999935897431815074e-02
2.999935897431815421e-02
2.999935897431812992e-02
2.999935897431813339e-02
2.999935897431815768e-02
2.999935897431816462e-02
2.999935897431812645e-02
2.999935897431813686e-02
2.999935897431813339e-02
2.999935897431812992e-02
2.999935897431811951e-02
2.999935897431810911e-02
2.999935897431810217e-02
2.999935897431809176e-02
2.999935897431808135e-02
2.999935897431807441e-02
2.999935897431806747e-02
2.999935897431806747e-02
2.999935897431805706e-02
2.999935897431805706e-02
2.999935897431803625e-02
2.999935897431803278e-02
2.999935897431801543e-02
2.999935897431800502e-02
2.999935897431798767e-02
2.999935897431798421e-02
2.999935897431797033e-02
2.999935897431795645e-02
2.999935897431796339e-02
2.999935897431795992e-02
2.999935897431794951e-02
2.999935897431794257e-02
2.999935897431794604e-02
2.999935897431792522e-02
2.999935897431793563e-02
2.999935897431790094e-02
2.999935897431792522e-02
2.999935897431791482e-02
2.999935897431793910e-02
2.999935897431789747e-02
2.999935897431789747e-02
2.999935897431789747e-02
2.999935897431788012e-02
2.999935897431789747e-02
2.999935897431785584e-02
2.999935897431789400e-02
2.999935897431783155e-02
2.999935897431784890e-02
2.999935897431783502e-02
2.999935897431780379e-02
2.999935897431782114e-02
2.999935897431777604e-02
2.999935897431778298e-02
2.999935897431773787e-02
2.999935897431776910e-02
2.999935897431781767e-02
2.999935897431779339e-02
2.999935897431782808e-02
2.999935897431774828e-02
2.999935897431792176e-02
2.999935897431766502e-02
2.999935897431777257e-02
2.999935897431769624e-02
2.999935897431781420e-02
2.999935897431766849e-02
2.999935897431768583e-02
2.999935897431778298e-02
2.999935897431765461e-02
2.999935897431773094e-02
2.999935897431764420e-02
2.999935897431787318e-02
2.999935897431775869e-02
2.999935897431772053e-02
2.999935897431769624e-02
2.999935897431787318e-02
2.999935897431768930e-02
2.999935897431765461e-02
2.999935897431799461e-02
2.999935897431783849e-02
2.999935897431778298e-02
2.999935897431769277e-02
2.999935897431781767e-02
2.999935897431766849e-02
2.999935897431769971e-02
2.999935897431776910e-02
2.999935897431752624e-02
2.999935897431750542e-02
2.999935897431754359e-02
2.999935897431766155e-02
2.999935897431797033e-02
2.999935897431811604e-02
2.999935897431772053e-02
2.999935897431780032e-02
2.999935897431760257e-02
2.999935897431757481e-02
2.999935897431763726e-02
2.999935897431772053e-02
2.999935897431758175e-02
2.999935897431762338e-02
2.999935897431733889e-02
2.999935897431804319e-02
2.999935897431776216e-02
2.999935897431760604e-02
2.999935897431757481e-02
2.999935897431787318e-02
2.999935897431759216e-02
2.999935897431718970e-02
2.999935897431750542e-02
2.999935897431765114e-02
2.999935897431785931e-02
2.999935897431747767e-02
2.999935897431728338e-02
2.999935897431724868e-02
2.999935897431759910e-02
2.999935897431711684e-02
2.999935897431776910e-02
2.999935897431754012e-02
2.999935897431750195e-02
2.999935897431776216e-02
2.999935897431699888e-02
2.999935897431740481e-02
2.999935897431782808e-02
2.999935897431760257e-02
2.999935897431734930e-02
2.999935897431799114e-02
2.999935897431743950e-02
2.999935897431711684e-02
2.999935897431752971e-02
2.999935897431771359e-02
2.999935897431770665e-02
2.999935897431771359e-02
2.999935897431740828e-02
2.999935897431742909e-02
2.999935897431722093e-02
2.999935897431717929e-02
2.999935897431761644e-02
2.999935897431754012e-02
2.999935897431728338e-02
2.999935897431793216e-02
2.999935897431720705e-02
2.999935897431720011e-02
2.999935897431739440e-02
2.999935897431715154e-02
2.999935897431810217e-02
2.999935897431760604e-02
2.999935897431765808e-02
2.999935897431722787e-02
2.999935897431730072e-02
2.999935897431736317e-02
2.999935897431784543e-02
2.999935897431763726e-02
2.999935897431760951e-02
2.999935897431741175e-02
2.999935897431779339e-02
2.999935897431721746e-02
2.999935897431726256e-02
2.999935897431688092e-02
2.999935897431658949e-02
2.999935897431715154e-02
2.999935897431743603e-02
2.999935897431704052e-02
2.999935897431801890e-02
2.999935897431717235e-02
2.999935897431744297e-02
2.999935897431706480e-02
2.999935897431720011e-02
2.999935897431764767e-02
2.999935897431754706e-02
2.999935897431682194e-02
2.999935897431749154e-02
2.999935897431632928e-02
2.999935897431679765e-02
2.999935897431720705e-02
2.999935897431595805e-02
2.999935897431700582e-02
2.999935897431674908e-02
2.999935897431701970e-02
2.999935897431851156e-02
2.999935897431650275e-02
2.999935897431816115e-02
2.999935897431701623e-02
2.999935897431720011e-02
2.999935897431676643e-02
2.999935897431631887e-02
2.999935897431716195e-02
2.999935897431727644e-02
2.999935897431730072e-02
2.999935897431794604e-02
2.999935897431833809e-02
2.999935897431871279e-02
2.999935897431656173e-02
2.999935897431710644e-02
2.999935897431740134e-02
2.999935897431747767e-02
2.999935897431653745e-02
2.999935897431730072e-02
2.999935897431724174e-02
2.999935897431758175e-02
2.999935897431625642e-02
2.999935897431670745e-02
2.999935897431671439e-02
2.999935897431664847e-02
2.999935897431654092e-02
2.999935897431677684e-02
2.999935897431724521e-02
2.999935897431701970e-02
2.999935897431712378e-02
2.999935897431756440e-02
2.999935897431645071e-02
2.999935897431730072e-02
2.999935897431698500e-02
2.999935897431692949e-02
2.999935897431762338e-02
2.999935897431677337e-02
2.999935897431717582e-02
2.999935897431737705e-02
2.999935897431786624e-02
2.999935897431588172e-02
2.999935897431740481e-02
2.999935897431638132e-02
2.999935897431696766e-02
2.999935897431778992e-02
2.999935897431710990e-02
2.999935897431664500e-02
2.999935897431747767e-02
2.999935897431712378e-02
2.999935897431735277e-02
2.999935897431642295e-02
2.999935897431708562e-02
2.999935897431790441e-02
2.999935897431622173e-02
2.999935897431820972e-02
2.999935897431565274e-02
2.999935897431635010e-02
2.999935897431837278e-02
2.999935897431782461e-02
2.999935897431712378e-02
2.999935897431658949e-02
2.999935897431762685e-02
2.999935897431720358e-02
2.999935897431671092e-02
2.999935897431774134e-02
2.999935897431714460e-02
2.999935897431812298e-02
2.999935897431720358e-02
2.999935897431704399e-02
2.999935897431771706e-02
2.999935897431722440e-02
2.999935897431772400e-02
2.999935897431748114e-02
2.999935897431688786e-02
2.999935897431851156e-02
2.999935897431621132e-02
2.999935897431618009e-02
2.999935897431620091e-02
2.999935897431688092e-02
2.999935897431673520e-02
2.999935897431698847e-02
2.999935897431677337e-02
2.999935897431665194e-02
2.999935897431759563e-02
2.999935897431707174e-02
2.999935897431590948e-02
2.999935897431608295e-02
2.999935897431656173e-02
2.999935897431744297e-02
2.999935897431810911e-02
2.999935897431773441e-02
2.999935897431585397e-02
2.999935897431718623e-02
2.999935897431751930e-02
2.999935897431631540e-02
2.999935897431850115e-02
2.999935897431602050e-02
2.999935897431762338e-02
2.999935897431622867e-02
2.999935897431776910e-02
2.999935897431748461e-02
2.999935897431673520e-02
2.999935897431637438e-02
2.999935897431761644e-02
2.999935897431699194e-02
2.999935897431742216e-02
2.999935897431690174e-02
2.999935897431723480e-02
2.999935897431693990e-02
2.999935897431674908e-02
2.999935897431771359e-02
2.999935897431790788e-02
2.999935897431756093e-02
2.999935897431659990e-02
2.999935897431807094e-02
2.999935897431548620e-02
2.999935897431615234e-02
2.999935897431840748e-02
2.999935897431589560e-02
2.999935897431694337e-02
2.999935897431731113e-02
2.999935897431729726e-02
2.999935897431665194e-02
2.999935897431675602e-02
2.999935897431664500e-02
2.999935897431670051e-02
2.999935897431617315e-02
2.999935897431561457e-02
2.999935897431599274e-02
2.999935897431629805e-02
2.999935897431842483e-02
2.999935897431744991e-02
2.999935897431803972e-02
2.999935897431731460e-02
2.999935897431713766e-02
2.999935897431601009e-02
2.999935897431643683e-02
2.999935897431655479e-02
2.999935897431723480e-02
2.999935897431817156e-02
2.999935897431730419e-02
2.999935897431584009e-02
2.999935897431698847e-02
2.999935897431513232e-02
2.999935897431632581e-02
2.999935897431663806e-02
2.999935897431665888e-02
2.999935897431550008e-02
2.999935897431669357e-02
2.999935897431763032e-02
2.999935897431515661e-02
2.999935897431726256e-02
2.999935897431655132e-02
2.999935897431558335e-02
2.999935897431669010e-02
2.999935897431505252e-02
2.999935897431738052e-02
2.999935897431749848e-02
2.999935897431871973e-02
2.999935897431711684e-02
2.999935897431525722e-02
2.999935897431593723e-02
2.999935897431649928e-02
2.999935897431824788e-02
2.999935897431525375e-02
2.999935897431595458e-02
2.999935897431607601e-02
2.999935897431686010e-02
2.999935897431825482e-02
2.999935897431768236e-02
2.999935897431808135e-02
2.999935897431571172e-02
2.999935897431894177e-02
2.999935897431626683e-02
2.999935897431653051e-02
2.999935897431493803e-02
2.999935897431714460e-02
2.999935897431749501e-02
2.999935897431647153e-02
2.999935897431701276e-02
2.999935897431699194e-02
2.999935897431689480e-02
2.999935897431676990e-02
2.999935897431763032e-02
2.999935897431721399e-02
2.999935897431585397e-02
2.999935897431784543e-02
2.999935897431620785e-02
2.999935897431556253e-02
2.999935897431631193e-02
2.999935897431674908e-02
2.999935897431702317e-02
2.999935897431740828e-02
2.999935897431682888e-02
2.999935897431545151e-02
2.999935897431688786e-02
2.999935897431844217e-02
2.999935897431747767e-02
2.999935897431808829e-02
2.999935897431572213e-02
2.999935897431680112e-02
2.999935897431622520e-02
2.999935897431719664e-02
2.999935897431721746e-02
2.999935897431809523e-02
2.999935897431624254e-02
2.999935897431528498e-02
2.999935897431523640e-02
2.999935897431747073e-02
2.999935897431510456e-02
2.999935897431797727e-02
2.999935897431718623e-02
2.999935897431700235e-02
2.999935897431652704e-02
2.999935897431588172e-02
2.999935897431803972e-02
2.999935897431713072e-02
2.999935897431683235e-02
2.999935897431848381e-02
2.999935897431453558e-02
2.999935897431618009e-02
2.999935897431817156e-02
2.999935897431565274e-02
2.999935897431762685e-02
2.999935897431746379e-02
2.999935897431652010e-02
2.999935897431744297e-02
2.999935897431849421e-02
2.999935897431593723e-02
2.999935897431724868e-02
2.999935897431848034e-02
2.999935897431694337e-02
2.999935897431794257e-02
2.999935897431631193e-02
2.999935897431608989e-02
2.999935897431665194e-02
2.999935897431553825e-02
2.999935897431732154e-02
2.999935897431692949e-02
2.999935897431783155e-02
2.999935897431536477e-02
2.999935897431633622e-02
2.999935897431671786e-02
2.999935897431764420e-02
2.999935897431627724e-02
2.999935897431520518e-02
2.999935897431878218e-02
2.999935897431835544e-02
2.999935897431574641e-02
2.999935897431657214e-02
2.999935897431408802e-02
2.999935897431863299e-02
2.999935897431686010e-02
2.999935897431629458e-02
2.999935897431652010e-02
2.999935897431825482e-02
2.999935897431575335e-02
2.999935897431845605e-02
2.999935897431571172e-02
2.999935897431496579e-02
2.999935897431526416e-02
2.999935897431490334e-02
2.999935897431690174e-02
2.999935897431854626e-02
2.999935897431616275e-02
2.999935897431321719e-02
2.999935897431191614e-02
2.999935897431589907e-02
2.999935897431675602e-02
2.999935897431606560e-02
2.999935897431750195e-02
2.999935897431951076e-02
2.999935897431946566e-02
2.999935897431654785e-02
2.999935897431759563e-02
2.999935897431495191e-02
2.999935897431706480e-02
2.999935897431873361e-02
2.999935897431672827e-02
2.999935897431474374e-02
2.999935897431703011e-02
2.999935897431611070e-02
2.999935897431731807e-02
2.999935897431819584e-02
2.999935897431904586e-02
2.999935897431580192e-02
2.999935897431973975e-02
2.999935897431929913e-02
2.999935897431756093e-02
2.999935897431433435e-02
2.999935897431793910e-02
2.999935897431749848e-02
2.999935897431756440e-02
2.999935897431742216e-02
2.999935897431859483e-02
2.999935897432016302e-02
2.999935897431361964e-02
2.999935897431661030e-02
2.999935897431661724e-02
2.999935897431615234e-02
2.999935897431572907e-02
2.999935897431664153e-02
2.999935897431595111e-02
2.999935897431744297e-02
2.999935897431668316e-02
2.999935897431868503e-02
2.999935897431896953e-02
2.999935897431887932e-02
2.999935897431706480e-02
2.999935897431725909e-02
2.999935897431720011e-02
2.999935897431552437e-02
2.999935897431683235e-02
2.999935897431689480e-02
2.999935897431770665e-02
2.999935897431469517e-02
2.999935897431568743e-02
2.999935897431002182e-02
2.999935897431659990e-02
2.999935897431685317e-02
2.999935897431782461e-02
2.999935897431868850e-02
2.999935897431993750e-02
2.999935897432105120e-02
2.999935897431775522e-02
2.999935897431653745e-02
2.999935897431638132e-02
2.999935897431415047e-02
2.999935897431795992e-02
2.999935897431758175e-02
2.999935897431815768e-02
2.999935897431615234e-02
2.999935897431377924e-02
2.999935897431777604e-02
2.999935897431578805e-02
2.999935897431719664e-02
2.999935897431840054e-02
2.999935897431567355e-02
