3.000062161210688416e-02
3.000062161208266742e-02
3.000062161204769540e-02
3.000062161200741512e-02
3.000062161197560376e-02
3.000062161192381879e-02
3.000062161189031781e-02
3.000062161183527157e-02
3.000062161178896486e-02
3.000062161173967790e-02
3.000062161170001518e-02
3.000062161161526700e-02
3.000062161155815296e-02
3.000062161147490358e-02
3.000062161141717199e-02
3.000062161133353056e-02
3.000062161123104656e-02
3.000062161114750922e-02
3.000062161105700870e-02
3.000062161097093519e-02
3.000062161091194418e-02
3.000062161080766648e-02
3.000062161073381237e-02
3.000062161066020458e-02
3.000062161053424631e-02
3.000062161043010392e-02
3.000062161037197681e-02
3.000062161023957577e-02
3.000062161008705194e-02
3.000062160997884336e-02
3.000062160991349633e-02
3.000062160973278325e-02
3.000062160957515586e-02
3.000062160944789655e-02
3.000062160930577412e-02
3.000062160920836940e-02
3.000062160909993531e-02
3.000062160891949284e-02
3.000062160878601628e-02
3.000062160860226396e-02
3.000062160850400228e-02
3.000062160839137362e-02
3.000062160824447724e-02
3.000062160806320211e-02
3.000062160794142452e-02
3.000062160777254572e-02
3.000062160773227585e-02
3.000062160761472058e-02
3.000062160746540252e-02
3.000062160740456230e-02
3.000062160728844685e-02
3.000062160715142451e-02
3.000062160702583053e-02
3.000062160691276819e-02
3.000062160679450515e-02
3.000062160676077866e-02
3.000062160650177751e-02
3.000062160640075415e-02
3.000062160632753841e-02
3.000062160627123276e-02
3.000062160609518261e-02
3.000062160593996302e-02
3.000062160567260397e-02
3.000062160563693806e-02
3.000062160555879917e-02
3.000062160546006912e-02
3.000062160544748197e-02
3.000062160534094913e-02
3.000062160534645514e-02
3.000062160528201016e-02
3.000062160510773984e-02
3.000062160507539766e-02
3.000062160503718517e-02
3.000062160496608926e-02
3.000062160478748213e-02
3.000062160475008843e-02
3.000062160484336105e-02
3.000062160494733690e-02
3.000062160497672659e-02
3.000062160476096862e-02
3.000062160474083889e-02
3.000062160464893324e-02
3.000062160468690980e-02
3.000062160472768275e-02
3.000062160470812200e-02
3.000062160483750809e-02
3.000062160487376034e-02
3.000062160501927588e-02
3.000062160508577130e-02
3.000062160511615672e-02
3.000062160526057939e-02
3.000062160531167740e-02
3.000062160546417347e-02
3.000062160568410172e-02
3.000062160583281956e-02
3.000062160607329387e-02
3.000062160633499772e-02
3.000062160668756292e-02
3.000062160699885905e-02
3.000062160743317483e-02
3.000062160774285419e-02
3.000062160807714928e-02
3.000062160825756746e-02
3.000062160869898520e-02
3.000062160911623824e-02
3.000062160956258606e-02
3.000062160995417559e-02
3.000062161031678137e-02
3.000062161084449119e-02
3.000062161133665306e-02
3.000062161160569479e-02
3.000062161205354835e-02
3.000062161276952077e-02
3.000062161320545678e-02
3.000062161381370981e-02
3.000062161428287272e-02
3.000062161487141582e-02
3.000062161545605927e-02
3.000062161609465261e-02
3.000062161685943668e-02
3.000062161760619350e-02
3.000062161829952084e-02
3.000062161909146721e-02
3.000062162004325100e-02
3.000062162085243012e-02
3.000062162165459401e-02
3.000062162262438770e-02
3.000062162369787622e-02
3.000062162446792344e-02
3.000062162547855946e-02
3.000062162639919108e-02
3.000062162776898078e-02
3.000062162882759925e-02
3.000062163006095642e-02
3.000062163129927489e-02
3.000062163242602636e-02
3.000062163369935850e-02
3.000062163500937656e-02
3.000062163665349196e-02
3.000062163810517796e-02
3.000062163958729794e-02
3.000062164156839725e-02
3.000062164301498663e-02
3.000062164513989799e-02
3.000062164667088513e-02
3.000062164829415956e-02
3.000062165009687726e-02
3.000062165238441894e-02
3.000062165430874422e-02
3.000062165647258972e-02
3.000062165871783537e-02
3.000062166061286464e-02
3.000062166240085801e-02
3.000062166467878585e-02
3.000062166704230149e-02
3.000062166891093868e-02
3.000062167120898238e-02
3.000062167364815971e-02
3.000062167627628312e-02
3.000062167832258028e-02
3.000062168069514423e-02
3.000062168271724894e-02
3.000062168536862112e-02
3.000062168777260091e-02
3.000062169031694412e-02
3.000062169316545027e-02
3.000062169583141494e-02
3.000062169859586680e-02
3.000062170188309840e-02
3.000062170507050013e-02
3.000062170847361820e-02
3.000062171194306515e-02
3.000062171511043776e-02
3.000062171834454866e-02
3.000062172197879781e-02
3.000062172549914502e-02
3.000062172925511278e-02
3.000062173253689041e-02
3.000062173610965402e-02
3.000062173976986851e-02
3.000062174399671655e-02
3.000062174818146979e-02
3.000062175249464114e-02
3.000062175687875227e-02
3.000062176129581273e-02
3.000062176593767255e-02
3.000062177045371981e-02
3.000062177548607281e-02
3.000062177993529505e-02
3.000062178509350919e-02
3.000062178960649639e-02
3.000062179483689237e-02
3.000062180011716512e-02
3.000062180501366846e-02
3.000062181083282264e-02
3.000062181591411914e-02
3.000062182152984924e-02
3.000062182688564144e-02
3.000062183231841026e-02
3.000062183795747933e-02
3.000062184399221454e-02
3.000062185040647950e-02
3.000062185677552715e-02
3.000062186304278816e-02
3.000062186942677872e-02
3.000062187636532568e-02
3.000062188307848002e-02
3.000062189005647806e-02
3.000062189711820426e-02
3.000062190369987697e-02
3.000062191094921352e-02
3.000062191797888897e-02
3.000062192500052918e-02
3.000062193252792456e-02
3.000062194026438533e-02
3.000062194772135094e-02
3.000062195580519703e-02
3.000062196402320316e-02
3.000062197184301394e-02
3.000062197988376950e-02
3.000062198824889059e-02
3.000062199684389030e-02
3.000062200512985597e-02
3.000062201395567452e-02
3.000062202252621810e-02
3.000062203174744258e-02
3.000062204055153892e-02
3.000062204972650179e-02
3.000062205896383491e-02
3.000062206823495004e-02
3.000062207796624220e-02
3.000062208749946363e-02
3.000062209698744348e-02
3.000062210675330521e-02
3.000062211675073170e-02
3.000062212679509288e-02
3.000062213744257231e-02
3.000062214835077720e-02
3.000062215929260451e-02
3.000062217038874587e-02
3.000062218158667735e-02
3.000062219281333931e-02
3.000062220422424972e-02
3.000062221585192077e-02
3.000062222749986379e-02
3.000062223951124873e-02
3.000062225165993357e-02
3.000062226374126950e-02
3.000062227596536624e-02
3.000062228836837541e-02
3.000062230146303272e-02
3.000062231424740003e-02
3.000062232750897590e-02
3.000062234068908915e-02
3.000062235409820671e-02
3.000062236773764004e-02
3.000062238148003615e-02
3.000062239512270301e-02
3.000062240896357937e-02
3.000062242322459882e-02
3.000062243773628928e-02
3.000062245215508183e-02
3.000062246655117379e-02
3.000062248166612475e-02
3.000062249666065814e-02
3.000062251202012531e-02
3.000062252735812701e-02
3.000062254305614282e-02
3.000062255877444795e-02
3.000062257476390770e-02
3.000062259076186066e-02
3.000062260693761584e-02
3.000062262347763520e-02
3.000062264018102387e-02
3.000062265720383411e-02
3.000062267449499220e-02
3.000062269154983585e-02
3.000062270902726161e-02
3.000062272670103031e-02
3.000062274469387363e-02
3.000062276273544881e-02
3.000062278102875665e-02
3.000062279929522485e-02
3.000062281778654444e-02
3.000062283651032738e-02
3.000062285554354335e-02
3.000062287467273811e-02
3.000062289391758688e-02
3.000062291353145297e-02
3.000062293319344375e-02
3.000062295319291458e-02
3.000062297336968456e-02
3.000062299370023430e-02
3.000062301428643372e-02
3.000062303505408867e-02
3.000062305595804085e-02
3.000062307712460935e-02
3.000062309850561396e-02
3.000062312011412408e-02
3.000062314219451715e-02
3.000062316415539471e-02
3.000062318618657714e-02
3.000062320866847543e-02
3.000062323124657107e-02
3.000062325409737218e-02
3.000062327728069897e-02
3.000062330055599039e-02
3.000062332407403207e-02
3.000062334793048013e-02
3.000062337194703971e-02
3.000062339620553076e-02
3.000062342051115077e-02
3.000062344522019808e-02
3.000062346994069110e-02
3.000062349500745573e-02
3.000062352032073498e-02
3.000062354574408244e-02
3.000062357147953440e-02
3.000062359728662351e-02
3.000062362356152243e-02
3.000062365001802261e-02
3.000062367642464950e-02
3.000062370324022357e-02
3.000062373038668226e-02
3.000062375745222651e-02
3.000062378487666770e-02
3.000062381249265359e-02
3.000062384035207669e-02
3.000062386839884646e-02
3.000062389662172535e-02
3.000062392518594578e-02
3.000062395398967255e-02
3.000062398316731202e-02
3.000062401249377689e-02
3.000062404197123556e-02
3.000062407183881966e-02
3.000062410183014852e-02
3.000062413183004345e-02
3.000062416213369887e-02
3.000062419273329811e-02
3.000062422378691265e-02
3.000062425459413401e-02
3.000062428600443198e-02
3.000062431750290248e-02
3.000062434944373441e-02
3.000062438125604414e-02
3.000062441335172095e-02
3.000062444593268318e-02
3.000062447873002441e-02
3.000062451169590444e-02
3.000062454498978251e-02
3.000062457833108792e-02
3.000062461220964066e-02
3.000062464583859792e-02
3.000062467991643569e-02
3.000062471413793633e-02
3.000062474856435984e-02
3.000062478320302678e-02
3.000062481814748730e-02
3.000062485335851931e-02
3.000062488878769973e-02
3.000062492455237914e-02
3.000062496097173972e-02
3.000062499689918130e-02
3.000062503341145714e-02
3.000062507017780059e-02
3.000062510703854421e-02
3.000062514433376321e-02
3.000062518181397311e-02
3.000062521915065200e-02
3.000062525669464769e-02
3.000062529472353329e-02
3.000062533281473362e-02
3.000062537133627721e-02
3.000062541024774154e-02
3.000062544908502910e-02
3.000062548830930570e-02
3.000062552819282580e-02
3.000062556773013325e-02
3.000062560750305779e-02
3.000062564761949921e-02
3.000062568815801273e-02
3.000062572919911033e-02
3.000062576981261941e-02
3.000062581101815840e-02
3.000062585212594918e-02
3.000062589334099097e-02
3.000062593513072584e-02
3.000062597727781027e-02
3.000062601939345111e-02
3.000062606222787462e-02
3.000062610464175605e-02
3.000062614774170675e-02
3.000062619136615455e-02
3.000062623474895190e-02
3.000062627863738299e-02
3.000062632242777097e-02
3.000062636723980353e-02
3.000062641183844775e-02
3.000062645626591640e-02
3.000062650088573465e-02
3.000062654614053803e-02
3.000062659177426400e-02
3.000062663691793752e-02
3.000062668235593116e-02
3.000062672786386886e-02
3.000062677398702971e-02
3.000062682031595304e-02
3.000062686712318127e-02
3.000062691372416823e-02
3.000062696087059735e-02
3.000062700831168661e-02
3.000062705631308807e-02
3.000062710471794458e-02
3.000062715257802853e-02
3.000062720043096195e-02
3.000062724842333245e-02
3.000062729702879238e-02
3.000062734554620469e-02
3.000062739501629938e-02
3.000062744346061044e-02
3.000062749217836944e-02
3.000062754212770577e-02
3.000062759187639705e-02
3.000062764209323815e-02
3.000062769266894497e-02
3.000062774289323497e-02
3.000062779346448355e-02
3.000062784460153995e-02
3.000062789499371302e-02
3.000062794622581491e-02
3.000062799777432343e-02
3.000062805015465267e-02
3.000062810209785241e-02
3.000062815499302676e-02
3.000062820764752558e-02
3.000062825990284371e-02
3.000062831212863684e-02
3.000062836571800590e-02
3.000062841895238808e-02
3.000062847309483902e-02
3.000062852681315353e-02
3.000062858165844157e-02
3.000062863696329601e-02
3.000062869180544767e-02
3.000062874615182923e-02
3.000062880106833807e-02
3.000062885702742613e-02
3.000062891239990356e-02
3.000062896776044263e-02
3.000062902343248600e-02
3.000062907915922866e-02
3.000062913352032762e-02
3.000062918855661911e-02
3.000062924607682646e-02
3.000062930325669841e-02
3.000062936094061161e-02
3.000062941779372064e-02
3.000062947377635583e-02
3.000062952938644875e-02
3.000062958674690888e-02
3.000062964443984959e-02
3.000062970317251762e-02
3.000062976068680609e-02
3.000062981863750936e-02
3.000062987742502935e-02
3.000062993729670294e-02
3.000062999555711679e-02
3.000063005552478651e-02
3.000063011373870284e-02
3.000063017170764151e-02
3.000063023084735200e-02
3.000063029002346740e-02
3.000063035014861532e-02
3.000063040902267372e-02
3.000063046839318570e-02
3.000063052833318311e-02
3.000063058900221541e-02
3.000063065031812609e-02
3.000063071112327173e-02
3.000063077113898982e-02
3.000063083148960669e-02
3.000063089352528883e-02
3.000063095530198370e-02
3.000063101812546970e-02
3.000063107972987531e-02
3.000063114231203004e-02
3.000063120372449543e-02
3.000063126490044516e-02
3.000063132620425094e-02
3.000063138785165340e-02
3.000063145044085458e-02
3.000063151336875705e-02
3.000063157495565583e-02
3.000063163708891617e-02
3.000063169799959545e-02
3.000063176117778035e-02
3.000063182384656024e-02
3.000063188711965881e-02
3.000063195055110640e-02
3.000063201337259400e-02
3.000063207578243171e-02
3.000063213883873495e-02
3.000063220271224212e-02
3.000063226697347388e-02
3.000063233074613464e-02
3.000063239414922645e-02
3.000063245926462563e-02
3.000063252157841170e-02
3.000063258536304900e-02
3.000063264997652329e-02
3.000063271476215501e-02
3.000063277822591010e-02
3.000063284223128054e-02
3.000063290602367899e-02
3.000063296949861957e-02
3.000063303478217591e-02
3.000063310000159952e-02
3.000063316365328067e-02
3.000063322935976953e-02
3.000063329513610877e-02
3.000063335980849080e-02
3.000063342530852328e-02
3.000063349044504099e-02
3.000063355691936703e-02
3.000063362089925093e-02
3.000063368709356137e-02
3.000063375342516131e-02
3.000063381873813162e-02
3.000063388449227333e-02
3.000063395053773063e-02
3.000063401570906077e-02
3.000063408172615881e-02
3.000063414687137789e-02
3.000063421297840052e-02
3.000063427843546737e-02
3.000063434601473941e-02
3.000063441130780204e-02
3.000063447721891194e-02
3.000063454129189497e-02
3.000063460672822147e-02
3.000063467237127496e-02
3.000063473818618751e-02
3.000063480366993093e-02
3.000063486929956114e-02
3.000063493518450447e-02
3.000063500123043014e-02
3.000063506770770522e-02
3.000063513387207087e-02
3.000063519958143590e-02
3.000063526524017476e-02
3.000063533181177716e-02
3.000063539808921903e-02
3.000063546477286375e-02
3.000063552995643062e-02
3.000063559615769385e-02
3.000063566181259550e-02
3.000063572624339647e-02
3.000063579182749365e-02
3.000063585823780493e-02
3.000063592329445597e-02
3.000063598984040875e-02
3.000063605536812741e-02
3.000063612125823329e-02
3.000063618707587629e-02
3.000063625320897875e-02
3.000063631900151684e-02
3.000063638503527863e-02
3.000063645182537292e-02
3.000063651746337490e-02
3.000063658323365995e-02
3.000063664912905326e-02
3.000063671419039152e-02
3.000063677940086743e-02
3.000063684544594655e-02
3.000063691014192430e-02
3.000063697599287399e-02
3.000063704038218385e-02
3.000063710606660702e-02
3.000063717195622370e-02
3.000063723647216490e-02
3.000063730182659510e-02
3.000063736688409616e-02
3.000063743139192579e-02
3.000063749495741547e-02
3.000063755995313608e-02
3.000063762471263593e-02
3.000063768971808487e-02
3.000063775337059868e-02
3.000063781883657507e-02
3.000063788396611225e-02
3.000063794750357227e-02
3.000063801156424917e-02
3.000063807592949494e-02
3.000063814072689503e-02
3.000063820437848250e-02
3.000063826755304530e-02
3.000063833086281592e-02
3.000063839432721632e-02
3.000063845706431309e-02
3.000063851976703111e-02
3.000063858255095500e-02
3.000063864573665820e-02
3.000063870782362918e-02
3.000063877111482091e-02
3.000063883415327731e-02
3.000063889562124345e-02
3.000063895747792642e-02
3.000063901957243651e-02
3.000063908158676074e-02
3.000063914377540733e-02
3.000063920514712060e-02
3.000063926768396783e-02
3.000063932891341642e-02
3.000063939057317358e-02
3.000063945061989465e-02
3.000063951176128521e-02
3.000063957242020060e-02
3.000063963265836575e-02
3.000063969386283780e-02
3.000063975394635929e-02
3.000063981479688877e-02
3.000063987487276360e-02
3.000063993501347198e-02
3.000063999452641517e-02
3.000064005423155877e-02
3.000064011378861945e-02
3.000064017313373160e-02
3.000064023268743385e-02
3.000064029101719848e-02
3.000064034987737563e-02
3.000064040776748847e-02
3.000064046600397008e-02
3.000064052342002810e-02
3.000064058080408047e-02
3.000064063820091081e-02
3.000064069575348463e-02
3.000064075278086398e-02
3.000064080978583070e-02
3.000064086671081973e-02
3.000064092348078693e-02
3.000064098032071552e-02
3.000064103680926200e-02
3.000064109287826561e-02
3.000064114922938729e-02
3.000064120489284031e-02
3.000064126029102635e-02
3.000064131587280858e-02
3.000064137118981997e-02
3.000064142661100497e-02
3.000064148051065360e-02
3.000064153533145428e-02
3.000064158937180980e-02
3.000064164337766515e-02
3.000064169701666464e-02
3.000064175064201533e-02
3.000064180408045997e-02
3.000064185740190445e-02
3.000064191007924264e-02
3.000064196254312310e-02
3.000064201488746377e-02
3.000064206704197017e-02
3.000064211878332443e-02
3.000064217045084192e-02
3.000064222216577287e-02
3.000064227369321490e-02
3.000064232456525759e-02
3.000064237525116445e-02
3.000064242626798022e-02
3.000064247654505786e-02
3.000064252689101443e-02
3.000064257674101356e-02
3.000064262694734571e-02
3.000064267643203636e-02
3.000064272543975785e-02
3.000064277449755734e-02
3.000064282295252654e-02
3.000064287126871440e-02
3.000064292002028316e-02
3.000064296781918688e-02
3.000064301574396214e-02
3.000064306290574356e-02
3.000064311002400771e-02
3.000064315668578285e-02
3.000064320370302018e-02
3.000064325043528407e-02
3.000064329644547625e-02
3.000064334237034086e-02
3.000064338801335106e-02
3.000064343369096206e-02
3.000064347906463563e-02
3.000064352409280433e-02
3.000064356904170310e-02
3.000064361332735463e-02
3.000064365746724082e-02
3.000064370121247742e-02
3.000064374482400154e-02
3.000064378780778473e-02
3.000064383121201633e-02
3.000064387446200326e-02
3.000064391722254836e-02
3.000064395947826118e-02
3.000064400187712338e-02
3.000064404390432801e-02
3.000064408546912476e-02
3.000064412686019588e-02
3.000064416772916381e-02
3.000064420870699605e-02
3.000064424897137469e-02
3.000064428925306934e-02
3.000064432903081293e-02
3.000064436888724012e-02
3.000064440818988459e-02
3.000064444728591656e-02
3.000064448648652807e-02
3.000064452507629487e-02
3.000064456373566224e-02
3.000064460202789621e-02
3.000064463987087843e-02
3.000064467721808709e-02
3.000064471439137584e-02
3.000064475145522436e-02
3.000064478848558924e-02
3.000064482471350574e-02
3.000064486102064359e-02
3.000064489680420721e-02
3.000064493268531085e-02
3.000064496839924266e-02
3.000064500344007401e-02
3.000064503854665832e-02
3.000064507353887577e-02
3.000064510774436144e-02
3.000064514212600481e-02
3.000064517624449409e-02
3.000064520993703590e-02
3.000064524292059276e-02
3.000064527619720339e-02
3.000064530902559271e-02
3.000064534179803372e-02
3.000064537419513261e-02
3.000064540666976670e-02
3.000064543858518146e-02
3.000064546986379657e-02
3.000064550106034192e-02
3.000064553198288769e-02
3.000064556235932864e-02
3.000064559278190629e-02
3.000064562282692832e-02
3.000064565276915063e-02
3.000064568234941942e-02
3.000064571239325142e-02
3.000064574109038290e-02
3.000064576999497343e-02
3.000064579793834674e-02
3.000064582615050504e-02
3.000064585413012366e-02
3.000064588210802491e-02
3.000064590939066633e-02
3.000064593660648621e-02
3.000064596351847968e-02
3.000064599062262499e-02
3.000064601697053843e-02
3.000064604316156347e-02
3.000064606911026152e-02
3.000064609496110729e-02
3.000064612078631385e-02
3.000064614585423034e-02
3.000064617080763080e-02
3.000064619619322720e-02
3.000064622038152787e-02
3.000064624480135514e-02
3.000064626885350083e-02
3.000064629223064827e-02
3.000064631557798622e-02
3.000064633921278867e-02
3.000064636255531797e-02
3.000064638554068158e-02
3.000064640892882717e-02
3.000064643204582160e-02
3.000064645359565296e-02
3.000064647578353644e-02
3.000064649755670304e-02
3.000064651829666140e-02
3.000064653899317535e-02
3.000064655976460160e-02
3.000064657942089902e-02
3.000064659958782270e-02
3.000064662005303556e-02
3.000064663933052142e-02
3.000064665848664602e-02
3.000064667736182869e-02
3.000064669740967749e-02
3.000064671610463279e-02
3.000064673380565400e-02
3.000064675270490422e-02
3.000064677046860098e-02
3.000064678866788334e-02
3.000064680642828760e-02
3.000064682327841653e-02
3.000064684013619212e-02
3.000064685745887708e-02
3.000064687499830879e-02
3.000064689186784928e-02
3.000064690779519552e-02
3.000064692378610204e-02
3.000064693932940132e-02
3.000064695495870126e-02
3.000064696983806983e-02
3.000064698491662629e-02
3.000064699957443945e-02
3.000064701467397912e-02
3.000064702947902173e-02
3.000064704383071518e-02
3.000064705803916904e-02
3.000064707217852886e-02
3.000064708517221138e-02
3.000064709876053282e-02
3.000064711219997682e-02
3.000064712545547768e-02
3.000064713746595363e-02
3.000064715043779945e-02
3.000064716243876911e-02
3.000064717516138721e-02
3.000064718727857294e-02
3.000064719892565901e-02
3.000064721021039257e-02
3.000064722239748766e-02
3.000064723384539972e-02
3.000064724416652909e-02
3.000064725423382678e-02
3.000064726441873872e-02
3.000064727447238760e-02
3.000064728540672090e-02
3.000064729498062160e-02
3.000064730462057017e-02
3.000064731379998434e-02
3.000064732330909312e-02
3.000064733295130376e-02
3.000064734141544981e-02
3.000064735135362509e-02
3.000064736023997508e-02
3.000064736847848565e-02
3.000064737636088524e-02
3.000064738428835295e-02
3.000064739173245038e-02
3.000064739928265736e-02
3.000064740780765751e-02
3.000064741529698958e-02
3.000064742177940835e-02
3.000064742972972237e-02
3.000064743645818044e-02
3.000064744417487578e-02
3.000064745125124305e-02
3.000064745812350969e-02
3.000064746404926957e-02
3.000064747000379811e-02
3.000064747604721388e-02
3.000064748189511243e-02
3.000064748776194029e-02
3.000064749293283525e-02
3.000064749852841828e-02
3.000064750405660036e-02
3.000064750843766878e-02
3.000064751335707741e-02
3.000064751765052495e-02
3.000064752160600673e-02
3.000064752631235315e-02
3.000064753103855869e-02
3.000064753543745660e-02
3.000064754024275165e-02
3.000064754439268205e-02
3.000064754890218247e-02
3.000064755279113066e-02
3.000064755573208369e-02
3.000064755984349629e-02
3.000064756312185305e-02
3.000064756684831663e-02
3.000064757018827688e-02
3.000064757262502560e-02
3.000064757554162659e-02
3.000064757859807058e-02
3.000064758149264404e-02
3.000064758413070048e-02
3.000064758575475554e-02
3.000064758776881113e-02
3.000064758953136651e-02
3.000064759123391434e-02
3.000064759280415827e-02
3.000064759481374521e-02
3.000064759622577543e-02
3.000064759758548638e-02
3.000064759880959747e-02
3.000064760039451023e-02
3.000064760091363664e-02
3.000064760145948473e-02
3.000064760312424333e-02
3.000064760331325880e-02
3.000064760478739212e-02
3.000064760541587550e-02
3.000064760709193756e-02
3.000064760738245864e-02
3.000064760753996806e-02
3.000064760708694156e-02
3.000064760744956815e-02
3.000064760815903536e-02
3.000064760852719573e-02
3.000064760833636920e-02
3.000064760840684061e-02
3.000064760783431247e-02
3.000064760727408006e-02
3.000064760697258165e-02
3.000064760660451496e-02
3.000064760671356662e-02
3.000064760568901465e-02
3.000064760576341000e-02
3.000064760508764153e-02
3.000064760439755465e-02
3.000064760386100815e-02
3.000064760287457499e-02
3.000064760202338782e-02
3.000064760164265418e-02
3.000064760064983030e-02
3.000064759909594481e-02
3.000064759856609087e-02
3.000064759704637596e-02
3.000064759528908720e-02
3.000064759437252176e-02
3.000064759293343333e-02
3.000064759092280903e-02
3.000064758940217124e-02
3.000064758794284206e-02
3.000064758635443904e-02
3.000064758445110391e-02
3.000064758269396434e-02
3.000064758186318098e-02
3.000064758013966729e-02
3.000064757822806100e-02
3.000064757644220828e-02
3.000064757371824140e-02
3.000064757202053345e-02
3.000064757005201435e-02
3.000064756843277836e-02
3.000064756623177162e-02
3.000064756425869367e-02
3.000064756239002872e-02
3.000064756020952295e-02
3.000064755822037105e-02
3.000064755642986580e-02
3.000064755480482542e-02
3.000064755202508371e-02
3.000064755005942344e-02
3.000064754802213296e-02
3.000064754561027405e-02
3.000064754383584970e-02
3.000064754155422689e-02
3.000064753958215508e-02
3.000064753734484405e-02
3.000064753443215659e-02
3.000064753198397258e-02
3.000064752948137375e-02
3.000064752720795966e-02
3.000064752412920713e-02
3.000064752118722020e-02
3.000064751869956081e-02
3.000064751610806435e-02
3.000064751400053492e-02
3.000064751161338888e-02
3.000064750909180525e-02
3.000064750676911113e-02
3.000064750410624814e-02
3.000064750103206834e-02
3.000064749843533302e-02
3.000064749601010633e-02
3.000064749354197646e-02
3.000064749062962902e-02
3.000064748810190446e-02
3.000064748547358329e-02
3.000064748297366982e-02
3.000064748042639493e-02
3.000064747800876633e-02
3.000064747534129245e-02
3.000064747254372471e-02
3.000064747001182294e-02
3.000064746740051594e-02
3.000064746507348154e-02
3.000064746234586827e-02
3.000064745979381248e-02
3.000064745710935912e-02
3.000064745449516554e-02
3.000064745173408598e-02
3.000064744922483276e-02
3.000064744657044563e-02
3.000064744400357183e-02
3.000064744143762785e-02
3.000064743891743893e-02
3.000064743634296358e-02
3.000064743370682227e-02
3.000064743117795626e-02
