2.771914099549091887e+06
2.771914099549106788e+06
2.771914099549118895e+06
2.771914099549131934e+06
2.771914099549143575e+06
2.771914099549158942e+06
2.771914099549171980e+06
2.771914099549185019e+06
2.771914099549198523e+06
2.771914099549213424e+06
2.771914099549227394e+06
2.771914099549239967e+06
2.771914099549253471e+06
2.771914099549267441e+06
2.771914099549281877e+06
2.771914099549297709e+06
2.771914099549309816e+06
2.771914099549322389e+06
2.771914099549334962e+06
2.771914099549347535e+06
2.771914099549362902e+06
2.771914099549377803e+06
2.771914099549391307e+06
2.771914099549404811e+06
2.771914099549416453e+06
2.771914099549430422e+06
2.771914099549443927e+06
2.771914099549457897e+06
2.771914099549471401e+06
2.771914099549486302e+06
2.771914099549498409e+06
2.771914099549511913e+06
2.771914099549526814e+06
2.771914099549540319e+06
2.771914099549555220e+06
2.771914099549568258e+06
2.771914099549583159e+06
2.771914099549596198e+06
2.771914099549611099e+06
2.771914099549626000e+06
2.771914099549639970e+06
2.771914099549653474e+06
2.771914099549667910e+06
2.771914099549679551e+06
2.771914099549693055e+06
2.771914099549705628e+06
2.771914099549719132e+06
2.771914099549734034e+06
2.771914099549745675e+06
2.771914099549759645e+06
2.771914099549772218e+06
2.771914099549783394e+06
2.771914099549795967e+06
2.771914099549810402e+06
2.771914099549823441e+06
2.771914099549835548e+06
2.771914099549849052e+06
2.771914099549863022e+06
2.771914099549876526e+06
2.771914099549890961e+06
2.771914099549903534e+06
2.771914099549916107e+06
2.771914099549927749e+06
2.771914099549938925e+06
2.771914099549952894e+06
2.771914099549964536e+06
2.771914099549976178e+06
2.771914099549989216e+06
2.771914099550003652e+06
2.771914099550019018e+06
2.771914099550030660e+06
2.771914099550044164e+06
2.771914099550059997e+06
2.771914099550070707e+06
2.771914099550083745e+06
2.771914099550100043e+06
2.771914099550115410e+06
2.771914099550128914e+06
2.771914099550143350e+06
2.771914099550156854e+06
2.771914099550170358e+06
2.771914099550181534e+06
2.771914099550193641e+06
2.771914099550206214e+06
2.771914099550221115e+06
2.771914099550234620e+06
2.771914099550248589e+06
2.771914099550261628e+06
2.771914099550276063e+06
2.771914099550288171e+06
2.771914099550302140e+06
2.771914099550315179e+06
2.771914099550329614e+06
2.771914099550343119e+06
2.771914099550354760e+06
2.771914099550368730e+06
2.771914099550381768e+06
2.771914099550393876e+06
2.771914099550407380e+06
2.771914099550420418e+06
2.771914099550432060e+06
2.771914099550447427e+06
2.771914099550458603e+06
2.771914099550473038e+06
2.771914099550485611e+06
2.771914099550498649e+06
2.771914099550511688e+06
2.771914099550526123e+06
2.771914099550540093e+06
2.771914099550554529e+06
2.771914099550567567e+06
2.771914099550580140e+06
2.771914099550595041e+06
2.771914099550609011e+06
2.771914099550624378e+06
2.771914099550635554e+06
2.771914099550649989e+06
2.771914099550663028e+06
2.771914099550676532e+06
2.771914099550690036e+06
2.771914099550701678e+06
2.771914099550716113e+06
2.771914099550730083e+06
2.771914099550743587e+06
2.771914099550754298e+06
2.771914099550765473e+06
2.771914099550778512e+06
2.771914099550792482e+06
2.771914099550805520e+06
2.771914099550820421e+06
2.771914099550832994e+06
2.771914099550846498e+06
2.771914099550861400e+06
2.771914099550871644e+06
2.771914099550887011e+06
2.771914099550900515e+06
2.771914099550913088e+06
2.771914099550926592e+06
2.771914099550938699e+06
2.771914099550952669e+06
2.771914099550965708e+06
2.771914099550978746e+06
2.771914099550992716e+06
2.771914099551003892e+06
2.771914099551018793e+06
2.771914099551032763e+06
2.771914099551045801e+06
2.771914099551058840e+06
2.771914099551072344e+06
2.771914099551085383e+06
2.771914099551099353e+06
2.771914099551111925e+06
2.771914099551126361e+06
2.771914099551141728e+06
2.771914099551156629e+06
2.771914099551168270e+06
2.771914099551179912e+06
2.771914099551190156e+06
2.771914099551204126e+06
2.771914099551216234e+06
2.771914099551227875e+06
2.771914099551241379e+06
2.771914099551254418e+06
2.771914099551269319e+06
2.771914099551282357e+06
2.771914099551296793e+06
2.771914099551310297e+06
2.771914099551321473e+06
2.771914099551335908e+06
2.771914099551346619e+06
2.771914099551357795e+06
2.771914099551368505e+06
2.771914099551380146e+06
2.771914099551392719e+06
2.771914099551407155e+06
2.771914099551418796e+06
2.771914099551429972e+06
2.771914099551440682e+06
2.771914099551455118e+06
2.771914099551470019e+06
2.771914099551484454e+06
2.771914099551496096e+06
2.771914099551508669e+06
2.771914099551520776e+06
2.771914099551533349e+06
2.771914099551544059e+06
2.771914099551553838e+06
2.771914099551564548e+06
2.771914099551576190e+06
2.771914099551588763e+06
2.771914099551598541e+06
2.771914099551608786e+06
2.771914099551622290e+06
2.771914099551634863e+06
2.771914099551647436e+06
2.771914099551661871e+06
2.771914099551672116e+06
2.771914099551684689e+06
2.771914099551695865e+06
2.771914099551709369e+06
2.771914099551721942e+06
2.771914099551732652e+06
2.771914099551743828e+06
2.771914099551755004e+06
2.771914099551765248e+06
2.771914099551775493e+06
2.771914099551788066e+06
2.771914099551799707e+06
2.771914099551810883e+06
2.771914099551820662e+06
2.771914099551830441e+06
2.771914099551839754e+06
2.771914099551852327e+06
2.771914099551866297e+06
2.771914099551878870e+06
2.771914099551890511e+06
2.771914099551900756e+06
2.771914099551910535e+06
2.771914099551921710e+06
2.771914099551934283e+06
2.771914099551943596e+06
2.771914099551954772e+06
2.771914099551965017e+06
2.771914099551977590e+06
2.771914099551987369e+06
2.771914099551999476e+06
2.771914099552009255e+06
2.771914099552021362e+06
2.771914099552030675e+06
2.771914099552043714e+06
2.771914099552053958e+06
2.771914099552062806e+06
2.771914099552070256e+06
2.771914099552080967e+06
2.771914099552090745e+06
2.771914099552100059e+06
2.771914099552112166e+06
2.771914099552121479e+06
2.771914099552132655e+06
2.771914099552142899e+06
2.771914099552152213e+06
2.771914099552163389e+06
2.771914099552171305e+06
2.771914099552182015e+06
2.771914099552192725e+06
2.771914099552202504e+06
2.771914099552212283e+06
2.771914099552220665e+06
2.771914099552231841e+06
2.771914099552245345e+06
2.771914099552258383e+06
2.771914099552268162e+06
2.771914099552280270e+06
2.771914099552290980e+06
2.771914099552299362e+06
2.771914099552308209e+06
2.771914099552319385e+06
2.771914099552331027e+06
2.771914099552342203e+06
2.771914099552352913e+06
2.771914099552362226e+06
2.771914099552373402e+06
2.771914099552383646e+06
2.771914099552392960e+06
2.771914099552403670e+06
2.771914099552414380e+06
2.771914099552422296e+06
2.771914099552433006e+06
2.771914099552443717e+06
2.771914099552451633e+06
2.771914099552461877e+06
2.771914099552471656e+06
2.771914099552481435e+06
2.771914099552494008e+06
2.771914099552504253e+06
2.771914099552514963e+06
2.771914099552525207e+06
2.771914099552536849e+06
2.771914099552543368e+06
2.771914099552552681e+06
2.771914099552561529e+06
2.771914099552569911e+06
2.771914099552579224e+06
2.771914099552588072e+06
2.771914099552596919e+06
2.771914099552607164e+06
2.771914099552613217e+06
2.771914099552624859e+06
2.771914099552634172e+06
2.771914099552643020e+06
2.771914099552653730e+06
2.771914099552665371e+06
2.771914099552673288e+06
2.771914099552683532e+06
2.771914099552690517e+06
2.771914099552697968e+06
2.771914099552706815e+06
2.771914099552713335e+06
2.771914099552720785e+06
2.771914099552730098e+06
2.771914099552736152e+06
2.771914099552741274e+06
2.771914099552747328e+06
2.771914099552754778e+06
2.771914099552760832e+06
2.771914099552769214e+06
2.771914099552776199e+06
2.771914099552783184e+06
2.771914099552790169e+06
2.771914099552797154e+06
2.771914099552808329e+06
2.771914099552814849e+06
2.771914099552824162e+06
2.771914099552831147e+06
2.771914099552840460e+06
2.771914099552850705e+06
2.771914099552856758e+06
2.771914099552861415e+06
2.771914099552870262e+06
2.771914099552878179e+06
2.771914099552885164e+06
2.771914099552892148e+06
2.771914099552901927e+06
2.771914099552907981e+06
2.771914099552914035e+06
2.771914099552920088e+06
2.771914099552925210e+06
2.771914099552932661e+06
2.771914099552936852e+06
2.771914099552942906e+06
2.771914099552950822e+06
2.771914099552957807e+06
2.771914099552963860e+06
2.771914099552972242e+06
2.771914099552981555e+06
2.771914099552988540e+06
2.771914099552992266e+06
2.771914099552999716e+06
2.771914099553008098e+06
2.771914099553010426e+06
2.771914099553017411e+06
2.771914099553022999e+06
2.771914099553030916e+06
2.771914099553040229e+06
2.771914099553047679e+06
2.771914099553053733e+06
2.771914099553058390e+06
2.771914099553064909e+06
2.771914099553068634e+06
2.771914099553075153e+06
2.771914099553082138e+06
2.771914099553089589e+06
2.771914099553095642e+06
2.771914099553103093e+06
2.771914099553108215e+06
2.771914099553113338e+06
2.771914099553118460e+06
2.771914099553126376e+06
2.771914099553129170e+06
2.771914099553135224e+06
2.771914099553144071e+06
2.771914099553149659e+06
2.771914099553157575e+06
2.771914099553162232e+06
2.771914099553169683e+06
2.771914099553174805e+06
2.771914099553183187e+06
2.771914099553185515e+06
2.771914099553191103e+06
2.771914099553198088e+06
2.771914099553203676e+06
2.771914099553209729e+06
2.771914099553219043e+06
2.771914099553225562e+06
2.771914099553226028e+06
2.771914099553232081e+06
2.771914099553236738e+06
2.771914099553244188e+06
2.771914099553249311e+06
2.771914099553258158e+06
2.771914099553265609e+06
2.771914099553268403e+06
2.771914099553273059e+06
2.771914099553278182e+06
2.771914099553284235e+06
2.771914099553288426e+06
2.771914099553292617e+06
2.771914099553297274e+06
2.771914099553303327e+06
2.771914099553304259e+06
2.771914099553305656e+06
2.771914099553312175e+06
2.771914099553317297e+06
2.771914099553323351e+06
2.771914099553326610e+06
2.771914099553328473e+06
2.771914099553332198e+06
2.771914099553336855e+06
2.771914099553344306e+06
2.771914099553353619e+06
2.771914099553360138e+06
2.771914099553361535e+06
2.771914099553359207e+06
2.771914099553363398e+06
2.771914099553368054e+06
2.771914099553374108e+06
2.771914099553378299e+06
2.771914099553383421e+06
2.771914099553388078e+06
2.771914099553393666e+06
2.771914099553399254e+06
2.771914099553404376e+06
2.771914099553407636e+06
2.771914099553412758e+06
2.771914099553416017e+06
2.771914099553420674e+06
2.771914099553424865e+06
2.771914099553428590e+06
2.771914099553430453e+06
2.771914099553434178e+06
2.771914099553437904e+06
2.771914099553440697e+06
2.771914099553448614e+06
2.771914099553451873e+06
2.771914099553457927e+06
2.771914099553460721e+06
2.771914099553459790e+06
2.771914099553463981e+06
2.771914099553467706e+06
2.771914099553474691e+06
2.771914099553477485e+06
2.771914099553483538e+06
2.771914099553487264e+06
2.771914099553494714e+06
2.771914099553500768e+06
2.771914099553504493e+06
2.771914099553507753e+06
2.771914099553510547e+06
2.771914099553512875e+06
2.771914099553516135e+06
2.771914099553517066e+06
2.771914099553521257e+06
2.771914099553521723e+06
2.771914099553526379e+06
2.771914099553527776e+06
2.771914099553530570e+06
2.771914099553532898e+06
2.771914099553538021e+06
2.771914099553541280e+06
2.771914099553546868e+06
2.771914099553547800e+06
2.771914099553548731e+06
2.771914099553552456e+06
2.771914099553553853e+06
2.771914099553553853e+06
2.771914099553553388e+06
2.771914099553556181e+06
2.771914099553558044e+06
2.771914099553561304e+06
2.771914099553563632e+06
2.771914099553566426e+06
2.771914099553567357e+06
2.771914099553570151e+06
2.771914099553571083e+06
2.771914099553573877e+06
2.771914099553576671e+06
2.771914099553578068e+06
2.771914099553580396e+06
2.771914099553581327e+06
2.771914099553581793e+06
2.771914099553581793e+06
2.771914099553585984e+06
2.771914099553582724e+06
2.771914099553585518e+06
2.771914099553585052e+06
2.771914099553584587e+06
2.771914099553584121e+06
2.771914099553586915e+06
2.771914099553587846e+06
2.771914099553590175e+06
2.771914099553590640e+06
2.771914099553589709e+06
2.771914099553590640e+06
2.771914099553592037e+06
2.771914099553593900e+06
2.771914099553595297e+06
2.771914099553595297e+06
2.771914099553597160e+06
2.771914099553594366e+06
2.771914099553597625e+06
2.771914099553596228e+06
2.771914099553595297e+06
2.771914099553594831e+06
2.771914099553598557e+06
2.771914099553595763e+06
2.771914099553599488e+06
2.771914099553600419e+06
2.771914099553599954e+06
2.771914099553599488e+06
2.771914099553599488e+06
2.771914099553602282e+06
2.771914099553603679e+06
2.771914099553603679e+06
2.771914099553604610e+06
2.771914099553602282e+06
2.771914099553600885e+06
2.771914099553601351e+06
2.771914099553604145e+06
2.771914099553605542e+06
2.771914099553607404e+06
2.771914099553605542e+06
2.771914099553604145e+06
2.771914099553599954e+06
2.771914099553595763e+06
2.771914099553595763e+06
2.771914099553596694e+06
2.771914099553596228e+06
2.771914099553598557e+06
2.771914099553599954e+06
2.771914099553601816e+06
2.771914099553606939e+06
2.771914099553604610e+06
2.771914099553605542e+06
2.771914099553604610e+06
2.771914099553605542e+06
2.771914099553606473e+06
2.771914099553605542e+06
2.771914099553605076e+06
2.771914099553607404e+06
2.771914099553605542e+06
2.771914099553606939e+06
2.771914099553606939e+06
2.771914099553606939e+06
2.771914099553605542e+06
2.771914099553603679e+06
2.771914099553601351e+06
2.771914099553599954e+06
2.771914099553598091e+06
2.771914099553596694e+06
2.771914099553598091e+06
2.771914099553596228e+06
2.771914099553593900e+06
2.771914099553591572e+06
2.771914099553591106e+06
2.771914099553591106e+06
2.771914099553591572e+06
2.771914099553589709e+06
2.771914099553586915e+06
2.771914099553585984e+06
2.771914099553586915e+06
2.771914099553583656e+06
2.771914099553582259e+06
2.771914099553581793e+06
2.771914099553580396e+06
2.771914099553578999e+06
2.771914099553577136e+06
2.771914099553574342e+06
2.771914099553572480e+06
2.771914099553572945e+06
2.771914099553572945e+06
2.771914099553570617e+06
2.771914099553570151e+06
2.771914099553566892e+06
2.771914099553566892e+06
2.771914099553564098e+06
2.771914099553560372e+06
2.771914099553558044e+06
2.771914099553556181e+06
2.771914099553554785e+06
2.771914099553552456e+06
2.771914099553551059e+06
2.771914099553551059e+06
2.771914099553551991e+06
2.771914099553551991e+06
2.771914099553549662e+06
2.771914099553546403e+06
2.771914099553542677e+06
2.771914099553542212e+06
2.771914099553541280e+06
2.771914099553538952e+06
2.771914099553535692e+06
2.771914099553531967e+06
2.771914099553532433e+06
2.771914099553529639e+06
2.771914099553525448e+06
2.771914099553521257e+06
2.771914099553521257e+06
2.771914099553521257e+06
2.771914099553517066e+06
2.771914099553517532e+06
2.771914099553514272e+06
2.771914099553511478e+06
2.771914099553510081e+06
2.771914099553508218e+06
2.771914099553504959e+06
2.771914099553502630e+06
2.771914099553497974e+06
2.771914099553498905e+06
2.771914099553496577e+06
2.771914099553494714e+06
2.771914099553490989e+06
2.771914099553488661e+06
2.771914099553483538e+06
2.771914099553479813e+06
2.771914099553477950e+06
2.771914099553474691e+06
2.771914099553472362e+06
2.771914099553469568e+06
2.771914099553466309e+06
2.771914099553462118e+06
2.771914099553461187e+06
2.771914099553456530e+06
2.771914099553451873e+06
2.771914099553449079e+06
2.771914099553445820e+06
2.771914099553439766e+06
2.771914099553438835e+06
2.771914099553435575e+06
2.771914099553430453e+06
2.771914099553430453e+06
2.771914099553428590e+06
2.771914099553423002e+06
2.771914099553421140e+06
2.771914099553420208e+06
2.771914099553417880e+06
2.771914099553415552e+06
2.771914099553411826e+06
2.771914099553409964e+06
2.771914099553407636e+06
2.771914099553404376e+06
2.771914099553398322e+06
2.771914099553393200e+06
2.771914099553387146e+06
2.771914099553380627e+06
2.771914099553375971e+06
2.771914099553371314e+06
2.771914099553365726e+06
2.771914099553362466e+06
2.771914099553360138e+06
2.771914099553356878e+06
2.771914099553349894e+06
2.771914099553347565e+06
2.771914099553343374e+06
2.771914099553341046e+06
2.771914099553335924e+06
2.771914099553330801e+06
2.771914099553326145e+06
2.771914099553322885e+06
2.771914099553318229e+06
2.771914099553316366e+06
2.771914099553308915e+06
2.771914099553306587e+06
2.771914099553303327e+06
2.771914099553296808e+06
2.771914099553296342e+06
2.771914099553292617e+06
2.771914099553290289e+06
2.771914099553284701e+06
2.771914099553279579e+06
2.771914099553275853e+06
2.771914099553271662e+06
2.771914099553267006e+06
2.771914099553261884e+06
2.771914099553260487e+06
2.771914099553257227e+06
2.771914099553253502e+06
2.771914099553250242e+06
2.771914099553246051e+06
2.771914099553242791e+06
2.771914099553239532e+06
2.771914099553234875e+06
2.771914099553229287e+06
2.771914099553224165e+06
2.771914099553221371e+06
2.771914099553216249e+06
2.771914099553212989e+06
2.771914099553210661e+06
2.771914099553208333e+06
2.771914099553204142e+06
2.771914099553202745e+06
2.771914099553197622e+06
2.771914099553192966e+06
2.771914099553188309e+06
2.771914099553182255e+06
2.771914099553177599e+06
2.771914099553174805e+06
2.771914099553170614e+06
2.771914099553165492e+06
2.771914099553160835e+06
2.771914099553155247e+06
2.771914099553148262e+06
2.771914099553145003e+06
2.771914099553142209e+06
2.771914099553137552e+06
2.771914099553131033e+06
2.771914099553124048e+06
2.771914099553120323e+06
2.771914099553115200e+06
2.771914099553111941e+06
2.771914099553107750e+06
2.771914099553103093e+06
2.771914099553095642e+06
2.771914099553091452e+06
2.771914099553086329e+06
2.771914099553079810e+06
2.771914099553073756e+06
2.771914099553066306e+06
2.771914099553063046e+06
2.771914099553056993e+06
2.771914099553051870e+06
2.771914099553045817e+06
2.771914099553040694e+06
2.771914099553036038e+06
2.771914099553030916e+06
2.771914099553026725e+06
2.771914099553022999e+06
2.771914099553016480e+06
2.771914099553011823e+06
2.771914099553010892e+06
2.771914099553006701e+06
2.771914099552997388e+06
2.771914099552993197e+06
2.771914099552987609e+06
2.771914099552980624e+06
2.771914099552974105e+06
2.771914099552969914e+06
2.771914099552964326e+06
2.771914099552960135e+06
2.771914099552954081e+06
2.771914099552948028e+06
2.771914099552942440e+06
2.771914099552935455e+06
2.771914099552929867e+06
2.771914099552924279e+06
2.771914099552918691e+06
2.771914099552914500e+06
2.771914099552909378e+06
2.771914099552903324e+06
2.771914099552896339e+06
2.771914099552890286e+06
2.771914099552887026e+06
2.771914099552883301e+06
2.771914099552873988e+06
2.771914099552867468e+06
2.771914099552861881e+06
2.771914099552857224e+06
2.771914099552853499e+06
2.771914099552847911e+06
2.771914099552842323e+06
2.771914099552836735e+06
2.771914099552832078e+06
2.771914099552828819e+06
2.771914099552824628e+06
2.771914099552819505e+06
2.771914099552811123e+06
2.771914099552803207e+06
2.771914099552798551e+06
2.771914099552791566e+06
2.771914099552787375e+06
2.771914099552781321e+06
2.771914099552775733e+06
2.771914099552770145e+06
2.771914099552763626e+06
2.771914099552758969e+06
2.771914099552753847e+06
2.771914099552748725e+06
2.771914099552743603e+06
2.771914099552736152e+06
2.771914099552729167e+06
2.771914099552723113e+06
2.771914099552717991e+06
2.771914099552711006e+06
2.771914099552705418e+06
2.771914099552697036e+06
2.771914099552692380e+06
2.771914099552687258e+06
2.771914099552683532e+06
2.771914099552676082e+06
2.771914099552672356e+06
2.771914099552667234e+06
2.771914099552662577e+06
2.771914099552656524e+06
2.771914099552651402e+06
2.771914099552644882e+06
2.771914099552639294e+06
2.771914099552636500e+06
2.771914099552629516e+06
2.771914099552622996e+06
2.771914099552617874e+06
2.771914099552611355e+06
2.771914099552604835e+06
2.771914099552600179e+06
2.771914099552595057e+06
2.771914099552589934e+06
2.771914099552582949e+06
2.771914099552577361e+06
2.771914099552571308e+06
2.771914099552565720e+06
2.771914099552559201e+06
2.771914099552552216e+06
2.771914099552546162e+06
2.771914099552540574e+06
2.771914099552534055e+06
2.771914099552530795e+06
2.771914099552524276e+06
2.771914099552518222e+06
2.771914099552515429e+06
2.771914099552510772e+06
2.771914099552505650e+06
2.771914099552500527e+06
2.771914099552497268e+06
2.771914099552490748e+06
2.771914099552483298e+06
2.771914099552475382e+06
2.771914099552469794e+06
2.771914099552461877e+06
2.771914099552455358e+06
2.771914099552449305e+06
2.771914099552441854e+06
2.771914099552435335e+06
2.771914099552429747e+06
2.771914099552421831e+06
2.771914099552415311e+06
2.771914099552407395e+06
2.771914099552402738e+06
2.771914099552395754e+06
2.771914099552391563e+06
2.771914099552387372e+06
2.771914099552383181e+06
2.771914099552377593e+06
2.771914099552372005e+06
2.771914099552367814e+06
2.771914099552362226e+06
2.771914099552358966e+06
2.771914099552355241e+06
2.771914099552351050e+06
2.771914099552345462e+06
2.771914099552339409e+06
2.771914099552332889e+06
2.771914099552324507e+06
2.771914099552318919e+06
2.771914099552311935e+06
2.771914099552304484e+06
2.771914099552299362e+06
2.771914099552293774e+06
2.771914099552289583e+06
2.771914099552283529e+06
2.771914099552277941e+06
2.771914099552273285e+06
2.771914099552266765e+06
2.771914099552262574e+06
2.771914099552254658e+06
2.771914099552250467e+06
2.771914099552243948e+06
2.771914099552236963e+06
2.771914099552231375e+06
2.771914099552227650e+06
2.771914099552221596e+06
2.771914099552215077e+06
2.771914099552210886e+06
2.771914099552207161e+06
2.771914099552200176e+06
2.771914099552193191e+06
2.771914099552185275e+06
2.771914099552180618e+06
2.771914099552173167e+06
2.771914099552170373e+06
2.771914099552166648e+06
2.771914099552159198e+06
2.771914099552151747e+06
2.771914099552147556e+06
2.771914099552141037e+06
2.771914099552133121e+06
2.771914099552129861e+06
2.771914099552123342e+06
2.771914099552119151e+06
2.771914099552114028e+06
2.771914099552107975e+06
2.771914099552105181e+06
2.771914099552099593e+06
2.771914099552094471e+06
2.771914099552091211e+06
2.771914099552085157e+06
2.771914099552078173e+06
2.771914099552072119e+06
2.771914099552066531e+06
2.771914099552062340e+06
2.771914099552056286e+06
2.771914099552051630e+06
2.771914099552043714e+06
2.771914099552037660e+06
2.771914099552030675e+06
2.771914099552023690e+06
2.771914099552019965e+06
2.771914099552014377e+06
2.771914099552011117e+06
2.771914099552006926e+06
2.771914099552001804e+06
2.771914099551997148e+06
2.771914099551990163e+06
2.771914099551985040e+06
2.771914099551978055e+06
2.771914099551969673e+06
2.771914099551965017e+06
2.771914099551961292e+06
2.771914099551955704e+06
2.771914099551949184e+06
2.771914099551943596e+06
2.771914099551937077e+06
2.771914099551931955e+06
2.771914099551928230e+06
2.771914099551925436e+06
2.771914099551919848e+06
2.771914099551916588e+06
2.771914099551911000e+06
2.771914099551907275e+06
2.771914099551904015e+06
2.771914099551900756e+06
2.771914099551897962e+06
2.771914099551893305e+06
2.771914099551889580e+06
2.771914099551881664e+06
2.771914099551879801e+06
2.771914099551876076e+06
2.771914099551871419e+06
2.771914099551870488e+06
2.771914099551866297e+06
2.771914099551865831e+06
2.771914099551862571e+06
2.771914099551857915e+06
2.771914099551852327e+06
2.771914099551848602e+06
2.771914099551844411e+06
2.771914099551839754e+06
2.771914099551838823e+06
2.771914099551835097e+06
2.771914099551830906e+06
2.771914099551827647e+06
2.771914099551823456e+06
2.771914099551821128e+06
2.771914099551817402e+06
2.771914099551816005e+06
2.771914099551811349e+06
2.771914099551808089e+06
2.771914099551804364e+06
2.771914099551802035e+06
2.771914099551796447e+06
2.771914099551792722e+06
2.771914099551788997e+06
2.771914099551785272e+06
2.771914099551782478e+06
2.771914099551776890e+06
2.771914099551771302e+06
2.771914099551768508e+06
2.771914099551763851e+06
2.771914099551761057e+06
2.771914099551756401e+06
2.771914099551752210e+06
2.771914099551746156e+06
2.771914099551743828e+06
2.771914099551742431e+06
2.771914099551737309e+06
2.771914099551735446e+06
2.771914099551730789e+06
2.771914099551726598e+06
2.771914099551722407e+06
2.771914099551717751e+06
2.771914099551714491e+06
2.771914099551713094e+06
2.771914099551709369e+06
2.771914099551707041e+06
2.771914099551704247e+06
2.771914099551700056e+06
2.771914099551694933e+06
2.771914099551690277e+06
2.771914099551685620e+06
2.771914099551680032e+06
2.771914099551677238e+06
2.771914099551674444e+06
2.771914099551672116e+06
2.771914099551668856e+06
2.771914099551663734e+06
2.771914099551661406e+06
2.771914099551656749e+06
2.771914099551654886e+06
2.771914099551651161e+06
2.771914099551649764e+06
2.771914099551646039e+06
2.771914099551640451e+06
2.771914099551637657e+06
2.771914099551633466e+06
2.771914099551633466e+06
2.771914099551630206e+06
2.771914099551626015e+06
2.771914099551626015e+06
2.771914099551620893e+06
2.771914099551619031e+06
2.771914099551618099e+06
