2.999936014161540612e-02
2.999936014161603062e-02
2.999936014161748432e-02
2.999936014161217607e-02
2.999936014162074560e-02
2.999936014161815392e-02
2.999936014161543735e-02
2.999936014161846617e-02
2.999936014161646430e-02
2.999936014161625961e-02
2.999936014161820944e-02
2.999936014161563164e-02
2.999936014161588144e-02
2.999936014162054437e-02
2.999936014161997538e-02
2.999936014161597858e-02
2.999936014161748779e-02
2.999936014161801515e-02
2.999936014161867087e-02
2.999936014161453182e-02
2.999936014161653716e-02
2.999936014161853556e-02
2.999936014162242134e-02
2.999936014161691880e-02
2.999936014161708187e-02
2.999936014161726228e-02
2.999936014161863618e-02
2.999936014161475040e-02
2.999936014161712697e-02
2.999936014161614165e-02
2.999936014161936476e-02
2.999936014162130418e-02
2.999936014161793882e-02
2.999936014161728309e-02
2.999936014161697431e-02
2.999936014162127296e-02
2.999936014162016273e-02
2.999936014161568715e-02
2.999936014161657186e-02
2.999936014161723105e-02
2.999936014161680084e-02
2.999936014161697778e-02
2.999936014161249179e-02
2.999936014161765085e-02
2.999936014161597164e-02
2.999936014161843842e-02
2.999936014161888598e-02
2.999936014161827535e-02
2.999936014161734207e-02
2.999936014161711656e-02
2.999936014162022171e-02
2.999936014161884434e-02
2.999936014161744616e-02
2.999936014161534020e-02
2.999936014161663778e-02
2.999936014161737677e-02
2.999936014161726922e-02
2.999936014161777575e-02
2.999936014161687370e-02
2.999936014161977416e-02
2.999936014161825454e-02
2.999936014161728309e-02
2.999936014161695003e-02
2.999936014161934394e-02
2.999936014161802209e-02
2.999936014161757453e-02
2.999936014161765779e-02
2.999936014161903516e-02
2.999936014161583980e-02
2.999936014161378242e-02
2.999936014161827535e-02
2.999936014161709574e-02
2.999936014161602715e-02
2.999936014161812617e-02
2.999936014161753636e-02
2.999936014161574613e-02
2.999936014162016967e-02
2.999936014162049233e-02
2.999936014161755371e-02
2.999936014161801862e-02
2.999936014161567327e-02
2.999936014161951742e-02
2.999936014161674533e-02
2.999936014161801168e-02
2.999936014161951395e-02
2.999936014161573225e-02
2.999936014161880271e-02
2.999936014161753983e-02
2.999936014161416406e-02
2.999936014161709921e-02
2.999936014161742881e-02
2.999936014161472611e-02
2.999936014161602715e-02
2.999936014161558306e-02
2.999936014161547898e-02
2.999936014161893455e-02
2.999936014161490999e-02
2.999936014161771677e-02
2.999936014161720677e-02
2.999936014161619716e-02
2.999936014161711309e-02
2.999936014161388997e-02
2.999936014161598552e-02
2.999936014161573919e-02
2.999936014161595776e-02
2.999936014161561776e-02
2.999936014161862924e-02
2.999936014161565592e-02
2.999936014161806719e-02
2.999936014161580164e-02
2.999936014161750167e-02
2.999936014161793535e-02
2.999936014161681125e-02
2.999936014161603409e-02
2.999936014161878883e-02
2.999936014161871944e-02
2.999936014161856332e-02
2.999936014161853556e-02
2.999936014161876108e-02
2.999936014161787290e-02
2.999936014161826842e-02
2.999936014161674880e-02
2.999936014161866046e-02
2.999936014161797004e-02
2.999936014161625267e-02
2.999936014161791453e-02
2.999936014161789372e-02
2.999936014161523612e-02
2.999936014161681125e-02
2.999936014161819209e-02
2.999936014161572184e-02
2.999936014161753289e-02
2.999936014161782086e-02
2.999936014161809494e-02
2.999936014161719289e-02
2.999936014161701942e-02
2.999936014161757453e-02
2.999936014161836556e-02
2.999936014161716513e-02
2.999936014161707493e-02
2.999936014161723105e-02
2.999936014161648859e-02
2.999936014161590572e-02
2.999936014161697084e-02
2.999936014161696390e-02
2.999936014161748779e-02
2.999936014161611389e-02
2.999936014161744269e-02
2.999936014161606185e-02
2.999936014161853903e-02
2.999936014161782433e-02
2.999936014161561776e-02
2.999936014161676961e-02
2.999936014161688064e-02
2.999936014161638451e-02
2.999936014161610348e-02
2.999936014161714085e-02
2.999936014161564898e-02
2.999936014161515979e-02
2.999936014161669329e-02
2.999936014161672798e-02
2.999936014161590225e-02
2.999936014161527428e-02
2.999936014161797698e-02
2.999936014161667247e-02
2.999936014161730044e-02
2.999936014161604797e-02
2.999936014161724146e-02
2.999936014161765779e-02
2.999936014161704023e-02
2.999936014161675921e-02
2.999936014161829617e-02
2.999936014161701248e-02
2.999936014161696390e-02
2.999936014161676268e-02
2.999936014161730044e-02
2.999936014161631859e-02
2.999936014161751555e-02
2.999936014161719289e-02
2.999936014161722758e-02
2.999936014161674186e-02
2.999936014161745657e-02
2.999936014161830658e-02
2.999936014161638451e-02
2.999936014161742881e-02
2.999936014161674880e-02
2.999936014161693268e-02
2.999936014161736289e-02
2.999936014161608960e-02
2.999936014161778963e-02
2.999936014161732473e-02
2.999936014161688411e-02
2.999936014161861883e-02
2.999936014161707493e-02
2.999936014161761616e-02
2.999936014161698472e-02
2.999936014161640185e-02
2.999936014161767514e-02
2.999936014161774106e-02
2.999936014161658920e-02
2.999936014161794576e-02
2.999936014161837250e-02
2.999936014161676961e-02
2.999936014161676615e-02
2.999936014161664471e-02
2.999936014161772718e-02
2.999936014161733167e-02
2.999936014161761616e-02
2.999936014161750167e-02
2.999936014161687717e-02
2.999936014161697431e-02
2.999936014161729350e-02
2.999936014161572878e-02
2.999936014161729003e-02
2.999936014161772718e-02
2.999936014161752942e-02
2.999936014161731779e-02
2.999936014161739412e-02
2.999936014161656839e-02
2.999936014161712350e-02
2.999936014161673492e-02
2.999936014161681125e-02
2.999936014161767861e-02
2.999936014161688064e-02
2.999936014161760228e-02
2.999936014161735248e-02
2.999936014161644002e-02
2.999936014161559694e-02
2.999936014161608613e-02
2.999936014161723799e-02
2.999936014161671757e-02
2.999936014161768555e-02
2.999936014161721023e-02
2.999936014161740799e-02
2.999936014161602021e-02
2.999936014161837250e-02
2.999936014161730738e-02
2.999936014161764392e-02
2.999936014161622838e-02
2.999936014161713738e-02
2.999936014161637410e-02
2.999936014161657186e-02
2.999936014161765085e-02
2.999936014161618675e-02
2.999936014161708533e-02
2.999936014161731085e-02
2.999936014161790065e-02
2.999936014161642961e-02
2.999936014161715125e-02
2.999936014161645736e-02
2.999936014161713738e-02
2.999936014161861189e-02
2.999936014161650594e-02
2.999936014161688411e-02
2.999936014161621450e-02
2.999936014161758840e-02
2.999936014161735942e-02
2.999936014161869169e-02
2.999936014161762310e-02
2.999936014161680431e-02
2.999936014161713391e-02
2.999936014161621797e-02
2.999936014161596817e-02
2.999936014161799780e-02
2.999936014161678349e-02
2.999936014161778269e-02
2.999936014161811229e-02
2.999936014161694309e-02
2.999936014161670716e-02
2.999936014161765085e-02
2.999936014161651981e-02
2.999936014161770290e-02
2.999936014161661696e-02
2.999936014161838638e-02
2.999936014161795617e-02
2.999936014161589531e-02
2.999936014161640532e-02
2.999936014161709574e-02
2.999936014161695003e-02
2.999936014161738718e-02
2.999936014161734901e-02
2.999936014161747738e-02
2.999936014161723799e-02
2.999936014161715472e-02
2.999936014161793535e-02
2.999936014161659614e-02
2.999936014161810188e-02
2.999936014161668288e-02
2.999936014161772024e-02
2.999936014161587450e-02
2.999936014161824760e-02
2.999936014161611736e-02
2.999936014161629777e-02
2.999936014161701942e-02
2.999936014161674533e-02
2.999936014161665859e-02
2.999936014161737330e-02
2.999936014161697778e-02
2.999936014161625614e-02
2.999936014161899353e-02
2.999936014161716513e-02
2.999936014161673839e-02
2.999936014161701248e-02
2.999936014161747044e-02
2.999936014161740452e-02
2.999936014161670716e-02
2.999936014161731432e-02
2.999936014161686329e-02
2.999936014161657533e-02
2.999936014161656839e-02
2.999936014161716513e-02
2.999936014161706105e-02
2.999936014161589531e-02
2.999936014161689452e-02
2.999936014161719289e-02
2.999936014161721370e-02
2.999936014161570449e-02
2.999936014161717554e-02
2.999936014161700901e-02
2.999936014161702635e-02
2.999936014161794229e-02
2.999936014161702288e-02
2.999936014161656145e-02
2.999936014161739065e-02
2.999936014161593348e-02
2.999936014161779657e-02
2.999936014161692574e-02
2.999936014161620063e-02
2.999936014161682513e-02
2.999936014161719289e-02
2.999936014161664818e-02
2.999936014161811923e-02
2.999936014161774800e-02
2.999936014161651635e-02
2.999936014161613818e-02
2.999936014161707146e-02
2.999936014161764739e-02
2.999936014161702635e-02
2.999936014161719636e-02
2.999936014161707840e-02
2.999936014161622838e-02
2.999936014161684941e-02
2.999936014161668635e-02
2.999936014161714432e-02
2.999936014161633246e-02
2.999936014161724493e-02
2.999936014161641920e-02
2.999936014161644696e-02
2.999936014161785208e-02
2.999936014161710268e-02
2.999936014161706452e-02
2.999936014161710615e-02
2.999936014161805331e-02
2.999936014161682860e-02
2.999936014161602715e-02
2.999936014161797698e-02
2.999936014161695350e-02
2.999936014161705064e-02
2.999936014161643655e-02
2.999936014161717207e-02
2.999936014161700901e-02
2.999936014161667941e-02
2.999936014161753636e-02
2.999936014161729697e-02
2.999936014161729350e-02
2.999936014161637410e-02
2.999936014161710615e-02
2.999936014161637063e-02
2.999936014161685982e-02
2.999936014161681819e-02
2.999936014161700901e-02
2.999936014161715125e-02
2.999936014161707146e-02
2.999936014161719289e-02
2.999936014161657186e-02
2.999936014161750514e-02
2.999936014161742881e-02
2.999936014161745657e-02
2.999936014161693962e-02
2.999936014161704717e-02
2.999936014161622838e-02
2.999936014161667594e-02
2.999936014161692227e-02
2.999936014161724146e-02
2.999936014161709227e-02
2.999936014161726228e-02
2.999936014161665165e-02
2.999936014161724146e-02
2.999936014161719289e-02
2.999936014161670716e-02
2.999936014161671410e-02
2.999936014161693615e-02
2.999936014161752595e-02
2.999936014161718248e-02
2.999936014161715819e-02
2.999936014161732820e-02
2.999936014161696043e-02
2.999936014161676268e-02
2.999936014161683207e-02
2.999936014161710962e-02
2.999936014161700554e-02
2.999936014161645043e-02
2.999936014161669329e-02
2.999936014161724840e-02
2.999936014161713738e-02
2.999936014161667594e-02
2.999936014161681125e-02
2.999936014161716513e-02
2.999936014161715819e-02
2.999936014161733860e-02
2.999936014161732473e-02
2.999936014161687370e-02
2.999936014161719289e-02
2.999936014161678696e-02
2.999936014161685288e-02
2.999936014161741493e-02
2.999936014161663431e-02
2.999936014161673839e-02
2.999936014161708187e-02
2.999936014161720677e-02
2.999936014161699860e-02
2.999936014161680431e-02
2.999936014161669329e-02
2.999936014161685288e-02
2.999936014161683900e-02
2.999936014161701942e-02
2.999936014161687370e-02
2.999936014161651635e-02
2.999936014161658920e-02
2.999936014161686676e-02
2.999936014161679737e-02
2.999936014161673492e-02
2.999936014161670716e-02
2.999936014161674880e-02
2.999936014161673839e-02
2.999936014161672451e-02
2.999936014161676961e-02
2.999936014161675574e-02
2.999936014161679737e-02
2.999936014161675574e-02
2.999936014161680084e-02
2.999936014161669676e-02
2.999936014161665512e-02
2.999936014161662043e-02
2.999936014161667247e-02
2.999936014161670716e-02
2.999936014161668982e-02
2.999936014161664125e-02
2.999936014161676961e-02
2.999936014161672104e-02
2.999936014161659614e-02
2.999936014161667247e-02
2.999936014161663778e-02
2.999936014161673492e-02
2.999936014161661696e-02
2.999936014161665859e-02
2.999936014161651288e-02
2.999936014161658920e-02
2.999936014161657533e-02
2.999936014161654757e-02
2.999936014161655104e-02
2.999936014161662390e-02
2.999936014161651981e-02
2.999936014161663431e-02
2.999936014161656145e-02
2.999936014161658226e-02
2.999936014161653369e-02
2.999936014161658920e-02
2.999936014161650247e-02
2.999936014161651981e-02
2.999936014161657186e-02
2.999936014161651288e-02
2.999936014161649900e-02
2.999936014161647124e-02
2.999936014161650941e-02
2.999936014161648512e-02
2.999936014161648859e-02
2.999936014161651288e-02
2.999936014161646430e-02
2.999936014161645043e-02
2.999936014161646430e-02
2.999936014161644349e-02
2.999936014161644002e-02
2.999936014161648512e-02
2.999936014161646430e-02
2.999936014161646430e-02
2.999936014161647471e-02
2.999936014161645390e-02
2.999936014161645736e-02
2.999936014161644349e-02
2.999936014161641573e-02
2.999936014161641573e-02
2.999936014161641573e-02
2.999936014161640532e-02
2.999936014161640532e-02
2.999936014161640185e-02
2.999936014161638451e-02
2.999936014161637757e-02
2.999936014161636369e-02
2.999936014161636022e-02
2.999936014161636369e-02
2.999936014161636022e-02
2.999936014161634981e-02
2.999936014161633593e-02
2.999936014161633593e-02
2.999936014161633593e-02
2.999936014161632900e-02
2.999936014161632206e-02
2.999936014161631165e-02
2.999936014161631165e-02
2.999936014161629430e-02
2.999936014161629083e-02
2.999936014161627001e-02
2.999936014161626655e-02
2.999936014161624920e-02
2.999936014161623879e-02
2.999936014161624226e-02
2.999936014161622144e-02
2.999936014161622144e-02
2.999936014161620063e-02
2.999936014161622838e-02
2.999936014161620756e-02
2.999936014161622144e-02
2.999936014161620756e-02
2.999936014161619716e-02
2.999936014161620756e-02
2.999936014161622491e-02
2.999936014161617981e-02
2.999936014161614858e-02
2.999936014161616593e-02
2.999936014161613471e-02
2.999936014161615205e-02
2.999936014161620063e-02
2.999936014161608266e-02
2.999936014161617287e-02
2.999936014161610348e-02
2.999936014161623185e-02
2.999936014161612430e-02
2.999936014161606879e-02
2.999936014161611389e-02
2.999936014161615205e-02
2.999936014161607226e-02
2.999936014161607920e-02
2.999936014161609307e-02
2.999936014161620063e-02
2.999936014161609654e-02
2.999936014161610695e-02
2.999936014161605491e-02
2.999936014161614165e-02
2.999936014161604450e-02
2.999936014161603756e-02
2.999936014161607573e-02
2.999936014161603409e-02
2.999936014161612430e-02
2.999936014161590225e-02
2.999936014161604450e-02
2.999936014161602021e-02
2.999936014161603756e-02
2.999936014161588838e-02
2.999936014161596817e-02
2.999936014161613124e-02
2.999936014161612430e-02
2.999936014161601328e-02
2.999936014161593348e-02
2.999936014161613818e-02
2.999936014161595776e-02
2.999936014161595083e-02
2.999936014161611042e-02
2.999936014161606879e-02
2.999936014161622144e-02
2.999936014161611736e-02
2.999936014161617981e-02
2.999936014161606532e-02
2.999936014161604797e-02
2.999936014161581552e-02
2.999936014161598552e-02
2.999936014161565939e-02
2.999936014161576348e-02
2.999936014161570449e-02
2.999936014161603409e-02
2.999936014161602021e-02
2.999936014161584674e-02
2.999936014161598552e-02
2.999936014161590919e-02
2.999936014161608613e-02
2.999936014161595429e-02
2.999936014161569062e-02
2.999936014161572878e-02
2.999936014161604103e-02
2.999936014161611736e-02
2.999936014161574960e-02
2.999936014161605144e-02
2.999936014161574613e-02
2.999936014161565245e-02
2.999936014161606185e-02
2.999936014161586062e-02
2.999936014161590919e-02
2.999936014161608960e-02
2.999936014161547551e-02
2.999936014161570103e-02
2.999936014161607573e-02
2.999936014161589531e-02
2.999936014161608266e-02
2.999936014161574960e-02
2.999936014161568021e-02
2.999936014161559000e-02
2.999936014161567327e-02
2.999936014161589878e-02
2.999936014161575654e-02
2.999936014161576348e-02
2.999936014161591960e-02
2.999936014161539918e-02
2.999936014161604103e-02
2.999936014161553449e-02
2.999936014161573572e-02
2.999936014161554143e-02
2.999936014161572878e-02
2.999936014161588144e-02
2.999936014161584674e-02
2.999936014161531939e-02
2.999936014161563511e-02
2.999936014161535061e-02
2.999936014161559000e-02
2.999936014161570103e-02
2.999936014161566633e-02
2.999936014161559000e-02
2.999936014161653369e-02
2.999936014161582246e-02
2.999936014161645043e-02
2.999936014161478162e-02
2.999936014161615552e-02
2.999936014161626655e-02
2.999936014161536449e-02
2.999936014161515979e-02
2.999936014161603409e-02
2.999936014161611389e-02
2.999936014161607920e-02
2.999936014161498979e-02
2.999936014161535755e-02
2.999936014161610348e-02
2.999936014161559694e-02
2.999936014161609654e-02
2.999936014161564898e-02
2.999936014161581205e-02
2.999936014161601328e-02
2.999936014161508693e-02
2.999936014161581205e-02
2.999936014161615899e-02
2.999936014161516326e-02
2.999936014161622838e-02
2.999936014161548592e-02
2.999936014161606879e-02
2.999936014161632553e-02
2.999936014161533673e-02
2.999936014161525000e-02
2.999936014161563858e-02
2.999936014161559000e-02
2.999936014161629083e-02
2.999936014161477468e-02
2.999936014161506612e-02
2.999936014161599940e-02
2.999936014161630818e-02
2.999936014161444509e-02
2.999936014161496550e-02
2.999936014161464631e-02
2.999936014161628042e-02
2.999936014161589184e-02
2.999936014161525000e-02
2.999936014161505571e-02
2.999936014161534714e-02
2.999936014161618328e-02
2.999936014161565245e-02
2.999936014161585368e-02
2.999936014161511122e-02
2.999936014161605491e-02
2.999936014161572878e-02
2.999936014161646430e-02
2.999936014161592307e-02
2.999936014161586756e-02
2.999936014161564551e-02
2.999936014161504183e-02
2.999936014161584327e-02
2.999936014161458386e-02
2.999936014161492734e-02
2.999936014161480244e-02
2.999936014161528469e-02
2.999936014161461856e-02
2.999936014161577388e-02
2.999936014161563511e-02
2.999936014161531939e-02
2.999936014161646777e-02
2.999936014161505918e-02
2.999936014161545123e-02
2.999936014161562470e-02
2.999936014161544429e-02
2.999936014161602368e-02
2.999936014161450407e-02
2.999936014161433406e-02
2.999936014161559347e-02
2.999936014161589184e-02
2.999936014161504877e-02
2.999936014161547551e-02
2.999936014161559694e-02
2.999936014161504183e-02
2.999936014161518061e-02
2.999936014161557959e-02
2.999936014161611042e-02
2.999936014161568021e-02
2.999936014161569062e-02
2.999936014161472264e-02
2.999936014161591960e-02
2.999936014161592654e-02
2.999936014161561776e-02
2.999936014161590225e-02
2.999936014161547204e-02
2.999936014161490999e-02
2.999936014161533326e-02
2.999936014161502795e-02
2.999936014161432019e-02
2.999936014161597858e-02
2.999936014161641573e-02
2.999936014161465325e-02
2.999936014161453182e-02
2.999936014161552061e-02
2.999936014161411896e-02
2.999936014161519796e-02
2.999936014161377201e-02
2.999936014161527775e-02
2.999936014161458386e-02
2.999936014161667941e-02
2.999936014161489611e-02
2.999936014161684594e-02
2.999936014161602368e-02
2.999936014161419529e-02
2.999936014161630471e-02
2.999936014161626655e-02
2.999936014161576001e-02
2.999936014161505571e-02
2.999936014161527775e-02
2.999936014161494122e-02
2.999936014161317527e-02
2.999936014161565592e-02
2.999936014161423692e-02
2.999936014161521877e-02
2.999936014161546510e-02
2.999936014161437570e-02
2.999936014161466019e-02
2.999936014161336956e-02
2.999936014161561082e-02
2.999936014161555531e-02
2.999936014161420916e-02
2.999936014161579123e-02
2.999936014161614858e-02
2.999936014161461162e-02
2.999936014161504877e-02
2.999936014161443121e-02
2.999936014161568715e-02
2.999936014161397324e-02
2.999936014161441039e-02
2.999936014161371650e-02
2.999936014161504183e-02
2.999936014161544429e-02
2.999936014161461856e-02
2.999936014161513897e-02
2.999936014161494122e-02
2.999936014161462897e-02
2.999936014161412590e-02
2.999936014161474693e-02
2.999936014161606185e-02
2.999936014161598205e-02
2.999936014161507652e-02
2.999936014161493775e-02
2.999936014161450407e-02
2.999936014161552061e-02
2.999936014161626655e-02
2.999936014161370609e-02
2.999936014161504530e-02
2.999936014161554837e-02
2.999936014161418835e-02
2.999936014161449366e-02
2.999936014161606185e-02
2.999936014161535408e-02
2.999936014161378589e-02
2.999936014161520142e-02
2.999936014161587450e-02
2.999936014161653022e-02
2.999936014161604103e-02
2.999936014161536796e-02
2.999936014161606879e-02
2.999936014161489958e-02
2.999936014161556225e-02
2.999936014161468795e-02
2.999936014161425774e-02
2.999936014161629083e-02
2.999936014161393508e-02
2.999936014161444162e-02
2.999936014161513204e-02
2.999936014161445202e-02
2.999936014161570103e-02
2.999936014161538531e-02
2.999936014161475040e-02
2.999936014161528469e-02
2.999936014161461162e-02
2.999936014161534714e-02
2.999936014161397324e-02
2.999936014161568021e-02
2.999936014161516326e-02
2.999936014161483366e-02
2.999936014161505918e-02
2.999936014161393508e-02
2.999936014161328629e-02
2.999936014161629777e-02
2.999936014161618675e-02
2.999936014161611736e-02
2.999936014161490999e-02
2.999936014161455611e-02
2.999936014161437570e-02
2.999936014161572184e-02
2.999936014161506959e-02
2.999936014161637410e-02
2.999936014161528469e-02
2.999936014161606879e-02
2.999936014161618675e-02
2.999936014161503489e-02
2.999936014161344588e-02
2.999936014161541653e-02
2.999936014161396630e-02
2.999936014161377201e-02
2.999936014161537490e-02
2.999936014161440345e-02
2.999936014161590225e-02
2.999936014161591613e-02
2.999936014161456999e-02
2.999936014161522224e-02
2.999936014161422304e-02
2.999936014161406692e-02
2.999936014161625961e-02
2.999936014161585368e-02
2.999936014161590919e-02
2.999936014161325853e-02
2.999936014161486142e-02
2.999936014161637410e-02
2.999936014161604103e-02
2.999936014161484754e-02
2.999936014161445202e-02
2.999936014161374426e-02
2.999936014161564551e-02
2.999936014161614165e-02
2.999936014161414671e-02
2.999936014161490305e-02
2.999936014161569756e-02
2.999936014161545816e-02
2.999936014161524306e-02
2.999936014161560388e-02
2.999936014161484060e-02
2.999936014161420222e-02
2.999936014161600981e-02
2.999936014161364711e-02
2.999936014161367834e-02
2.999936014161325853e-02
2.999936014161464631e-02
2.999936014161555531e-02
2.999936014161497591e-02
2.999936014161616593e-02
2.999936014161538878e-02
2.999936014161485448e-02
2.999936014161506265e-02
2.999936014161494122e-02
2.999936014161478509e-02
2.999936014161385528e-02
2.999936014161512510e-02
2.999936014161483366e-02
2.999936014161452835e-02
2.999936014161457692e-02
2.999936014161478509e-02
2.999936014161467407e-02
2.999936014161472958e-02
2.999936014161262363e-02
2.999936014161506612e-02
2.999936014161365405e-02
2.999936014161476427e-02
2.999936014161675574e-02
2.999936014161432712e-02
2.999936014161446937e-02
2.999936014161420222e-02
2.999936014161500020e-02
2.999936014161426467e-02
2.999936014161543735e-02
2.999936014161736289e-02
2.999936014161640185e-02
2.999936014161693615e-02
2.999936014161518755e-02
2.999936014161493775e-02
2.999936014161454917e-02
2.999936014161411549e-02
2.999936014161556572e-02
2.999936014161542347e-02
2.999936014161606879e-02
2.999936014161422998e-02
2.999936014161465325e-02
2.999936014161664471e-02
2.999936014161403569e-02
2.999936014161502101e-02
2.999936014161538531e-02
2.999936014161382059e-02
2.999936014161590225e-02
2.999936014161515285e-02
2.999936014161468101e-02
2.999936014161724146e-02
2.999936014161214484e-02
2.999936014161317527e-02
2.999936014161408426e-02
2.999936014161729003e-02
2.999936014161693615e-02
2.999936014161448672e-02
2.999936014161739412e-02
2.999936014161370956e-02
2.999936014161332098e-02
2.999936014161446590e-02
2.999936014161529163e-02
2.999936014161423345e-02
2.999936014161647818e-02
2.999936014161671063e-02
2.999936014161778963e-02
2.999936014161637063e-02
2.999936014161729697e-02
2.999936014161413284e-02
2.999936014161552061e-02
2.999936014161243975e-02
2.999936014161334874e-02
2.999936014161529510e-02
2.999936014161737330e-02
2.999936014161638104e-02
2.999936014161445896e-02
2.999936014161581899e-02
2.999936014161556919e-02
2.999936014161359854e-02
2.999936014161467407e-02
2.999936014161710268e-02
2.999936014161431325e-02
2.999936014161583286e-02
2.999936014161529163e-02
2.999936014161352915e-02
2.999936014161235995e-02
2.999936014161378936e-02
2.999936014161330711e-02
2.999936014161503489e-02
2.999936014161660308e-02
2.999936014161137809e-02
2.999936014161463244e-02
2.999936014161279710e-02
2.999936014161289424e-02
2.999936014161314057e-02
2.999936014161492387e-02
2.999936014161436529e-02
2.999936014161473999e-02
2.999936014161330364e-02
2.999936014161465325e-02
2.999936014161402181e-02
2.999936014161734207e-02
2.999936014161510428e-02
2.999936014161703329e-02
2.999936014161239464e-02
2.999936014161191239e-02
2.999936014161536796e-02
2.999936014161427855e-02
2.999936014161338690e-02
2.999936014161091319e-02
2.999936014161382405e-02
2.999936014161512857e-02
2.999936014161474346e-02
2.999936014161840026e-02
2.999936014161047604e-02
2.999936014161401487e-02
2.999936014161725187e-02
2.999936014161373038e-02
2.999936014161690145e-02
2.999936014161713044e-02
2.999936014161401140e-02
2.999936014161338690e-02
2.999936014161497244e-02
2.999936014161647124e-02
2.999936014161740452e-02
2.999936014161552408e-02
2.999936014161431325e-02
2.999936014161918435e-02
2.999936014161742187e-02
2.999936014161050379e-02
2.999936014161926762e-02
2.999936014161430631e-02
2.999936014161079523e-02
2.999936014161624920e-02
2.999936014161565592e-02
2.999936014161467407e-02
2.999936014161420916e-02
2.999936014161374426e-02
2.999936014161361936e-02
2.999936014161702982e-02
