2.999935725971607930e-02
2.999935725971701606e-02
2.999935725971771341e-02
2.999935725972191838e-02
2.999935725972064857e-02
2.999935725972042652e-02
2.999935725971663442e-02
2.999935725971647135e-02
2.999935725971994427e-02
2.999935725972086714e-02
2.999935725971891731e-02
2.999935725972142572e-02
2.999935725971586767e-02
2.999935725971915323e-02
2.999935725971892425e-02
2.999935725971781056e-02
2.999935725971886527e-02
2.999935725972066938e-02
2.999935725971681830e-02
2.999935725971599604e-02
2.999935725971750872e-02
2.999935725971921568e-02
2.999935725971543746e-02
2.999935725971861894e-02
2.999935725971627359e-02
2.999935725971687034e-02
2.999935725971855302e-02
2.999935725971818526e-02
2.999935725971764403e-02
2.999935725971833098e-02
2.999935725971939263e-02
2.999935725971722769e-02
2.999935725971976733e-02
2.999935725971791117e-02
2.999935725972256370e-02
2.999935725971734218e-02
2.999935725971926773e-02
2.999935725972077000e-02
2.999935725971751913e-02
2.999935725971946548e-02
2.999935725971643319e-02
2.999935725972076306e-02
2.999935725971553113e-02
2.999935725971691891e-02
2.999935725971996509e-02
2.999935725971789036e-02
2.999935725971823730e-02
2.999935725971573236e-02
2.999935725971967365e-02
2.999935725971887568e-02
2.999935725971990264e-02
2.999935725971932671e-02
2.999935725971995121e-02
2.999935725971656503e-02
2.999935725971790770e-02
2.999935725971870568e-02
2.999935725971887221e-02
2.999935725971830669e-02
2.999935725971999978e-02
2.999935725971990957e-02
2.999935725971717912e-02
2.999935725971896588e-02
2.999935725971780709e-02
2.999935725971680442e-02
2.999935725971867445e-02
2.999935725971669340e-02
2.999935725971726586e-02
2.999935725971868139e-02
2.999935725971623890e-02
2.999935725971812975e-02
2.999935725971779321e-02
2.999935725971892425e-02
2.999935725971793893e-02
2.999935725971569767e-02
2.999935725971997549e-02
2.999935725971828587e-02
2.999935725971951406e-02
2.999935725972175185e-02
2.999935725971695361e-02
2.999935725971765443e-02
2.999935725972042305e-02
2.999935725971539235e-02
2.999935725971931283e-02
2.999935725971883058e-02
2.999935725971617298e-02
2.999935725971954181e-02
2.999935725972000672e-02
2.999935725971695014e-02
2.999935725971753647e-02
2.999935725972061734e-02
2.999935725971506276e-02
2.999935725971930589e-02
2.999935725972030509e-02
2.999935725971906303e-02
2.999935725971934752e-02
2.999935725971954875e-02
2.999935725971876119e-02
2.999935725971745321e-02
2.999935725971785566e-02
2.999935725971771341e-02
2.999935725972047162e-02
2.999935725971874037e-02
2.999935725971803607e-02
2.999935725971837608e-02
2.999935725971795628e-02
2.999935725971816444e-02
2.999935725972099898e-02
2.999935725971801526e-02
2.999935725971843853e-02
2.999935725971644707e-02
2.999935725971768219e-02
2.999935725971776546e-02
2.999935725971906303e-02
2.999935725971861547e-02
2.999935725971891731e-02
2.999935725971741851e-02
2.999935725971905956e-02
2.999935725971890343e-02
2.999935725971771341e-02
2.999935725971885486e-02
2.999935725971974304e-02
2.999935725971736994e-02
2.999935725971957304e-02
2.999935725971843853e-02
2.999935725971758158e-02
2.999935725971602379e-02
2.999935725971602032e-02
2.999935725971818179e-02
2.999935725971717218e-02
2.999935725971619033e-02
2.999935725971904915e-02
2.999935725971810546e-02
2.999935725971717912e-02
2.999935725971825812e-02
2.999935725971936140e-02
2.999935725971831363e-02
2.999935725971899364e-02
2.999935725971805689e-02
2.999935725972013856e-02
2.999935725971940997e-02
2.999935725971884792e-02
2.999935725971749137e-02
2.999935725971948630e-02
2.999935725971848016e-02
2.999935725971784872e-02
2.999935725971774464e-02
2.999935725971768219e-02
2.999935725971795974e-02
2.999935725971718606e-02
2.999935725971943079e-02
2.999935725971705422e-02
2.999935725971706116e-02
2.999935725971963896e-02
2.999935725971868833e-02
2.999935725971782444e-02
2.999935725971747055e-02
2.999935725971844894e-02
2.999935725971789036e-02
2.999935725971883752e-02
2.999935725971879241e-02
2.999935725971752259e-02
2.999935725971792505e-02
2.999935725971920875e-02
2.999935725971884098e-02
2.999935725971691891e-02
2.999935725971791117e-02
2.999935725971770648e-02
2.999935725971889650e-02
2.999935725971955569e-02
2.999935725971801873e-02
2.999935725971855649e-02
2.999935725971849404e-02
2.999935725971848710e-02
2.999935725971909078e-02
2.999935725971921915e-02
2.999935725971894854e-02
2.999935725971745668e-02
2.999935725971822689e-02
2.999935725971828587e-02
2.999935725971815750e-02
2.999935725971845241e-02
2.999935725971874384e-02
2.999935725971807771e-02
2.999935725971857037e-02
2.999935725971782444e-02
2.999935725971721381e-02
2.999935725971778280e-02
2.999935725971733524e-02
2.999935725971834832e-02
2.999935725971897976e-02
2.999935725971506970e-02
2.999935725971881323e-02
2.999935725971906997e-02
2.999935725971869180e-02
2.999935725971799097e-02
2.999935725971769607e-02
2.999935725971769607e-02
2.999935725971801526e-02
2.999935725971908385e-02
2.999935725971798056e-02
2.999935725971898323e-02
2.999935725971948630e-02
2.999935725971828587e-02
2.999935725971817485e-02
2.999935725971918446e-02
2.999935725971891731e-02
2.999935725971811240e-02
2.999935725971757811e-02
2.999935725971875078e-02
2.999935725971820608e-02
2.999935725971806383e-02
2.999935725971782791e-02
2.999935725971778974e-02
2.999935725972015937e-02
2.999935725972002754e-02
2.999935725971885833e-02
2.999935725971775158e-02
2.999935725971795281e-02
2.999935725971815403e-02
2.999935725971915670e-02
2.999935725971761280e-02
2.999935725971758504e-02
2.999935725971810199e-02
2.999935725971714096e-02
2.999935725971881323e-02
2.999935725971872302e-02
2.999935725971929201e-02
2.999935725971915670e-02
2.999935725971714096e-02
2.999935725971842465e-02
2.999935725971801873e-02
2.999935725971836914e-02
2.999935725971757811e-02
2.999935725971843159e-02
2.999935725971827200e-02
2.999935725971817485e-02
2.999935725971824424e-02
2.999935725971840036e-02
2.999935725971942732e-02
2.999935725971865363e-02
2.999935725971656503e-02
2.999935725971780015e-02
2.999935725971768219e-02
2.999935725971762321e-02
2.999935725971674544e-02
2.999935725971869527e-02
2.999935725971823036e-02
2.999935725971825118e-02
2.999935725971961467e-02
2.999935725971873690e-02
2.999935725971863629e-02
2.999935725971848710e-02
2.999935725971840036e-02
2.999935725971743239e-02
2.999935725971744627e-02
2.999935725971844547e-02
2.999935725971898670e-02
2.999935725971835179e-02
2.999935725971811587e-02
2.999935725971822342e-02
2.999935725971756770e-02
2.999935725971843506e-02
2.999935725971887915e-02
2.999935725971922956e-02
2.999935725971800138e-02
2.999935725971847322e-02
2.999935725971732137e-02
2.999935725971909425e-02
2.999935725971712708e-02
2.999935725971732484e-02
2.999935725971881323e-02
2.999935725971736994e-02
2.999935725971791811e-02
2.999935725971753994e-02
2.999935725971958692e-02
2.999935725971810893e-02
2.999935725971840036e-02
2.999935725971858078e-02
2.999935725971721381e-02
2.999935725971677666e-02
2.999935725971838302e-02
2.999935725971755729e-02
2.999935725971798750e-02
2.999935725971746708e-02
2.999935725971721728e-02
2.999935725971805342e-02
2.999935725971732484e-02
2.999935725971837955e-02
2.999935725971707157e-02
2.999935725971891731e-02
2.999935725971725892e-02
2.999935725971800138e-02
2.999935725971875772e-02
2.999935725971729361e-02
2.999935725971691891e-02
2.999935725971669687e-02
2.999935725971746361e-02
2.999935725971775852e-02
2.999935725971809505e-02
2.999935725971667605e-02
2.999935725971661360e-02
2.999935725971824424e-02
2.999935725971745321e-02
2.999935725971758851e-02
2.999935725971761974e-02
2.999935725971835873e-02
2.999935725971878200e-02
2.999935725971712361e-02
2.999935725971799444e-02
2.999935725971794934e-02
2.999935725971640543e-02
2.999935725971708891e-02
2.999935725971802913e-02
2.999935725971848710e-02
2.999935725971795281e-02
2.999935725971782097e-02
2.999935725971642625e-02
2.999935725971759545e-02
2.999935725971740463e-02
2.999935725971670034e-02
2.999935725971776546e-02
2.999935725971804995e-02
2.999935725971728667e-02
2.999935725971698136e-02
2.999935725971734565e-02
2.999935725971686340e-02
2.999935725971787648e-02
2.999935725971807771e-02
2.999935725971849751e-02
2.999935725971769260e-02
2.999935725971660666e-02
2.999935725971706810e-02
2.999935725971799097e-02
2.999935725971746708e-02
2.999935725971847322e-02
2.999935725971728667e-02
2.999935725971698136e-02
2.999935725971764056e-02
2.999935725971802220e-02
2.999935725971695361e-02
2.999935725971845241e-02
2.999935725971844894e-02
2.999935725971679054e-02
2.999935725971741851e-02
2.999935725971758851e-02
2.999935725971750872e-02
2.999935725971680442e-02
2.999935725971757117e-02
2.999935725971768566e-02
2.999935725971811587e-02
2.999935725971637768e-02
2.999935725971807077e-02
2.999935725971721034e-02
2.999935725971804648e-02
2.999935725971768219e-02
2.999935725971840036e-02
2.999935725971767178e-02
2.999935725971723463e-02
2.999935725971618339e-02
2.999935725971727626e-02
2.999935725971821301e-02
2.999935725971787648e-02
2.999935725971722422e-02
2.999935725971751219e-02
2.999935725971799097e-02
2.999935725971714096e-02
2.999935725971766137e-02
2.999935725971782097e-02
2.999935725971716177e-02
2.999935725971768913e-02
2.999935725971672462e-02
2.999935725971780709e-02
2.999935725971694667e-02
2.999935725971714789e-02
2.999935725971791117e-02
2.999935725971630135e-02
2.999935725971737688e-02
2.999935725971780015e-02
2.999935725971795628e-02
2.999935725971740116e-02
2.999935725971746708e-02
2.999935725971768913e-02
2.999935725971776893e-02
2.999935725971781403e-02
2.999935725971745668e-02
2.999935725971724504e-02
2.999935725971723116e-02
2.999935725971751219e-02
2.999935725971792505e-02
2.999935725971726239e-02
2.999935725971789729e-02
2.999935725971759892e-02
2.999935725971765790e-02
2.999935725971787301e-02
2.999935725971759545e-02
2.999935725971765790e-02
2.999935725971777933e-02
2.999935725971706463e-02
2.999935725971789383e-02
2.999935725971705075e-02
2.999935725971752953e-02
2.999935725971783831e-02
2.999935725971698830e-02
2.999935725971765443e-02
2.999935725971743239e-02
2.999935725971764056e-02
2.999935725971731443e-02
2.999935725971737688e-02
2.999935725971711320e-02
2.999935725971781403e-02
2.999935725971736300e-02
2.999935725971759892e-02
2.999935725971782791e-02
2.999935725971727279e-02
2.999935725971739076e-02
2.999935725971700912e-02
2.999935725971760586e-02
2.999935725971774464e-02
2.999935725971744627e-02
2.999935725971774464e-02
2.999935725971750872e-02
2.999935725971744627e-02
2.999935725971761974e-02
2.999935725971748096e-02
2.999935725971752606e-02
2.999935725971773770e-02
2.999935725971753994e-02
2.999935725971736994e-02
2.999935725971733524e-02
2.999935725971752259e-02
2.999935725971750872e-02
2.999935725971764749e-02
2.999935725971736300e-02
2.999935725971745321e-02
2.999935725971722422e-02
2.999935725971761974e-02
2.999935725971742545e-02
2.999935725971777239e-02
2.999935725971733524e-02
2.999935725971769954e-02
2.999935725971745321e-02
2.999935725971729361e-02
2.999935725971759892e-02
2.999935725971741851e-02
2.999935725971746708e-02
2.999935725971744280e-02
2.999935725971750872e-02
2.999935725971751219e-02
2.999935725971776893e-02
2.999935725971754341e-02
2.999935725971752953e-02
2.999935725971747749e-02
2.999935725971759198e-02
2.999935725971752606e-02
2.999935725971759545e-02
2.999935725971749831e-02
2.999935725971756423e-02
2.999935725971759198e-02
2.999935725971769260e-02
2.999935725971766831e-02
2.999935725971759892e-02
2.999935725971759198e-02
2.999935725971768566e-02
2.999935725971761627e-02
2.999935725971759198e-02
2.999935725971763709e-02
2.999935725971758158e-02
2.999935725971763362e-02
2.999935725971762321e-02
2.999935725971762668e-02
2.999935725971763015e-02
2.999935725971759892e-02
2.999935725971767525e-02
2.999935725971772729e-02
2.999935725971774464e-02
2.999935725971770301e-02
2.999935725971771688e-02
2.999935725971770994e-02
2.999935725971768913e-02
2.999935725971768219e-02
2.999935725971768913e-02
2.999935725971770994e-02
2.999935725971770301e-02
2.999935725971772382e-02
2.999935725971769260e-02
2.999935725971770648e-02
2.999935725971772035e-02
2.999935725971773076e-02
2.999935725971773423e-02
2.999935725971775505e-02
2.999935725971773770e-02
2.999935725971774464e-02
2.999935725971775505e-02
2.999935725971775852e-02
2.999935725971775852e-02
2.999935725971776199e-02
2.999935725971777239e-02
2.999935725971778627e-02
2.999935725971778280e-02
2.999935725971778974e-02
2.999935725971780362e-02
2.999935725971781056e-02
2.999935725971780709e-02
2.999935725971780709e-02
2.999935725971781750e-02
2.999935725971782444e-02
2.999935725971783831e-02
2.999935725971785219e-02
2.999935725971784525e-02
2.999935725971786607e-02
2.999935725971787648e-02
2.999935725971787995e-02
2.999935725971790076e-02
2.999935725971790770e-02
2.999935725971792505e-02
2.999935725971792505e-02
2.999935725971794240e-02
2.999935725971796668e-02
2.999935725971799097e-02
2.999935725971799444e-02
2.999935725971800485e-02
2.999935725971801179e-02
2.999935725971801873e-02
2.999935725971799444e-02
2.999935725971801873e-02
2.999935725971805342e-02
2.999935725971806036e-02
2.999935725971803954e-02
2.999935725971805342e-02
2.999935725971810546e-02
2.999935725971802913e-02
2.999935725971812975e-02
2.999935725971805689e-02
2.999935725971814363e-02
2.999935725971808811e-02
2.999935725971811240e-02
2.999935725971818873e-02
2.999935725971812975e-02
2.999935725971814016e-02
2.999935725971816097e-02
2.999935725971823036e-02
2.999935725971819914e-02
2.999935725971814016e-02
2.999935725971826506e-02
2.999935725971817485e-02
2.999935725971820608e-02
2.999935725971815403e-02
2.999935725971817485e-02
2.999935725971830322e-02
2.999935725971820608e-02
2.999935725971817485e-02
2.999935725971821648e-02
2.999935725971826159e-02
2.999935725971837608e-02
2.999935725971828934e-02
2.999935725971822342e-02
2.999935725971834138e-02
2.999935725971813669e-02
2.999935725971829975e-02
2.999935725971839343e-02
2.999935725971854261e-02
2.999935725971842465e-02
2.999935725971846281e-02
2.999935725971815056e-02
2.999935725971857384e-02
2.999935725971839343e-02
2.999935725971834485e-02
2.999935725971823730e-02
2.999935725971825465e-02
2.999935725971819567e-02
2.999935725971850445e-02
2.999935725971849404e-02
2.999935725971841077e-02
2.999935725971837608e-02
2.999935725971842465e-02
2.999935725971860506e-02
2.999935725971852873e-02
2.999935725971849751e-02
2.999935725971881323e-02
2.999935725971816444e-02
2.999935725971856343e-02
2.999935725971867445e-02
2.999935725971835526e-02
2.999935725971816791e-02
2.999935725971873690e-02
2.999935725971842465e-02
2.999935725971874037e-02
2.999935725971852873e-02
2.999935725971851486e-02
2.999935725971831016e-02
2.999935725971859118e-02
2.999935725971829975e-02
2.999935725971836567e-02
2.999935725971847322e-02
2.999935725971839690e-02
2.999935725971804301e-02
2.999935725971843159e-02
2.999935725971851486e-02
2.999935725971861200e-02
2.999935725971851486e-02
2.999935725971872302e-02
2.999935725971847669e-02
2.999935725971836914e-02
2.999935725971908385e-02
2.999935725971854261e-02
2.999935725971879935e-02
2.999935725971905609e-02
2.999935725971872302e-02
2.999935725971858078e-02
2.999935725971889650e-02
2.999935725971853567e-02
2.999935725971884098e-02
2.999935725971804648e-02
2.999935725971826506e-02
2.999935725971913936e-02
2.999935725971861894e-02
2.999935725971862588e-02
2.999935725971885833e-02
2.999935725971855302e-02
2.999935725971870221e-02
2.999935725971913242e-02
2.999935725971839690e-02
2.999935725971912895e-02
2.999935725971897282e-02
2.999935725971901099e-02
2.999935725971861200e-02
2.999935725971827546e-02
2.999935725971886527e-02
2.999935725971862588e-02
2.999935725971938916e-02
2.999935725971900752e-02
2.999935725971852180e-02
2.999935725971837955e-02
2.999935725971849404e-02
2.999935725971883405e-02
2.999935725971830669e-02
2.999935725971889650e-02
2.999935725971847669e-02
2.999935725971921568e-02
2.999935725971918099e-02
2.999935725971888609e-02
2.999935725971898670e-02
2.999935725971789036e-02
2.999935725971893813e-02
2.999935725971848016e-02
2.999935725971861894e-02
2.999935725971869527e-02
2.999935725971938222e-02
2.999935725971921568e-02
2.999935725971968753e-02
2.999935725971806730e-02
2.999935725971956610e-02
2.999935725971866057e-02
2.999935725971931977e-02
2.999935725971837261e-02
2.999935725971911507e-02
2.999935725971925732e-02
2.999935725971925385e-02
2.999935725971837608e-02
2.999935725971827200e-02
2.999935725971879588e-02
2.999935725971858078e-02
2.999935725971841077e-02
2.999935725971876813e-02
2.999935725971905262e-02
2.999935725971908385e-02
2.999935725971885833e-02
2.999935725971884445e-02
2.999935725971944120e-02
2.999935725972089490e-02
2.999935725971995468e-02
2.999935725971979161e-02
2.999935725971853914e-02
2.999935725971948630e-02
2.999935725971888956e-02
2.999935725971896935e-02
2.999935725971876466e-02
2.999935725971932671e-02
2.999935725971906997e-02
2.999935725971950018e-02
2.999935725971940997e-02
2.999935725971939610e-02
2.999935725972029815e-02
2.999935725971871608e-02
2.999935725971891731e-02
2.999935725971917058e-02
2.999935725971945855e-02
2.999935725971986794e-02
2.999935725971878200e-02
2.999935725971974304e-02
2.999935725971797362e-02
2.999935725971851833e-02
2.999935725971838302e-02
2.999935725971906303e-02
2.999935725971960079e-02
2.999935725971917405e-02
2.999935725971956263e-02
2.999935725971988182e-02
2.999935725971903180e-02
2.999935725971928507e-02
2.999935725971911160e-02
2.999935725971941691e-02
2.999935725971878547e-02
2.999935725971912548e-02
2.999935725971966671e-02
2.999935725971947589e-02
2.999935725971960079e-02
2.999935725972016631e-02
2.999935725971906997e-02
2.999935725971969794e-02
2.999935725971876813e-02
2.999935725971900058e-02
2.999935725971940303e-02
2.999935725972008305e-02
2.999935725972007958e-02
2.999935725972035713e-02
2.999935725971929201e-02
2.999935725971936487e-02
2.999935725972014203e-02
2.999935725971905262e-02
2.999935725971951753e-02
2.999935725971946895e-02
2.999935725971991651e-02
2.999935725971870221e-02
2.999935725971934752e-02
2.999935725971841424e-02
2.999935725971951406e-02
2.999935725971842118e-02
2.999935725971948977e-02
2.999935725972010039e-02
2.999935725971984712e-02
2.999935725971997896e-02
2.999935725971919487e-02
2.999935725972153674e-02
2.999935725971945508e-02
2.999935725971835179e-02
2.999935725971935446e-02
2.999935725971917405e-02
2.999935725971950018e-02
2.999935725972067979e-02
2.999935725972104408e-02
2.999935725971896588e-02
2.999935725971975345e-02
2.999935725971991651e-02
2.999935725971925385e-02
2.999935725971982631e-02
2.999935725972061734e-02
2.999935725972052367e-02
2.999935725972038142e-02
2.999935725971937181e-02
2.999935725971895895e-02
2.999935725971945855e-02
2.999935725971908038e-02
2.999935725971926079e-02
2.999935725971886180e-02
2.999935725971939610e-02
2.999935725972066938e-02
2.999935725972021142e-02
2.999935725972124184e-02
2.999935725972088102e-02
2.999935725972181430e-02
2.999935725972043346e-02
2.999935725972077000e-02
2.999935725971891731e-02
2.999935725972046816e-02
2.999935725971974651e-02
2.999935725971860506e-02
2.999935725971934058e-02
2.999935725972055489e-02
2.999935725971894507e-02
2.999935725972023570e-02
2.999935725972032591e-02
2.999935725971929895e-02
2.999935725972118633e-02
2.999935725971821648e-02
2.999935725972067979e-02
2.999935725972138062e-02
2.999935725972020795e-02
2.999935725971970141e-02
2.999935725971882017e-02
2.999935725972085326e-02
2.999935725971904915e-02
2.999935725972088449e-02
2.999935725972100592e-02
2.999935725972035366e-02
2.999935725972111694e-02
2.999935725972022182e-02
2.999935725971966324e-02
2.999935725972181083e-02
2.999935725972089490e-02
2.999935725972018366e-02
2.999935725972031897e-02
2.999935725971942385e-02
2.999935725971978467e-02
2.999935725971997202e-02
2.999935725972083245e-02
2.999935725972054795e-02
2.999935725972191491e-02
2.999935725972040917e-02
2.999935725972092959e-02
2.999935725971956957e-02
2.999935725971919834e-02
2.999935725971985753e-02
2.999935725972137368e-02
2.999935725971960773e-02
2.999935725972052020e-02
2.999935725971844200e-02
2.999935725971906650e-02
2.999935725972116898e-02
2.999935725972271983e-02
2.999935725972170675e-02
2.999935725972043346e-02
2.999935725971921222e-02
2.999935725972135633e-02
2.999935725972097816e-02
2.999935725971981937e-02
2.999935725972095041e-02
2.999935725972020101e-02
2.999935725972074224e-02
2.999935725971987141e-02
2.999935725972047856e-02
2.999935725972018713e-02
2.999935725972031203e-02
2.999935725971971875e-02
2.999935725972097816e-02
2.999935725972242839e-02
2.999935725972115164e-02
2.999935725972004141e-02
2.999935725971951406e-02
2.999935725972106490e-02
2.999935725972227574e-02
2.999935725972110653e-02
2.999935725971990957e-02
2.999935725972190798e-02
2.999935725972074224e-02
2.999935725972131470e-02
2.999935725972190104e-02
2.999935725972135286e-02
2.999935725972193920e-02
2.999935725972084632e-02
2.999935725971959039e-02
2.999935725972288636e-02
2.999935725972113776e-02
2.999935725972158532e-02
2.999935725972254635e-02
2.999935725972074224e-02
2.999935725971994427e-02
2.999935725972155062e-02
2.999935725972044387e-02
2.999935725972096429e-02
2.999935725972145695e-02
2.999935725972170328e-02
2.999935725971992345e-02
2.999935725972142225e-02
2.999935725972107531e-02
2.999935725972162001e-02
2.999935725972098163e-02
2.999935725972120368e-02
2.999935725971933365e-02
2.999935725972047856e-02
2.999935725972106143e-02
2.999935725972162695e-02
2.999935725972145348e-02
2.999935725972124531e-02
2.999935725972226186e-02
2.999935725972163042e-02
2.999935725972094347e-02
2.999935725972092959e-02
2.999935725972217165e-02
2.999935725972245962e-02
2.999935725972048550e-02
2.999935725971888262e-02
2.999935725972039183e-02
2.999935725972128694e-02
2.999935725972135286e-02
2.999935725972279615e-02
2.999935725972043346e-02
2.999935725972301473e-02
2.999935725972340678e-02
2.999935725972303208e-02
2.999935725972045775e-02
2.999935725972061040e-02
2.999935725972069714e-02
2.999935725971991304e-02
2.999935725972074918e-02
2.999935725972200512e-02
2.999935725972176920e-02
2.999935725972244227e-02
2.999935725972201900e-02
2.999935725972247003e-02
2.999935725972009692e-02
2.999935725972255329e-02
2.999935725972203981e-02
2.999935725972236594e-02
2.999935725972240064e-02
2.999935725972089490e-02
2.999935725972252554e-02
2.999935725972097122e-02
2.999935725972074918e-02
2.999935725972362535e-02
2.999935725972357331e-02
2.999935725972441292e-02
2.999935725972201206e-02
2.999935725972101286e-02
2.999935725972106837e-02
2.999935725972194961e-02
2.999935725972197736e-02
2.999935725972166511e-02
2.999935725971954181e-02
2.999935725972020448e-02
2.999935725972009345e-02
2.999935725972244227e-02
2.999935725972203635e-02
2.999935725971950712e-02
2.999935725972342065e-02
2.999935725972183859e-02
2.999935725972161654e-02
2.999935725972171369e-02
2.999935725972045081e-02
2.999935725972194267e-02
2.999935725972156797e-02
2.999935725972111000e-02
2.999935725972078387e-02
2.999935725972133899e-02
2.999935725972188369e-02
2.999935725972152634e-02
2.999935725972013856e-02
2.999935725971745668e-02
2.999935725972126266e-02
2.999935725972099898e-02
2.999935725972171716e-02
2.999935725972165471e-02
2.999935725972096429e-02
2.999935725971855649e-02
2.999935725972202941e-02
2.999935725972090877e-02
2.999935725972011774e-02
2.999935725972289330e-02
2.999935725971986794e-02
2.999935725972213349e-02
2.999935725972017672e-02
2.999935725972449271e-02
2.999935725972271983e-02
2.999935725972021489e-02
2.999935725972479456e-02
2.999935725972423944e-02
2.999935725972084286e-02
2.999935725972024958e-02
2.999935725972163736e-02
2.999935725972417006e-02
2.999935725972001019e-02
2.999935725972376066e-02
2.999935725972655703e-02
2.999935725971984019e-02
2.999935725972188369e-02
2.999935725972376760e-02
2.999935725972353862e-02
2.999935725972335820e-02
2.999935725972179001e-02
2.999935725972280309e-02
2.999935725972101286e-02
2.999935725971916017e-02
2.999935725971933712e-02
2.999935725972290024e-02
2.999935725971999978e-02
2.999935725972297310e-02
2.999935725972054101e-02
2.999935725971959039e-02
2.999935725972101633e-02
2.999935725972257758e-02
2.999935725972166511e-02
2.999935725972037448e-02
2.999935725972295228e-02
2.999935725972447537e-02
2.999935725971973957e-02
2.999935725972086714e-02
2.999935725972079775e-02
2.999935725972116551e-02
2.999935725972183512e-02
2.999935725972002060e-02
2.999935725972154715e-02
2.999935725972397577e-02
2.999935725972010733e-02
2.999935725972252554e-02
2.999935725971978814e-02
2.999935725972203635e-02
2.999935725972166511e-02
2.999935725972143960e-02
2.999935725972494027e-02
2.999935725972153674e-02
2.999935725972349004e-02
2.999935725972236941e-02
2.999935725972547457e-02
2.999935725972289330e-02
2.999935725972245962e-02
2.999935725972097469e-02
2.999935725972147083e-02
2.999935725972486741e-02
