2.999935822731046586e-02
2.999935822731216589e-02
2.999935822730986565e-02
2.999935822731273488e-02
2.999935822730992810e-02
2.999935822731325877e-02
2.999935822731385551e-02
2.999935822731752619e-02
2.999935822731133669e-02
2.999935822731412266e-02
2.999935822731329693e-02
2.999935822731289101e-02
2.999935822730892890e-02
2.999935822730922727e-02
2.999935822731177038e-02
2.999935822731352592e-02
2.999935822731343918e-02
2.999935822731122914e-02
2.999935822731073301e-02
2.999935822731231508e-02
2.999935822731068791e-02
2.999935822731394572e-02
2.999935822731290488e-02
2.999935822731561452e-02
2.999935822731099669e-02
2.999935822731403245e-02
2.999935822731377918e-02
2.999935822731253365e-02
2.999935822731559718e-02
2.999935822731170099e-02
2.999935822731053525e-02
2.999935822731415042e-02
2.999935822731223875e-02
2.999935822731173568e-02
2.999935822731063934e-02
2.999935822731278345e-02
2.999935822731373061e-02
2.999935822731237406e-02
2.999935822731316162e-02
2.999935822731333857e-02
2.999935822730993851e-02
2.999935822731080934e-02
2.999935822731739435e-02
2.999935822731599616e-02
2.999935822731237406e-02
2.999935822731266202e-02
2.999935822731419552e-02
2.999935822731131935e-02
2.999935822731233243e-02
2.999935822731123261e-02
2.999935822731258223e-02
2.999935822731313734e-02
2.999935822731119445e-02
2.999935822731288060e-02
2.999935822731231161e-02
2.999935822731176344e-02
2.999935822731100016e-02
2.999935822731298815e-02
2.999935822731503166e-02
2.999935822731127771e-02
2.999935822731313734e-02
2.999935822730827317e-02
2.999935822731200977e-02
2.999935822731333510e-02
2.999935822731023341e-02
2.999935822731258916e-02
2.999935822731263427e-02
2.999935822730998708e-02
2.999935822731310958e-02
2.999935822731167323e-02
2.999935822731634311e-02
2.999935822731405327e-02
2.999935822731418164e-02
2.999935822730836685e-02
2.999935822731104179e-02
2.999935822731157262e-02
2.999935822731443144e-02
2.999935822731381735e-02
2.999935822731242957e-02
2.999935822731263080e-02
2.999935822731027157e-02
2.999935822731339408e-02
2.999935822731025770e-02
2.999935822731450777e-02
2.999935822731156221e-02
2.999935822731104873e-02
2.999935822731213467e-02
2.999935822731356061e-02
2.999935822731009116e-02
2.999935822731245733e-02
2.999935822731232549e-02
2.999935822731208956e-02
2.999935822731106261e-02
2.999935822731192997e-02
2.999935822731417123e-02
2.999935822731154833e-02
2.999935822731230467e-02
2.999935822731147200e-02
2.999935822731141302e-02
2.999935822731383817e-02
2.999935822731187793e-02
2.999935822731117363e-02
2.999935822731061158e-02
2.999935822731152404e-02
2.999935822731162119e-02
2.999935822731195773e-02
2.999935822731169405e-02
2.999935822731119792e-02
2.999935822731156915e-02
2.999935822731194038e-02
2.999935822731081281e-02
2.999935822731118057e-02
2.999935822731137486e-02
2.999935822731070525e-02
2.999935822731152751e-02
2.999935822731388674e-02
2.999935822731182589e-02
2.999935822731304019e-02
2.999935822731239141e-02
2.999935822731333857e-02
2.999935822731224916e-02
2.999935822731193691e-02
2.999935822731134710e-02
2.999935822731103138e-02
2.999935822731081281e-02
2.999935822731274182e-02
2.999935822731172180e-02
2.999935822731308876e-02
2.999935822731154139e-02
2.999935822731110424e-02
2.999935822731279733e-02
2.999935822731209650e-02
2.999935822731289101e-02
2.999935822731081975e-02
2.999935822731078852e-02
2.999935822731235324e-02
2.999935822731072954e-02
2.999935822731200977e-02
2.999935822730976850e-02
2.999935822731147200e-02
2.999935822731131935e-02
2.999935822731041035e-02
2.999935822731126731e-02
2.999935822731092730e-02
2.999935822731152057e-02
2.999935822731170793e-02
2.999935822731191609e-02
2.999935822731209997e-02
2.999935822731109036e-02
2.999935822731274876e-02
2.999935822731252671e-02
2.999935822731107649e-02
2.999935822731129159e-02
2.999935822731140261e-02
2.999935822731230814e-02
2.999935822731090995e-02
2.999935822731178078e-02
2.999935822731118057e-02
2.999935822731384510e-02
2.999935822730982055e-02
2.999935822731158303e-02
2.999935822731209997e-02
2.999935822731237406e-02
2.999935822731075730e-02
2.999935822731189528e-02
2.999935822731166629e-02
2.999935822731069485e-02
2.999935822731332469e-02
2.999935822731098628e-02
2.999935822731179119e-02
2.999935822731158303e-02
2.999935822731267937e-02
2.999935822731131241e-02
2.999935822730940421e-02
2.999935822731036178e-02
2.999935822731183283e-02
2.999935822731208263e-02
2.999935822731030627e-02
2.999935822731002177e-02
2.999935822731042423e-02
2.999935822731104179e-02
2.999935822731090301e-02
2.999935822731180507e-02
2.999935822731139567e-02
2.999935822731199242e-02
2.999935822731206181e-02
2.999935822731139567e-02
2.999935822731213814e-02
2.999935822731160384e-02
2.999935822731172874e-02
2.999935822731092383e-02
2.999935822731234283e-02
2.999935822731299856e-02
2.999935822731161425e-02
2.999935822731071566e-02
2.999935822731122220e-02
2.999935822731061852e-02
2.999935822731294999e-02
2.999935822731057342e-02
2.999935822731090301e-02
2.999935822731119445e-02
2.999935822731081975e-02
2.999935822731205487e-02
2.999935822731233243e-02
2.999935822731063587e-02
2.999935822731147200e-02
2.999935822731370286e-02
2.999935822731297427e-02
2.999935822731116322e-02
2.999935822731109036e-02
2.999935822731177731e-02
2.999935822731043117e-02
2.999935822731035484e-02
2.999935822731140261e-02
2.999935822731153445e-02
2.999935822731122914e-02
2.999935822731250590e-02
2.999935822731021606e-02
2.999935822731029586e-02
2.999935822731048668e-02
2.999935822731269325e-02
2.999935822731120832e-02
2.999935822731200630e-02
2.999935822731140955e-02
2.999935822731098281e-02
2.999935822731182589e-02
2.999935822731181201e-02
2.999935822731222487e-02
2.999935822731052831e-02
2.999935822731198548e-02
2.999935822731174956e-02
2.999935822731261345e-02
2.999935822731190221e-02
2.999935822731143731e-02
2.999935822731095159e-02
2.999935822731229773e-02
2.999935822731138180e-02
2.999935822731215548e-02
2.999935822731094812e-02
2.999935822731199936e-02
2.999935822731204793e-02
2.999935822731012933e-02
2.999935822731108342e-02
2.999935822731159690e-02
2.999935822731033402e-02
2.999935822731098628e-02
2.999935822731063934e-02
2.999935822731013280e-02
2.999935822731103832e-02
2.999935822731118751e-02
2.999935822731254753e-02
2.999935822731113547e-02
2.999935822731068791e-02
2.999935822731150670e-02
2.999935822731037913e-02
2.999935822731191609e-02
2.999935822731075730e-02
2.999935822730940768e-02
2.999935822731066362e-02
2.999935822731218671e-02
2.999935822731175997e-02
2.999935822731054566e-02
2.999935822731148935e-02
2.999935822731146853e-02
2.999935822731077811e-02
2.999935822731097934e-02
2.999935822731169752e-02
2.999935822731118751e-02
2.999935822731164548e-02
2.999935822731047974e-02
2.999935822731095852e-02
2.999935822731103485e-02
2.999935822731149976e-02
2.999935822731154139e-02
2.999935822730987606e-02
2.999935822731138874e-02
2.999935822731270019e-02
2.999935822731201324e-02
2.999935822731010504e-02
2.999935822730991422e-02
2.999935822731172527e-02
2.999935822731127771e-02
2.999935822731073995e-02
2.999935822731078852e-02
2.999935822731054219e-02
2.999935822731162119e-02
2.999935822731234630e-02
2.999935822731146506e-02
2.999935822731010504e-02
2.999935822731074342e-02
2.999935822731089607e-02
2.999935822731046586e-02
2.999935822731082669e-02
2.999935822731047974e-02
2.999935822731287366e-02
2.999935822731072954e-02
2.999935822731168017e-02
2.999935822731109036e-02
2.999935822731170099e-02
2.999935822731104526e-02
2.999935822731062546e-02
2.999935822731147200e-02
2.999935822731123955e-02
2.999935822731223181e-02
2.999935822731071566e-02
2.999935822731098281e-02
2.999935822731204099e-02
2.999935822731204099e-02
2.999935822731160384e-02
2.999935822731002524e-02
2.999935822731066709e-02
2.999935822731060117e-02
2.999935822731122567e-02
2.999935822731136792e-02
2.999935822731136098e-02
2.999935822731139914e-02
2.999935822731043117e-02
2.999935822731141302e-02
2.999935822731157262e-02
2.999935822731245733e-02
2.999935822731108342e-02
2.999935822731204099e-02
2.999935822731156568e-02
2.999935822731109036e-02
2.999935822731169752e-02
2.999935822731134710e-02
2.999935822731122220e-02
2.999935822731145119e-02
2.999935822731025076e-02
2.999935822731181201e-02
2.999935822731176344e-02
2.999935822731063587e-02
2.999935822731034790e-02
2.999935822731106261e-02
2.999935822731242263e-02
2.999935822731123955e-02
2.999935822731136098e-02
2.999935822731225610e-02
2.999935822731155874e-02
2.999935822731126384e-02
2.999935822731247120e-02
2.999935822731077811e-02
2.999935822731115281e-02
2.999935822731145812e-02
2.999935822731129506e-02
2.999935822731030627e-02
2.999935822731118751e-02
2.999935822731180160e-02
2.999935822731245386e-02
2.999935822731186405e-02
2.999935822731123608e-02
2.999935822731178078e-02
2.999935822731164548e-02
2.999935822731090648e-02
2.999935822731196466e-02
2.999935822731180160e-02
2.999935822731178425e-02
2.999935822731158996e-02
2.999935822731107302e-02
2.999935822731174262e-02
2.999935822731179813e-02
2.999935822731080587e-02
2.999935822731174262e-02
2.999935822731095159e-02
2.999935822731216589e-02
2.999935822731133322e-02
2.999935822731219365e-02
2.999935822731115975e-02
2.999935822731081628e-02
2.999935822731152057e-02
2.999935822731183976e-02
2.999935822731161078e-02
2.999935822731186405e-02
2.999935822731078505e-02
2.999935822731103832e-02
2.999935822731154833e-02
2.999935822731138874e-02
2.999935822731123608e-02
2.999935822731182589e-02
2.999935822731187446e-02
2.999935822731219365e-02
2.999935822731174956e-02
2.999935822731152057e-02
2.999935822731125690e-02
2.999935822731162466e-02
2.999935822731183976e-02
2.999935822731150323e-02
2.999935822731159690e-02
2.999935822731148588e-02
2.999935822731136098e-02
2.999935822731145812e-02
2.999935822731201671e-02
2.999935822731183629e-02
2.999935822731147894e-02
2.999935822731163507e-02
2.999935822731170446e-02
2.999935822731163160e-02
2.999935822731179119e-02
2.999935822731132282e-02
2.999935822731113894e-02
2.999935822731125690e-02
2.999935822731108342e-02
2.999935822731163160e-02
2.999935822731138527e-02
2.999935822731172180e-02
2.999935822731147894e-02
2.999935822731153445e-02
2.999935822731140955e-02
2.999935822731102097e-02
2.999935822731158303e-02
2.999935822731208609e-02
2.999935822731135404e-02
2.999935822731162119e-02
2.999935822731141649e-02
2.999935822731173221e-02
2.999935822731178425e-02
2.999935822731134710e-02
2.999935822731135751e-02
2.999935822731157609e-02
2.999935822731140608e-02
2.999935822731105567e-02
2.999935822731195773e-02
2.999935822731146506e-02
2.999935822731152751e-02
2.999935822731125690e-02
2.999935822731122914e-02
2.999935822731144425e-02
2.999935822731176344e-02
2.999935822731139914e-02
2.999935822731127077e-02
2.999935822731141649e-02
2.999935822731169752e-02
2.999935822731154833e-02
2.999935822731135751e-02
2.999935822731145812e-02
2.999935822731144772e-02
2.999935822731148935e-02
2.999935822731146506e-02
2.999935822731119792e-02
2.999935822731138180e-02
2.999935822731120486e-02
2.999935822731107649e-02
2.999935822731117016e-02
2.999935822731109036e-02
2.999935822731113894e-02
2.999935822731131241e-02
2.999935822731115975e-02
2.999935822731131241e-02
2.999935822731123261e-02
2.999935822731126384e-02
2.999935822731120139e-02
2.999935822731125690e-02
2.999935822731109730e-02
2.999935822731118751e-02
2.999935822731141996e-02
2.999935822731122220e-02
2.999935822731122914e-02
2.999935822731122567e-02
2.999935822731126731e-02
2.999935822731125690e-02
2.999935822731119445e-02
2.999935822731119445e-02
2.999935822731123608e-02
2.999935822731137486e-02
2.999935822731121179e-02
2.999935822731122567e-02
2.999935822731127424e-02
2.999935822731126037e-02
2.999935822731127424e-02
2.999935822731116669e-02
2.999935822731127424e-02
2.999935822731121526e-02
2.999935822731127771e-02
2.999935822731120139e-02
2.999935822731117016e-02
2.999935822731119792e-02
2.999935822731117363e-02
2.999935822731115975e-02
2.999935822731117016e-02
2.999935822731118404e-02
2.999935822731115975e-02
2.999935822731112853e-02
2.999935822731115975e-02
2.999935822731113894e-02
2.999935822731113894e-02
2.999935822731114241e-02
2.999935822731114934e-02
2.999935822731112506e-02
2.999935822731113200e-02
2.999935822731111812e-02
2.999935822731112159e-02
2.999935822731110771e-02
2.999935822731110077e-02
2.999935822731107996e-02
2.999935822731107996e-02
2.999935822731107302e-02
2.999935822731106608e-02
2.999935822731105220e-02
2.999935822731104526e-02
2.999935822731103485e-02
2.999935822731102791e-02
2.999935822731103485e-02
2.999935822731103832e-02
2.999935822731103832e-02
2.999935822731102444e-02
2.999935822731102097e-02
2.999935822731101057e-02
2.999935822731100710e-02
2.999935822731098975e-02
2.999935822731098975e-02
2.999935822731097934e-02
2.999935822731097240e-02
2.999935822731097240e-02
2.999935822731094465e-02
2.999935822731095852e-02
2.999935822731094118e-02
2.999935822731093424e-02
2.999935822731094118e-02
2.999935822731093077e-02
2.999935822731094118e-02
2.999935822731090301e-02
2.999935822731091342e-02
2.999935822731090648e-02
2.999935822731088220e-02
2.999935822731088914e-02
2.999935822731089954e-02
2.999935822731085097e-02
2.999935822731087873e-02
2.999935822731087526e-02
2.999935822731082669e-02
2.999935822731089261e-02
2.999935822731084750e-02
2.999935822731082322e-02
2.999935822731079199e-02
2.999935822731083016e-02
2.999935822731094465e-02
2.999935822731076424e-02
2.999935822731078158e-02
2.999935822731083709e-02
2.999935822731081975e-02
2.999935822731079199e-02
2.999935822731072954e-02
2.999935822731067403e-02
2.999935822731072260e-02
2.999935822731077464e-02
2.999935822731071913e-02
2.999935822731079546e-02
2.999935822731073301e-02
2.999935822731079893e-02
2.999935822731074342e-02
2.999935822731073648e-02
2.999935822731068097e-02
2.999935822731072607e-02
2.999935822731073301e-02
2.999935822731079199e-02
2.999935822731081975e-02
2.999935822731072954e-02
2.999935822731095852e-02
2.999935822731059770e-02
2.999935822731078852e-02
2.999935822731072607e-02
2.999935822731084750e-02
2.999935822731050056e-02
2.999935822731033402e-02
2.999935822731079893e-02
2.999935822731073301e-02
2.999935822731054913e-02
2.999935822731083709e-02
2.999935822731075036e-02
2.999935822731078852e-02
2.999935822731082322e-02
2.999935822731042423e-02
2.999935822731086138e-02
2.999935822731060811e-02
2.999935822731051444e-02
2.999935822731065668e-02
2.999935822731054219e-02
2.999935822731039647e-02
2.999935822731035484e-02
2.999935822731093424e-02
2.999935822731064627e-02
2.999935822731055607e-02
2.999935822731055954e-02
2.999935822731096546e-02
2.999935822731111118e-02
2.999935822731065321e-02
2.999935822731045892e-02
2.999935822731017443e-02
2.999935822731055607e-02
2.999935822731059770e-02
2.999935822731077117e-02
2.999935822731033749e-02
2.999935822731056301e-02
2.999935822731061852e-02
2.999935822731032709e-02
2.999935822731068791e-02
2.999935822731013974e-02
2.999935822731068791e-02
2.999935822731075730e-02
2.999935822731077117e-02
2.999935822731079199e-02
2.999935822731081281e-02
2.999935822731029239e-02
2.999935822731042770e-02
2.999935822731038260e-02
2.999935822731036525e-02
2.999935822731077117e-02
2.999935822731021606e-02
2.999935822731051444e-02
2.999935822731059076e-02
2.999935822731063934e-02
2.999935822731081281e-02
2.999935822731034096e-02
2.999935822731092036e-02
2.999935822731093077e-02
2.999935822731074689e-02
2.999935822731077811e-02
2.999935822731044852e-02
2.999935822731029239e-02
2.999935822731027504e-02
2.999935822731021953e-02
2.999935822731058382e-02
2.999935822731010157e-02
2.999935822731034443e-02
2.999935822731088914e-02
2.999935822731079199e-02
2.999935822730981361e-02
2.999935822731101404e-02
2.999935822731071913e-02
2.999935822731028545e-02
2.999935822730964360e-02
2.999935822731035137e-02
2.999935822731109036e-02
2.999935822731071913e-02
2.999935822731062546e-02
2.999935822730999055e-02
2.999935822731025076e-02
2.999935822731049362e-02
2.999935822731011545e-02
2.999935822731081628e-02
2.999935822731091342e-02
2.999935822730970605e-02
2.999935822730976503e-02
2.999935822731075383e-02
2.999935822731007729e-02
2.999935822731007382e-02
2.999935822731008422e-02
2.999935822731051444e-02
2.999935822731117710e-02
2.999935822731132976e-02
2.999935822731045199e-02
2.999935822731038260e-02
2.999935822731010504e-02
2.999935822731142690e-02
2.999935822731063240e-02
2.999935822731077464e-02
2.999935822731091689e-02
2.999935822731067403e-02
2.999935822730978585e-02
2.999935822731059076e-02
2.999935822731118751e-02
2.999935822731071566e-02
2.999935822731061158e-02
2.999935822731033749e-02
2.999935822731011198e-02
2.999935822731018137e-02
2.999935822731037219e-02
2.999935822731042076e-02
2.999935822731054913e-02
2.999935822730967136e-02
2.999935822731029586e-02
2.999935822731045892e-02
2.999935822731075036e-02
2.999935822731090648e-02
2.999935822731057689e-02
2.999935822730969912e-02
2.999935822731077117e-02
2.999935822731024729e-02
2.999935822730934870e-02
2.999935822730957075e-02
2.999935822731147547e-02
2.999935822730885951e-02
2.999935822731019872e-02
2.999935822731081281e-02
2.999935822731122914e-02
2.999935822731114587e-02
2.999935822730990381e-02
2.999935822731112853e-02
2.999935822731106261e-02
2.999935822730868951e-02
2.999935822731051790e-02
2.999935822730934523e-02
2.999935822731056995e-02
2.999935822730993504e-02
2.999935822731037913e-02
2.999935822731097934e-02
2.999935822731087873e-02
2.999935822731059423e-02
2.999935822731067403e-02
2.999935822731036178e-02
2.999935822731060464e-02
2.999935822731030627e-02
2.999935822731089607e-02
2.999935822731101057e-02
2.999935822731043811e-02
2.999935822731026810e-02
2.999935822731158303e-02
2.999935822731012586e-02
2.999935822731069485e-02
2.999935822731043811e-02
2.999935822730974769e-02
2.999935822731018137e-02
2.999935822731012239e-02
2.999935822731072954e-02
2.999935822730964707e-02
2.999935822731059770e-02
2.999935822731057689e-02
2.999935822730928625e-02
2.999935822730956034e-02
2.999935822730989687e-02
2.999935822731011892e-02
2.999935822731025770e-02
2.999935822731190221e-02
2.999935822730955687e-02
2.999935822731043464e-02
2.999935822731068791e-02
2.999935822731112506e-02
2.999935822730930707e-02
2.999935822730954993e-02
2.999935822731126037e-02
2.999935822731055260e-02
2.999935822731087526e-02
2.999935822730992463e-02
2.999935822731112506e-02
2.999935822731095506e-02
2.999935822731050403e-02
2.999935822731050750e-02
2.999935822731063240e-02
2.999935822731078852e-02
2.999935822730995238e-02
2.999935822731050056e-02
2.999935822730925503e-02
2.999935822731041729e-02
2.999935822731009810e-02
2.999935822730946319e-02
2.999935822731151364e-02
2.999935822730808582e-02
2.999935822730977891e-02
2.999935822731159690e-02
2.999935822731033402e-02
2.999935822731216589e-02
2.999935822730949442e-02
2.999935822731045545e-02
2.999935822730994892e-02
2.999935822730994545e-02
2.999935822730962626e-02
2.999935822730875196e-02
2.999935822731072607e-02
2.999935822731071913e-02
2.999935822731193344e-02
2.999935822730946666e-02
2.999935822731077117e-02
2.999935822730918564e-02
2.999935822730892196e-02
2.999935822730943544e-02
2.999935822730953952e-02
2.999935822731007729e-02
2.999935822730949442e-02
2.999935822730936952e-02
2.999935822731016055e-02
2.999935822731060464e-02
2.999935822731028198e-02
2.999935822730965748e-02
2.999935822731045892e-02
2.999935822731059770e-02
2.999935822731051444e-02
2.999935822730916829e-02
2.999935822731053525e-02
2.999935822730973034e-02
2.999935822731088220e-02
2.999935822731004259e-02
2.999935822731069485e-02
2.999935822731102097e-02
2.999935822730937299e-02
2.999935822731119792e-02
2.999935822730916135e-02
2.999935822731093771e-02
2.999935822731004259e-02
2.999935822730947360e-02
2.999935822730952564e-02
2.999935822731039647e-02
2.999935822730837726e-02
2.999935822730959156e-02
2.999935822730928972e-02
2.999935822730962626e-02
2.999935822730950136e-02
2.999935822731065321e-02
2.999935822731131241e-02
2.999935822731092730e-02
2.999935822730872767e-02
2.999935822730996279e-02
2.999935822731023688e-02
2.999935822731000443e-02
2.999935822730969912e-02
2.999935822731082322e-02
2.999935822731095852e-02
2.999935822730825929e-02
2.999935822730952217e-02
2.999935822730877277e-02
2.999935822731038260e-02
2.999935822731001483e-02
2.999935822730930013e-02
2.999935822730874502e-02
2.999935822730952217e-02
2.999935822730979973e-02
2.999935822730974422e-02
2.999935822730974422e-02
2.999935822731036178e-02
2.999935822731108342e-02
2.999935822730677437e-02
2.999935822730866869e-02
2.999935822730862012e-02
2.999935822730809970e-02
2.999935822731107302e-02
2.999935822730983442e-02
2.999935822730848828e-02
2.999935822731114934e-02
2.999935822730952217e-02
2.999935822730927237e-02
2.999935822730968524e-02
2.999935822731031321e-02
2.999935822730988300e-02
2.999935822731025423e-02
2.999935822731052137e-02
2.999935822731095852e-02
2.999935822731075036e-02
2.999935822730916135e-02
2.999935822730900870e-02
2.999935822730884910e-02
2.999935822730918911e-02
2.999935822730837032e-02
2.999935822730886992e-02
2.999935822730877971e-02
2.999935822730933482e-02
2.999935822730912666e-02
2.999935822730927931e-02
2.999935822730953952e-02
2.999935822730909543e-02
2.999935822730693397e-02
2.999935822731165241e-02
2.999935822730880053e-02
2.999935822730727744e-02
2.999935822730870685e-02
2.999935822730768337e-02
2.999935822731047627e-02
2.999935822730948054e-02
2.999935822730886992e-02
2.999935822730976850e-02
2.999935822731014320e-02
2.999935822731048668e-02
2.999935822730942156e-02
2.999935822731055607e-02
2.999935822730802337e-02
2.999935822730863053e-02
2.999935822731093771e-02
2.999935822731034790e-02
2.999935822730979279e-02
2.999935822731109730e-02
2.999935822730974422e-02
2.999935822731044852e-02
2.999935822730936258e-02
2.999935822731020219e-02
2.999935822730959503e-02
2.999935822730903992e-02
2.999935822730862359e-02
2.999935822730991769e-02
2.999935822730966789e-02
2.999935822730879012e-02
2.999935822730800256e-02
2.999935822730927237e-02
2.999935822731049362e-02
2.999935822730922727e-02
2.999935822730789153e-02
2.999935822731116669e-02
2.999935822730789153e-02
2.999935822730694784e-02
2.999935822730842236e-02
2.999935822730945278e-02
2.999935822731068097e-02
2.999935822730930013e-02
2.999935822731000096e-02
2.999935822730652804e-02
2.999935822730976157e-02
2.999935822730967830e-02
2.999935822730906768e-02
2.999935822730939033e-02
2.999935822731009810e-02
2.999935822730947013e-02
2.999935822731059076e-02
2.999935822730944932e-02
2.999935822731080240e-02
2.999935822730860971e-02
2.999935822731088567e-02
2.999935822730866175e-02
2.999935822730906074e-02
2.999935822730892890e-02
2.999935822730859930e-02
2.999935822730949789e-02
2.999935822730781521e-02
2.999935822730822807e-02
2.999935822731032015e-02
2.999935822731172874e-02
2.999935822730862012e-02
2.999935822730991075e-02
2.999935822731138180e-02
2.999935822730685070e-02
2.999935822730567803e-02
2.999935822730802684e-02
2.999935822730933135e-02
2.999935822731270366e-02
2.999935822730988993e-02
2.999935822730957768e-02
2.999935822730650029e-02
2.999935822730888380e-02
2.999935822730779786e-02
2.999935822731051097e-02
2.999935822730932095e-02
2.999935822730978932e-02
2.999935822730855420e-02
2.999935822730661478e-02
2.999935822731343571e-02
2.999935822730964707e-02
2.999935822730737112e-02
2.999935822730761398e-02
2.999935822730834603e-02
2.999935822730773888e-02
2.999935822730868951e-02
2.999935822730870338e-02
2.999935822730978585e-02
2.999935822731117016e-02
2.999935822730744744e-02
2.999935822730764867e-02
2.999935822730559476e-02
2.999935822731041729e-02
2.999935822731108342e-02
2.999935822730898788e-02
2.999935822731055260e-02
2.999935822731366816e-02
2.999935822730911972e-02
2.999935822731319285e-02
2.999935822730610824e-02
2.999935822731079546e-02
2.999935822731255100e-02
2.999935822731016055e-02
2.999935822731028545e-02
2.999935822730891502e-02
2.999935822731143037e-02
2.999935822730981361e-02
2.999935822731231855e-02
2.999935822730570925e-02
2.999935822731110771e-02
2.999935822730810317e-02
2.999935822730871379e-02
2.999935822731093077e-02
2.999935822731277305e-02
2.999935822730889073e-02
2.999935822730785684e-02
2.999935822731241569e-02
2.999935822730939380e-02
2.999935822730979279e-02
2.999935822731289795e-02
2.999935822731008422e-02
2.999935822731149282e-02
2.999935822730565721e-02
2.999935822730917523e-02
2.999935822730930707e-02
2.999935822730864787e-02
2.999935822731078505e-02
2.999935822731080240e-02
2.999935822730474128e-02
2.999935822731338367e-02
2.999935822731061505e-02
2.999935822731219018e-02
2.999935822730862012e-02
2.999935822731084403e-02
2.999935822730741969e-02
2.999935822730541782e-02
2.999935822730752030e-02
2.999935822731095506e-02
2.999935822731194385e-02
2.999935822731117363e-02
2.999935822731109036e-02
2.999935822730966095e-02
2.999935822731259957e-02
2.999935822730886645e-02
2.999935822730704499e-02
2.999935822731060117e-02
2.999935822730977891e-02
