2.999935795555592338e-02
2.999935795555493459e-02
2.999935795555549317e-02
2.999935795555413662e-02
2.999935795555364743e-02
2.999935795555276619e-02
2.999935795555637788e-02
2.999935795555182944e-02
2.999935795555581930e-02
2.999935795555730075e-02
2.999935795555907711e-02
2.999935795555612461e-02
2.999935795555442458e-02
2.999935795555604828e-02
2.999935795555478193e-02
2.999935795555429968e-02
2.999935795555610379e-02
2.999935795555482704e-02
2.999935795555104534e-02
2.999935795555332130e-02
2.999935795555495888e-02
2.999935795555118065e-02
2.999935795555274537e-02
2.999935795555276619e-02
2.999935795555631890e-02
2.999935795555580889e-02
2.999935795555461193e-02
2.999935795555767198e-02
2.999935795555334905e-02
2.999935795555602747e-02
2.999935795555217985e-02
2.999935795555762688e-02
2.999935795555493459e-02
2.999935795555562501e-02
2.999935795555411580e-02
2.999935795555529194e-02
2.999935795555764076e-02
2.999935795555982998e-02
2.999935795555356416e-02
2.999935795555529194e-02
2.999935795555569440e-02
2.999935795555274537e-02
2.999935795555284945e-02
2.999935795555440723e-02
2.999935795555576726e-02
2.999935795555553480e-02
2.999935795555410539e-02
2.999935795555767545e-02
2.999935795555549664e-02
2.999935795555397355e-02
2.999935795555188495e-02
2.999935795555240883e-02
2.999935795555726953e-02
2.999935795555299864e-02
2.999935795555419560e-02
2.999935795555072268e-02
2.999935795555705442e-02
2.999935795555694340e-02
2.999935795555781770e-02
2.999935795555178433e-02
2.999935795555259271e-02
2.999935795555604134e-02
2.999935795555711687e-02
2.999935795555213822e-02
2.999935795555309925e-02
2.999935795555683238e-02
2.999935795555218332e-02
2.999935795555552787e-02
2.999935795555629808e-02
2.999935795555242618e-02
2.999935795555592685e-02
2.999935795555563542e-02
2.999935795555580889e-02
2.999935795555386253e-02
2.999935795555391110e-02
2.999935795555677687e-02
2.999935795555688789e-02
2.999935795555443846e-02
2.999935795555361273e-02
2.999935795555468826e-02
2.999935795555486173e-02
2.999935795555279047e-02
2.999935795555479581e-02
2.999935795555532664e-02
2.999935795555529194e-02
2.999935795555353987e-02
2.999935795555216250e-02
2.999935795555218332e-02
2.999935795555436907e-02
2.999935795555234638e-02
2.999935795555142698e-02
2.999935795555215903e-02
2.999935795555550011e-02
2.999935795555160045e-02
2.999935795555393886e-02
2.999935795555638482e-02
2.999935795555357110e-02
2.999935795555570134e-02
2.999935795555334211e-02
2.999935795555527460e-02
2.999935795555441070e-02
2.999935795555439683e-02
2.999935795555346701e-02
2.999935795555445928e-02
2.999935795555621482e-02
2.999935795555528500e-02
2.999935795555445234e-02
2.999935795555550011e-02
2.999935795555666931e-02
2.999935795555368212e-02
2.999935795555491030e-02
2.999935795555364396e-02
2.999935795555552787e-02
2.999935795555380008e-02
2.999935795555463275e-02
2.999935795555478887e-02
2.999935795555534745e-02
2.999935795555454948e-02
2.999935795555386253e-02
2.999935795555501786e-02
2.999935795555462928e-02
2.999935795555440377e-02
2.999935795555561807e-02
2.999935795555584012e-02
2.999935795555462581e-02
2.999935795555565277e-02
2.999935795555519480e-02
2.999935795555373069e-02
2.999935795555618359e-02
2.999935795555565624e-02
2.999935795555300905e-02
2.999935795555442805e-02
2.999935795555388335e-02
2.999935795555411233e-02
2.999935795555273149e-02
2.999935795555212087e-02
2.999935795555468826e-02
2.999935795555475071e-02
2.999935795555327273e-02
2.999935795555372028e-02
2.999935795555272455e-02
2.999935795555334905e-02
2.999935795555369600e-02
2.999935795555382784e-02
2.999935795555429274e-02
2.999935795555368906e-02
2.999935795555513582e-02
2.999935795555410192e-02
2.999935795555278006e-02
2.999935795555371681e-02
2.999935795555453907e-02
2.999935795555423376e-02
2.999935795555432050e-02
2.999935795555558338e-02
2.999935795555336293e-02
2.999935795555503867e-02
2.999935795555451479e-02
2.999935795555471948e-02
2.999935795555422682e-02
2.999935795555513929e-02
2.999935795555292578e-02
2.999935795555339416e-02
2.999935795555481316e-02
2.999935795555495888e-02
2.999935795555448009e-02
2.999935795555341150e-02
2.999935795555394580e-02
2.999935795555250945e-02
2.999935795555257884e-02
2.999935795555420254e-02
2.999935795555494500e-02
2.999935795555476459e-02
2.999935795555445581e-02
2.999935795555298476e-02
2.999935795555589216e-02
2.999935795555352946e-02
2.999935795555344620e-02
2.999935795555330395e-02
2.999935795555404294e-02
2.999935795555342538e-02
2.999935795555540990e-02
2.999935795555301599e-02
2.999935795555291884e-02
2.999935795555250251e-02
2.999935795555375845e-02
2.999935795555452173e-02
2.999935795555336987e-02
2.999935795555348089e-02
2.999935795555340803e-02
2.999935795555357804e-02
2.999935795555450438e-02
2.999935795555361967e-02
2.999935795555371681e-02
2.999935795555353987e-02
2.999935795555290496e-02
2.999935795555377926e-02
2.999935795555419213e-02
2.999935795555305068e-02
2.999935795555344273e-02
2.999935795555512541e-02
2.999935795555362314e-02
2.999935795555251639e-02
2.999935795555407764e-02
2.999935795555366130e-02
2.999935795555334211e-02
2.999935795555495888e-02
2.999935795555439683e-02
2.999935795555523296e-02
2.999935795555419907e-02
2.999935795555391457e-02
2.999935795555320334e-02
2.999935795555377926e-02
2.999935795555170454e-02
2.999935795555438295e-02
2.999935795555404988e-02
2.999935795555416090e-02
2.999935795555395274e-02
2.999935795555295354e-02
2.999935795555299517e-02
2.999935795555395274e-02
2.999935795555338375e-02
2.999935795555496235e-02
2.999935795555361273e-02
2.999935795555278700e-02
2.999935795555294660e-02
2.999935795555394927e-02
2.999935795555305068e-02
2.999935795555358151e-02
2.999935795555350171e-02
2.999935795555363702e-02
2.999935795555370988e-02
2.999935795555333864e-02
2.999935795555475418e-02
2.999935795555412621e-02
2.999935795555288415e-02
2.999935795555443152e-02
2.999935795555401866e-02
2.999935795555333864e-02
2.999935795555365436e-02
2.999935795555420254e-02
2.999935795555317558e-02
2.999935795555346008e-02
2.999935795555414703e-02
2.999935795555388335e-02
2.999935795555206536e-02
2.999935795555345661e-02
2.999935795555388335e-02
2.999935795555378620e-02
2.999935795555390416e-02
2.999935795555305068e-02
2.999935795555322415e-02
2.999935795555342538e-02
2.999935795555205842e-02
2.999935795555294660e-02
2.999935795555376539e-02
2.999935795555472295e-02
2.999935795555372722e-02
2.999935795555411580e-02
2.999935795555412274e-02
2.999935795555410192e-02
2.999935795555495888e-02
2.999935795555311313e-02
2.999935795555371681e-02
2.999935795555309578e-02
2.999935795555470908e-02
2.999935795555503867e-02
2.999935795555397355e-02
2.999935795555406723e-02
2.999935795555350171e-02
2.999935795555368906e-02
2.999935795555182944e-02
2.999935795555332130e-02
2.999935795555351559e-02
2.999935795555249210e-02
2.999935795555308884e-02
2.999935795555482010e-02
2.999935795555307844e-02
2.999935795555340456e-02
2.999935795555309231e-02
2.999935795555323803e-02
2.999935795555263088e-02
2.999935795555375151e-02
2.999935795555207230e-02
2.999935795555298476e-02
2.999935795555314436e-02
2.999935795555314783e-02
2.999935795555313395e-02
2.999935795555292231e-02
2.999935795555305068e-02
2.999935795555303680e-02
2.999935795555239842e-02
2.999935795555397702e-02
2.999935795555309925e-02
2.999935795555352946e-02
2.999935795555377926e-02
2.999935795555312007e-02
2.999935795555280782e-02
2.999935795555321028e-02
2.999935795555416090e-02
2.999935795555423376e-02
2.999935795555310619e-02
2.999935795555227006e-02
2.999935795555314783e-02
2.999935795555310619e-02
2.999935795555383478e-02
2.999935795555375151e-02
2.999935795555350518e-02
2.999935795555308538e-02
2.999935795555235679e-02
2.999935795555344620e-02
2.999935795555235332e-02
2.999935795555175658e-02
2.999935795555386947e-02
2.999935795555373069e-02
2.999935795555284598e-02
2.999935795555446968e-02
2.999935795555244700e-02
2.999935795555332824e-02
2.999935795555404294e-02
2.999935795555285639e-02
2.999935795555326926e-02
2.999935795555294660e-02
2.999935795555337334e-02
2.999935795555453213e-02
2.999935795555370641e-02
2.999935795555276272e-02
2.999935795555295701e-02
2.999935795555378273e-02
2.999935795555400131e-02
2.999935795555137147e-02
2.999935795555385906e-02
2.999935795555289456e-02
2.999935795555384518e-02
2.999935795555349477e-02
2.999935795555268292e-02
2.999935795555315129e-02
2.999935795555277313e-02
2.999935795555307844e-02
2.999935795555303680e-02
2.999935795555262047e-02
2.999935795555313048e-02
2.999935795555471602e-02
2.999935795555271068e-02
2.999935795555224924e-02
2.999935795555311660e-02
2.999935795555322762e-02
2.999935795555356416e-02
2.999935795555294313e-02
2.999935795555300905e-02
2.999935795555229434e-02
2.999935795555287374e-02
2.999935795555335599e-02
2.999935795555318252e-02
2.999935795555290149e-02
2.999935795555266210e-02
2.999935795555380355e-02
2.999935795555324150e-02
2.999935795555316517e-02
2.999935795555220067e-02
2.999935795555253373e-02
2.999935795555309231e-02
2.999935795555349477e-02
2.999935795555295007e-02
2.999935795555375498e-02
2.999935795555309231e-02
2.999935795555311313e-02
2.999935795555305762e-02
2.999935795555320681e-02
2.999935795555284945e-02
2.999935795555332824e-02
2.999935795555293966e-02
2.999935795555314783e-02
2.999935795555334905e-02
2.999935795555276272e-02
2.999935795555341150e-02
2.999935795555302293e-02
2.999935795555327273e-02
2.999935795555325191e-02
2.999935795555300211e-02
2.999935795555331783e-02
2.999935795555360579e-02
2.999935795555305068e-02
2.999935795555334211e-02
2.999935795555364743e-02
2.999935795555321028e-02
2.999935795555339069e-02
2.999935795555330048e-02
2.999935795555380008e-02
2.999935795555313395e-02
2.999935795555299517e-02
2.999935795555346008e-02
2.999935795555355028e-02
2.999935795555331783e-02
2.999935795555377233e-02
2.999935795555310966e-02
2.999935795555319987e-02
2.999935795555340109e-02
2.999935795555344967e-02
2.999935795555330048e-02
2.999935795555306109e-02
2.999935795555292578e-02
2.999935795555349130e-02
2.999935795555340456e-02
2.999935795555300905e-02
2.999935795555305415e-02
2.999935795555367171e-02
2.999935795555303333e-02
2.999935795555329354e-02
2.999935795555320334e-02
2.999935795555296394e-02
2.999935795555340803e-02
2.999935795555348436e-02
2.999935795555305068e-02
2.999935795555332477e-02
2.999935795555337681e-02
2.999935795555319640e-02
2.999935795555357457e-02
2.999935795555313395e-02
2.999935795555318252e-02
2.999935795555314436e-02
2.999935795555316864e-02
2.999935795555321721e-02
2.999935795555299517e-02
2.999935795555325191e-02
2.999935795555318946e-02
2.999935795555306109e-02
2.999935795555304374e-02
2.999935795555343232e-02
2.999935795555269680e-02
2.999935795555310619e-02
2.999935795555296741e-02
2.999935795555297435e-02
2.999935795555311313e-02
2.999935795555303680e-02
2.999935795555287721e-02
2.999935795555314089e-02
2.999935795555311313e-02
2.999935795555298823e-02
2.999935795555269680e-02
2.999935795555320334e-02
2.999935795555289109e-02
2.999935795555305068e-02
2.999935795555286680e-02
2.999935795555293272e-02
2.999935795555322415e-02
2.999935795555297435e-02
2.999935795555314783e-02
2.999935795555272455e-02
2.999935795555295007e-02
2.999935795555310966e-02
2.999935795555298823e-02
2.999935795555298823e-02
2.999935795555298476e-02
2.999935795555297435e-02
2.999935795555301252e-02
2.999935795555309578e-02
2.999935795555302986e-02
2.999935795555295007e-02
2.999935795555302293e-02
2.999935795555296048e-02
2.999935795555306456e-02
2.999935795555293966e-02
2.999935795555296048e-02
2.999935795555288762e-02
2.999935795555291884e-02
2.999935795555296741e-02
2.999935795555287721e-02
2.999935795555289456e-02
2.999935795555289109e-02
2.999935795555295354e-02
2.999935795555296394e-02
2.999935795555296741e-02
2.999935795555290149e-02
2.999935795555292231e-02
2.999935795555293272e-02
2.999935795555292578e-02
2.999935795555291537e-02
2.999935795555287721e-02
2.999935795555290496e-02
2.999935795555287027e-02
2.999935795555287721e-02
2.999935795555287721e-02
2.999935795555287027e-02
2.999935795555282170e-02
2.999935795555284251e-02
2.999935795555283558e-02
2.999935795555279741e-02
2.999935795555278006e-02
2.999935795555279047e-02
2.999935795555279741e-02
2.999935795555281823e-02
2.999935795555280782e-02
2.999935795555282517e-02
2.999935795555279047e-02
2.999935795555276619e-02
2.999935795555274537e-02
2.999935795555275231e-02
2.999935795555276272e-02
2.999935795555275231e-02
2.999935795555274537e-02
2.999935795555275231e-02
2.999935795555275925e-02
2.999935795555276619e-02
2.999935795555276272e-02
2.999935795555275578e-02
2.999935795555275925e-02
2.999935795555273149e-02
2.999935795555271414e-02
2.999935795555268986e-02
2.999935795555266557e-02
2.999935795555265169e-02
2.999935795555261700e-02
2.999935795555263435e-02
2.999935795555265169e-02
2.999935795555265169e-02
2.999935795555261353e-02
2.999935795555258924e-02
2.999935795555258231e-02
2.999935795555258924e-02
2.999935795555257537e-02
2.999935795555252679e-02
2.999935795555253373e-02
2.999935795555252332e-02
2.999935795555249557e-02
2.999935795555248863e-02
2.999935795555255802e-02
2.999935795555253026e-02
2.999935795555256496e-02
2.999935795555257884e-02
2.999935795555259965e-02
2.999935795555258231e-02
2.999935795555257537e-02
2.999935795555253373e-02
2.999935795555256149e-02
2.999935795555240189e-02
2.999935795555247822e-02
2.999935795555238455e-02
2.999935795555251292e-02
2.999935795555253026e-02
2.999935795555247822e-02
2.999935795555258924e-02
2.999935795555238802e-02
2.999935795555247128e-02
2.999935795555246781e-02
2.999935795555247475e-02
2.999935795555248169e-02
2.999935795555251639e-02
2.999935795555258231e-02
2.999935795555255455e-02
2.999935795555244700e-02
2.999935795555244006e-02
2.999935795555244700e-02
2.999935795555245394e-02
2.999935795555252679e-02
2.999935795555236373e-02
2.999935795555250251e-02
2.999935795555237761e-02
2.999935795555236026e-02
2.999935795555264129e-02
2.999935795555228740e-02
2.999935795555237067e-02
2.999935795555236720e-02
2.999935795555234985e-02
2.999935795555258577e-02
2.999935795555245741e-02
2.999935795555226659e-02
2.999935795555236373e-02
2.999935795555235679e-02
2.999935795555241230e-02
2.999935795555242618e-02
2.999935795555284251e-02
2.999935795555256496e-02
2.999935795555238108e-02
2.999935795555231863e-02
2.999935795555233251e-02
2.999935795555244006e-02
2.999935795555258577e-02
2.999935795555251639e-02
2.999935795555211393e-02
2.999935795555247475e-02
2.999935795555235679e-02
2.999935795555248169e-02
2.999935795555222495e-02
2.999935795555234638e-02
2.999935795555253720e-02
2.999935795555191270e-02
2.999935795555247128e-02
2.999935795555253720e-02
2.999935795555257190e-02
2.999935795555239842e-02
2.999935795555236373e-02
2.999935795555268986e-02
2.999935795555227006e-02
2.999935795555249557e-02
2.999935795555241924e-02
2.999935795555228740e-02
2.999935795555210699e-02
2.999935795555219720e-02
2.999935795555238108e-02
2.999935795555229781e-02
2.999935795555237414e-02
2.999935795555240883e-02
2.999935795555282170e-02
2.999935795555230475e-02
2.999935795555223189e-02
2.999935795555237414e-02
2.999935795555212434e-02
2.999935795555199597e-02
2.999935795555207924e-02
2.999935795555219026e-02
2.999935795555186413e-02
2.999935795555230128e-02
2.999935795555243312e-02
2.999935795555253720e-02
2.999935795555280782e-02
2.999935795555242965e-02
2.999935795555218679e-02
2.999935795555253026e-02
2.999935795555252332e-02
2.999935795555228046e-02
2.999935795555191964e-02
2.999935795555254761e-02
2.999935795555259271e-02
2.999935795555166290e-02
2.999935795555216250e-02
2.999935795555189882e-02
2.999935795555244700e-02
2.999935795555162821e-02
2.999935795555198903e-02
2.999935795555201679e-02
2.999935795555210005e-02
2.999935795555216944e-02
2.999935795555255802e-02
2.999935795555161433e-02
2.999935795555191964e-02
2.999935795555205842e-02
2.999935795555194046e-02
2.999935795555236373e-02
2.999935795555228046e-02
2.999935795555220761e-02
2.999935795555223536e-02
2.999935795555237414e-02
2.999935795555198209e-02
2.999935795555134371e-02
2.999935795555131943e-02
2.999935795555213475e-02
2.999935795555243659e-02
2.999935795555279047e-02
2.999935795555154494e-02
2.999935795555230128e-02
2.999935795555311660e-02
2.999935795555246087e-02
2.999935795555203413e-02
2.999935795555143392e-02
2.999935795555219373e-02
2.999935795555261700e-02
2.999935795555217291e-02
2.999935795555206883e-02
2.999935795555311660e-02
2.999935795555207924e-02
2.999935795555139229e-02
2.999935795555104187e-02
2.999935795555093432e-02
2.999935795555128820e-02
2.999935795555195781e-02
2.999935795555151025e-02
2.999935795555178780e-02
2.999935795555266210e-02
2.999935795555096207e-02
2.999935795555178433e-02
2.999935795555285986e-02
2.999935795555232210e-02
2.999935795555183637e-02
2.999935795555311313e-02
2.999935795555237761e-02
2.999935795555186066e-02
2.999935795555140616e-02
2.999935795555198556e-02
2.999935795555116677e-02
2.999935795555200638e-02
2.999935795555147555e-02
2.999935795555228740e-02
2.999935795555220761e-02
2.999935795555250598e-02
2.999935795555222148e-02
2.999935795555190923e-02
2.999935795555130208e-02
2.999935795555111820e-02
2.999935795555191270e-02
2.999935795555161780e-02
2.999935795555257884e-02
2.999935795555104881e-02
2.999935795555133677e-02
2.999935795555180862e-02
2.999935795555134024e-02
2.999935795555129167e-02
2.999935795555202719e-02
2.999935795555199250e-02
2.999935795555142351e-02
2.999935795555238108e-02
2.999935795555091697e-02
2.999935795555197862e-02
2.999935795555101412e-02
2.999935795555235679e-02
2.999935795555168372e-02
2.999935795555247822e-02
2.999935795555202026e-02
2.999935795555147555e-02
2.999935795555183637e-02
2.999935795555161433e-02
2.999935795555062207e-02
2.999935795555130902e-02
2.999935795555231516e-02
2.999935795555225965e-02
2.999935795555130208e-02
2.999935795555210699e-02
2.999935795555155882e-02
2.999935795555091003e-02
2.999935795555177739e-02
2.999935795555086493e-02
2.999935795555193352e-02
2.999935795555114942e-02
2.999935795555162821e-02
2.999935795555015369e-02
2.999935795555088922e-02
2.999935795555077125e-02
2.999935795555234638e-02
2.999935795555132984e-02
2.999935795555103840e-02
2.999935795555196127e-02
2.999935795555167678e-02
2.999935795555101412e-02
2.999935795555126739e-02
2.999935795555221801e-02
2.999935795555076085e-02
2.999935795555194740e-02
2.999935795555127432e-02
2.999935795555105922e-02
2.999935795555180515e-02
2.999935795555204454e-02
2.999935795555069493e-02
2.999935795555142698e-02
2.999935795555151719e-02
2.999935795555078513e-02
2.999935795555207230e-02
2.999935795555106963e-02
2.999935795554989001e-02
2.999935795555091697e-02
2.999935795555120147e-02
2.999935795555150678e-02
2.999935795555134371e-02
2.999935795555196127e-02
2.999935795555080942e-02
2.999935795555230822e-02
2.999935795555048329e-02
2.999935795555138188e-02
2.999935795555236720e-02
2.999935795555099677e-02
2.999935795555136453e-02
2.999935795555186413e-02
2.999935795555157964e-02
2.999935795555214862e-02
2.999935795555205842e-02
2.999935795555107657e-02
2.999935795555151372e-02
2.999935795555085105e-02
2.999935795555197515e-02
2.999935795555163862e-02
2.999935795555137147e-02
2.999935795555224577e-02
2.999935795555205148e-02
2.999935795555135065e-02
2.999935795555108003e-02
2.999935795555080248e-02
2.999935795555144780e-02
2.999935795555214516e-02
2.999935795555186066e-02
2.999935795555144086e-02
2.999935795555109391e-02
2.999935795555211393e-02
2.999935795555079207e-02
2.999935795555053186e-02
2.999935795555108003e-02
2.999935795555075044e-02
2.999935795555159004e-02
2.999935795555109391e-02
2.999935795555105228e-02
2.999935795555122575e-02
2.999935795555119106e-02
2.999935795555065676e-02
2.999935795555166637e-02
2.999935795555299864e-02
2.999935795555006002e-02
2.999935795555205148e-02
2.999935795555029594e-02
2.999935795555151372e-02
2.999935795555130208e-02
2.999935795555134718e-02
2.999935795555137841e-02
2.999935795555146167e-02
2.999935795555050411e-02
2.999935795555202026e-02
2.999935795555236373e-02
2.999935795555151719e-02
2.999935795555178086e-02
2.999935795555081636e-02
2.999935795555081636e-02
2.999935795555137147e-02
2.999935795554921694e-02
2.999935795555285639e-02
2.999935795555132290e-02
2.999935795555120147e-02
2.999935795555064982e-02
2.999935795555040002e-02
2.999935795555082677e-02
2.999935795555062207e-02
2.999935795555216250e-02
2.999935795555159351e-02
2.999935795555240883e-02
2.999935795555058737e-02
2.999935795554996287e-02
2.999935795555163515e-02
2.999935795555199250e-02
2.999935795555045553e-02
2.999935795554965062e-02
2.999935795555216597e-02
2.999935795555227006e-02
2.999935795555096207e-02
2.999935795555051798e-02
2.999935795555202372e-02
2.999935795555080248e-02
2.999935795555202026e-02
2.999935795555044166e-02
2.999935795555048329e-02
2.999935795555105922e-02
2.999935795555059084e-02
2.999935795555033410e-02
2.999935795554874163e-02
2.999935795555220414e-02
2.999935795555137147e-02
2.999935795555165943e-02
2.999935795555200638e-02
2.999935795555067064e-02
2.999935795555019186e-02
2.999935795555060819e-02
2.999935795555005308e-02
2.999935795554943899e-02
2.999935795555125351e-02
2.999935795555089962e-02
2.999935795555151025e-02
2.999935795555212087e-02
2.999935795555144780e-02
2.999935795555173923e-02
2.999935795555025778e-02
2.999935795555108003e-02
2.999935795554973389e-02
2.999935795554994206e-02
2.999935795555010859e-02
2.999935795554991083e-02
2.999935795555108697e-02
2.999935795555119106e-02
2.999935795555060125e-02
2.999935795554907469e-02
2.999935795555085799e-02
2.999935795555058043e-02
2.999935795555001838e-02
2.999935795555067758e-02
2.999935795554996634e-02
2.999935795555047288e-02
2.999935795555239842e-02
2.999935795555108697e-02
2.999935795555015716e-02
2.999935795555276966e-02
2.999935795554972695e-02
2.999935795555152412e-02
2.999935795555102799e-02
2.999935795555010859e-02
2.999935795555008777e-02
2.999935795555060125e-02
2.999935795555123269e-02
2.999935795555251986e-02
2.999935795555120147e-02
2.999935795555049717e-02
2.999935795554913021e-02
2.999935795554958470e-02
2.999935795555084064e-02
2.999935795555160045e-02
2.999935795555010165e-02
2.999935795555081289e-02
2.999935795555055268e-02
2.999935795555085799e-02
2.999935795555074697e-02
2.999935795555027859e-02
2.999935795555144780e-02
2.999935795555044166e-02
2.999935795555009471e-02
2.999935795554994206e-02
2.999935795554974777e-02
2.999935795555048329e-02
2.999935795555004961e-02
2.999935795554969226e-02
2.999935795554923429e-02
2.999935795555066023e-02
2.999935795555013288e-02
2.999935795555238802e-02
2.999935795555068452e-02
2.999935795554914408e-02
2.999935795555234291e-02
2.999935795555074697e-02
2.999935795554950838e-02
2.999935795554782916e-02
2.999935795555127779e-02
2.999935795554758283e-02
2.999935795555050064e-02
2.999935795554888388e-02
2.999935795554981716e-02
2.999935795555003226e-02
2.999935795555139575e-02
2.999935795555043472e-02
2.999935795554894286e-02
2.999935795554919613e-02
2.999935795555013635e-02
2.999935795554886653e-02
2.999935795555097942e-02
2.999935795555092738e-02
2.999935795555144433e-02
2.999935795555180168e-02
2.999935795554929674e-02
2.999935795554822815e-02
2.999935795555204454e-02
2.999935795555085799e-02
2.999935795554960205e-02
2.999935795555262741e-02
2.999935795555156576e-02
2.999935795554788814e-02
2.999935795554942858e-02
2.999935795555037227e-02
2.999935795554563994e-02
2.999935795554666343e-02
2.999935795554804774e-02
2.999935795554788814e-02
2.999935795555013635e-02
2.999935795555119800e-02
2.999935795554878326e-02
2.999935795554938348e-02
2.999935795554974777e-02
2.999935795554901224e-02
2.999935795554954654e-02
2.999935795555337681e-02
2.999935795554958123e-02
2.999935795554999757e-02
2.999935795555024043e-02
2.999935795555185719e-02
2.999935795554582729e-02
2.999935795555080595e-02
2.999935795554829754e-02
2.999935795555484785e-02
2.999935795555159351e-02
2.999935795554557055e-02
2.999935795555115289e-02
2.999935795554736426e-02
2.999935795555032023e-02
2.999935795555241924e-02
2.999935795555291190e-02
2.999935795555110432e-02
2.999935795554684731e-02
2.999935795554955348e-02
2.999935795554556014e-02
2.999935795555098289e-02
2.999935795555099330e-02
2.999935795554983103e-02
2.999935795555144780e-02
2.999935795555110432e-02
2.999935795554964021e-02
2.999935795554780488e-02
2.999935795554982756e-02
2.999935795555072615e-02
2.999935795554648302e-02
2.999935795554931756e-02
2.999935795555088228e-02
2.999935795555035492e-02
2.999935795554987961e-02
2.999935795555193352e-02
2.999935795555066370e-02
2.999935795554644832e-02
2.999935795554920306e-02
2.999935795555124657e-02
2.999935795554961593e-02
2.999935795555074350e-02
2.999935795554959164e-02
2.999935795555204801e-02
2.999935795555064982e-02
2.999935795555106963e-02
2.999935795555072268e-02
2.999935795554908510e-02
2.999935795554983450e-02
2.999935795554923082e-02
2.999935795554816570e-02
