2.999935021184722481e-02
2.999935021184579539e-02
2.999935021184747808e-02
2.999935021184761338e-02
2.999935021185020506e-02
2.999935021184690909e-02
2.999935021184964995e-02
2.999935021184715542e-02
2.999935021184886239e-02
2.999935021184550049e-02
2.999935021185244632e-02
2.999935021184517089e-02
2.999935021184641643e-02
2.999935021184737399e-02
2.999935021184369291e-02
2.999935021185107936e-02
2.999935021184666969e-02
2.999935021184369985e-02
2.999935021184377618e-02
2.999935021184315515e-02
2.999935021184738440e-02
2.999935021184639214e-02
2.999935021184332515e-02
2.999935021184760298e-02
2.999935021185106201e-02
2.999935021184632622e-02
2.999935021184640602e-02
2.999935021184896647e-02
2.999935021184866463e-02
2.999935021184570866e-02
2.999935021184625683e-02
2.999935021184696807e-02
2.999935021184653786e-02
2.999935021184589601e-02
2.999935021184844952e-02
2.999935021184912259e-02
2.999935021184521600e-02
2.999935021184834197e-02
2.999935021184530273e-02
2.999935021184958750e-02
2.999935021185040282e-02
2.999935021184734277e-02
2.999935021184593417e-02
2.999935021184830033e-02
2.999935021184637479e-02
2.999935021184804013e-02
2.999935021184629499e-02
2.999935021185032302e-02
2.999935021184471640e-02
2.999935021184828299e-02
2.999935021184264167e-02
2.999935021184517089e-02
2.999935021184466089e-02
2.999935021184670786e-02
2.999935021184226697e-02
2.999935021184406414e-02
2.999935021184206574e-02
2.999935021184556641e-02
2.999935021184669745e-02
2.999935021184674602e-02
2.999935021184722134e-02
2.999935021184441455e-02
2.999935021184368250e-02
2.999935021184530967e-02
2.999935021184574335e-02
2.999935021184622908e-02
2.999935021184381434e-02
2.999935021184733236e-02
2.999935021184578846e-02
2.999935021184751624e-02
2.999935021184239187e-02
2.999935021184798462e-02
2.999935021184246126e-02
2.999935021184785278e-02
2.999935021184345352e-02
2.999935021184882422e-02
2.999935021185010792e-02
2.999935021184411271e-02
2.999935021184692643e-02
2.999935021184657602e-02
2.999935021184673561e-02
2.999935021184539641e-02
2.999935021184634704e-02
2.999935021184544151e-02
2.999935021184893177e-02
2.999935021184409883e-02
2.999935021184773482e-02
2.999935021184773482e-02
2.999935021184669051e-02
2.999935021184831074e-02
2.999935021184881381e-02
2.999935021184835238e-02
2.999935021184433476e-02
2.999935021184625336e-02
2.999935021184628806e-02
2.999935021184722828e-02
2.999935021184809911e-02
2.999935021184475803e-02
2.999935021184653439e-02
2.999935021184663500e-02
2.999935021184681888e-02
2.999935021184732889e-02
2.999935021184657602e-02
2.999935021184810258e-02
2.999935021184498007e-02
2.999935021184576417e-02
2.999935021184592723e-02
2.999935021184625336e-02
2.999935021184568784e-02
2.999935021184501477e-02
2.999935021184561845e-02
2.999935021184612499e-02
2.999935021184581968e-02
2.999935021184562539e-02
2.999935021184479272e-02
2.999935021184679113e-02
2.999935021184546580e-02
2.999935021184408496e-02
2.999935021184631928e-02
2.999935021184854320e-02
2.999935021184485864e-02
2.999935021184584744e-02
2.999935021184449435e-02
2.999935021184581274e-02
2.999935021184640602e-02
2.999935021184572601e-02
2.999935021184662459e-02
2.999935021184553519e-02
2.999935021184564274e-02
2.999935021184703399e-02
2.999935021184702011e-02
2.999935021184620826e-02
2.999935021184644418e-02
2.999935021184531314e-02
2.999935021184542416e-02
2.999935021184575723e-02
2.999935021184628806e-02
2.999935021184443884e-02
2.999935021184529232e-02
2.999935021184707562e-02
2.999935021184496967e-02
2.999935021184695766e-02
2.999935021184663153e-02
2.999935021184577111e-02
2.999935021184742950e-02
2.999935021184588907e-02
2.999935021184594458e-02
2.999935021184400516e-02
2.999935021184508416e-02
2.999935021184613193e-02
2.999935021184656214e-02
2.999935021184636785e-02
2.999935021184577805e-02
2.999935021184486211e-02
2.999935021184666969e-02
2.999935021184508416e-02
2.999935021184602091e-02
2.999935021184576764e-02
2.999935021184722481e-02
2.999935021184697848e-02
2.999935021184575723e-02
2.999935021184534090e-02
2.999935021184567049e-02
2.999935021184649969e-02
2.999935021184678766e-02
2.999935021184535824e-02
2.999935021184627071e-02
2.999935021184801237e-02
2.999935021184489334e-02
2.999935021184657602e-02
2.999935021184574335e-02
2.999935021184609377e-02
2.999935021184635744e-02
2.999935021184488987e-02
2.999935021184570172e-02
2.999935021184595152e-02
2.999935021184531314e-02
2.999935021184498354e-02
2.999935021184533396e-02
2.999935021184597234e-02
2.999935021184460537e-02
2.999935021184525763e-02
2.999935021184382128e-02
2.999935021184661765e-02
2.999935021184660031e-02
2.999935021184414741e-02
2.999935021184668010e-02
2.999935021184468170e-02
2.999935021184773482e-02
2.999935021184629153e-02
2.999935021184653439e-02
2.999935021184572947e-02
2.999935021184496620e-02
2.999935021184516049e-02
2.999935021184495579e-02
2.999935021184585437e-02
2.999935021184563927e-02
2.999935021184520212e-02
2.999935021184578499e-02
2.999935021184526457e-02
2.999935021184406414e-02
2.999935021184632622e-02
2.999935021184568090e-02
2.999935021184643030e-02
2.999935021184579886e-02
2.999935021184495926e-02
2.999935021184606254e-02
2.999935021184521600e-02
2.999935021184571560e-02
2.999935021184623601e-02
2.999935021184573641e-02
2.999935021184695766e-02
2.999935021184729766e-02
2.999935021184601397e-02
2.999935021184618744e-02
2.999935021184594111e-02
2.999935021184513967e-02
2.999935021184553866e-02
2.999935021184595846e-02
2.999935021184654826e-02
2.999935021184583703e-02
2.999935021184541722e-02
2.999935021184536171e-02
2.999935021184537906e-02
2.999935021184558723e-02
2.999935021184669398e-02
2.999935021184555600e-02
2.999935021184607989e-02
2.999935021184457068e-02
2.999935021184495232e-02
2.999935021184629153e-02
2.999935021184442496e-02
2.999935021184604172e-02
2.999935021184518477e-02
2.999935021184568437e-02
2.999935021184563233e-02
2.999935021184477885e-02
2.999935021184646500e-02
2.999935021184607295e-02
2.999935021184604519e-02
2.999935021184559417e-02
2.999935021184622908e-02
2.999935021184594458e-02
2.999935021184632622e-02
2.999935021184365475e-02
2.999935021184487946e-02
2.999935021184527151e-02
2.999935021184488293e-02
2.999935021184606254e-02
2.999935021184501824e-02
2.999935021184687439e-02
2.999935021184578499e-02
2.999935021184595846e-02
2.999935021184683276e-02
2.999935021184608683e-02
2.999935021184481354e-02
2.999935021184448741e-02
2.999935021184491415e-02
2.999935021184686745e-02
2.999935021184545192e-02
2.999935021184532702e-02
2.999935021184545192e-02
2.999935021184600009e-02
2.999935021184455680e-02
2.999935021184546580e-02
2.999935021184562192e-02
2.999935021184440415e-02
2.999935021184463660e-02
2.999935021184434863e-02
2.999935021184437639e-02
2.999935021184561498e-02
2.999935021184572947e-02
2.999935021184525069e-02
2.999935021184595499e-02
2.999935021184632275e-02
2.999935021184447700e-02
2.999935021184483089e-02
2.999935021184632622e-02
2.999935021184628112e-02
2.999935021184496620e-02
2.999935021184641989e-02
2.999935021184573988e-02
2.999935021184626724e-02
2.999935021184533049e-02
2.999935021184631234e-02
2.999935021184675643e-02
2.999935021184628806e-02
2.999935021184548661e-02
2.999935021184521600e-02
2.999935021184617356e-02
2.999935021184535477e-02
2.999935021184574682e-02
2.999935021184585437e-02
2.999935021184634010e-02
2.999935021184582662e-02
2.999935021184589601e-02
2.999935021184566009e-02
2.999935021184504252e-02
2.999935021184651010e-02
2.999935021184509110e-02
2.999935021184647888e-02
2.999935021184697848e-02
2.999935021184614928e-02
2.999935021184548661e-02
2.999935021184657949e-02
2.999935021184628806e-02
2.999935021184595152e-02
2.999935021184540682e-02
2.999935021184585784e-02
2.999935021184679459e-02
2.999935021184646500e-02
2.999935021184666276e-02
2.999935021184549355e-02
2.999935021184626377e-02
2.999935021184560457e-02
2.999935021184653786e-02
2.999935021184609724e-02
2.999935021184773482e-02
2.999935021184583356e-02
2.999935021184476150e-02
2.999935021184621173e-02
2.999935021184561845e-02
2.999935021184642336e-02
2.999935021184613540e-02
2.999935021184610417e-02
2.999935021184624295e-02
2.999935021184517436e-02
2.999935021184490375e-02
2.999935021184621867e-02
2.999935021184622214e-02
2.999935021184578846e-02
2.999935021184631928e-02
2.999935021184632622e-02
2.999935021184709991e-02
2.999935021184651010e-02
2.999935021184656214e-02
2.999935021184526110e-02
2.999935021184578152e-02
2.999935021184636438e-02
2.999935021184690909e-02
2.999935021184596193e-02
2.999935021184579192e-02
2.999935021184644418e-02
2.999935021184706174e-02
2.999935021184557682e-02
2.999935021184681194e-02
2.999935021184716930e-02
2.999935021184635744e-02
2.999935021184580580e-02
2.999935021184657255e-02
2.999935021184546233e-02
2.999935021184589601e-02
2.999935021184631928e-02
2.999935021184536171e-02
2.999935021184559070e-02
2.999935021184563233e-02
2.999935021184625336e-02
2.999935021184685704e-02
2.999935021184766543e-02
2.999935021184628459e-02
2.999935021184649969e-02
2.999935021184687786e-02
2.999935021184573641e-02
2.999935021184649622e-02
2.999935021184665235e-02
2.999935021184624642e-02
2.999935021184606254e-02
2.999935021184642336e-02
2.999935021184682582e-02
2.999935021184635398e-02
2.999935021184635398e-02
2.999935021184660378e-02
2.999935021184498701e-02
2.999935021184643030e-02
2.999935021184645806e-02
2.999935021184567743e-02
2.999935021184668704e-02
2.999935021184597581e-02
2.999935021184605907e-02
2.999935021184639908e-02
2.999935021184627765e-02
2.999935021184605560e-02
2.999935021184644418e-02
2.999935021184597581e-02
2.999935021184644765e-02
2.999935021184631928e-02
2.999935021184606948e-02
2.999935021184676337e-02
2.999935021184587519e-02
2.999935021184609724e-02
2.999935021184634704e-02
2.999935021184625683e-02
2.999935021184601397e-02
2.999935021184647888e-02
2.999935021184652745e-02
2.999935021184624295e-02
2.999935021184638173e-02
2.999935021184622908e-02
2.999935021184621520e-02
2.999935021184659684e-02
2.999935021184631581e-02
2.999935021184595499e-02
2.999935021184644418e-02
2.999935021184614581e-02
2.999935021184600703e-02
2.999935021184646500e-02
2.999935021184657255e-02
2.999935021184641643e-02
2.999935021184650316e-02
2.999935021184654133e-02
2.999935021184602091e-02
2.999935021184612152e-02
2.999935021184625683e-02
2.999935021184671827e-02
2.999935021184652745e-02
2.999935021184636438e-02
2.999935021184638173e-02
2.999935021184601397e-02
2.999935021184590989e-02
2.999935021184633316e-02
2.999935021184617356e-02
2.999935021184642336e-02
2.999935021184626724e-02
2.999935021184616316e-02
2.999935021184653439e-02
2.999935021184614234e-02
2.999935021184638173e-02
2.999935021184620132e-02
2.999935021184656908e-02
2.999935021184641989e-02
2.999935021184636785e-02
2.999935021184636785e-02
2.999935021184607295e-02
2.999935021184596540e-02
2.999935021184626377e-02
2.999935021184627418e-02
2.999935021184657602e-02
2.999935021184643724e-02
2.999935021184637479e-02
2.999935021184626377e-02
2.999935021184643030e-02
2.999935021184620132e-02
2.999935021184629846e-02
2.999935021184613193e-02
2.999935021184658296e-02
2.999935021184644071e-02
2.999935021184631928e-02
2.999935021184635398e-02
2.999935021184642683e-02
2.999935021184639561e-02
2.999935021184641989e-02
2.999935021184636091e-02
2.999935021184638173e-02
2.999935021184642336e-02
2.999935021184640255e-02
2.999935021184637826e-02
2.999935021184633663e-02
2.999935021184639214e-02
2.999935021184643724e-02
2.999935021184633316e-02
2.999935021184630193e-02
2.999935021184632275e-02
2.999935021184628806e-02
2.999935021184639561e-02
2.999935021184635051e-02
2.999935021184635398e-02
2.999935021184636785e-02
2.999935021184636091e-02
2.999935021184632622e-02
2.999935021184638520e-02
2.999935021184627418e-02
2.999935021184630193e-02
2.999935021184629153e-02
2.999935021184633316e-02
2.999935021184629499e-02
2.999935021184635051e-02
2.999935021184631581e-02
2.999935021184629846e-02
2.999935021184629499e-02
2.999935021184629153e-02
2.999935021184627765e-02
2.999935021184627765e-02
2.999935021184628112e-02
2.999935021184627418e-02
2.999935021184625336e-02
2.999935021184626724e-02
2.999935021184625336e-02
2.999935021184624989e-02
2.999935021184624642e-02
2.999935021184626377e-02
2.999935021184624989e-02
2.999935021184623601e-02
2.999935021184622214e-02
2.999935021184622561e-02
2.999935021184623601e-02
2.999935021184622214e-02
2.999935021184621520e-02
2.999935021184622214e-02
2.999935021184622561e-02
2.999935021184623601e-02
2.999935021184623948e-02
2.999935021184623948e-02
2.999935021184623601e-02
2.999935021184623601e-02
2.999935021184623254e-02
2.999935021184623948e-02
2.999935021184623948e-02
2.999935021184623601e-02
2.999935021184622214e-02
2.999935021184622908e-02
2.999935021184621867e-02
2.999935021184622214e-02
2.999935021184621867e-02
2.999935021184622214e-02
2.999935021184621520e-02
2.999935021184621173e-02
2.999935021184620826e-02
2.999935021184621173e-02
2.999935021184619785e-02
2.999935021184620479e-02
2.999935021184619785e-02
2.999935021184618050e-02
2.999935021184617009e-02
2.999935021184619438e-02
2.999935021184613540e-02
2.999935021184615622e-02
2.999935021184617356e-02
2.999935021184612499e-02
2.999935021184611111e-02
2.999935021184615275e-02
2.999935021184610417e-02
2.999935021184614581e-02
2.999935021184609724e-02
2.999935021184610764e-02
2.999935021184609724e-02
2.999935021184613887e-02
2.999935021184611805e-02
2.999935021184619438e-02
2.999935021184615275e-02
2.999935021184617703e-02
2.999935021184611458e-02
2.999935021184612499e-02
2.999935021184616316e-02
2.999935021184613540e-02
2.999935021184615275e-02
2.999935021184610764e-02
2.999935021184607642e-02
2.999935021184609377e-02
2.999935021184609030e-02
2.999935021184615969e-02
2.999935021184614928e-02
2.999935021184620132e-02
2.999935021184612152e-02
2.999935021184609724e-02
2.999935021184611805e-02
2.999935021184608683e-02
2.999935021184587519e-02
2.999935021184600009e-02
2.999935021184601050e-02
2.999935021184613540e-02
2.999935021184628806e-02
2.999935021184622908e-02
2.999935021184620132e-02
2.999935021184601744e-02
2.999935021184629153e-02
2.999935021184600009e-02
2.999935021184619438e-02
2.999935021184591336e-02
2.999935021184629499e-02
2.999935021184622908e-02
2.999935021184559764e-02
2.999935021184622214e-02
2.999935021184629846e-02
2.999935021184592029e-02
2.999935021184610417e-02
2.999935021184604172e-02
2.999935021184621520e-02
2.999935021184611805e-02
2.999935021184648928e-02
2.999935021184656908e-02
2.999935021184615275e-02
2.999935021184588213e-02
2.999935021184593764e-02
2.999935021184612499e-02
2.999935021184581968e-02
2.999935021184649275e-02
2.999935021184611805e-02
2.999935021184595152e-02
2.999935021184618050e-02
2.999935021184627071e-02
2.999935021184587866e-02
2.999935021184661071e-02
2.999935021184591682e-02
2.999935021184622908e-02
2.999935021184606948e-02
2.999935021184610071e-02
2.999935021184575723e-02
2.999935021184596540e-02
2.999935021184631234e-02
2.999935021184626377e-02
2.999935021184670786e-02
2.999935021184635051e-02
2.999935021184624295e-02
2.999935021184627418e-02
2.999935021184626377e-02
2.999935021184644071e-02
2.999935021184617703e-02
2.999935021184602785e-02
2.999935021184576417e-02
2.999935021184603479e-02
2.999935021184600703e-02
2.999935021184554212e-02
2.999935021184583356e-02
2.999935021184621867e-02
2.999935021184642336e-02
2.999935021184599662e-02
2.999935021184602785e-02
2.999935021184583703e-02
2.999935021184653439e-02
2.999935021184643724e-02
2.999935021184611111e-02
2.999935021184633316e-02
2.999935021184543804e-02
2.999935021184632969e-02
2.999935021184628112e-02
2.999935021184574335e-02
2.999935021184627765e-02
2.999935021184597234e-02
2.999935021184598968e-02
2.999935021184614581e-02
2.999935021184687092e-02
2.999935021184648928e-02
2.999935021184568784e-02
2.999935021184623948e-02
2.999935021184659684e-02
2.999935021184584050e-02
2.999935021184568784e-02
2.999935021184702705e-02
2.999935021184635398e-02
2.999935021184561151e-02
2.999935021184590295e-02
2.999935021184570172e-02
2.999935021184624295e-02
2.999935021184581968e-02
2.999935021184725603e-02
2.999935021184614234e-02
2.999935021184695419e-02
2.999935021184658296e-02
2.999935021184593417e-02
2.999935021184581968e-02
2.999935021184618744e-02
2.999935021184698541e-02
2.999935021184658296e-02
2.999935021184660031e-02
2.999935021184685358e-02
2.999935021184581968e-02
2.999935021184459844e-02
2.999935021184587172e-02
2.999935021184639908e-02
2.999935021184621867e-02
2.999935021184618397e-02
2.999935021184504599e-02
2.999935021184647194e-02
2.999935021184557335e-02
2.999935021184699235e-02
2.999935021184617356e-02
2.999935021184645459e-02
2.999935021184573294e-02
2.999935021184704093e-02
2.999935021184507375e-02
2.999935021184588560e-02
2.999935021184552825e-02
2.999935021184542416e-02
2.999935021184663847e-02
2.999935021184660378e-02
2.999935021184648234e-02
2.999935021184602091e-02
2.999935021184659684e-02
2.999935021184712766e-02
2.999935021184676684e-02
2.999935021184728726e-02
2.999935021184692643e-02
2.999935021184515355e-02
2.999935021184740175e-02
2.999935021184584744e-02
2.999935021184661071e-02
2.999935021184722481e-02
2.999935021184783543e-02
2.999935021184660724e-02
2.999935021184681194e-02
2.999935021184611111e-02
2.999935021184497660e-02
2.999935021184647194e-02
2.999935021184602091e-02
2.999935021184561151e-02
2.999935021184583703e-02
2.999935021184624295e-02
2.999935021184748155e-02
2.999935021184637479e-02
2.999935021184605213e-02
2.999935021184608336e-02
2.999935021184740869e-02
2.999935021184664888e-02
2.999935021184616316e-02
2.999935021184596887e-02
2.999935021184612499e-02
2.999935021184617703e-02
2.999935021184669398e-02
2.999935021184618397e-02
2.999935021184528885e-02
2.999935021184694725e-02
2.999935021184756481e-02
2.999935021184584744e-02
2.999935021184614928e-02
2.999935021184624295e-02
2.999935021184771400e-02
2.999935021184607989e-02
2.999935021184725603e-02
2.999935021184687439e-02
2.999935021184577805e-02
2.999935021184598274e-02
2.999935021184653786e-02
2.999935021184714848e-02
2.999935021184637132e-02
2.999935021184681541e-02
2.999935021184665235e-02
2.999935021184581968e-02
2.999935021184597927e-02
2.999935021184685704e-02
2.999935021184552131e-02
2.999935021184501477e-02
2.999935021184667663e-02
2.999935021184559764e-02
2.999935021184641296e-02
2.999935021184644765e-02
2.999935021184618050e-02
2.999935021184617356e-02
2.999935021184687786e-02
2.999935021184743644e-02
2.999935021184700276e-02
2.999935021184548314e-02
2.999935021184712419e-02
2.999935021184624989e-02
2.999935021184606948e-02
2.999935021184584744e-02
2.999935021184546233e-02
2.999935021184630193e-02
2.999935021184686745e-02
2.999935021184660378e-02
2.999935021184727685e-02
2.999935021184632622e-02
2.999935021184604866e-02
2.999935021184589601e-02
2.999935021184534784e-02
2.999935021184514661e-02
2.999935021184743991e-02
2.999935021184576417e-02
2.999935021184624295e-02
2.999935021184693684e-02
2.999935021184416822e-02
2.999935021184639908e-02
2.999935021184575723e-02
2.999935021184706174e-02
2.999935021184748501e-02
2.999935021184660031e-02
2.999935021184592029e-02
2.999935021184618744e-02
2.999935021184805400e-02
2.999935021184698541e-02
2.999935021184582662e-02
2.999935021184683276e-02
2.999935021184463660e-02
2.999935021184633316e-02
2.999935021184590989e-02
2.999935021184743644e-02
2.999935021184714501e-02
2.999935021184651357e-02
2.999935021184562539e-02
2.999935021184554212e-02
2.999935021184747114e-02
2.999935021184537559e-02
2.999935021184790829e-02
2.999935021184681888e-02
2.999935021184685358e-02
2.999935021184558376e-02
2.999935021184736705e-02
2.999935021184579192e-02
2.999935021184606254e-02
2.999935021184654133e-02
2.999935021184646847e-02
2.999935021184661071e-02
2.999935021184609377e-02
2.999935021184535131e-02
2.999935021184653439e-02
2.999935021184746073e-02
2.999935021184688133e-02
2.999935021184788747e-02
2.999935021184646500e-02
2.999935021184735318e-02
2.999935021184682582e-02
2.999935021184695766e-02
2.999935021184570866e-02
2.999935021184536865e-02
2.999935021184664888e-02
2.999935021184784584e-02
2.999935021184760298e-02
2.999935021184454986e-02
2.999935021184658643e-02
2.999935021184690909e-02
2.999935021184719358e-02
2.999935021184620132e-02
2.999935021184706174e-02
2.999935021184670786e-02
2.999935021184544498e-02
2.999935021184598621e-02
2.999935021184669398e-02
2.999935021184540335e-02
2.999935021184521600e-02
2.999935021184576417e-02
2.999935021184689521e-02
2.999935021184489334e-02
2.999935021184509804e-02
2.999935021184580580e-02
2.999935021184689868e-02
2.999935021184663153e-02
2.999935021184652745e-02
2.999935021184605560e-02
2.999935021184524722e-02
2.999935021184634010e-02
2.999935021184641296e-02
2.999935021184713113e-02
2.999935021184525763e-02
2.999935021184536518e-02
2.999935021184576417e-02
2.999935021184629153e-02
2.999935021184479619e-02
2.999935021184710338e-02
2.999935021184655867e-02
2.999935021184580580e-02
2.999935021184601397e-02
2.999935021184567743e-02
2.999935021184652051e-02
2.999935021184704440e-02
2.999935021184538947e-02
2.999935021184665929e-02
2.999935021184557682e-02
2.999935021184645459e-02
2.999935021184579886e-02
2.999935021184769318e-02
2.999935021184727338e-02
2.999935021184522294e-02
2.999935021184765502e-02
2.999935021184608336e-02
2.999935021184653786e-02
2.999935021184727685e-02
2.999935021184549008e-02
2.999935021184638867e-02
2.999935021184613540e-02
2.999935021184652051e-02
2.999935021184663847e-02
2.999935021184520906e-02
2.999935021184581968e-02
2.999935021184663153e-02
2.999935021184512232e-02
2.999935021184398434e-02
2.999935021184754053e-02
2.999935021184566702e-02
2.999935021184572947e-02
2.999935021184577111e-02
2.999935021184679113e-02
2.999935021184554212e-02
2.999935021184745379e-02
2.999935021184565315e-02
2.999935021184568437e-02
2.999935021184575376e-02
2.999935021184647194e-02
2.999935021184760298e-02
2.999935021184746420e-02
2.999935021184567396e-02
2.999935021184606254e-02
2.999935021184675643e-02
2.999935021184567396e-02
2.999935021184638867e-02
2.999935021184664541e-02
2.999935021184579539e-02
2.999935021184662459e-02
2.999935021184700970e-02
2.999935021184474415e-02
2.999935021184701317e-02
2.999935021184645806e-02
2.999935021184516742e-02
2.999935021184566702e-02
2.999935021184731154e-02
2.999935021184531314e-02
2.999935021184568784e-02
2.999935021184613193e-02
2.999935021184492803e-02
2.999935021184510844e-02
2.999935021184686398e-02
2.999935021184623601e-02
2.999935021184496620e-02
2.999935021184788747e-02
2.999935021184620826e-02
2.999935021184670092e-02
2.999935021184754053e-02
2.999935021184480660e-02
2.999935021184494191e-02
2.999935021184652398e-02
2.999935021184459844e-02
2.999935021184920933e-02
2.999935021184638173e-02
2.999935021184765849e-02
2.999935021184623601e-02
2.999935021184573294e-02
2.999935021184750930e-02
2.999935021184662112e-02
2.999935021184542416e-02
2.999935021184552478e-02
2.999935021184826564e-02
2.999935021184332168e-02
2.999935021184384903e-02
2.999935021184557335e-02
2.999935021184418904e-02
2.999935021184488293e-02
2.999935021184618397e-02
2.999935021184530273e-02
2.999935021184798808e-02
2.999935021184668010e-02
2.999935021184772441e-02
2.999935021184525763e-02
2.999935021184231207e-02
2.999935021184455680e-02
2.999935021184648234e-02
2.999935021184764114e-02
2.999935021184807482e-02
2.999935021185052425e-02
2.999935021184400863e-02
2.999935021184272840e-02
2.999935021184525763e-02
2.999935021184738440e-02
2.999935021184647888e-02
2.999935021184758910e-02
2.999935021184667316e-02
2.999935021184515355e-02
2.999935021184629846e-02
2.999935021184548661e-02
2.999935021184235717e-02
2.999935021184566702e-02
2.999935021184496620e-02
2.999935021184515702e-02
2.999935021184774869e-02
2.999935021184714848e-02
2.999935021184867850e-02
2.999935021184637132e-02
2.999935021184744338e-02
2.999935021184698541e-02
2.999935021184584744e-02
2.999935021184564621e-02
2.999935021184580927e-02
2.999935021184709644e-02
2.999935021184477191e-02
2.999935021184071612e-02
2.999935021184636785e-02
2.999935021184859524e-02
2.999935021184871667e-02
2.999935021184611111e-02
2.999935021184766543e-02
2.999935021184756134e-02
2.999935021184681194e-02
2.999935021184427231e-02
2.999935021184303024e-02
2.999935021184553172e-02
2.999935021184882769e-02
2.999935021184594111e-02
2.999935021184589948e-02
2.999935021184379699e-02
2.999935021184539988e-02
2.999935021184509804e-02
2.999935021184765155e-02
2.999935021184690562e-02
2.999935021184540335e-02
2.999935021184869585e-02
2.999935021184757522e-02
2.999935021184706174e-02
2.999935021184390108e-02
2.999935021184749195e-02
2.999935021184518477e-02
2.999935021184612846e-02
2.999935021184678419e-02
2.999935021184882769e-02
2.999935021184558029e-02
2.999935021184287412e-02
2.999935021184126083e-02
2.999935021184689868e-02
2.999935021184829687e-02
2.999935021184696460e-02
2.999935021184765849e-02
2.999935021184491069e-02
