2.999925691709943651e-02
2.999925691709521766e-02
2.999925691709900630e-02
2.999925691709858996e-02
2.999925691710046347e-02
2.999925691709887099e-02
2.999925691710149389e-02
2.999925691709622727e-02
2.999925691710006448e-02
2.999925691709734096e-02
2.999925691710071674e-02
2.999925691709899936e-02
2.999925691709971406e-02
2.999925691709518991e-02
2.999925691709915201e-02
2.999925691709578665e-02
2.999925691709571032e-02
2.999925691710030387e-02
2.999925691709928385e-02
2.999925691709801057e-02
2.999925691709806261e-02
2.999925691709796893e-02
2.999925691709784403e-02
2.999925691709832629e-02
2.999925691709950937e-02
2.999925691710260411e-02
2.999925691709977305e-02
2.999925691710092490e-02
2.999925691709992917e-02
2.999925691710072020e-02
2.999925691709769485e-02
2.999925691709745545e-02
2.999925691709768791e-02
2.999925691709814587e-02
2.999925691709977651e-02
2.999925691709572420e-02
2.999925691709687606e-02
2.999925691709889528e-02
2.999925691709584563e-02
2.999925691709853792e-02
2.999925691709832282e-02
2.999925691709869058e-02
2.999925691709701830e-02
2.999925691710033163e-02
2.999925691709968631e-02
2.999925691709812159e-02
2.999925691709924916e-02
2.999925691709527317e-02
2.999925691709765668e-02
2.999925691709620645e-02
2.999925691709976264e-02
2.999925691709584563e-02
2.999925691709852404e-02
2.999925691709916242e-02
2.999925691709743117e-02
2.999925691709981121e-02
2.999925691710043224e-02
2.999925691709855180e-02
2.999925691710091449e-02
2.999925691709869752e-02
2.999925691709890568e-02
2.999925691709550910e-02
2.999925691709806608e-02
2.999925691709693851e-02
2.999925691709897160e-02
2.999925691709874956e-02
2.999925691709976264e-02
2.999925691709721953e-02
2.999925691709797587e-02
2.999925691710200737e-02
2.999925691709943998e-02
2.999925691709726117e-02
2.999925691709858996e-02
2.999925691710127185e-02
2.999925691709863507e-02
2.999925691710227452e-02
2.999925691709566522e-02
2.999925691709856568e-02
2.999925691709956488e-02
2.999925691709415948e-02
2.999925691709998468e-02
2.999925691709872527e-02
2.999925691709962733e-02
2.999925691710103245e-02
2.999925691709841302e-02
2.999925691710002285e-02
2.999925691709941222e-02
2.999925691709821873e-02
2.999925691710194839e-02
2.999925691710006795e-02
2.999925691709783016e-02
2.999925691709826384e-02
2.999925691709694545e-02
2.999925691710034550e-02
2.999925691709818057e-02
2.999925691709863160e-02
2.999925691709761158e-02
2.999925691710112613e-02
2.999925691710081041e-02
2.999925691709807996e-02
2.999925691709942263e-02
2.999925691709711892e-02
2.999925691709817016e-02
2.999925691709842690e-02
2.999925691709950590e-02
2.999925691709820486e-02
2.999925691709926651e-02
2.999925691709942610e-02
2.999925691709942610e-02
2.999925691709834710e-02
2.999925691709929426e-02
2.999925691709913120e-02
2.999925691709826037e-02
2.999925691709588380e-02
2.999925691709665054e-02
2.999925691709921100e-02
2.999925691709800363e-02
2.999925691709928385e-02
2.999925691709817016e-02
2.999925691709854486e-02
2.999925691709803832e-02
2.999925691709811812e-02
2.999925691710032816e-02
2.999925691709715014e-02
2.999925691709913467e-02
2.999925691709730280e-02
2.999925691709884323e-02
2.999925691709838527e-02
2.999925691709818404e-02
2.999925691709903752e-02
2.999925691709970019e-02
2.999925691709684830e-02
2.999925691709930814e-02
2.999925691709901324e-02
2.999925691709798975e-02
2.999925691709899936e-02
2.999925691709851364e-02
2.999925691709952325e-02
2.999925691709732362e-02
2.999925691709875303e-02
2.999925691709826731e-02
2.999925691709729239e-02
2.999925691709982162e-02
2.999925691709718484e-02
2.999925691709897507e-02
2.999925691709751097e-02
2.999925691709797587e-02
2.999925691709656034e-02
2.999925691709876691e-02
2.999925691709831935e-02
2.999925691709947120e-02
2.999925691709887793e-02
2.999925691709898201e-02
2.999925691709760117e-02
2.999925691709905834e-02
2.999925691709941569e-02
2.999925691709816322e-02
2.999925691709954753e-02
2.999925691709931508e-02
2.999925691709846853e-02
2.999925691709985631e-02
2.999925691710026571e-02
2.999925691709887446e-02
2.999925691709893344e-02
2.999925691709885017e-02
2.999925691709894038e-02
2.999925691709832282e-02
2.999925691709882242e-02
2.999925691709871139e-02
2.999925691709801751e-02
2.999925691709880160e-02
2.999925691709910691e-02
2.999925691710047387e-02
2.999925691709833669e-02
2.999925691709860731e-02
2.999925691709922487e-02
2.999925691709776077e-02
2.999925691709921100e-02
2.999925691709869058e-02
2.999925691709761505e-02
2.999925691709915548e-02
2.999925691709795506e-02
2.999925691709841302e-02
2.999925691709838180e-02
2.999925691709752137e-02
2.999925691709808689e-02
2.999925691709885364e-02
2.999925691709980427e-02
2.999925691709869752e-02
2.999925691709957182e-02
2.999925691709831241e-02
2.999925691709803832e-02
2.999925691709813547e-02
2.999925691709675463e-02
2.999925691709964815e-02
2.999925691709932202e-02
2.999925691709778852e-02
2.999925691709849629e-02
2.999925691709875303e-02
2.999925691709755260e-02
2.999925691709826037e-02
2.999925691709798975e-02
2.999925691709817710e-02
2.999925691710002285e-02
2.999925691709776771e-02
2.999925691709660197e-02
2.999925691709937406e-02
2.999925691710016856e-02
2.999925691709897507e-02
2.999925691709908263e-02
2.999925691709832282e-02
2.999925691709731668e-02
2.999925691709837833e-02
2.999925691709915548e-02
2.999925691709781628e-02
2.999925691709872527e-02
2.999925691709781628e-02
2.999925691709916936e-02
2.999925691709860037e-02
2.999925691709906181e-02
2.999925691709826037e-02
2.999925691709898895e-02
2.999925691709757342e-02
2.999925691709798628e-02
2.999925691709980427e-02
2.999925691709957876e-02
2.999925691709737566e-02
2.999925691709820486e-02
2.999925691709903058e-02
2.999925691709909650e-02
2.999925691709878425e-02
2.999925691709833322e-02
2.999925691709839221e-02
2.999925691709855180e-02
2.999925691709869058e-02
2.999925691709956141e-02
2.999925691709786485e-02
2.999925691709971060e-02
2.999925691709737219e-02
2.999925691709866282e-02
2.999925691709769485e-02
2.999925691709713974e-02
2.999925691709874609e-02
2.999925691709720565e-02
2.999925691709782322e-02
2.999925691709856221e-02
2.999925691709899936e-02
2.999925691709809383e-02
2.999925691709812159e-02
2.999925691709801057e-02
2.999925691709778852e-02
2.999925691709785097e-02
2.999925691709869058e-02
2.999925691709872527e-02
2.999925691709734443e-02
2.999925691709845466e-02
2.999925691709817710e-02
2.999925691709881548e-02
2.999925691709848241e-02
2.999925691709760464e-02
2.999925691709823608e-02
2.999925691709950937e-02
2.999925691709860037e-02
2.999925691709834363e-02
2.999925691709892650e-02
2.999925691709820139e-02
2.999925691709757342e-02
2.999925691709785444e-02
2.999925691709829506e-02
2.999925691709814241e-02
2.999925691709710157e-02
2.999925691709810771e-02
2.999925691709892997e-02
2.999925691709828812e-02
2.999925691709832629e-02
2.999925691709834710e-02
2.999925691709802791e-02
2.999925691709926998e-02
2.999925691709845813e-02
2.999925691709882589e-02
2.999925691709679626e-02
2.999925691709772607e-02
2.999925691709813894e-02
2.999925691709810077e-02
2.999925691709832282e-02
2.999925691709759770e-02
2.999925691709898201e-02
2.999925691709802791e-02
2.999925691709792730e-02
2.999925691709814934e-02
2.999925691709805914e-02
2.999925691709932202e-02
2.999925691709817363e-02
2.999925691709837833e-02
2.999925691709788914e-02
2.999925691709753178e-02
2.999925691709752137e-02
2.999925691709780934e-02
2.999925691709665748e-02
2.999925691709801404e-02
2.999925691709886752e-02
2.999925691709781281e-02
2.999925691709801404e-02
2.999925691709797587e-02
2.999925691709783709e-02
2.999925691709743117e-02
2.999925691709822914e-02
2.999925691709865588e-02
2.999925691709820139e-02
2.999925691709830200e-02
2.999925691709914854e-02
2.999925691709840608e-02
2.999925691709754913e-02
2.999925691709896119e-02
2.999925691709798975e-02
2.999925691709786485e-02
2.999925691709940181e-02
2.999925691709789261e-02
2.999925691709905487e-02
2.999925691709780934e-02
2.999925691709709463e-02
2.999925691709896119e-02
2.999925691709719178e-02
2.999925691709812506e-02
2.999925691709848588e-02
2.999925691709719872e-02
2.999925691709851364e-02
2.999925691709853445e-02
2.999925691709796199e-02
2.999925691709735137e-02
2.999925691709897854e-02
2.999925691709796199e-02
2.999925691709768791e-02
2.999925691709828465e-02
2.999925691709670258e-02
2.999925691709880854e-02
2.999925691709900630e-02
2.999925691709814241e-02
2.999925691709818404e-02
2.999925691709864894e-02
2.999925691709780587e-02
2.999925691709814934e-02
2.999925691709807302e-02
2.999925691709748668e-02
2.999925691709786485e-02
2.999925691709778852e-02
2.999925691709796893e-02
2.999925691709810771e-02
2.999925691709869752e-02
2.999925691709766015e-02
2.999925691709842343e-02
2.999925691709818404e-02
2.999925691709776077e-02
2.999925691709741382e-02
2.999925691709730974e-02
2.999925691709802444e-02
2.999925691709851017e-02
2.999925691709766015e-02
2.999925691709798281e-02
2.999925691709814934e-02
2.999925691709790995e-02
2.999925691709815628e-02
2.999925691709864894e-02
2.999925691709708075e-02
2.999925691709715708e-02
2.999925691709743464e-02
2.999925691709798975e-02
2.999925691709824302e-02
2.999925691709732362e-02
2.999925691709812506e-02
2.999925691709753525e-02
2.999925691709770179e-02
2.999925691709755260e-02
2.999925691709810424e-02
2.999925691709881548e-02
2.999925691709783709e-02
2.999925691709719178e-02
2.999925691709771566e-02
2.999925691709739647e-02
2.999925691709761158e-02
2.999925691709795852e-02
2.999925691709772607e-02
2.999925691709753178e-02
2.999925691709778505e-02
2.999925691709758382e-02
2.999925691709792036e-02
2.999925691709773301e-02
2.999925691709774342e-02
2.999925691709783709e-02
2.999925691709755260e-02
2.999925691709784750e-02
2.999925691709791689e-02
2.999925691709782669e-02
2.999925691709786485e-02
2.999925691709764281e-02
2.999925691709819098e-02
2.999925691709755260e-02
2.999925691709770872e-02
2.999925691709789261e-02
2.999925691709826731e-02
2.999925691709795506e-02
2.999925691709752484e-02
2.999925691709783016e-02
2.999925691709790648e-02
2.999925691709793424e-02
2.999925691709810077e-02
2.999925691709760811e-02
2.999925691709756648e-02
2.999925691709741729e-02
2.999925691709797587e-02
2.999925691709763934e-02
2.999925691709778852e-02
2.999925691709783709e-02
2.999925691709789261e-02
2.999925691709773648e-02
2.999925691709789261e-02
2.999925691709778158e-02
2.999925691709795159e-02
2.999925691709780240e-02
2.999925691709755954e-02
2.999925691709766015e-02
2.999925691709788567e-02
2.999925691709780934e-02
2.999925691709810077e-02
2.999925691709765668e-02
2.999925691709787179e-02
2.999925691709804179e-02
2.999925691709778158e-02
2.999925691709769832e-02
2.999925691709770526e-02
2.999925691709803138e-02
2.999925691709796893e-02
2.999925691709773301e-02
2.999925691709784403e-02
2.999925691709781628e-02
2.999925691709779546e-02
2.999925691709807302e-02
2.999925691709784403e-02
2.999925691709774342e-02
2.999925691709789954e-02
2.999925691709786485e-02
2.999925691709789607e-02
2.999925691709794118e-02
2.999925691709767750e-02
2.999925691709780240e-02
2.999925691709786485e-02
2.999925691709776771e-02
2.999925691709784403e-02
2.999925691709776424e-02
2.999925691709788567e-02
2.999925691709790301e-02
2.999925691709783362e-02
2.999925691709794812e-02
2.999925691709786485e-02
2.999925691709799669e-02
2.999925691709792036e-02
2.999925691709780240e-02
2.999925691709790648e-02
2.999925691709788220e-02
2.999925691709787179e-02
2.999925691709797587e-02
2.999925691709788220e-02
2.999925691709787179e-02
2.999925691709786138e-02
2.999925691709792036e-02
2.999925691709794465e-02
2.999925691709782669e-02
2.999925691709788914e-02
2.999925691709796199e-02
2.999925691709798281e-02
2.999925691709803138e-02
2.999925691709802791e-02
2.999925691709798281e-02
2.999925691709798281e-02
2.999925691709805914e-02
2.999925691709801057e-02
2.999925691709802791e-02
2.999925691709800016e-02
2.999925691709800710e-02
2.999925691709806608e-02
2.999925691709806608e-02
2.999925691709807996e-02
2.999925691709807649e-02
2.999925691709805567e-02
2.999925691709807649e-02
2.999925691709806955e-02
2.999925691709806955e-02
2.999925691709810077e-02
2.999925691709810424e-02
2.999925691709808689e-02
2.999925691709809730e-02
2.999925691709810424e-02
2.999925691709811118e-02
2.999925691709811812e-02
2.999925691709812159e-02
2.999925691709811812e-02
2.999925691709813547e-02
2.999925691709814241e-02
2.999925691709814934e-02
2.999925691709815281e-02
2.999925691709815628e-02
2.999925691709815975e-02
2.999925691709817016e-02
2.999925691709816322e-02
2.999925691709817710e-02
2.999925691709818057e-02
2.999925691709818404e-02
2.999925691709819098e-02
2.999925691709820139e-02
2.999925691709820139e-02
2.999925691709820832e-02
2.999925691709821526e-02
2.999925691709822220e-02
2.999925691709821526e-02
2.999925691709823261e-02
2.999925691709823608e-02
2.999925691709823261e-02
2.999925691709825690e-02
2.999925691709824649e-02
2.999925691709823955e-02
2.999925691709825343e-02
2.999925691709827771e-02
2.999925691709828812e-02
2.999925691709827424e-02
2.999925691709828118e-02
2.999925691709829853e-02
2.999925691709828812e-02
2.999925691709830547e-02
2.999925691709828118e-02
2.999925691709836098e-02
2.999925691709833669e-02
2.999925691709833669e-02
2.999925691709834016e-02
2.999925691709834016e-02
2.999925691709832976e-02
2.999925691709838180e-02
2.999925691709838180e-02
2.999925691709834710e-02
2.999925691709840261e-02
2.999925691709836098e-02
2.999925691709836445e-02
2.999925691709842343e-02
2.999925691709846506e-02
2.999925691709843037e-02
2.999925691709837833e-02
2.999925691709846159e-02
2.999925691709841302e-02
2.999925691709850670e-02
2.999925691709844425e-02
2.999925691709838874e-02
2.999925691709841996e-02
2.999925691709846853e-02
2.999925691709851017e-02
2.999925691709856568e-02
2.999925691709859690e-02
2.999925691709841302e-02
2.999925691709830894e-02
2.999925691709856568e-02
2.999925691709863507e-02
2.999925691709866976e-02
2.999925691709853098e-02
2.999925691709857609e-02
2.999925691709858649e-02
2.999925691709870099e-02
2.999925691709847547e-02
2.999925691709860037e-02
2.999925691709846853e-02
2.999925691709856568e-02
2.999925691709873221e-02
2.999925691709851017e-02
2.999925691709862813e-02
2.999925691709853098e-02
2.999925691709863854e-02
2.999925691709875303e-02
2.999925691709860384e-02
2.999925691709855180e-02
2.999925691709862119e-02
2.999925691709865588e-02
2.999925691709853792e-02
2.999925691709854139e-02
2.999925691709875650e-02
2.999925691709853098e-02
2.999925691709842690e-02
2.999925691709852404e-02
2.999925691709880160e-02
2.999925691709857262e-02
2.999925691709846159e-02
2.999925691709851017e-02
2.999925691709856221e-02
2.999925691709869752e-02
2.999925691709912079e-02
2.999925691709845466e-02
2.999925691709824649e-02
2.999925691709859343e-02
2.999925691709868711e-02
2.999925691709881548e-02
2.999925691709872874e-02
2.999925691709893691e-02
2.999925691709888487e-02
2.999925691709885017e-02
2.999925691709889181e-02
2.999925691709875303e-02
2.999925691709887793e-02
2.999925691709837833e-02
2.999925691709911385e-02
2.999925691709859343e-02
2.999925691709810771e-02
2.999925691709884323e-02
2.999925691709882936e-02
2.999925691709857609e-02
2.999925691709926304e-02
2.999925691709851364e-02
2.999925691709855180e-02
2.999925691709869752e-02
2.999925691709857262e-02
2.999925691709874609e-02
2.999925691709876344e-02
2.999925691709891609e-02
2.999925691709881201e-02
2.999925691709887099e-02
2.999925691709888487e-02
2.999925691709885017e-02
2.999925691709907916e-02
2.999925691709871139e-02
2.999925691709888140e-02
2.999925691709868017e-02
2.999925691709946080e-02
2.999925691709914161e-02
2.999925691709896119e-02
2.999925691709898895e-02
2.999925691709942263e-02
2.999925691709917977e-02
2.999925691709943998e-02
2.999925691709883629e-02
2.999925691709982162e-02
2.999925691709925957e-02
2.999925691709940181e-02
2.999925691709937753e-02
2.999925691709921446e-02
2.999925691709871139e-02
2.999925691709835751e-02
2.999925691709933243e-02
2.999925691709851711e-02
2.999925691709937059e-02
2.999925691709912079e-02
2.999925691709863507e-02
2.999925691709919712e-02
2.999925691709898201e-02
2.999925691709920059e-02
2.999925691709889528e-02
2.999925691709900283e-02
2.999925691709909650e-02
2.999925691709917630e-02
2.999925691709935324e-02
2.999925691709906528e-02
2.999925691709850323e-02
2.999925691709856221e-02
2.999925691709929426e-02
2.999925691709964815e-02
2.999925691709945733e-02
2.999925691709866976e-02
2.999925691709952671e-02
2.999925691709841649e-02
2.999925691709977305e-02
2.999925691709871833e-02
2.999925691709968978e-02
2.999925691710026571e-02
2.999925691709899589e-02
2.999925691710035938e-02
2.999925691709796199e-02
2.999925691709916589e-02
2.999925691709943304e-02
2.999925691709899936e-02
2.999925691709912773e-02
2.999925691709902364e-02
2.999925691709774689e-02
2.999925691710044612e-02
2.999925691709853098e-02
2.999925691709788220e-02
2.999925691710104286e-02
2.999925691709959263e-02
2.999925691709881548e-02
2.999925691709944692e-02
2.999925691709892303e-02
2.999925691709843037e-02
2.999925691709948161e-02
2.999925691709854486e-02
2.999925691709758035e-02
2.999925691709959610e-02
2.999925691709909997e-02
2.999925691709917977e-02
2.999925691710040102e-02
2.999925691709887099e-02
2.999925691710065428e-02
2.999925691709921793e-02
2.999925691709857609e-02
2.999925691709880160e-02
2.999925691709968978e-02
2.999925691710007836e-02
2.999925691709896813e-02
2.999925691709924222e-02
2.999925691709989101e-02
2.999925691709898201e-02
2.999925691709900977e-02
2.999925691709929773e-02
2.999925691709889528e-02
2.999925691709894038e-02
2.999925691709918324e-02
2.999925691709921793e-02
2.999925691709913467e-02
2.999925691709872527e-02
2.999925691709953018e-02
2.999925691709916589e-02
2.999925691710053285e-02
2.999925691709841302e-02
2.999925691709832629e-02
2.999925691709893344e-02
2.999925691709868364e-02
2.999925691710102899e-02
2.999925691709888834e-02
2.999925691709853098e-02
2.999925691709801057e-02
2.999925691709973835e-02
2.999925691710018938e-02
2.999925691709810077e-02
2.999925691709826037e-02
2.999925691710006448e-02
2.999925691710095613e-02
2.999925691709906875e-02
2.999925691709853098e-02
2.999925691709896119e-02
2.999925691709917630e-02
2.999925691709964121e-02
2.999925691710028652e-02
2.999925691709885711e-02
2.999925691710000203e-02
2.999925691710009917e-02
2.999925691710100123e-02
2.999925691709887793e-02
2.999925691710002285e-02
2.999925691709862466e-02
2.999925691710024836e-02
2.999925691709890915e-02
2.999925691710023101e-02
2.999925691710005060e-02
2.999925691710091796e-02
2.999925691710038020e-02
2.999925691709839914e-02
2.999925691709907916e-02
2.999925691710105327e-02
2.999925691710027265e-02
2.999925691710010611e-02
2.999925691709878425e-02
2.999925691709898201e-02
2.999925691710064041e-02
2.999925691709940528e-02
2.999925691709925957e-02
2.999925691710028305e-02
2.999925691709884323e-02
2.999925691709933590e-02
2.999925691710017203e-02
2.999925691710015122e-02
2.999925691710097347e-02
2.999925691710066122e-02
2.999925691709899589e-02
2.999925691709966202e-02
2.999925691709964815e-02
2.999925691709960651e-02
2.999925691710017203e-02
2.999925691710083123e-02
2.999925691709945039e-02
2.999925691709999856e-02
2.999925691709943304e-02
2.999925691709900630e-02
2.999925691710089021e-02
2.999925691710036979e-02
2.999925691710025877e-02
2.999925691709998815e-02
2.999925691710136552e-02
2.999925691709965855e-02
2.999925691710162573e-02
2.999925691710156328e-02
2.999925691710083123e-02
2.999925691710097694e-02
2.999925691710176798e-02
2.999925691710057449e-02
2.999925691709943998e-02
2.999925691709993264e-02
2.999925691710025877e-02
2.999925691710002978e-02
2.999925691710032816e-02
2.999925691710066122e-02
2.999925691710119552e-02
2.999925691710122327e-02
2.999925691710022754e-02
2.999925691710172287e-02
2.999925691710045306e-02
2.999925691710105674e-02
2.999925691710076531e-02
2.999925691710136205e-02
2.999925691710084510e-02
2.999925691710011999e-02
2.999925691710006101e-02
2.999925691709947467e-02
2.999925691710006448e-02
2.999925691710125797e-02
2.999925691710047387e-02
2.999925691709951284e-02
2.999925691710095266e-02
2.999925691709951978e-02
2.999925691710039061e-02
2.999925691710084164e-02
2.999925691710127185e-02
2.999925691709992570e-02
2.999925691710173675e-02
2.999925691710080000e-02
2.999925691710045653e-02
2.999925691710079306e-02
2.999925691710034897e-02
2.999925691710252085e-02
2.999925691710228839e-02
2.999925691709938447e-02
2.999925691710107062e-02
2.999925691710119552e-02
2.999925691709937059e-02
2.999925691710018938e-02
2.999925691710035591e-02
2.999925691710120940e-02
2.999925691710147307e-02
2.999925691710134124e-02
2.999925691710111919e-02
2.999925691710059183e-02
2.999925691709966896e-02
2.999925691710100470e-02
2.999925691709962039e-02
2.999925691710169512e-02
2.999925691710111225e-02
2.999925691710003672e-02
2.999925691709996040e-02
2.999925691710085551e-02
2.999925691710100817e-02
2.999925691710064041e-02
2.999925691710117470e-02
2.999925691710079653e-02
2.999925691710035591e-02
2.999925691710054673e-02
2.999925691710086245e-02
2.999925691709957182e-02
2.999925691710055714e-02
2.999925691710265616e-02
2.999925691710144532e-02
2.999925691710021713e-02
2.999925691710031775e-02
2.999925691710092490e-02
2.999925691710060224e-02
2.999925691710121634e-02
2.999925691710124756e-02
2.999925691710266656e-02
2.999925691710010958e-02
2.999925691709978345e-02
2.999925691710196921e-02
2.999925691710195186e-02
2.999925691710014081e-02
2.999925691710149042e-02
2.999925691710132042e-02
2.999925691710049816e-02
2.999925691710105674e-02
2.999925691710000897e-02
2.999925691709935324e-02
2.999925691710174369e-02
2.999925691710153206e-02
2.999925691710018244e-02
2.999925691710277065e-02
2.999925691710101511e-02
2.999925691710124409e-02
2.999925691709961345e-02
2.999925691710257289e-02
2.999925691710035591e-02
2.999925691710137593e-02
2.999925691710136205e-02
2.999925691710147307e-02
2.999925691710292330e-02
2.999925691710356168e-02
2.999925691710088327e-02
2.999925691710048428e-02
2.999925691710247574e-02
2.999925691710152512e-02
2.999925691710132042e-02
2.999925691709914854e-02
2.999925691710192063e-02
2.999925691710186165e-02
2.999925691710108450e-02
2.999925691710055714e-02
2.999925691710082776e-02
2.999925691710188594e-02
2.999925691710187206e-02
2.999925691710156328e-02
2.999925691710302739e-02
2.999925691710273595e-02
2.999925691710318004e-02
2.999925691710113307e-02
2.999925691710085898e-02
2.999925691710313841e-02
2.999925691710226758e-02
2.999925691710088674e-02
2.999925691710303433e-02
2.999925691710338821e-02
2.999925691710250697e-02
2.999925691710312453e-02
2.999925691710422088e-02
2.999925691709968284e-02
2.999925691710210104e-02
2.999925691710306555e-02
2.999925691710209757e-02
2.999925691710256942e-02
2.999925691710346107e-02
2.999925691710310371e-02
2.999925691710214962e-02
2.999925691710186859e-02
2.999925691710124062e-02
2.999925691709876344e-02
2.999925691710108450e-02
2.999925691710302045e-02
2.999925691710126144e-02
2.999925691710099082e-02
2.999925691710435272e-02
2.999925691710190676e-02
2.999925691710358250e-02
2.999925691710274983e-02
2.999925691709954753e-02
2.999925691710111919e-02
2.999925691710326331e-02
2.999925691710048081e-02
2.999925691710121980e-02
2.999925691710192410e-02
2.999925691710166042e-02
2.999925691710461986e-02
2.999925691709977998e-02
2.999925691710430067e-02
2.999925691709964121e-02
2.999925691710067510e-02
2.999925691709893344e-02
2.999925691710374903e-02
2.999925691710248615e-02
2.999925691710365536e-02
2.999925691710092490e-02
2.999925691710154246e-02
2.999925691710024142e-02
2.999925691710127185e-02
2.999925691710223635e-02
2.999925691710078959e-02
2.999925691709999509e-02
2.999925691710081041e-02
2.999925691710230574e-02
2.999925691710546988e-02
2.999925691710566417e-02
2.999925691710478640e-02
2.999925691709978692e-02
2.999925691710221554e-02
2.999925691710001591e-02
2.999925691710540049e-02
2.999925691710505354e-02
2.999925691710127879e-02
2.999925691710115389e-02
2.999925691710277065e-02
2.999925691710023101e-02
2.999925691710316963e-02
2.999925691710502232e-02
2.999925691709807302e-02
2.999925691710411679e-02
2.999925691710132042e-02
2.999925691710141062e-02
2.999925691710239942e-02
2.999925691710167777e-02
2.999925691710182002e-02
2.999925691710278106e-02
2.999925691709839568e-02
2.999925691710477599e-02
2.999925691710128572e-02
2.999925691710470313e-02
2.999925691710058490e-02
2.999925691709831588e-02
2.999925691710174716e-02
2.999925691709876344e-02
2.999925691710466150e-02
2.999925691709754219e-02
2.999925691710203166e-02
2.999925691709886058e-02
2.999925691710154593e-02
2.999925691710419659e-02
2.999925691710082776e-02
2.999925691710119205e-02
2.999925691710313494e-02
2.999925691710014775e-02
2.999925691710271167e-02
2.999925691710476905e-02
2.999925691710381495e-02
2.999925691709857956e-02
