2.999935661877321455e-02
2.999935661877276005e-02
2.999935661877265597e-02
2.999935661877065410e-02
2.999935661877696155e-02
2.999935661877105655e-02
2.999935661877710033e-02
2.999935661877388068e-02
2.999935661877355456e-02
2.999935661877410273e-02
2.999935661877145901e-02
2.999935661877119533e-02
2.999935661877401946e-02
2.999935661876898529e-02
2.999935661877434906e-02
2.999935661877627113e-02
2.999935661877213208e-02
2.999935661877457804e-02
2.999935661876977286e-02
2.999935661877489029e-02
2.999935661877116064e-02
2.999935661877266985e-02
2.999935661877138615e-02
2.999935661876881182e-02
2.999935661877009552e-02
2.999935661877381129e-02
2.999935661877218759e-02
2.999935661877466478e-02
2.999935661877101492e-02
2.999935661877166024e-02
2.999935661877338108e-02
2.999935661877025858e-02
2.999935661876948836e-02
2.999935661877386681e-02
2.999935661877526152e-02
2.999935661876997409e-02
2.999935661877175738e-02
2.999935661877290577e-02
2.999935661877539336e-02
2.999935661877126125e-02
2.999935661877095941e-02
2.999935661877498050e-02
2.999935661877414436e-02
2.999935661876970000e-02
2.999935661877145901e-02
2.999935661877423457e-02
2.999935661877174697e-02
2.999935661876998796e-02
2.999935661877324924e-02
2.999935661877422416e-02
2.999935661877393273e-02
2.999935661877099757e-02
2.999935661877153187e-02
2.999935661877132023e-02
2.999935661877283638e-02
2.999935661877234719e-02
2.999935661877327353e-02
2.999935661877348517e-02
2.999935661877268372e-02
2.999935661877091431e-02
2.999935661877358578e-02
2.999935661877037307e-02
2.999935661877163248e-02
2.999935661877281903e-02
2.999935661877223270e-02
2.999935661877467172e-02
2.999935661876959592e-02
2.999935661877204535e-02
2.999935661877325618e-02
2.999935661877228474e-02
2.999935661877346782e-02
2.999935661877305149e-02
2.999935661877328047e-02
2.999935661877031062e-02
2.999935661877224310e-02
2.999935661877296128e-02
2.999935661877104615e-02
2.999935661877223964e-02
2.999935661877626419e-02
2.999935661877080328e-02
2.999935661877213208e-02
2.999935661877449825e-02
2.999935661877164289e-02
2.999935661877348864e-02
2.999935661877248944e-02
2.999935661877421722e-02
2.999935661877358925e-02
2.999935661877487988e-02
2.999935661877152840e-02
2.999935661877520601e-02
2.999935661877112247e-02
2.999935661877468560e-02
2.999935661877205575e-02
2.999935661877389456e-02
2.999935661877412008e-02
2.999935661877107737e-02
2.999935661877224657e-02
2.999935661877153534e-02
2.999935661877328741e-02
2.999935661877237494e-02
2.999935661877308271e-02
2.999935661877092125e-02
2.999935661877200718e-02
2.999935661877458498e-02
2.999935661877265250e-02
2.999935661877255189e-02
2.999935661877242699e-02
2.999935661877161167e-02
2.999935661877477927e-02
2.999935661877334639e-02
2.999935661877450865e-02
2.999935661877206616e-02
2.999935661877256229e-02
2.999935661877359966e-02
2.999935661877105308e-02
2.999935661877387721e-02
2.999935661877265250e-02
2.999935661877217719e-02
2.999935661877244433e-02
2.999935661877423110e-02
2.999935661877413048e-02
2.999935661877102533e-02
2.999935661877387028e-02
2.999935661877282944e-02
2.999935661877308271e-02
2.999935661877255189e-02
2.999935661877348864e-02
2.999935661877218759e-02
2.999935661877296128e-02
2.999935661877249984e-02
2.999935661877206616e-02
2.999935661877208004e-02
2.999935661877278781e-02
2.999935661877209045e-02
2.999935661877044940e-02
2.999935661877202453e-02
2.999935661877231596e-02
2.999935661877258658e-02
2.999935661877214596e-02
2.999935661877172963e-02
2.999935661877192045e-02
2.999935661877282250e-02
2.999935661877101839e-02
2.999935661877294740e-02
2.999935661877308271e-02
2.999935661877240617e-02
2.999935661877237147e-02
2.999935661877239923e-02
2.999935661877067145e-02
2.999935661877300638e-02
2.999935661877119880e-02
2.999935661877241311e-02
2.999935661877325618e-02
2.999935661877318679e-02
2.999935661877170187e-02
2.999935661877241311e-02
2.999935661877215637e-02
2.999935661877188575e-02
2.999935661877149023e-02
2.999935661877144166e-02
2.999935661877356496e-02
2.999935661877368986e-02
2.999935661877234372e-02
2.999935661877214596e-02
2.999935661877267679e-02
2.999935661877160126e-02
2.999935661877144513e-02
2.999935661877137921e-02
2.999935661877144860e-02
2.999935661877296128e-02
2.999935661877041471e-02
2.999935661877177473e-02
2.999935661877222923e-02
2.999935661877100451e-02
2.999935661877210086e-02
2.999935661877315557e-02
2.999935661877163248e-02
2.999935661877024470e-02
2.999935661877233331e-02
2.999935661877482437e-02
2.999935661877130635e-02
2.999935661877074083e-02
2.999935661877380089e-02
2.999935661877183718e-02
2.999935661877177473e-02
2.999935661877117798e-02
2.999935661877244780e-02
2.999935661877169840e-02
2.999935661877326312e-02
2.999935661877194126e-02
2.999935661877314516e-02
2.999935661877267332e-02
2.999935661877337414e-02
2.999935661877135493e-02
2.999935661877123697e-02
2.999935661877242699e-02
2.999935661877136187e-02
2.999935661877240617e-02
2.999935661877229515e-02
2.999935661877136187e-02
2.999935661877293352e-02
2.999935661877118492e-02
2.999935661877286414e-02
2.999935661877193432e-02
2.999935661877303761e-02
2.999935661877182330e-02
2.999935661877255882e-02
2.999935661877205229e-02
2.999935661877104615e-02
2.999935661877278087e-02
2.999935661877295434e-02
2.999935661877105655e-02
2.999935661877174697e-02
2.999935661877293352e-02
2.999935661877365864e-02
2.999935661877269760e-02
2.999935661877157697e-02
2.999935661877198984e-02
2.999935661877402987e-02
2.999935661877260046e-02
2.999935661877201412e-02
2.999935661877092818e-02
2.999935661877240964e-02
2.999935661877145207e-02
2.999935661877165677e-02
2.999935661877236454e-02
2.999935661877124043e-02
2.999935661877262127e-02
2.999935661877238188e-02
2.999935661877344353e-02
2.999935661877173310e-02
2.999935661877196208e-02
2.999935661877050838e-02
2.999935661877125778e-02
2.999935661877193779e-02
2.999935661877264903e-02
2.999935661877298557e-02
2.999935661877186494e-02
2.999935661877260393e-02
2.999935661877190310e-02
2.999935661877233678e-02
2.999935661877198290e-02
2.999935661877018572e-02
2.999935661877116411e-02
2.999935661877321802e-02
2.999935661877200371e-02
2.999935661877030368e-02
2.999935661877143472e-02
2.999935661877258658e-02
2.999935661877234372e-02
2.999935661877209045e-02
2.999935661877180249e-02
2.999935661877322496e-02
2.999935661877219106e-02
2.999935661877106002e-02
2.999935661877117798e-02
2.999935661877230902e-02
2.999935661877143472e-02
2.999935661877306536e-02
2.999935661877288495e-02
2.999935661877052573e-02
2.999935661877102533e-02
2.999935661877161860e-02
2.999935661877160820e-02
2.999935661877111553e-02
2.999935661877157350e-02
2.999935661877187187e-02
2.999935661877146942e-02
2.999935661877250331e-02
2.999935661877139656e-02
2.999935661877060900e-02
2.999935661877119880e-02
2.999935661877227433e-02
2.999935661877224657e-02
2.999935661877101839e-02
2.999935661877149370e-02
2.999935661877125431e-02
2.999935661877262474e-02
2.999935661877118839e-02
2.999935661877233331e-02
2.999935661877145554e-02
2.999935661877176085e-02
2.999935661877185106e-02
2.999935661877118492e-02
2.999935661877286761e-02
2.999935661877217025e-02
2.999935661877267679e-02
2.999935661877283985e-02
2.999935661877280862e-02
2.999935661877253801e-02
2.999935661877213555e-02
2.999935661877204188e-02
2.999935661877112594e-02
2.999935661877049103e-02
2.999935661877226392e-02
2.999935661877096982e-02
2.999935661877137227e-02
2.999935661877174004e-02
2.999935661877127513e-02
2.999935661877256923e-02
2.999935661877149717e-02
2.999935661877166371e-02
2.999935661877094206e-02
2.999935661877239576e-02
2.999935661877266638e-02
2.999935661877190310e-02
2.999935661877094206e-02
2.999935661877259699e-02
2.999935661877063675e-02
2.999935661877116758e-02
2.999935661877090390e-02
2.999935661877116758e-02
2.999935661877177820e-02
2.999935661877065757e-02
2.999935661877163595e-02
2.999935661877117452e-02
2.999935661877306189e-02
2.999935661877142778e-02
2.999935661877136187e-02
2.999935661877058818e-02
2.999935661877227780e-02
2.999935661877140003e-02
2.999935661877198984e-02
2.999935661877179902e-02
2.999935661877109125e-02
2.999935661877081716e-02
2.999935661877138962e-02
2.999935661877092818e-02
2.999935661877244780e-02
2.999935661877122656e-02
2.999935661877100104e-02
2.999935661877237841e-02
2.999935661877089349e-02
2.999935661877157697e-02
2.999935661877150411e-02
2.999935661877134452e-02
2.999935661877099757e-02
2.999935661877148330e-02
2.999935661877267679e-02
2.999935661877073390e-02
2.999935661877022736e-02
2.999935661877151105e-02
2.999935661877137921e-02
2.999935661877186147e-02
2.999935661877137227e-02
2.999935661877162207e-02
2.999935661877084492e-02
2.999935661877163595e-02
2.999935661877136533e-02
2.999935661877150411e-02
2.999935661877198637e-02
2.999935661877159432e-02
2.999935661877123350e-02
2.999935661877144860e-02
2.999935661877109819e-02
2.999935661877141391e-02
2.999935661877111553e-02
2.999935661877264903e-02
2.999935661877179208e-02
2.999935661877090043e-02
2.999935661877202106e-02
2.999935661877121962e-02
2.999935661877099410e-02
2.999935661877079288e-02
2.999935661877191004e-02
2.999935661877111900e-02
2.999935661877198984e-02
2.999935661877115370e-02
2.999935661877123003e-02
2.999935661877115717e-02
2.999935661877111207e-02
2.999935661877060900e-02
2.999935661877213208e-02
2.999935661877206269e-02
2.999935661877223964e-02
2.999935661877112941e-02
2.999935661877085533e-02
2.999935661877140350e-02
2.999935661877123697e-02
2.999935661877133064e-02
2.999935661877151105e-02
2.999935661877153881e-02
2.999935661877133411e-02
2.999935661877149370e-02
2.999935661877161513e-02
2.999935661877101145e-02
2.999935661877127513e-02
2.999935661877185106e-02
2.999935661877098370e-02
2.999935661877122656e-02
2.999935661877146248e-02
2.999935661877123350e-02
2.999935661877144166e-02
2.999935661877170534e-02
2.999935661877140697e-02
2.999935661877120574e-02
2.999935661877104615e-02
2.999935661877137921e-02
2.999935661877124390e-02
2.999935661877131676e-02
2.999935661877128207e-02
2.999935661877121268e-02
2.999935661877191004e-02
2.999935661877160820e-02
2.999935661877174697e-02
2.999935661877111553e-02
2.999935661877133064e-02
2.999935661877124043e-02
2.999935661877142778e-02
2.999935661877175044e-02
2.999935661877151799e-02
2.999935661877074777e-02
2.999935661877173310e-02
2.999935661877151799e-02
2.999935661877154575e-02
2.999935661877166718e-02
2.999935661877109472e-02
2.999935661877155615e-02
2.999935661877176085e-02
2.999935661877160126e-02
2.999935661877144166e-02
2.999935661877119880e-02
2.999935661877120574e-02
2.999935661877135146e-02
2.999935661877176779e-02
2.999935661877151105e-02
2.999935661877141044e-02
2.999935661877140003e-02
2.999935661877143125e-02
2.999935661877130982e-02
2.999935661877180942e-02
2.999935661877158044e-02
2.999935661877128207e-02
2.999935661877161167e-02
2.999935661877127513e-02
2.999935661877185106e-02
2.999935661877156309e-02
2.999935661877179208e-02
2.999935661877163595e-02
2.999935661877145554e-02
2.999935661877153534e-02
2.999935661877155962e-02
2.999935661877148677e-02
2.999935661877174004e-02
2.999935661877163942e-02
2.999935661877162901e-02
2.999935661877173310e-02
2.999935661877148677e-02
2.999935661877155268e-02
2.999935661877157697e-02
2.999935661877160820e-02
2.999935661877157003e-02
2.999935661877147289e-02
2.999935661877161860e-02
2.999935661877155962e-02
2.999935661877167065e-02
2.999935661877160126e-02
2.999935661877161860e-02
2.999935661877162207e-02
2.999935661877157697e-02
2.999935661877166371e-02
2.999935661877152840e-02
2.999935661877154575e-02
2.999935661877164983e-02
2.999935661877174350e-02
2.999935661877157003e-02
2.999935661877157350e-02
2.999935661877160820e-02
2.999935661877152146e-02
2.999935661877159432e-02
2.999935661877163942e-02
2.999935661877172616e-02
2.999935661877163942e-02
2.999935661877167065e-02
2.999935661877169493e-02
2.999935661877167759e-02
2.999935661877171228e-02
2.999935661877169840e-02
2.999935661877172269e-02
2.999935661877171228e-02
2.999935661877172963e-02
2.999935661877176085e-02
2.999935661877176432e-02
2.999935661877177820e-02
2.999935661877177473e-02
2.999935661877178167e-02
2.999935661877178167e-02
2.999935661877178514e-02
2.999935661877179208e-02
2.999935661877179208e-02
2.999935661877179555e-02
2.999935661877179902e-02
2.999935661877181289e-02
2.999935661877183024e-02
2.999935661877184065e-02
2.999935661877185106e-02
2.999935661877185800e-02
2.999935661877186494e-02
2.999935661877186840e-02
2.999935661877187187e-02
2.999935661877187881e-02
2.999935661877188228e-02
2.999935661877188228e-02
2.999935661877189269e-02
2.999935661877189616e-02
2.999935661877189616e-02
2.999935661877189963e-02
2.999935661877191351e-02
2.999935661877191698e-02
2.999935661877192045e-02
2.999935661877192045e-02
2.999935661877193779e-02
2.999935661877194473e-02
2.999935661877194126e-02
2.999935661877195861e-02
2.999935661877197249e-02
2.999935661877196902e-02
2.999935661877196555e-02
2.999935661877198637e-02
2.999935661877200024e-02
2.999935661877201065e-02
2.999935661877197596e-02
2.999935661877200718e-02
2.999935661877198290e-02
2.999935661877201065e-02
2.999935661877203494e-02
2.999935661877203494e-02
2.999935661877199330e-02
2.999935661877203147e-02
2.999935661877201412e-02
2.999935661877200718e-02
2.999935661877200371e-02
2.999935661877200718e-02
2.999935661877204535e-02
2.999935661877194126e-02
2.999935661877203841e-02
2.999935661877203147e-02
2.999935661877205575e-02
2.999935661877204535e-02
2.999935661877201412e-02
2.999935661877205229e-02
2.999935661877210780e-02
2.999935661877211474e-02
2.999935661877206269e-02
2.999935661877215984e-02
2.999935661877217719e-02
2.999935661877218065e-02
2.999935661877216331e-02
2.999935661877219453e-02
2.999935661877212167e-02
2.999935661877228821e-02
2.999935661877216331e-02
2.999935661877217719e-02
2.999935661877217025e-02
2.999935661877223964e-02
2.999935661877237147e-02
2.999935661877223964e-02
2.999935661877218412e-02
2.999935661877221188e-02
2.999935661877231596e-02
2.999935661877221188e-02
2.999935661877239229e-02
2.999935661877226045e-02
2.999935661877235413e-02
2.999935661877210780e-02
2.999935661877208698e-02
2.999935661877215290e-02
2.999935661877235066e-02
2.999935661877205922e-02
2.999935661877215984e-02
2.999935661877229168e-02
2.999935661877218759e-02
2.999935661877236107e-02
2.999935661877243739e-02
2.999935661877226739e-02
2.999935661877197249e-02
2.999935661877229168e-02
2.999935661877228821e-02
2.999935661877229862e-02
2.999935661877220494e-02
2.999935661877233678e-02
2.999935661877226045e-02
2.999935661877244086e-02
2.999935661877253107e-02
2.999935661877238882e-02
2.999935661877264209e-02
2.999935661877220841e-02
2.999935661877212167e-02
2.999935661877204535e-02
2.999935661877246862e-02
2.999935661877248944e-02
2.999935661877232290e-02
2.999935661877238535e-02
2.999935661877272536e-02
2.999935661877237147e-02
2.999935661877268372e-02
2.999935661877262127e-02
2.999935661877252413e-02
2.999935661877257964e-02
2.999935661877239229e-02
2.999935661877235760e-02
2.999935661877240617e-02
2.999935661877220494e-02
2.999935661877251025e-02
2.999935661877272536e-02
2.999935661877263862e-02
2.999935661877258658e-02
2.999935661877239229e-02
2.999935661877250331e-02
2.999935661877209392e-02
2.999935661877255189e-02
2.999935661877211474e-02
2.999935661877229862e-02
2.999935661877237147e-02
2.999935661877220147e-02
2.999935661877242005e-02
2.999935661877268372e-02
2.999935661877248944e-02
2.999935661877207310e-02
2.999935661877280862e-02
2.999935661877277393e-02
2.999935661877236454e-02
2.999935661877227086e-02
2.999935661877299251e-02
2.999935661877282944e-02
2.999935661877252413e-02
2.999935661877279475e-02
2.999935661877281903e-02
2.999935661877248944e-02
2.999935661877327353e-02
2.999935661877291965e-02
2.999935661877320414e-02
2.999935661877246862e-02
2.999935661877266985e-02
2.999935661877209045e-02
2.999935661877270801e-02
2.999935661877307924e-02
2.999935661877231596e-02
2.999935661877192045e-02
2.999935661877231596e-02
2.999935661877326659e-02
2.999935661877303414e-02
2.999935661877308965e-02
2.999935661877285720e-02
2.999935661877323190e-02
2.999935661877199330e-02
2.999935661877215984e-02
2.999935661877263515e-02
2.999935661877253801e-02
2.999935661877310006e-02
2.999935661877308618e-02
2.999935661877288842e-02
2.999935661877274964e-02
2.999935661877282597e-02
2.999935661877234719e-02
2.999935661877205922e-02
2.999935661877263862e-02
2.999935661877325965e-02
2.999935661877244086e-02
2.999935661877322843e-02
2.999935661877166371e-02
2.999935661877269066e-02
2.999935661877293699e-02
2.999935661877268372e-02
2.999935661877193085e-02
2.999935661877279128e-02
2.999935661877278434e-02
2.999935661877359966e-02
2.999935661877397089e-02
2.999935661877243046e-02
2.999935661877285720e-02
2.999935661877288495e-02
2.999935661877318333e-02
2.999935661877270454e-02
2.999935661877386334e-02
2.999935661877323190e-02
2.999935661877235066e-02
2.999935661877342619e-02
2.999935661877252413e-02
2.999935661877191698e-02
2.999935661877193085e-02
2.999935661877304455e-02
2.999935661877170534e-02
2.999935661877288495e-02
2.999935661877402987e-02
2.999935661877391538e-02
2.999935661877331863e-02
2.999935661877432130e-02
2.999935661877305496e-02
2.999935661877273230e-02
2.999935661877257270e-02
2.999935661877342966e-02
2.999935661877283638e-02
2.999935661877310006e-02
2.999935661877348864e-02
2.999935661877298210e-02
2.999935661877248250e-02
2.999935661877271842e-02
2.999935661877167412e-02
2.999935661877317986e-02
2.999935661877317639e-02
2.999935661877286761e-02
2.999935661877311741e-02
2.999935661877383211e-02
2.999935661877359619e-02
2.999935661877314516e-02
2.999935661877276699e-02
2.999935661877347476e-02
2.999935661877439416e-02
2.999935661877325271e-02
2.999935661877274617e-02
2.999935661877342619e-02
2.999935661877412701e-02
2.999935661877384599e-02
2.999935661877347129e-02
2.999935661877274271e-02
2.999935661877264209e-02
2.999935661877282944e-02
2.999935661877279822e-02
2.999935661877293006e-02
2.999935661877300985e-02
2.999935661877287107e-02
2.999935661877329435e-02
2.999935661877294046e-02
2.999935661877265944e-02
2.999935661877261781e-02
2.999935661877380783e-02
2.999935661877340884e-02
2.999935661877280169e-02
2.999935661877350945e-02
2.999935661877327006e-02
2.999935661877346088e-02
2.999935661877401946e-02
2.999935661877368986e-02
2.999935661877357537e-02
2.999935661877387721e-02
2.999935661877307924e-02
2.999935661877390150e-02
2.999935661877307924e-02
2.999935661877396742e-02
2.999935661877351639e-02
2.999935661877270801e-02
2.999935661877339496e-02
2.999935661877369680e-02
2.999935661877262821e-02
2.999935661877587562e-02
2.999935661877523724e-02
2.999935661877376619e-02
2.999935661877391538e-02
2.999935661877404375e-02
2.999935661877263515e-02
2.999935661877371068e-02
2.999935661877320761e-02
2.999935661877407150e-02
2.999935661877421722e-02
2.999935661877492846e-02
2.999935661877469253e-02
2.999935661877378007e-02
2.999935661877526499e-02
2.999935661877401252e-02
2.999935661877287801e-02
2.999935661877319720e-02
2.999935661877300291e-02
2.999935661877297516e-02
2.999935661877368986e-02
2.999935661877450865e-02
2.999935661877496662e-02
2.999935661877484172e-02
2.999935661877462315e-02
2.999935661877368986e-02
2.999935661877272536e-02
2.999935661877464743e-02
2.999935661877468906e-02
2.999935661877363435e-02
2.999935661877409926e-02
2.999935661877395354e-02
2.999935661877296128e-02
2.999935661877381476e-02
2.999935661877503601e-02
2.999935661877340537e-02
2.999935661877384252e-02
2.999935661877199330e-02
2.999935661877420334e-02
2.999935661877351639e-02
2.999935661877345394e-02
2.999935661877419987e-02
2.999935661877373150e-02
2.999935661877492499e-02
2.999935661877398824e-02
2.999935661877425885e-02
2.999935661877548010e-02
2.999935661877392579e-02
2.999935661877474458e-02
2.999935661877482437e-02
2.999935661877507764e-02
2.999935661877497356e-02
2.999935661877521642e-02
2.999935661877452947e-02
2.999935661877312087e-02
2.999935661877428661e-02
2.999935661877358925e-02
2.999935661877618093e-02
2.999935661877344700e-02
2.999935661877490417e-02
2.999935661877425538e-02
2.999935661877537948e-02
2.999935661877540377e-02
2.999935661877425191e-02
2.999935661877396742e-02
2.999935661877473070e-02
2.999935661877374538e-02
2.999935661877654869e-02
2.999935661877402987e-02
2.999935661877325618e-02
2.999935661877340190e-02
2.999935661877440457e-02
2.999935661877591378e-02
2.999935661877517826e-02
2.999935661877478621e-02
2.999935661877361354e-02
2.999935661877477580e-02
2.999935661877353721e-02
2.999935661877424498e-02
2.999935661877474458e-02
2.999935661877348864e-02
2.999935661877615317e-02
2.999935661877502213e-02
2.999935661877331516e-02
2.999935661877461968e-02
2.999935661877495274e-02
2.999935661877540377e-02
2.999935661877381476e-02
2.999935661877326659e-02
2.999935661877396742e-02
2.999935661877516091e-02
2.999935661877487642e-02
2.999935661877458498e-02
2.999935661877711074e-02
2.999935661877423804e-02
2.999935661877613235e-02
2.999935661877387721e-02
2.999935661877417559e-02
2.999935661877429355e-02
2.999935661877592072e-02
2.999935661877468906e-02
2.999935661877628154e-02
2.999935661877563275e-02
2.999935661877560500e-02
2.999935661877468213e-02
2.999935661877558765e-02
2.999935661877484519e-02
2.999935661877429702e-02
2.999935661877405763e-02
2.999935661877433518e-02
2.999935661877488335e-02
2.999935661877602133e-02
2.999935661877432130e-02
2.999935661877609766e-02
2.999935661877397436e-02
2.999935661877535520e-02
2.999935661877470988e-02
2.999935661877566051e-02
2.999935661877523030e-02
2.999935661877430743e-02
2.999935661877669441e-02
2.999935661877703441e-02
2.999935661877595194e-02
2.999935661877391885e-02
2.999935661877422416e-02
2.999935661877574031e-02
2.999935661877671522e-02
2.999935661877570908e-02
2.999935661877543153e-02
2.999935661877501519e-02
2.999935661877383558e-02
2.999935661877564663e-02
2.999935661877676379e-02
2.999935661877684706e-02
2.999935661877344700e-02
2.999935661877482784e-02
2.999935661877485213e-02
2.999935661877535520e-02
2.999935661877616705e-02
2.999935661877441845e-02
2.999935661877481050e-02
2.999935661877625032e-02
2.999935661877527193e-02
2.999935661877592766e-02
2.999935661877369680e-02
2.999935661877552867e-02
2.999935661877514703e-02
2.999935661877573684e-02
2.999935661877498397e-02
2.999935661877437335e-02
2.999935661877598664e-02
2.999935661877688869e-02
2.999935661877448784e-02
2.999935661877674298e-02
2.999935661877647930e-02
2.999935661877528581e-02
2.999935661877493540e-02
2.999935661877799198e-02
2.999935661877583745e-02
2.999935661877520254e-02
2.999935661877445661e-02
2.999935661877598664e-02
2.999935661877432824e-02
2.999935661877681931e-02
2.999935661877553561e-02
2.999935661877389803e-02
2.999935661877526846e-02
2.999935661877732238e-02
2.999935661877230555e-02
2.999935661877950466e-02
2.999935661877608725e-02
2.999935661877442539e-02
2.999935661877299251e-02
2.999935661877170881e-02
2.999935661877564316e-02
2.999935661877305496e-02
2.999935661878023324e-02
2.999935661877359966e-02
2.999935661877702400e-02
2.999935661877520948e-02
2.999935661877451212e-02
2.999935661877870668e-02
2.999935661877618440e-02
2.999935661877672216e-02
2.999935661877535867e-02
2.999935661877699278e-02
2.999935661877449478e-02
2.999935661877511234e-02
2.999935661877943527e-02
2.999935661877721482e-02
2.999935661877548010e-02
2.999935661877520254e-02
2.999935661877567786e-02
2.999935661877638216e-02
2.999935661877558418e-02
2.999935661877665277e-02
2.999935661877592072e-02
2.999935661877515397e-02
2.999935661877484866e-02
2.999935661877375578e-02
2.999935661877670828e-02
2.999935661877895302e-02
2.999935661877837015e-02
2.999935661877284332e-02
2.999935661877673257e-02
2.999935661877455029e-02
2.999935661877474805e-02
2.999935661877640644e-02
2.999935661877559806e-02
2.999935661878133653e-02
2.999935661877685053e-02
2.999935661877580623e-02
2.999935661877495274e-02
2.999935661877877607e-02
2.999935661877701359e-02
2.999935661877238188e-02
2.999935661877623297e-02
2.999935661877773524e-02
2.999935661877489723e-02
2.999935661877277393e-02
2.999935661877777340e-02
2.999935661877728768e-02
2.999935661877585480e-02
2.999935661877880036e-02
2.999935661877712809e-02
2.999935661877184065e-02
2.999935661877261434e-02
2.999935661877754789e-02
2.999935661877891832e-02
2.999935661877749932e-02
2.999935661878001120e-02
2.999935661877843954e-02
2.999935661878080917e-02
2.999935661877769014e-02
2.999935661877949078e-02
2.999935661877733278e-02
2.999935661877486601e-02
2.999935661877589990e-02
2.999935661877573337e-02
2.999935661877786708e-02
2.999935661877451559e-02
2.999935661877767626e-02
2.999935661877513315e-02
2.999935661877243046e-02
2.999935661877249984e-02
2.999935661877621909e-02
2.999935661877529969e-02
2.999935661877726686e-02
2.999935661877485213e-02
2.999935661878067386e-02
2.999935661877662155e-02
2.999935661877909179e-02
2.999935661877440110e-02
2.999935661877475152e-02
