2.999935739587816785e-02
2.999935739588055830e-02
2.999935739587710620e-02
2.999935739588024258e-02
2.999935739588486042e-02
2.999935739588311528e-02
2.999935739587941685e-02
2.999935739587903175e-02
2.999935739587576700e-02
2.999935739588120015e-02
2.999935739588141179e-02
2.999935739588364958e-02
2.999935739588077341e-02
2.999935739587883052e-02
2.999935739588165465e-02
2.999935739587331410e-02
2.999935739587751560e-02
2.999935739588503389e-02
2.999935739588046810e-02
2.999935739587539923e-02
2.999935739587943420e-02
2.999935739588272671e-02
2.999935739587736294e-02
2.999935739587726580e-02
2.999935739587626660e-02
2.999935739587900052e-02
2.999935739587865358e-02
2.999935739588090525e-02
2.999935739588185935e-02
2.999935739587612782e-02
2.999935739588085667e-02
2.999935739588025993e-02
2.999935739588227221e-02
2.999935739587921910e-02
2.999935739587907685e-02
2.999935739587818173e-02
2.999935739587942379e-02
2.999935739587859460e-02
2.999935739588468347e-02
2.999935739587978115e-02
2.999935739587849398e-02
2.999935739588227915e-02
2.999935739587630129e-02
2.999935739587986441e-02
2.999935739587830316e-02
2.999935739588009340e-02
2.999935739588006564e-02
2.999935739587757111e-02
2.999935739588183853e-02
2.999935739587734213e-02
2.999935739587899011e-02
2.999935739587926420e-02
2.999935739588099892e-02
2.999935739587901093e-02
2.999935739587649558e-02
2.999935739587800826e-02
2.999935739588091566e-02
2.999935739587663436e-02
2.999935739587896236e-02
2.999935739587637068e-02
2.999935739588190445e-02
2.999935739588151240e-02
2.999935739587931277e-02
2.999935739587706457e-02
2.999935739588121403e-02
2.999935739588165812e-02
2.999935739588086708e-02
2.999935739587806724e-02
2.999935739587816091e-02
2.999935739587882705e-02
2.999935739588055136e-02
2.999935739587950012e-02
2.999935739588238323e-02
2.999935739588113423e-02
2.999935739587874031e-02
2.999935739587840031e-02
2.999935739588334080e-02
2.999935739587726580e-02
2.999935739587994074e-02
2.999935739588068320e-02
2.999935739588250119e-02
2.999935739587889644e-02
2.999935739588157832e-02
2.999935739587847316e-02
2.999935739588268854e-02
2.999935739588138750e-02
2.999935739587981931e-02
2.999935739587867439e-02
2.999935739587832398e-02
2.999935739588064851e-02
2.999935739587922603e-02
2.999935739588001360e-02
2.999935739588095729e-02
2.999935739588080810e-02
2.999935739587991645e-02
2.999935739588066586e-02
2.999935739588006911e-02
2.999935739588005523e-02
2.999935739587810540e-02
2.999935739588237282e-02
2.999935739587917052e-02
2.999935739587811234e-02
2.999935739587928502e-02
2.999935739587955910e-02
2.999935739587997197e-02
2.999935739588014197e-02
2.999935739587970829e-02
2.999935739588052014e-02
2.999935739587911154e-02
2.999935739587956951e-02
2.999935739588143607e-02
2.999935739588083586e-02
2.999935739588078382e-02
2.999935739587985054e-02
2.999935739587800479e-02
2.999935739588158179e-02
2.999935739587854602e-02
2.999935739588013850e-02
2.999935739587833439e-02
2.999935739588047157e-02
2.999935739587952441e-02
2.999935739587927114e-02
2.999935739587997544e-02
2.999935739588012462e-02
2.999935739588001360e-02
2.999935739587964584e-02
2.999935739588163036e-02
2.999935739587880623e-02
2.999935739587983666e-02
2.999935739587852521e-02
2.999935739588000319e-02
2.999935739588109607e-02
2.999935739588097117e-02
2.999935739588025646e-02
2.999935739587922257e-02
2.999935739588029115e-02
2.999935739587855643e-02
2.999935739588079769e-02
2.999935739587956951e-02
2.999935739588070749e-02
2.999935739588142913e-02
2.999935739587875072e-02
2.999935739588066586e-02
2.999935739587986094e-02
2.999935739587982625e-02
2.999935739587978809e-02
2.999935739588013850e-02
2.999935739587846623e-02
2.999935739587983319e-02
2.999935739588110994e-02
2.999935739587869521e-02
2.999935739587854255e-02
2.999935739588029462e-02
2.999935739587952094e-02
2.999935739587794581e-02
2.999935739588037789e-02
2.999935739588002748e-02
2.999935739587967012e-02
2.999935739587928502e-02
2.999935739587994768e-02
2.999935739587948971e-02
2.999935739587923644e-02
2.999935739587934747e-02
2.999935739588015932e-02
2.999935739588036748e-02
2.999935739588005523e-02
2.999935739588012462e-02
2.999935739587994421e-02
2.999935739587944461e-02
2.999935739587986788e-02
2.999935739587967012e-02
2.999935739587822683e-02
2.999935739587902134e-02
2.999935739587993033e-02
2.999935739588155750e-02
2.999935739588055830e-02
2.999935739588105096e-02
2.999935739587888950e-02
2.999935739587934747e-02
2.999935739587769948e-02
2.999935739588009687e-02
2.999935739587878542e-02
2.999935739588018707e-02
2.999935739588083586e-02
2.999935739587866051e-02
2.999935739588006217e-02
2.999935739587882011e-02
2.999935739588003442e-02
2.999935739587880276e-02
2.999935739588004829e-02
2.999935739587948624e-02
2.999935739587817132e-02
2.999935739587885480e-02
2.999935739587886174e-02
2.999935739588067279e-02
2.999935739587994421e-02
2.999935739587988176e-02
2.999935739587955563e-02
2.999935739588045075e-02
2.999935739587948624e-02
2.999935739587879235e-02
2.999935739588038136e-02
2.999935739587925032e-02
2.999935739587952441e-02
2.999935739587981237e-02
2.999935739587763356e-02
2.999935739587851480e-02
2.999935739587899011e-02
2.999935739588098851e-02
2.999935739587988176e-02
2.999935739587981931e-02
2.999935739588039524e-02
2.999935739588047851e-02
2.999935739587836908e-02
2.999935739587913583e-02
2.999935739587885480e-02
2.999935739587842459e-02
2.999935739588056871e-02
2.999935739587942379e-02
2.999935739587985400e-02
2.999935739587888950e-02
2.999935739587892419e-02
2.999935739588004829e-02
2.999935739587948624e-02
2.999935739587948624e-02
2.999935739587949318e-02
2.999935739588012809e-02
2.999935739587807765e-02
2.999935739587918787e-02
2.999935739588031197e-02
2.999935739587987482e-02
2.999935739587911154e-02
2.999935739588033973e-02
2.999935739587878542e-02
2.999935739587960074e-02
2.999935739587983666e-02
2.999935739587943073e-02
2.999935739587898664e-02
2.999935739588004829e-02
2.999935739588024258e-02
2.999935739587880276e-02
2.999935739587981237e-02
2.999935739587980543e-02
2.999935739587890338e-02
2.999935739588042646e-02
2.999935739587937522e-02
2.999935739588028422e-02
2.999935739588130423e-02
2.999935739587974298e-02
2.999935739587905950e-02
2.999935739587859460e-02
2.999935739588030850e-02
2.999935739587966665e-02
2.999935739588065198e-02
2.999935739587993727e-02
2.999935739587986441e-02
2.999935739588007605e-02
2.999935739587898317e-02
2.999935739587900746e-02
2.999935739587778621e-02
2.999935739587927461e-02
2.999935739588013503e-02
2.999935739588023564e-02
2.999935739588042646e-02
2.999935739588106831e-02
2.999935739587884787e-02
2.999935739587928502e-02
2.999935739587920175e-02
2.999935739587939604e-02
2.999935739587904909e-02
2.999935739587993033e-02
2.999935739587901093e-02
2.999935739587865358e-02
2.999935739588107872e-02
2.999935739587799438e-02
2.999935739587887909e-02
2.999935739587870909e-02
2.999935739587973257e-02
2.999935739587950359e-02
2.999935739587924338e-02
2.999935739587940992e-02
2.999935739587911154e-02
2.999935739587786254e-02
2.999935739587995809e-02
2.999935739587884787e-02
2.999935739587876460e-02
2.999935739587876460e-02
2.999935739587977074e-02
2.999935739587972564e-02
2.999935739587907338e-02
2.999935739587957645e-02
2.999935739587993380e-02
2.999935739587963890e-02
2.999935739587945849e-02
2.999935739588007605e-02
2.999935739587844194e-02
2.999935739587931624e-02
2.999935739587876113e-02
2.999935739587914624e-02
2.999935739588003095e-02
2.999935739587884787e-02
2.999935739587980196e-02
2.999935739587995462e-02
2.999935739587879235e-02
2.999935739587827541e-02
2.999935739587950359e-02
2.999935739587932665e-02
2.999935739587886868e-02
2.999935739587773417e-02
2.999935739587770295e-02
2.999935739587818867e-02
2.999935739588016625e-02
2.999935739587998237e-02
2.999935739587921216e-02
2.999935739587931971e-02
2.999935739587885480e-02
2.999935739587916705e-02
2.999935739587872990e-02
2.999935739587781744e-02
2.999935739587885480e-02
2.999935739587910113e-02
2.999935739587921216e-02
2.999935739587970829e-02
2.999935739587896930e-02
2.999935739587938563e-02
2.999935739587835173e-02
2.999935739587876113e-02
2.999935739587912542e-02
2.999935739587997890e-02
2.999935739587787295e-02
2.999935739587955216e-02
2.999935739587919828e-02
2.999935739587864317e-02
2.999935739587809846e-02
2.999935739587939257e-02
2.999935739587879235e-02
2.999935739587927808e-02
2.999935739587950359e-02
2.999935739587870562e-02
2.999935739587943073e-02
2.999935739587870909e-02
2.999935739587853215e-02
2.999935739587848704e-02
2.999935739587906644e-02
2.999935739587885480e-02
2.999935739587917399e-02
2.999935739587772029e-02
2.999935739587964237e-02
2.999935739587964931e-02
2.999935739587884787e-02
2.999935739587924685e-02
2.999935739587911154e-02
2.999935739587902134e-02
2.999935739587863970e-02
2.999935739587853561e-02
2.999935739587865358e-02
2.999935739587794581e-02
2.999935739587868133e-02
2.999935739587883746e-02
2.999935739587892419e-02
2.999935739587865705e-02
2.999935739587986441e-02
2.999935739587917746e-02
2.999935739587970482e-02
2.999935739587965625e-02
2.999935739588002401e-02
2.999935739587875072e-02
2.999935739587925379e-02
2.999935739587852174e-02
2.999935739587887562e-02
2.999935739587870215e-02
2.999935739587923297e-02
2.999935739587882705e-02
2.999935739587906991e-02
2.999935739587900399e-02
2.999935739587899358e-02
2.999935739587943767e-02
2.999935739587878888e-02
2.999935739587823724e-02
2.999935739587903868e-02
2.999935739587893113e-02
2.999935739587878542e-02
2.999935739587884787e-02
2.999935739587886521e-02
2.999935739587821296e-02
2.999935739587854255e-02
2.999935739587919134e-02
2.999935739587896583e-02
2.999935739587878542e-02
2.999935739587888950e-02
2.999935739587848010e-02
2.999935739587911154e-02
2.999935739587893113e-02
2.999935739587873337e-02
2.999935739587881317e-02
2.999935739587884440e-02
2.999935739587797356e-02
2.999935739587872990e-02
2.999935739587877848e-02
2.999935739587888603e-02
2.999935739587878542e-02
2.999935739587897277e-02
2.999935739587860153e-02
2.999935739587895889e-02
2.999935739587897277e-02
2.999935739587839684e-02
2.999935739587901093e-02
2.999935739587858072e-02
2.999935739587860153e-02
2.999935739587851480e-02
2.999935739587835520e-02
2.999935739587894154e-02
2.999935739587889991e-02
2.999935739587867786e-02
2.999935739587888256e-02
2.999935739587925032e-02
2.999935739587904909e-02
2.999935739587840725e-02
2.999935739587902828e-02
2.999935739587870909e-02
2.999935739587872990e-02
2.999935739587888256e-02
2.999935739587950012e-02
2.999935739587848010e-02
2.999935739587875766e-02
2.999935739587875072e-02
2.999935739587893113e-02
2.999935739587878542e-02
2.999935739587872296e-02
2.999935739587882011e-02
2.999935739587914624e-02
2.999935739587867439e-02
2.999935739587905603e-02
2.999935739587890685e-02
2.999935739587908726e-02
2.999935739587879582e-02
2.999935739587907338e-02
2.999935739587891725e-02
2.999935739587879929e-02
2.999935739587890338e-02
2.999935739587886174e-02
2.999935739587914971e-02
2.999935739587892766e-02
2.999935739587885133e-02
2.999935739587895195e-02
2.999935739587900399e-02
2.999935739587902134e-02
2.999935739587891725e-02
2.999935739587897277e-02
2.999935739587899705e-02
2.999935739587889297e-02
2.999935739587893113e-02
2.999935739587896236e-02
2.999935739587898317e-02
2.999935739587903868e-02
2.999935739587892072e-02
2.999935739587900746e-02
2.999935739587890338e-02
2.999935739587888950e-02
2.999935739587911154e-02
2.999935739587896583e-02
2.999935739587905603e-02
2.999935739587905950e-02
2.999935739587902828e-02
2.999935739587895195e-02
2.999935739587908379e-02
2.999935739587911501e-02
2.999935739587900746e-02
2.999935739587895195e-02
2.999935739587901093e-02
2.999935739587907338e-02
2.999935739587906297e-02
2.999935739587904215e-02
2.999935739587905950e-02
2.999935739587910460e-02
2.999935739587913236e-02
2.999935739587906297e-02
2.999935739587907685e-02
2.999935739587905603e-02
2.999935739587908726e-02
2.999935739587909073e-02
2.999935739587910113e-02
2.999935739587912542e-02
2.999935739587912542e-02
2.999935739587912889e-02
2.999935739587912542e-02
2.999935739587914624e-02
2.999935739587917399e-02
2.999935739587918093e-02
2.999935739587919134e-02
2.999935739587919828e-02
2.999935739587919481e-02
2.999935739587919828e-02
2.999935739587920522e-02
2.999935739587921216e-02
2.999935739587922257e-02
2.999935739587922950e-02
2.999935739587921910e-02
2.999935739587923644e-02
2.999935739587923644e-02
2.999935739587925032e-02
2.999935739587925379e-02
2.999935739587925726e-02
2.999935739587925379e-02
2.999935739587926420e-02
2.999935739587926767e-02
2.999935739587928848e-02
2.999935739587929195e-02
2.999935739587929889e-02
2.999935739587931277e-02
2.999935739587933359e-02
2.999935739587934747e-02
2.999935739587935440e-02
2.999935739587935093e-02
2.999935739587935787e-02
2.999935739587937869e-02
2.999935739587937175e-02
2.999935739587937869e-02
2.999935739587940298e-02
2.999935739587943767e-02
2.999935739587943767e-02
2.999935739587941685e-02
2.999935739587945849e-02
2.999935739587945849e-02
2.999935739587943420e-02
2.999935739587943420e-02
2.999935739587945155e-02
2.999935739587946196e-02
2.999935739587949665e-02
2.999935739587945155e-02
2.999935739587941685e-02
2.999935739587945849e-02
2.999935739587945849e-02
2.999935739587953828e-02
2.999935739587945849e-02
2.999935739587956951e-02
2.999935739587947237e-02
2.999935739587948971e-02
2.999935739587955563e-02
2.999935739587954869e-02
2.999935739587957992e-02
2.999935739587945502e-02
2.999935739587949665e-02
2.999935739587962502e-02
2.999935739587959727e-02
2.999935739587964584e-02
2.999935739587959380e-02
2.999935739587962155e-02
2.999935739587955216e-02
2.999935739587959380e-02
2.999935739587966665e-02
2.999935739587969788e-02
2.999935739587969441e-02
2.999935739587972910e-02
2.999935739587956951e-02
2.999935739587959380e-02
2.999935739587956604e-02
2.999935739587943767e-02
2.999935739587968747e-02
2.999935739587967706e-02
2.999935739587952094e-02
2.999935739587954522e-02
2.999935739587955563e-02
2.999935739587946543e-02
2.999935739588012462e-02
2.999935739587987829e-02
2.999935739587959033e-02
2.999935739587980543e-02
2.999935739587970829e-02
2.999935739587994421e-02
2.999935739587979155e-02
2.999935739587987482e-02
2.999935739587993033e-02
2.999935739587985400e-02
2.999935739587991299e-02
2.999935739587984360e-02
2.999935739588019401e-02
2.999935739587945849e-02
2.999935739587975686e-02
2.999935739587982972e-02
2.999935739588001360e-02
2.999935739588011768e-02
2.999935739587973604e-02
2.999935739588051320e-02
2.999935739587993033e-02
2.999935739588007605e-02
2.999935739587993727e-02
2.999935739587970829e-02
2.999935739588047157e-02
2.999935739587996503e-02
2.999935739587990605e-02
2.999935739588005523e-02
2.999935739587955563e-02
2.999935739587964237e-02
2.999935739587996503e-02
2.999935739587970135e-02
2.999935739588028769e-02
2.999935739587994768e-02
2.999935739588012809e-02
2.999935739588028769e-02
2.999935739587988176e-02
2.999935739587981237e-02
2.999935739587985400e-02
2.999935739587977421e-02
2.999935739587970829e-02
2.999935739588030503e-02
2.999935739587972217e-02
2.999935739588004135e-02
2.999935739587989217e-02
2.999935739588005523e-02
2.999935739587996503e-02
2.999935739587965278e-02
2.999935739587988870e-02
2.999935739588006564e-02
2.999935739587984707e-02
2.999935739587982278e-02
2.999935739588030156e-02
2.999935739587952094e-02
2.999935739588050626e-02
2.999935739588015238e-02
2.999935739588029809e-02
2.999935739588021136e-02
2.999935739588031891e-02
2.999935739588005523e-02
2.999935739587963890e-02
2.999935739588042646e-02
2.999935739588089137e-02
2.999935739588029462e-02
2.999935739587997197e-02
2.999935739588024605e-02
2.999935739587973604e-02
2.999935739588115158e-02
2.999935739587985400e-02
2.999935739588025299e-02
2.999935739587970829e-02
2.999935739588052361e-02
2.999935739588049932e-02
2.999935739587991299e-02
2.999935739587948624e-02
2.999935739588020095e-02
2.999935739587997890e-02
2.999935739588021136e-02
2.999935739587957645e-02
2.999935739588038483e-02
2.999935739588081851e-02
2.999935739588042993e-02
2.999935739588005176e-02
2.999935739588126607e-02
2.999935739588019401e-02
2.999935739588050626e-02
2.999935739587999625e-02
2.999935739587933359e-02
2.999935739588090872e-02
2.999935739588058259e-02
2.999935739587947583e-02
2.999935739588071443e-02
2.999935739587974298e-02
2.999935739587948624e-02
2.999935739588080463e-02
2.999935739588049932e-02
2.999935739588018707e-02
2.999935739588013156e-02
2.999935739588030503e-02
2.999935739588049932e-02
2.999935739587956951e-02
2.999935739588008993e-02
2.999935739587993727e-02
2.999935739588030503e-02
2.999935739588087055e-02
2.999935739588004135e-02
2.999935739588049932e-02
2.999935739587915318e-02
2.999935739588058953e-02
2.999935739587985400e-02
2.999935739588013156e-02
2.999935739588092259e-02
2.999935739587990258e-02
2.999935739588003789e-02
2.999935739588064504e-02
2.999935739587998584e-02
2.999935739588125913e-02
2.999935739587981237e-02
2.999935739588067279e-02
2.999935739588077688e-02
2.999935739588003789e-02
2.999935739588069014e-02
2.999935739588032585e-02
2.999935739588119668e-02
2.999935739588151934e-02
2.999935739588137015e-02
2.999935739588198078e-02
2.999935739588161648e-02
2.999935739588024952e-02
2.999935739588123484e-02
2.999935739588011768e-02
2.999935739587935440e-02
2.999935739587987829e-02
2.999935739588065198e-02
2.999935739588055483e-02
2.999935739588038830e-02
2.999935739588102321e-02
2.999935739588179343e-02
2.999935739588131464e-02
2.999935739587993727e-02
2.999935739588123484e-02
2.999935739588184200e-02
2.999935739588171710e-02
2.999935739588213690e-02
2.999935739588062075e-02
2.999935739588028075e-02
2.999935739588095035e-02
2.999935739588074218e-02
2.999935739588046463e-02
2.999935739588048544e-02
2.999935739587980890e-02
2.999935739588124872e-02
2.999935739588109607e-02
2.999935739588116546e-02
2.999935739588148118e-02
2.999935739588090872e-02
2.999935739588160261e-02
2.999935739588084974e-02
2.999935739588120015e-02
2.999935739588070749e-02
2.999935739588079076e-02
2.999935739587965625e-02
2.999935739588162342e-02
2.999935739588123484e-02
2.999935739588087402e-02
2.999935739588029115e-02
2.999935739587954869e-02
2.999935739588176220e-02
2.999935739588068667e-02
2.999935739588085667e-02
2.999935739588215078e-02
2.999935739588122791e-02
2.999935739588086014e-02
2.999935739588102668e-02
2.999935739588195996e-02
2.999935739588049932e-02
2.999935739588312222e-02
2.999935739588108913e-02
2.999935739587994768e-02
2.999935739588049932e-02
2.999935739588063810e-02
2.999935739588123484e-02
2.999935739587990258e-02
2.999935739588319161e-02
2.999935739588163383e-02
2.999935739588104749e-02
2.999935739588011768e-02
2.999935739588210568e-02
2.999935739588163730e-02
2.999935739588293487e-02
2.999935739588120362e-02
2.999935739588013156e-02
2.999935739588161648e-02
2.999935739588172751e-02
2.999935739588171710e-02
2.999935739588107178e-02
2.999935739588113076e-02
2.999935739588155403e-02
2.999935739588187322e-02
2.999935739588207445e-02
2.999935739588229650e-02
2.999935739588096423e-02
2.999935739588129729e-02
2.999935739588131811e-02
2.999935739588077688e-02
2.999935739588104056e-02
2.999935739588120362e-02
2.999935739588194955e-02
2.999935739587971870e-02
2.999935739588195302e-02
2.999935739588193220e-02
2.999935739588050626e-02
2.999935739588199118e-02
2.999935739588126260e-02
2.999935739588126607e-02
2.999935739588183853e-02
2.999935739588235895e-02
2.999935739588050279e-02
2.999935739588100586e-02
2.999935739588169281e-02
2.999935739588178649e-02
2.999935739588248385e-02
2.999935739588182812e-02
2.999935739588156791e-02
2.999935739588178996e-02
2.999935739588197384e-02
2.999935739588232425e-02
2.999935739588297651e-02
2.999935739588218547e-02
2.999935739588318120e-02
2.999935739588154363e-02
2.999935739588272324e-02
2.999935739588117239e-02
2.999935739588264344e-02
2.999935739588086014e-02
2.999935739588081157e-02
2.999935739588197037e-02
2.999935739588109607e-02
2.999935739588181424e-02
2.999935739588225486e-02
2.999935739588229650e-02
2.999935739588190445e-02
2.999935739588057218e-02
2.999935739588193220e-02
2.999935739588028422e-02
2.999935739588270589e-02
2.999935739588183159e-02
2.999935739588191833e-02
2.999935739588186628e-02
2.999935739588172751e-02
2.999935739588246303e-02
2.999935739588144301e-02
2.999935739588232425e-02
2.999935739588033279e-02
2.999935739588147077e-02
2.999935739588239364e-02
2.999935739588155750e-02
2.999935739588240405e-02
2.999935739588320549e-02
2.999935739588261568e-02
2.999935739588174138e-02
2.999935739588218894e-02
2.999935739588166853e-02
2.999935739588309794e-02
2.999935739588090872e-02
2.999935739588400346e-02
2.999935739588277181e-02
2.999935739588129729e-02
2.999935739588201200e-02
2.999935739588241446e-02
2.999935739588425326e-02
2.999935739588262956e-02
2.999935739588282385e-02
2.999935739588162342e-02
2.999935739588291406e-02
2.999935739588369121e-02
2.999935739588210568e-02
2.999935739588296957e-02
2.999935739588289324e-02
2.999935739588342754e-02
2.999935739588282385e-02
2.999935739588220629e-02
2.999935739588200506e-02
2.999935739588314304e-02
2.999935739588098504e-02
2.999935739588283773e-02
2.999935739588210568e-02
2.999935739588256017e-02
2.999935739588315692e-02
2.999935739588076994e-02
2.999935739588374672e-02
2.999935739588348305e-02
2.999935739588164424e-02
2.999935739588100586e-02
2.999935739588265038e-02
2.999935739588337549e-02
2.999935739588424632e-02
2.999935739588126954e-02
2.999935739588384387e-02
2.999935739588251160e-02
2.999935739588170669e-02
2.999935739588266079e-02
2.999935739588335815e-02
2.999935739588203282e-02
2.999935739588370509e-02
2.999935739588342754e-02
2.999935739588303896e-02
2.999935739588305283e-02
2.999935739588431571e-02
2.999935739588399652e-02
2.999935739588439204e-02
2.999935739588290712e-02
2.999935739588406591e-02
2.999935739588260181e-02
2.999935739588325406e-02
2.999935739588254283e-02
2.999935739588117933e-02
2.999935739588293834e-02
2.999935739588388897e-02
2.999935739588366346e-02
2.999935739588320896e-02
2.999935739588247691e-02
2.999935739588099892e-02
2.999935739588582839e-02
2.999935739588110994e-02
2.999935739588350039e-02
2.999935739588358713e-02
2.999935739588439204e-02
2.999935739588238670e-02
2.999935739588232425e-02
2.999935739588386469e-02
2.999935739588155403e-02
2.999935739588269895e-02
2.999935739588387856e-02
2.999935739588305977e-02
2.999935739588516573e-02
2.999935739588460715e-02
2.999935739588252895e-02
2.999935739588351080e-02
2.999935739588375019e-02
2.999935739588273018e-02
2.999935739588334080e-02
2.999935739588536696e-02
2.999935739588047157e-02
2.999935739588108913e-02
2.999935739588389244e-02
2.999935739588386122e-02
2.999935739587911848e-02
2.999935739588399652e-02
2.999935739588284814e-02
2.999935739588638350e-02
2.999935739588223751e-02
2.999935739588403816e-02
2.999935739588405550e-02
2.999935739588269895e-02
2.999935739588235548e-02
2.999935739588763944e-02
2.999935739588304590e-02
2.999935739588393407e-02
2.999935739588470082e-02
2.999935739588328182e-02
2.999935739588713290e-02
2.999935739588348305e-02
2.999935739588348305e-02
2.999935739588430184e-02
2.999935739588271977e-02
2.999935739588283773e-02
2.999935739588474592e-02
2.999935739588299038e-02
2.999935739588101280e-02
2.999935739588425326e-02
2.999935739588430184e-02
2.999935739588099545e-02
2.999935739588635922e-02
2.999935739588294528e-02
2.999935739588347611e-02
2.999935739588154016e-02
2.999935739588172751e-02
2.999935739588337896e-02
2.999935739588209180e-02
2.999935739588163036e-02
2.999935739588222711e-02
2.999935739588297651e-02
2.999935739588399652e-02
2.999935739588337549e-02
2.999935739588564104e-02
2.999935739588236935e-02
2.999935739588699413e-02
2.999935739588636269e-02
2.999935739588451000e-02
2.999935739588621697e-02
2.999935739588736536e-02
2.999935739588455164e-02
2.999935739588601227e-02
2.999935739588406591e-02
2.999935739588391326e-02
2.999935739588561329e-02
2.999935739588783026e-02
2.999935739588545716e-02
2.999935739588386469e-02
2.999935739588277181e-02
2.999935739588283426e-02
2.999935739588172751e-02
2.999935739588377795e-02
2.999935739588464184e-02
2.999935739588304590e-02
2.999935739588326794e-02
2.999935739588421857e-02
2.999935739588294528e-02
2.999935739588384040e-02
2.999935739588323672e-02
2.999935739588271977e-02
2.999935739588394448e-02
2.999935739588311182e-02
2.999935739588461756e-02
2.999935739588736189e-02
2.999935739588301814e-02
2.999935739588526634e-02
2.999935739588370162e-02
2.999935739587909420e-02
2.999935739588478756e-02
2.999935739588337202e-02
2.999935739588233813e-02
2.999935739588283079e-02
2.999935739588223405e-02
2.999935739588474939e-02
2.999935739588202935e-02
2.999935739587839337e-02
2.999935739588294875e-02
2.999935739588215425e-02
2.999935739588107178e-02
2.999935739588351774e-02
2.999935739588426714e-02
2.999935739588744169e-02
