4.504766568067533616e-02
4.504766482528276689e-02
4.504766572605471003e-02
4.504766482380849479e-02
4.504766565460539829e-02
4.504766471083479495e-02
4.504766545765634400e-02
4.504766447456859391e-02
4.504766512599003153e-02
4.504766412371094542e-02
4.504766467227867832e-02
4.504766364292346614e-02
4.504766408651769694e-02
4.504766307788200808e-02
4.504766342000757207e-02
4.504766243259020198e-02
4.504766267869494967e-02
4.504766172610037006e-02
4.504766188961345508e-02
4.504766101397506689e-02
4.504766110834997062e-02
4.504766032315517255e-02
4.504766036890123226e-02
4.504765973301143311e-02
4.504765974760377434e-02
4.504765924146778011e-02
4.504765924289158563e-02
4.504765891599317451e-02
4.504765892019903933e-02
4.504765875157436261e-02
4.504765876600875379e-02
4.504765880633787578e-02
4.504765885803928283e-02
4.504765910394412792e-02
4.504765917421313381e-02
4.504765960005295555e-02
4.504765968436570678e-02
4.504766027901146996e-02
4.504766037649728799e-02
4.504766113868316491e-02
4.504766123442657810e-02
4.504766212174111939e-02
4.504766221778561813e-02
4.504766319780111050e-02
4.504766326324731451e-02
4.504766431475301647e-02
4.504766433574422524e-02
4.504766541865259238e-02
4.504766538261441300e-02
4.504766646646247985e-02
4.504766633334585796e-02
4.504766739443230583e-02
4.504766720585548501e-02
4.504766821019526302e-02
4.504766791474761056e-02
4.504766887344326121e-02
4.504766849125838718e-02
4.504766936224691154e-02
4.504766893164353914e-02
4.504766972899829081e-02
4.504766925090831348e-02
4.504766997316983490e-02
4.504766947911789665e-02
4.504767009640089220e-02
4.504766960680806065e-02
4.504767020825538315e-02
4.504766966192995381e-02
4.504767014982342943e-02
4.504766964471522417e-02
4.504767010658498883e-02
4.504766966795792360e-02
4.504767010807790573e-02
4.504766973056330281e-02
4.504767015386454410e-02
4.504766979776844704e-02
4.504767010058206844e-02
4.504766983354580034e-02
4.504767013016319765e-02
4.504767002708263968e-02
4.504767021840189178e-02
4.504767008583274862e-02
4.504767028251849270e-02
4.504767022276122412e-02
4.504767033837117629e-02
4.504767037680115771e-02
4.504767045065560804e-02
4.504767051134278555e-02
4.504767057154944465e-02
4.504767066967105271e-02
4.504767068305425004e-02
4.504767087658635705e-02
4.504767085774474822e-02
4.504767098296084959e-02
4.504767086938429865e-02
4.504767101455473682e-02
4.504767088766698652e-02
4.504767113564990544e-02
4.504767089359580645e-02
4.504767113938486223e-02
4.504767093363803987e-02
4.504767120682859338e-02
4.504767115124087840e-02
4.504767147356120160e-02
4.504767140237218859e-02
4.504767167063703642e-02
4.504767156511983728e-02
4.504767169640681856e-02
4.504767147830210372e-02
4.504767182845789697e-02
4.504767152856149759e-02
4.504767185839495675e-02
4.504767191768652146e-02
4.504767213923318442e-02
4.504767203312906587e-02
4.504767215807861658e-02
4.504767197167034581e-02
4.504767197494970177e-02
4.504767194526609897e-02
4.504767201168446977e-02
4.504767201154552536e-02
4.504767209943401352e-02
4.504767196711033372e-02
4.504767180227919887e-02
4.504767162593181079e-02
4.504767159394406500e-02
4.504767137730864013e-02
4.504767101535253615e-02
4.504767079443043609e-02
4.504767029519831517e-02
4.504766996886311325e-02
4.504766969625965262e-02
4.504766937763524798e-02
4.504766912388930011e-02
4.504766912073372709e-02
4.504766897414533983e-02
4.504766908660083613e-02
4.504766922007599761e-02
4.504766946106307512e-02
4.504767002425724698e-02
4.504767053458012122e-02
4.504767107442713553e-02
4.504767153559105508e-02
4.504767242449905784e-02
4.504767313837608478e-02
4.504767447561018601e-02
4.504767579102115366e-02
4.504767743774843597e-02
4.504767874054687454e-02
4.504768045926767217e-02
4.504768149437472086e-02
4.504768344171196370e-02
4.504768452812947521e-02
4.504768692035775179e-02
4.504768838436422340e-02
4.504769064091019432e-02
4.504769210303616322e-02
4.504769450369598693e-02
4.504769566471084757e-02
4.504769816873578636e-02
4.504769917997136774e-02
4.504770122431406981e-02
4.504770174036855368e-02
4.504770385092331242e-02
4.504770395802374511e-02
4.504770599225164929e-02
4.504770662649439095e-02
4.504770882062372750e-02
4.504770849939080529e-02
4.504771002773599875e-02
4.504770983642928522e-02
4.504771117512321177e-02
4.504771007729704846e-02
4.504771113750753037e-02
4.504770999411379651e-02
4.504771089633158310e-02
4.504770923775657659e-02
4.504771052778996226e-02
4.504770954192484356e-02
4.504770990813874304e-02
4.504770844810990910e-02
4.504770869178102016e-02
4.504770753109341164e-02
4.504770841941642401e-02
4.504770708058312284e-02
4.504770760918110767e-02
4.504770689015392265e-02
4.504770745708706198e-02
4.504770692709262475e-02
4.504770757373674495e-02
4.504770671970675239e-02
4.504770714128977088e-02
4.504770635138707902e-02
4.504770670929007792e-02
4.504770646647850846e-02
4.504770672248280955e-02
4.504770664842008832e-02
4.504770709405295226e-02
4.504770700781503268e-02
4.504770710392433375e-02
4.504770732825910673e-02
4.504770754729437582e-02
4.504770884924027413e-02
4.504770943942587591e-02
4.504771004719156785e-02
4.504770974638608316e-02
4.504771062962489858e-02
4.504771114173349716e-02
4.504771211126643027e-02
4.504771211805103787e-02
4.504771305283938876e-02
4.504771310029712789e-02
4.504771448687819313e-02
4.504771383001136831e-02
4.504771515064062010e-02
4.504771473642428525e-02
4.504771593115925593e-02
4.504771513508313424e-02
4.504771647154039160e-02
4.504771613820776621e-02
4.504771719338561409e-02
4.504771641947584448e-02
4.504771754870774692e-02
4.504771630167918317e-02
4.504771725919604758e-02
4.504771662191869169e-02
4.504771751554183246e-02
4.504771639494110913e-02
4.504771671930794807e-02
4.504771617717899523e-02
4.504771634662599333e-02
4.504771584074693247e-02
4.504771625474901509e-02
4.504771546777873448e-02
4.504771570662627345e-02
4.504771478074467983e-02
4.504771478625463343e-02
4.504771498016658243e-02
4.504771556307037711e-02
4.504771575405001199e-02
4.504771598067031785e-02
4.504771621382418212e-02
4.504771643303447093e-02
4.504771710441716343e-02
4.504771747791676273e-02
4.504771925053033255e-02
4.504771993796605201e-02
4.504772198037708397e-02
4.504772280888771213e-02
4.504772499803667146e-02
4.504772553685704867e-02
4.504772802280800070e-02
4.504772898201592907e-02
4.504773246417727306e-02
4.504773347506557668e-02
4.504773675751358453e-02
4.504773767220571212e-02
4.504774182232414853e-02
4.504774249114577162e-02
4.504774602214149659e-02
4.504774732489305600e-02
4.504775132807808946e-02
4.504775135997783619e-02
4.504775467608024275e-02
4.504775517514010563e-02
4.504775883253181457e-02
4.504775829881517424e-02
4.504776178734637426e-02
4.504776126508619472e-02
4.504776402367110383e-02
4.504776297371265031e-02
4.504776544671450222e-02
4.504776447506442238e-02
4.504776647675719226e-02
4.504776498616456376e-02
4.504776648064692107e-02
4.504776446180568106e-02
4.504776484034806600e-02
4.504776217407806260e-02
4.504776268264135131e-02
4.504776038920667997e-02
4.504776046180158228e-02
4.504775775219427292e-02
4.504775793314233501e-02
4.504775469047777453e-02
4.504775422214241098e-02
4.504775109813008438e-02
4.504775101030599610e-02
4.504774795544738003e-02
4.504774733058460046e-02
4.504774496720832105e-02
4.504774458879866328e-02
4.504774266505349317e-02
4.504774189377125371e-02
4.504773996386084167e-02
4.504773950388838571e-02
4.504773819535518031e-02
4.504773809852533756e-02
4.504773697039081426e-02
4.504773685097739067e-02
4.504773605472755377e-02
4.504773568412877988e-02
4.504773541391935560e-02
4.504773510458721930e-02
4.504773497643758257e-02
4.504773516923609583e-02
4.504773553881021714e-02
4.504773539900468193e-02
4.504773622881783068e-02
4.504773606742486225e-02
4.504773675884105738e-02
4.504773635714319491e-02
4.504773734392120837e-02
4.504773742255691743e-02
4.504773876310542297e-02
4.504773852234436604e-02
4.504773956396532220e-02
4.504773957892775627e-02
4.504774078649473323e-02
4.504774040984106664e-02
4.504774166228994736e-02
4.504774160371531611e-02
4.504774257274990479e-02
4.504774213217865864e-02
4.504774311712576862e-02
4.504774287085229478e-02
4.504774368100276233e-02
4.504774316547309476e-02
4.504774384536480714e-02
4.504774335743789992e-02
4.504774378500721321e-02
4.504774342130431208e-02
4.504774396424942456e-02
4.504774360637106567e-02
4.504774422732663042e-02
4.504774327859335792e-02
4.504774356452427575e-02
4.504774311590622332e-02
4.504774332094876876e-02
4.504774297213272327e-02
4.504774335271427566e-02
4.504774300807251608e-02
4.504774326609903290e-02
4.504774379606381329e-02
4.504774407819223808e-02
4.504774490035116236e-02
4.504774577975544092e-02
4.504774626107276025e-02
4.504774724094830901e-02
4.504774790959770181e-02
4.504774943944357679e-02
4.504775094365406907e-02
4.504775288849023618e-02
4.504775497019691821e-02
4.504775736319338586e-02
4.504775953040290881e-02
4.504776234430833692e-02
4.504776497724782836e-02
4.504776757548960980e-02
4.504776984963122788e-02
4.504777279720294930e-02
4.504777497799455910e-02
4.504777896282935457e-02
4.504778201293739570e-02
4.504778591711575131e-02
4.504778771761416833e-02
4.504779098724442932e-02
4.504779333157520743e-02
4.504779689192041359e-02
4.504779892699313504e-02
4.504780118055666527e-02
4.504780161277530115e-02
4.504780423548419843e-02
4.504780396172859691e-02
4.504780479957602030e-02
4.504780377468462632e-02
4.504780526751614445e-02
4.504780285807324924e-02
4.504780307355515934e-02
4.504780043958707403e-02
4.504779954677153031e-02
4.504779483307284199e-02
4.504779364944286324e-02
4.504778861061025513e-02
4.504778669564381277e-02
4.504778217232453807e-02
4.504778024350918064e-02
4.504777461015923440e-02
4.504777343828042513e-02
4.504776656022328740e-02
4.504776451053101038e-02
4.504775882406297782e-02
4.504775619807317721e-02
4.504775047556298928e-02
4.504774786031760098e-02
4.504774171703453123e-02
4.504773934682815978e-02
4.504773488915018997e-02
4.504773286775450025e-02
4.504773010611978767e-02
4.504772922274616342e-02
4.504772542761156101e-02
4.504772446617075210e-02
4.504772203446471418e-02
4.504772235545784209e-02
4.504772081641986170e-02
4.504772093122565157e-02
4.504771983077317937e-02
4.504772047912401767e-02
4.504772023092115663e-02
4.504772085419225802e-02
4.504772031388361991e-02
4.504772202456326646e-02
4.504772320513675266e-02
4.504772501067418750e-02
4.504772550005063658e-02
4.504772613886723343e-02
4.504772739918801866e-02
4.504772802610365612e-02
4.504772928933683390e-02
4.504772935433265513e-02
4.504773142684426190e-02
4.504773171324184117e-02
4.504773299726856639e-02
4.504773235756300009e-02
4.504773564517286499e-02
4.504773698101971480e-02
4.504773652533487771e-02
4.504773691270808067e-02
4.504773920845113466e-02
4.504773905531887779e-02
4.504773972189916875e-02
4.504774050026875282e-02
4.504774200149062185e-02
4.504774205206468762e-02
4.504774132243168083e-02
4.504774133021011151e-02
4.504774385032929429e-02
4.504774423134878802e-02
4.504774411252900762e-02
4.504774396112522922e-02
4.504774384043150337e-02
4.504774394055374026e-02
4.504774521879129773e-02
4.504774643260620048e-02
4.504774445912393399e-02
4.504774342617826749e-02
4.504774307257358723e-02
4.504774429527696328e-02
4.504774437182418323e-02
4.504774481592095647e-02
4.504774385546454069e-02
4.504774639486832516e-02
4.504774674964295150e-02
4.504774884289693138e-02
4.504774986151206806e-02
4.504775249537899817e-02
4.504775103708400646e-02
4.504775305389962375e-02
4.504775203570124398e-02
4.504775656900917441e-02
4.504775518813478735e-02
4.504776024452071537e-02
4.504776131572842818e-02
4.504776580998721969e-02
4.504776552603363682e-02
4.504776844535757219e-02
4.504776789019194344e-02
4.504777180130960235e-02
4.504777088837774723e-02
4.504777520495142212e-02
4.504777481614088280e-02
4.504777780753457805e-02
4.504777619324468185e-02
4.504777999493105034e-02
4.504777940157259769e-02
4.504778227551543834e-02
4.504777980970851858e-02
4.504778316599562793e-02
4.504777891470641837e-02
4.504777761935455788e-02
4.504777354550255908e-02
4.504777474311289637e-02
4.504776963756838143e-02
4.504777038751772017e-02
4.504776138293116461e-02
4.504775935981160384e-02
4.504775478260052146e-02
4.504775602018555591e-02
4.504774907866058303e-02
4.504774670332537673e-02
4.504773768026373165e-02
4.504773523133344393e-02
4.504772769170869301e-02
4.504772349038864421e-02
4.504771857793013479e-02
4.504771767306667285e-02
4.504771156515643277e-02
4.504770918470034358e-02
4.504770041362451266e-02
4.504769698571498004e-02
4.504769270775613871e-02
4.504768970461375810e-02
4.504768437689524868e-02
4.504768279669774111e-02
4.504767873081769874e-02
4.504767716134697869e-02
4.504767577469281220e-02
4.504767474954914780e-02
4.504767390831455887e-02
4.504767223759726519e-02
4.504766884180578385e-02
4.504766821497355189e-02
4.504766926435839480e-02
4.504766879074816044e-02
4.504766634277963117e-02
4.504766520732212537e-02
4.504766335954354245e-02
4.504766128739311204e-02
4.504766084464786879e-02
4.504765701152408514e-02
4.504765613460557511e-02
4.504765719958558901e-02
4.504765871061226779e-02
4.504765691669906924e-02
4.504765452047884006e-02
4.504765384101180881e-02
4.504765436439925330e-02
4.504765353983282428e-02
4.504765238504172820e-02
4.504765159470853347e-02
4.504765035372977622e-02
4.504764938455724926e-02
4.504764822289075710e-02
4.504764791609960906e-02
4.504764649970628004e-02
4.504764373649458586e-02
4.504764506537203145e-02
4.504764507015572572e-02
4.504764450020832395e-02
4.504764094742657460e-02
4.504764130186553889e-02
4.504764155972620226e-02
4.504764072141029946e-02
4.504764044730853040e-02
4.504764184753684564e-02
4.504764115644111638e-02
4.504764285667854640e-02
4.504764263259088131e-02
4.504764294756061910e-02
4.504764647971597202e-02
4.504764785314817332e-02
4.504764872674790754e-02
4.504765039578619706e-02
4.504765180305470712e-02
4.504765207413125028e-02
4.504765479369798181e-02
4.504765504206392768e-02
4.504765735601926752e-02
4.504765683419575256e-02
4.504766080781288234e-02
4.504766187492388607e-02
4.504766628647691867e-02
4.504766996733468309e-02
4.504767418382540217e-02
4.504767546425837016e-02
4.504767967696689940e-02
4.504768255380862257e-02
4.504768689386019764e-02
4.504768762077710625e-02
4.504768874570035109e-02
4.504769295977761184e-02
4.504769869884033689e-02
4.504770192796489492e-02
4.504770420879342097e-02
4.504770606859052201e-02
4.504770951893732889e-02
4.504771067034896159e-02
4.504771201298213290e-02
4.504771257478093482e-02
4.504771272313221053e-02
4.504771215204371460e-02
4.504771314916634906e-02
4.504771311262027733e-02
4.504771119006848595e-02
4.504771239485012846e-02
4.504770968283478005e-02
4.504770679165211178e-02
4.504770373173680453e-02
4.504770184908037794e-02
4.504769692866134739e-02
4.504769411204424118e-02
4.504768959794732547e-02
4.504768562742448440e-02
4.504768114083751440e-02
4.504767740478710786e-02
4.504767155600165884e-02
4.504766711232496834e-02
4.504766018513012282e-02
4.504765784050766136e-02
4.504765194676427220e-02
4.504764765555651501e-02
4.504764098828075575e-02
4.504763681561756161e-02
4.504762923647923079e-02
4.504762709701218282e-02
4.504761987631356046e-02
4.504761677668570052e-02
4.504760985049797994e-02
4.504760641146855760e-02
4.504760236610290403e-02
4.504759853576722345e-02
4.504759351659844840e-02
4.504759131235785974e-02
4.504758764782662572e-02
4.504758594823685125e-02
4.504758254535001782e-02
4.504758229598683494e-02
4.504758116667785528e-02
4.504758078822976991e-02
4.504757977558208892e-02
4.504757772687535688e-02
4.504757589966676412e-02
4.504757367458157857e-02
4.504757256054966325e-02
4.504757228747000020e-02
4.504757210787507793e-02
4.504757173546464211e-02
4.504756980670491379e-02
4.504756762672311454e-02
4.504756683047361765e-02
4.504756625576118723e-02
4.504756571371158758e-02
4.504756441220116731e-02
4.504756507948866340e-02
4.504756449600475637e-02
4.504756390683613276e-02
4.504756350737779136e-02
4.504756219373085707e-02
4.504756328081531425e-02
4.504756326797407229e-02
4.504756365011240715e-02
4.504756217348269975e-02
4.504756126418424378e-02
4.504756195451903311e-02
4.504756285645121483e-02
4.504756189064090116e-02
4.504756267450907292e-02
4.504756387121830463e-02
4.504756505097368136e-02
4.504756529391391179e-02
4.504756740274774157e-02
4.504756651193649042e-02
4.504756877946173438e-02
4.504756993026322320e-02
4.504757369713163762e-02
4.504757390152210050e-02
4.504757705684249436e-02
4.504757799890381914e-02
4.504758195413519073e-02
4.504758228895791583e-02
4.504758543495480244e-02
4.504758438666447984e-02
4.504758790324060735e-02
4.504758775687239813e-02
4.504759105515381695e-02
4.504758953737952182e-02
4.504759356165945194e-02
4.504759176558256750e-02
4.504759490455878534e-02
4.504759404879773999e-02
4.504759735330160497e-02
4.504759445080618041e-02
4.504759647140497286e-02
4.504759298978040782e-02
4.504759582911448124e-02
4.504759221697519911e-02
4.504759373621927687e-02
4.504758913510245599e-02
4.504759128761286202e-02
4.504758653607494889e-02
4.504758871710291823e-02
4.504758336809156632e-02
4.504758583130460958e-02
4.504758039658538632e-02
4.504758185219433220e-02
4.504757741381139324e-02
4.504757931226494039e-02
4.504757207512623263e-02
4.504757176190730961e-02
4.504756495965579755e-02
4.504756512590418066e-02
4.504755761916975215e-02
4.504755812064258763e-02
4.504755197455934806e-02
4.504755259570078496e-02
4.504754632303545336e-02
4.504754478832098674e-02
4.504753836149964774e-02
4.504753624183116534e-02
4.504753045603543393e-02
4.504752860662668973e-02
4.504752294704059135e-02
4.504752231673496421e-02
4.504751566091233506e-02
4.504751295414188839e-02
4.504750609042614679e-02
4.504750573225642374e-02
4.504750029679778500e-02
4.504749824916403494e-02
4.504749407427176278e-02
4.504749265587685431e-02
4.504748773053740551e-02
4.504748588729338976e-02
4.504748198588603980e-02
4.504748155032634038e-02
4.504748014049534538e-02
4.504748003918465638e-02
4.504747696073085894e-02
4.504747609699480404e-02
4.504747383523169391e-02
4.504747371673823580e-02
4.504747215506742231e-02
4.504747310854372716e-02
4.504747308730135125e-02
4.504747283461418145e-02
4.504747275129630107e-02
4.504747332393903292e-02
4.504747356784940399e-02
4.504747473902580290e-02
4.504747423289311159e-02
4.504747514037590883e-02
4.504747570495186426e-02
4.504747771332306971e-02
4.504747810658570051e-02
4.504747810863782287e-02
4.504747783225128421e-02
4.504747963960566148e-02
4.504747994606786432e-02
4.504747936147227710e-02
4.504747937731334168e-02
4.504748113082602395e-02
4.504748295422184023e-02
4.504748308284489688e-02
4.504748141210722368e-02
4.504748238842747055e-02
4.504748292471560944e-02
4.504748497408648383e-02
4.504748514530763220e-02
4.504748787609886423e-02
4.504748840456287984e-02
4.504748923820181550e-02
4.504748913829506596e-02
4.504749305211737387e-02
4.504749562323767664e-02
4.504749828559511532e-02
4.504749904083996115e-02
4.504750321810139374e-02
4.504750490003119057e-02
4.504750907626161455e-02
4.504750938913021363e-02
4.504751081804424934e-02
4.504751241840282416e-02
4.504751922323196184e-02
4.504752106993418354e-02
4.504752545718655743e-02
4.504752603695854479e-02
4.504753129292848879e-02
4.504753301834793500e-02
4.504754000694668331e-02
4.504753988194470926e-02
4.504754648895619579e-02
4.504754740227191745e-02
4.504755264078146720e-02
4.504755395325094752e-02
4.504755941751302506e-02
4.504756095145676098e-02
4.504756683922124527e-02
4.504756753692734650e-02
4.504757560076359801e-02
4.504757792020970542e-02
4.504758422398791318e-02
4.504758792588159366e-02
4.504759255918389105e-02
4.504759391884766151e-02
4.504759877828855980e-02
4.504760131794038891e-02
4.504760671256323457e-02
4.504760761713347272e-02
4.504761147842253205e-02
4.504761554066222251e-02
4.504762075592284865e-02
4.504762224590344588e-02
4.504762345174753019e-02
4.504762669676812270e-02
4.504763032432734099e-02
4.504763407548070808e-02
4.504763661824784382e-02
4.504763802763200181e-02
4.504764258449162062e-02
4.504764452109239620e-02
4.504764668167779429e-02
4.504764553328056281e-02
4.504764799825100585e-02
4.504764563804221356e-02
4.504764610187925178e-02
4.504765032630892591e-02
4.504765311448916121e-02
4.504765032791475249e-02
4.504764991680621639e-02
4.504765221555031424e-02
4.504765233306361888e-02
4.504765002367305815e-02
4.504765124780449326e-02
4.504765489259503902e-02
4.504765690851679494e-02
4.504765802651582857e-02
4.504765917157395327e-02
4.504766236323221040e-02
4.504766165523600013e-02
4.504766334993216825e-02
4.504766517244297719e-02
4.504766334385923443e-02
4.504766528105164092e-02
4.504766832752996053e-02
4.504766574495114306e-02
4.504766324991762300e-02
4.504766375231705061e-02
4.504766223050673396e-02
4.504765956220861678e-02
4.504766461633023800e-02
4.504766695303839830e-02
4.504766888927833057e-02
4.504766882942316808e-02
4.504766802768437467e-02
4.504767030533796818e-02
4.504767029816068857e-02
4.504767131125778090e-02
4.504767329258699271e-02
4.504767542848128054e-02
4.504767762557512073e-02
4.504767769678415246e-02
4.504768049416885828e-02
4.504768282605554897e-02
4.504768723639195060e-02
4.504769066812984446e-02
4.504768879903743584e-02
4.504769175797689040e-02
4.504769351809460864e-02
4.504770019148952864e-02
4.504770376689894856e-02
4.504771047297743969e-02
4.504771611132354914e-02
4.504772092753885071e-02
4.504772600339956856e-02
4.504772945293538527e-02
4.504773630199268575e-02
4.504774153659948932e-02
4.504774723849534757e-02
4.504775482039776596e-02
4.504776089317431842e-02
4.504776394971360398e-02
4.504776884811274862e-02
4.504777573675195629e-02
4.504778641878831591e-02
4.504779483476827051e-02
4.504780492748626519e-02
4.504781227257368542e-02
4.504782184104712262e-02
4.504782616509402787e-02
4.504783102292651831e-02
4.504783528270051018e-02
4.504784260983521471e-02
4.504784586252021106e-02
4.504785360041212855e-02
4.504785707045619314e-02
4.504786231795879226e-02
4.504786535310291440e-02
4.504787589723704966e-02
4.504788245568409899e-02
4.504788994501424809e-02
4.504789360082504801e-02
4.504790101741540376e-02
4.504790230127542899e-02
4.504791200217285463e-02
4.504791041369027305e-02
4.504791867674766415e-02
4.504792085593199019e-02
4.504792611365701638e-02
4.504792531118979176e-02
4.504793254366937227e-02
4.504793607098808023e-02
4.504794030779984276e-02
4.504794049645576004e-02
4.504794995467049923e-02
4.504794822267729065e-02
4.504795454027992613e-02
4.504795355433696691e-02
4.504795970805227506e-02
4.504796010674162743e-02
4.504796479108064133e-02
4.504796485736804745e-02
4.504797123597133884e-02
4.504796978027614252e-02
4.504797476968128156e-02
4.504797337612875818e-02
4.504797996011901395e-02
4.504797782539148032e-02
4.504798200058188207e-02
4.504798081813333327e-02
4.504798441439493428e-02
4.504798474244614548e-02
4.504799355306150777e-02
4.504799425850201933e-02
4.504800035632004762e-02
4.504799743488681341e-02
4.504800526824061235e-02
4.504800456044395079e-02
4.504800926608142075e-02
4.504800914736810380e-02
4.504801510109473356e-02
4.504801644120940557e-02
4.504801933388555973e-02
4.504801688137231169e-02
4.504802079076989513e-02
4.504802079893514832e-02
4.504802391791826177e-02
4.504802350882013140e-02
4.504802763465694249e-02
4.504802535729128532e-02
4.504802901855053943e-02
4.504802540786052856e-02
4.504803135657233643e-02
4.504803095748843855e-02
4.504803602916587768e-02
4.504803259612832900e-02
4.504803788029977663e-02
4.504803619384781244e-02
4.504803962246727023e-02
4.504803827552324169e-02
4.504804381419140469e-02
4.504804352870586670e-02
4.504804785171771797e-02
4.504804645492710424e-02
4.504804904124061482e-02
4.504804799675984905e-02
4.504805150122533075e-02
4.504805193401819480e-02
4.504805535019421048e-02
4.504805458953836661e-02
4.504805972491894572e-02
4.504806181027744272e-02
4.504806608625654130e-02
4.504806744083164616e-02
4.504807195665554154e-02
4.504807415450393093e-02
4.504807923885836146e-02
4.504808061631780658e-02
4.504808532280032973e-02
4.504808542789032200e-02
4.504809148666488045e-02
4.504809146646363005e-02
4.504809672645563451e-02
4.504809822862888835e-02
4.504810245710849648e-02
4.504810481953769319e-02
4.504811151129992086e-02
4.504811399880662148e-02
4.504811947509172743e-02
4.504812120291230848e-02
4.504812652113975718e-02
4.504812754729080326e-02
4.504813378739007390e-02
4.504813485680794066e-02
4.504814028399072023e-02
4.504814174441056085e-02
4.504814779061371011e-02
4.504814867163264847e-02
4.504815408986936887e-02
4.504815512668448874e-02
4.504816120836196980e-02
4.504816291374971748e-02
4.504816782678419673e-02
4.504816875725211472e-02
4.504817369827675277e-02
4.504817409213927870e-02
4.504817842384113702e-02
4.504817855192867759e-02
4.504818310882829913e-02
4.504818340602857740e-02
4.504818768820043062e-02
4.504818783852981845e-02
4.504819200080985991e-02
4.504819107766562525e-02
4.504819534528244074e-02
4.504819417166665285e-02
4.504819819875469089e-02
4.504819727424169695e-02
4.504820094263153885e-02
