2.999935733181153738e-02
2.999935733180903938e-02
2.999935733180959796e-02
2.999935733181156167e-02
2.999935733181332762e-02
2.999935733181083655e-02
2.999935733181139513e-02
2.999935733181059369e-02
2.999935733181426784e-02
2.999935733181414640e-02
2.999935733181096839e-02
2.999935733181425049e-02
2.999935733181326517e-02
2.999935733181235270e-02
2.999935733180858141e-02
2.999935733181473274e-02
2.999935733181163452e-02
2.999935733181063185e-02
2.999935733181034042e-02
2.999935733181337966e-02
2.999935733181521846e-02
2.999935733181485070e-02
2.999935733181369538e-02
2.999935733181322006e-02
2.999935733180785630e-02
2.999935733181200923e-02
2.999935733181285230e-02
2.999935733181200923e-02
2.999935733181263026e-02
2.999935733181117656e-02
2.999935733181273434e-02
2.999935733180987552e-02
2.999935733181487152e-02
2.999935733181085737e-02
2.999935733181323741e-02
2.999935733181011144e-02
2.999935733181030573e-02
2.999935733181587766e-02
2.999935733181217923e-02
2.999935733181009756e-02
2.999935733181298414e-02
2.999935733181320618e-02
2.999935733180972980e-02
2.999935733181444825e-02
2.999935733180981307e-02
2.999935733181326517e-02
2.999935733181318537e-02
2.999935733181344558e-02
2.999935733181112452e-02
2.999935733181221392e-02
2.999935733181006980e-02
2.999935733181335190e-02
2.999935733181308822e-02
2.999935733181358782e-02
2.999935733181410130e-02
2.999935733181133615e-02
2.999935733180927877e-02
2.999935733181308475e-02
2.999935733181239086e-02
2.999935733180957367e-02
2.999935733181333108e-02
2.999935733181343864e-02
2.999935733181238393e-02
2.999935733180874448e-02
2.999935733181085737e-02
2.999935733181263373e-02
2.999935733181223474e-02
2.999935733180960490e-02
2.999935733181046532e-02
2.999935733181175943e-02
2.999935733181017389e-02
2.999935733181353925e-02
2.999935733181269271e-02
2.999935733181441355e-02
2.999935733181361558e-02
2.999935733181256434e-02
2.999935733180798814e-02
2.999935733181018777e-02
2.999935733180991715e-02
2.999935733181221392e-02
2.999935733181133962e-02
2.999935733181340741e-02
2.999935733181254005e-02
2.999935733181432335e-02
2.999935733181294945e-02
2.999935733181319925e-02
2.999935733181189473e-02
2.999935733181003858e-02
2.999935733181342476e-02
2.999935733181410824e-02
2.999935733180971939e-02
2.999935733181170738e-02
2.999935733181312292e-02
2.999935733181238739e-02
2.999935733180993797e-02
2.999935733181244291e-02
2.999935733181253311e-02
2.999935733181150269e-02
2.999935733181256781e-02
2.999935733181052777e-02
2.999935733181268577e-02
2.999935733180775915e-02
2.999935733181266842e-02
2.999935733181106901e-02
2.999935733181190861e-02
2.999935733181275516e-02
2.999935733181183228e-02
2.999935733181354619e-02
2.999935733181226596e-02
2.999935733181100656e-02
2.999935733181125289e-02
2.999935733181299455e-02
2.999935733181098574e-02
2.999935733181229719e-02
2.999935733181011144e-02
2.999935733181128411e-02
2.999935733181145064e-02
2.999935733181238046e-02
2.999935733181268577e-02
2.999935733181162412e-02
2.999935733181044450e-02
2.999935733181289393e-02
2.999935733181395558e-02
2.999935733181009756e-02
2.999935733181111064e-02
2.999935733181165187e-02
2.999935733181392436e-02
2.999935733181260597e-02
2.999935733181361905e-02
2.999935733181003511e-02
2.999935733181140901e-02
2.999935733181118697e-02
2.999935733181148881e-02
2.999935733180993797e-02
2.999935733181264413e-02
2.999935733181235964e-02
2.999935733180999001e-02
2.999935733181208208e-02
2.999935733181145064e-02
2.999935733181173514e-02
2.999935733181297026e-02
2.999935733181158248e-02
2.999935733181199535e-02
2.999935733181122513e-02
2.999935733181141942e-02
2.999935733181018083e-02
2.999935733181026756e-02
2.999935733181130493e-02
2.999935733181078104e-02
2.999935733181168657e-02
2.999935733181202657e-02
2.999935733181048961e-02
2.999935733181111758e-02
2.999935733181100309e-02
2.999935733181142636e-02
2.999935733181146452e-02
2.999935733181008368e-02
2.999935733181210984e-02
2.999935733181222086e-02
2.999935733181093370e-02
2.999935733181178371e-02
2.999935733181023634e-02
2.999935733181228331e-02
2.999935733181096492e-02
2.999935733181226596e-02
2.999935733181204739e-02
2.999935733180927183e-02
2.999935733181233188e-02
2.999935733181146452e-02
2.999935733181312292e-02
2.999935733181260250e-02
2.999935733181331027e-02
2.999935733181184963e-02
2.999935733181121472e-02
2.999935733181210290e-02
2.999935733181127023e-02
2.999935733181004205e-02
2.999935733181228331e-02
2.999935733181142289e-02
2.999935733181292863e-02
2.999935733181308822e-02
2.999935733181010103e-02
2.999935733181095798e-02
2.999935733181173167e-02
2.999935733181167269e-02
2.999935733181118003e-02
2.999935733181120778e-02
2.999935733181212372e-02
2.999935733181186698e-02
2.999935733181157554e-02
2.999935733181289393e-02
2.999935733181151656e-02
2.999935733181195024e-02
2.999935733181117656e-02
2.999935733181180106e-02
2.999935733181236658e-02
2.999935733181303965e-02
2.999935733181106901e-02
2.999935733181247760e-02
2.999935733181090941e-02
2.999935733181244638e-02
2.999935733181028144e-02
2.999935733181240127e-02
2.999935733181101349e-02
2.999935733181227984e-02
2.999935733180999695e-02
2.999935733181111064e-02
2.999935733181181841e-02
2.999935733181166575e-02
2.999935733181101696e-02
2.999935733181109676e-02
2.999935733181083308e-02
2.999935733181199882e-02
2.999935733181105513e-02
2.999935733181106207e-02
2.999935733181230413e-02
2.999935733181170738e-02
2.999935733181097186e-02
2.999935733181072900e-02
2.999935733181109676e-02
2.999935733181034736e-02
2.999935733181149228e-02
2.999935733181183228e-02
2.999935733181137085e-02
2.999935733181135350e-02
2.999935733181095798e-02
2.999935733181229372e-02
2.999935733181122166e-02
2.999935733181238739e-02
2.999935733181301190e-02
2.999935733181064226e-02
2.999935733181291128e-02
2.999935733181256434e-02
2.999935733181041675e-02
2.999935733181231107e-02
2.999935733180997960e-02
2.999935733181174902e-02
2.999935733181238739e-02
2.999935733181196759e-02
2.999935733181069430e-02
2.999935733181099268e-02
2.999935733181179065e-02
2.999935733181068043e-02
2.999935733181244638e-02
2.999935733181215147e-02
2.999935733181154779e-02
2.999935733181112452e-02
2.999935733181143677e-02
2.999935733181144371e-02
2.999935733181079839e-02
2.999935733181063879e-02
2.999935733181129799e-02
2.999935733181192943e-02
2.999935733181125982e-02
2.999935733181175596e-02
2.999935733181149228e-02
2.999935733181224862e-02
2.999935733181091635e-02
2.999935733181046532e-02
2.999935733181212372e-02
2.999935733181156514e-02
2.999935733181192596e-02
2.999935733181115921e-02
2.999935733181090594e-02
2.999935733181045491e-02
2.999935733181277597e-02
2.999935733181229719e-02
2.999935733181182881e-02
2.999935733181233188e-02
2.999935733181124942e-02
2.999935733181118003e-02
2.999935733181119737e-02
2.999935733181269965e-02
2.999935733181128758e-02
2.999935733181238739e-02
2.999935733181131881e-02
2.999935733181102390e-02
2.999935733181106207e-02
2.999935733181198841e-02
2.999935733181253311e-02
2.999935733181105513e-02
2.999935733181171085e-02
2.999935733181070124e-02
2.999935733181133962e-02
2.999935733181086778e-02
2.999935733181131881e-02
2.999935733181186351e-02
2.999935733181045144e-02
2.999935733181084349e-02
2.999935733181174902e-02
2.999935733181074982e-02
2.999935733181260250e-02
2.999935733181136738e-02
2.999935733181078798e-02
2.999935733181158942e-02
2.999935733181038899e-02
2.999935733181193290e-02
2.999935733181113492e-02
2.999935733181092676e-02
2.999935733181139166e-02
2.999935733181086431e-02
2.999935733181144024e-02
2.999935733181181841e-02
2.999935733181189126e-02
2.999935733181106901e-02
2.999935733180989633e-02
2.999935733181157554e-02
2.999935733181176289e-02
2.999935733181068390e-02
2.999935733181148534e-02
2.999935733181176636e-02
2.999935733181228331e-02
2.999935733181188086e-02
2.999935733181083308e-02
2.999935733181173861e-02
2.999935733181156861e-02
2.999935733181095798e-02
2.999935733181176289e-02
2.999935733181034736e-02
2.999935733181069084e-02
2.999935733181141942e-02
2.999935733181084002e-02
2.999935733181131187e-02
2.999935733181146799e-02
2.999935733181008368e-02
2.999935733181129105e-02
2.999935733181082614e-02
2.999935733181119737e-02
2.999935733181129799e-02
2.999935733181023981e-02
2.999935733181136391e-02
2.999935733181123554e-02
2.999935733181173514e-02
2.999935733181083308e-02
2.999935733181031960e-02
2.999935733181005940e-02
2.999935733181101002e-02
2.999935733181100656e-02
2.999935733181099268e-02
2.999935733181106207e-02
2.999935733181116268e-02
2.999935733181251923e-02
2.999935733181109329e-02
2.999935733181117309e-02
2.999935733181131187e-02
2.999935733181084002e-02
2.999935733181090247e-02
2.999935733181130493e-02
2.999935733181150962e-02
2.999935733181093717e-02
2.999935733181149922e-02
2.999935733181154432e-02
2.999935733181048614e-02
2.999935733181110717e-02
2.999935733181142289e-02
2.999935733181063879e-02
2.999935733181165187e-02
2.999935733181109676e-02
2.999935733181053471e-02
2.999935733181071512e-02
2.999935733181036124e-02
2.999935733181085737e-02
2.999935733181196412e-02
2.999935733181165881e-02
2.999935733181059369e-02
2.999935733181112799e-02
2.999935733181041328e-02
2.999935733181133962e-02
2.999935733180994837e-02
2.999935733181108982e-02
2.999935733181106554e-02
2.999935733181077757e-02
2.999935733181128758e-02
2.999935733181074288e-02
2.999935733181034042e-02
2.999935733181031614e-02
2.999935733181080880e-02
2.999935733181071859e-02
2.999935733181129105e-02
2.999935733181019470e-02
2.999935733181091982e-02
2.999935733181062492e-02
2.999935733181141595e-02
2.999935733181097533e-02
2.999935733181059716e-02
2.999935733181059369e-02
2.999935733181094411e-02
2.999935733181061104e-02
2.999935733181115921e-02
2.999935733181115574e-02
2.999935733181099962e-02
2.999935733181103431e-02
2.999935733181101349e-02
2.999935733181118003e-02
2.999935733181132227e-02
2.999935733181111758e-02
2.999935733181090247e-02
2.999935733181115227e-02
2.999935733181030573e-02
2.999935733181091635e-02
2.999935733181114186e-02
2.999935733181122166e-02
2.999935733181079839e-02
2.999935733181134656e-02
2.999935733181152697e-02
2.999935733181106901e-02
2.999935733181131187e-02
2.999935733181070818e-02
2.999935733181059716e-02
2.999935733181054165e-02
2.999935733181093370e-02
2.999935733181105513e-02
2.999935733181089553e-02
2.999935733181091982e-02
2.999935733181078451e-02
2.999935733181120084e-02
2.999935733181066308e-02
2.999935733181101002e-02
2.999935733181120778e-02
2.999935733181148534e-02
2.999935733181076369e-02
2.999935733181079145e-02
2.999935733181109676e-02
2.999935733181095798e-02
2.999935733181095104e-02
2.999935733181092329e-02
2.999935733181097186e-02
2.999935733181081227e-02
2.999935733181106901e-02
2.999935733181098574e-02
2.999935733181096145e-02
2.999935733181092329e-02
2.999935733181095104e-02
2.999935733181086431e-02
2.999935733181088859e-02
2.999935733181099268e-02
2.999935733181101002e-02
2.999935733181101696e-02
2.999935733181095798e-02
2.999935733181118003e-02
2.999935733181091288e-02
2.999935733181100656e-02
2.999935733181098574e-02
2.999935733181094757e-02
2.999935733181089206e-02
2.999935733181114186e-02
2.999935733181079492e-02
2.999935733181095451e-02
2.999935733181116962e-02
2.999935733181103084e-02
2.999935733181104125e-02
2.999935733181107594e-02
2.999935733181109676e-02
2.999935733181110370e-02
2.999935733181108288e-02
2.999935733181108982e-02
2.999935733181113492e-02
2.999935733181096839e-02
2.999935733181116615e-02
2.999935733181114880e-02
2.999935733181110370e-02
2.999935733181120084e-02
2.999935733181104125e-02
2.999935733181121819e-02
2.999935733181105166e-02
2.999935733181111411e-02
2.999935733181113146e-02
2.999935733181118003e-02
2.999935733181117309e-02
2.999935733181122513e-02
2.999935733181116268e-02
2.999935733181118350e-02
2.999935733181115574e-02
2.999935733181118003e-02
2.999935733181121819e-02
2.999935733181120431e-02
2.999935733181119044e-02
2.999935733181119737e-02
2.999935733181118350e-02
2.999935733181120431e-02
2.999935733181120778e-02
2.999935733181123207e-02
2.999935733181124595e-02
2.999935733181123554e-02
2.999935733181123901e-02
2.999935733181122166e-02
2.999935733181122513e-02
2.999935733181123207e-02
2.999935733181124595e-02
2.999935733181124942e-02
2.999935733181123554e-02
2.999935733181124248e-02
2.999935733181124248e-02
2.999935733181125636e-02
2.999935733181124595e-02
2.999935733181125982e-02
2.999935733181126329e-02
2.999935733181127370e-02
2.999935733181127717e-02
2.999935733181128758e-02
2.999935733181130146e-02
2.999935733181130493e-02
2.999935733181130840e-02
2.999935733181130840e-02
2.999935733181132921e-02
2.999935733181132921e-02
2.999935733181133268e-02
2.999935733181135003e-02
2.999935733181135697e-02
2.999935733181136391e-02
2.999935733181136391e-02
2.999935733181137432e-02
2.999935733181138472e-02
2.999935733181140207e-02
2.999935733181140554e-02
2.999935733181140901e-02
2.999935733181142289e-02
2.999935733181140901e-02
2.999935733181142983e-02
2.999935733181143330e-02
2.999935733181142983e-02
2.999935733181144371e-02
2.999935733181147146e-02
2.999935733181150616e-02
2.999935733181149575e-02
2.999935733181151656e-02
2.999935733181148187e-02
2.999935733181149228e-02
2.999935733181149575e-02
2.999935733181150616e-02
2.999935733181152350e-02
2.999935733181154432e-02
2.999935733181161718e-02
2.999935733181158942e-02
2.999935733181161024e-02
2.999935733181162412e-02
2.999935733181159289e-02
2.999935733181158248e-02
2.999935733181157901e-02
2.999935733181157207e-02
2.999935733181163799e-02
2.999935733181156514e-02
2.999935733181166575e-02
2.999935733181159636e-02
2.999935733181165187e-02
2.999935733181162065e-02
2.999935733181168657e-02
2.999935733181160330e-02
2.999935733181155473e-02
2.999935733181171432e-02
2.999935733181174902e-02
2.999935733181164493e-02
2.999935733181170738e-02
2.999935733181166228e-02
2.999935733181165187e-02
2.999935733181171779e-02
2.999935733181170391e-02
2.999935733181184616e-02
2.999935733181142636e-02
2.999935733181161718e-02
2.999935733181175249e-02
2.999935733181193637e-02
2.999935733181175249e-02
2.999935733181171779e-02
2.999935733181152350e-02
2.999935733181164493e-02
2.999935733181181494e-02
2.999935733181171085e-02
2.999935733181160330e-02
2.999935733181170738e-02
2.999935733181180453e-02
2.999935733181170738e-02
2.999935733181215494e-02
2.999935733181163799e-02
2.999935733181160330e-02
2.999935733181195371e-02
2.999935733181163799e-02
2.999935733181188779e-02
2.999935733181174902e-02
2.999935733181196412e-02
2.999935733181211678e-02
2.999935733181171432e-02
2.999935733181191555e-02
2.999935733181190167e-02
2.999935733181169698e-02
2.999935733181199882e-02
2.999935733181182534e-02
2.999935733181198494e-02
2.999935733181203351e-02
2.999935733181182188e-02
2.999935733181237005e-02
2.999935733181235270e-02
2.999935733181200229e-02
2.999935733181179412e-02
2.999935733181203351e-02
2.999935733181149228e-02
2.999935733181195718e-02
2.999935733181161371e-02
2.999935733181167963e-02
2.999935733181167616e-02
2.999935733181215147e-02
2.999935733181218617e-02
2.999935733181225556e-02
2.999935733181241515e-02
2.999935733181225209e-02
2.999935733181215841e-02
2.999935733181163452e-02
2.999935733181156514e-02
2.999935733181246719e-02
2.999935733181233188e-02
2.999935733181200923e-02
2.999935733181186004e-02
2.999935733181221045e-02
2.999935733181197800e-02
2.999935733181204045e-02
2.999935733181156514e-02
2.999935733181232494e-02
2.999935733181232494e-02
2.999935733181221392e-02
2.999935733181181147e-02
2.999935733181208902e-02
2.999935733181185310e-02
2.999935733181195718e-02
2.999935733181218270e-02
2.999935733181239086e-02
2.999935733181195718e-02
2.999935733181194331e-02
2.999935733181209596e-02
2.999935733181238046e-02
2.999935733181198494e-02
2.999935733181212025e-02
2.999935733181226249e-02
2.999935733181210290e-02
2.999935733181267883e-02
2.999935733181263720e-02
2.999935733181224168e-02
2.999935733181217576e-02
2.999935733181286271e-02
2.999935733181164146e-02
2.999935733181218617e-02
2.999935733181215147e-02
2.999935733181179412e-02
2.999935733181249148e-02
2.999935733181287312e-02
2.999935733181230760e-02
2.999935733181224862e-02
2.999935733181248801e-02
2.999935733181164146e-02
2.999935733181087125e-02
2.999935733181161024e-02
2.999935733181297026e-02
2.999935733181230413e-02
2.999935733181179412e-02
2.999935733181129452e-02
2.999935733181275516e-02
2.999935733181164146e-02
2.999935733181254005e-02
2.999935733181352537e-02
2.999935733181241515e-02
2.999935733181294598e-02
2.999935733181357395e-02
2.999935733181216882e-02
2.999935733181250883e-02
2.999935733181188779e-02
2.999935733181241515e-02
2.999935733181224862e-02
2.999935733181371272e-02
2.999935733181213413e-02
2.999935733181292169e-02
2.999935733181245331e-02
2.999935733181208555e-02
2.999935733181209596e-02
2.999935733181283148e-02
2.999935733181206127e-02
2.999935733181283148e-02
2.999935733181241515e-02
2.999935733181193290e-02
2.999935733181239086e-02
2.999935733181252617e-02
2.999935733181138819e-02
2.999935733181179412e-02
2.999935733181240127e-02
2.999935733181173167e-02
2.999935733181349762e-02
2.999935733181285230e-02
2.999935733181324782e-02
2.999935733181199882e-02
2.999935733181224515e-02
2.999935733181214453e-02
2.999935733181271005e-02
2.999935733181374048e-02
2.999935733181200576e-02
2.999935733181225556e-02
2.999935733181254005e-02
2.999935733181278291e-02
2.999935733181230413e-02
2.999935733181199882e-02
2.999935733181274128e-02
2.999935733181336578e-02
2.999935733181272046e-02
2.999935733181241168e-02
2.999935733181323047e-02
2.999935733181213066e-02
2.999935733181299455e-02
2.999935733181218964e-02
2.999935733181349068e-02
2.999935733181260597e-02
2.999935733181185310e-02
2.999935733181357742e-02
2.999935733181354272e-02
2.999935733181378211e-02
2.999935733181118697e-02
2.999935733181373007e-02
2.999935733181152003e-02
2.999935733181353231e-02
2.999935733181190861e-02
2.999935733181215147e-02
2.999935733181326863e-02
2.999935733181246719e-02
2.999935733181228678e-02
2.999935733181331027e-02
2.999935733181395212e-02
2.999935733181409436e-02
2.999935733181225556e-02
2.999935733181325476e-02
2.999935733181341088e-02
2.999935733181308475e-02
2.999935733181221392e-02
2.999935733181353231e-02
2.999935733181274475e-02
2.999935733181304659e-02
2.999935733181294945e-02
2.999935733181307435e-02
2.999935733181194331e-02
2.999935733181387926e-02
2.999935733181271699e-02
2.999935733181278291e-02
2.999935733181497560e-02
2.999935733181384109e-02
2.999935733181426090e-02
2.999935733181283148e-02
2.999935733181218270e-02
2.999935733181341435e-02
2.999935733181423661e-02
2.999935733181290087e-02
2.999935733181261985e-02
2.999935733181207861e-02
2.999935733181208902e-02
2.999935733181351497e-02
2.999935733181394171e-02
2.999935733181474662e-02
2.999935733181367109e-02
2.999935733181297026e-02
2.999935733181322353e-02
2.999935733181262332e-02
2.999935733181346986e-02
2.999935733181405967e-02
2.999935733181372660e-02
2.999935733181284189e-02
2.999935733181367803e-02
2.999935733181294945e-02
2.999935733181437886e-02
2.999935733181339700e-02
2.999935733181427477e-02
2.999935733181377517e-02
2.999935733181383762e-02
2.999935733181322353e-02
2.999935733181305353e-02
2.999935733181476744e-02
2.999935733181290781e-02
2.999935733181189820e-02
2.999935733181322006e-02
2.999935733181376477e-02
2.999935733181305353e-02
2.999935733181405620e-02
2.999935733181283842e-02
2.999935733181349068e-02
2.999935733181268577e-02
2.999935733181156861e-02
2.999935733181473621e-02
2.999935733181455233e-02
2.999935733181449682e-02
2.999935733181526010e-02
2.999935733181232494e-02
2.999935733181407355e-02
2.999935733181315761e-02
2.999935733181319231e-02
2.999935733181367109e-02
2.999935733181435110e-02
2.999935733181386538e-02
2.999935733181290087e-02
2.999935733181327557e-02
2.999935733181471192e-02
2.999935733181436498e-02
2.999935733181287312e-02
2.999935733181229719e-02
2.999935733181333108e-02
2.999935733181510744e-02
2.999935733181387926e-02
2.999935733181400763e-02
2.999935733181378211e-02
2.999935733181403885e-02
2.999935733181426090e-02
2.999935733181399028e-02
2.999935733181363640e-02
2.999935733181441008e-02
2.999935733181310904e-02
2.999935733181179759e-02
2.999935733181404579e-02
2.999935733181387232e-02
2.999935733181448641e-02
2.999935733181468764e-02
2.999935733181492009e-02
2.999935733181400416e-02
2.999935733181470152e-02
2.999935733181444825e-02
2.999935733181469111e-02
2.999935733181383762e-02
2.999935733181421232e-02
2.999935733181316108e-02
2.999935733181462519e-02
2.999935733181433722e-02
2.999935733181488887e-02
2.999935733181327557e-02
2.999935733181364680e-02
2.999935733181227637e-02
2.999935733181401804e-02
2.999935733181369191e-02
2.999935733181505193e-02
2.999935733181358088e-02
2.999935733181510050e-02
2.999935733181304659e-02
2.999935733181393477e-02
2.999935733181343864e-02
2.999935733181493397e-02
2.999935733181431294e-02
2.999935733181328251e-02
2.999935733181334496e-02
2.999935733181417763e-02
2.999935733181396599e-02
2.999935733181369538e-02
2.999935733181403191e-02
2.999935733181439967e-02
2.999935733181511091e-02
2.999935733181441355e-02
2.999935733181339353e-02
2.999935733181407355e-02
2.999935733181556888e-02
2.999935733181435804e-02
2.999935733181536418e-02
2.999935733181368497e-02
2.999935733181304659e-02
2.999935733181384803e-02
2.999935733181558623e-02
2.999935733181517683e-02
2.999935733181460784e-02
2.999935733181514907e-02
2.999935733181631481e-02
2.999935733181416375e-02
2.999935733181600603e-02
2.999935733181570766e-02
2.999935733181512479e-02
2.999935733181327904e-02
2.999935733181501724e-02
2.999935733181448294e-02
2.999935733181437886e-02
2.999935733181444825e-02
2.999935733181371966e-02
2.999935733181354619e-02
2.999935733181535377e-02
2.999935733181589848e-02
2.999935733181392436e-02
2.999935733181358782e-02
2.999935733181572500e-02
2.999935733181267883e-02
2.999935733181618297e-02
2.999935733181420539e-02
2.999935733181606501e-02
2.999935733181385844e-02
2.999935733181427824e-02
2.999935733181451070e-02
2.999935733181494785e-02
2.999935733181700176e-02
2.999935733181354619e-02
2.999935733181519765e-02
2.999935733181392783e-02
2.999935733181549255e-02
2.999935733181629399e-02
2.999935733181551684e-02
2.999935733181442743e-02
2.999935733181446212e-02
2.999935733181388620e-02
2.999935733181549602e-02
2.999935733181575276e-02
2.999935733181509356e-02
2.999935733181342129e-02
2.999935733181467376e-02
2.999935733181592276e-02
2.999935733181497213e-02
2.999935733181368497e-02
2.999935733181556888e-02
2.999935733181493397e-02
2.999935733181487499e-02
2.999935733181566255e-02
2.999935733181521152e-02
2.999935733181290781e-02
2.999935733181542316e-02
2.999935733181431641e-02
2.999935733181406314e-02
2.999935733181461478e-02
2.999935733181286965e-02
2.999935733181500336e-02
2.999935733181366415e-02
2.999935733181452804e-02
2.999935733181319925e-02
2.999935733181471886e-02
2.999935733181448988e-02
2.999935733181842423e-02
2.999935733181554459e-02
2.999935733181182881e-02
2.999935733181574929e-02
2.999935733181590541e-02
2.999935733181384109e-02
2.999935733181454886e-02
2.999935733181333802e-02
2.999935733181409783e-02
2.999935733181558623e-02
2.999935733181516989e-02
2.999935733181316455e-02
2.999935733181390701e-02
2.999935733181657155e-02
2.999935733181244985e-02
2.999935733181245331e-02
2.999935733181155473e-02
2.999935733181649522e-02
2.999935733181076022e-02
2.999935733181587766e-02
2.999935733181380293e-02
2.999935733181306394e-02
2.999935733181455927e-02
2.999935733181581521e-02
2.999935733181275169e-02
2.999935733181105513e-02
2.999935733181722727e-02
2.999935733181578051e-02
2.999935733181549602e-02
2.999935733181299108e-02
2.999935733181654726e-02
2.999935733181389660e-02
2.999935733181261638e-02
2.999935733181842076e-02
2.999935733181699482e-02
2.999935733181390701e-02
2.999935733181626971e-02
2.999935733181092329e-02
2.999935733181426784e-02
2.999935733181811892e-02
2.999935733181634256e-02
2.999935733181635644e-02
2.999935733181988487e-02
2.999935733181614134e-02
2.999935733181410824e-02
2.999935733181539541e-02
2.999935733181436845e-02
2.999935733181099268e-02
2.999935733181206821e-02
2.999935733181684910e-02
2.999935733181497907e-02
2.999935733181641542e-02
2.999935733181771993e-02
2.999935733181727238e-02
2.999935733181363987e-02
2.999935733181630787e-02
2.999935733181421926e-02
2.999935733181490274e-02
2.999935733181691849e-02
2.999935733181560010e-02
2.999935733181812933e-02
2.999935733181464254e-02
2.999935733181429906e-02
2.999935733181062145e-02
2.999935733181373007e-02
2.999935733181791422e-02
2.999935733181238393e-02
2.999935733182041570e-02
2.999935733181555847e-02
2.999935733181633216e-02
2.999935733181751177e-02
2.999935733181587766e-02
2.999935733181760197e-02
2.999935733181633563e-02
2.999935733181484723e-02
2.999935733181827158e-02
2.999935733181606848e-02
2.999935733181670339e-02
2.999935733181754299e-02
2.999935733181634603e-02
2.999935733181827158e-02
