2.999571957017175758e-02
2.999571957016978693e-02
2.999571957016927692e-02
2.999571957016988061e-02
2.999571957016990836e-02
2.999571957017044613e-02
2.999571957017051899e-02
2.999571957016949897e-02
2.999571957017026919e-02
2.999571957016975224e-02
2.999571957017048429e-02
2.999571957016953019e-02
2.999571957016755608e-02
2.999571957016970714e-02
2.999571957017406129e-02
2.999571957016775037e-02
2.999571957017004714e-02
2.999571957016964122e-02
2.999571957016990489e-02
2.999571957016883977e-02
2.999571957016942611e-02
2.999571957017366924e-02
2.999571957016852058e-02
2.999571957017056756e-02
2.999571957017042878e-02
2.999571957016874263e-02
2.999571957016806609e-02
2.999571957016825344e-02
2.999571957016995000e-02
2.999571957016980081e-02
2.999571957017647256e-02
2.999571957017086940e-02
2.999571957016945387e-02
2.999571957016899590e-02
2.999571957017092838e-02
2.999571957016884671e-02
2.999571957017220514e-02
2.999571957017347842e-02
2.999571957016939489e-02
2.999571957016764975e-02
2.999571957016892304e-02
2.999571957016755955e-02
2.999571957017168472e-02
2.999571957017047041e-02
2.999571957017072021e-02
2.999571957017123369e-02
2.999571957016914162e-02
2.999571957016852752e-02
2.999571957016773649e-02
2.999571957017030388e-02
2.999571957016947121e-02
2.999571957017148349e-02
2.999571957017376639e-02
2.999571957016891610e-02
2.999571957017141410e-02
2.999571957016854834e-02
2.999571957016816670e-02
2.999571957017335005e-02
2.999571957016726464e-02
2.999571957016889182e-02
2.999571957016834364e-02
2.999571957017192758e-02
2.999571957016973489e-02
2.999571957016936713e-02
2.999571957017289209e-02
2.999571957016901325e-02
2.999571957017096308e-02
2.999571957017007490e-02
2.999571957016951285e-02
2.999571957017027266e-02
2.999571957016830548e-02
2.999571957017085205e-02
2.999571957017157717e-02
2.999571957017046347e-02
2.999571957016902019e-02
2.999571957017026919e-02
2.999571957017362067e-02
2.999571957016765322e-02
2.999571957016906529e-02
2.999571957017086940e-02
2.999571957016804874e-02
2.999571957016954060e-02
2.999571957017019633e-02
2.999571957016804180e-02
2.999571957017155635e-02
2.999571957016958224e-02
2.999571957016989449e-02
2.999571957016914162e-02
2.999571957017356863e-02
2.999571957017213575e-02
2.999571957017090756e-02
2.999571957016678586e-02
2.999571957016956836e-02
2.999571957016830201e-02
2.999571957017021367e-02
2.999571957016928386e-02
2.999571957017151819e-02
2.999571957016865242e-02
2.999571957016992571e-02
2.999571957017082430e-02
2.999571957016977652e-02
2.999571957016973142e-02
2.999571957016933590e-02
2.999571957016979040e-02
2.999571957016973489e-02
2.999571957016789955e-02
2.999571957017142104e-02
2.999571957016891957e-02
2.999571957017078613e-02
2.999571957017103593e-02
2.999571957016906529e-02
2.999571957016985979e-02
2.999571957017005755e-02
2.999571957017018592e-02
2.999571957017083818e-02
2.999571957017207330e-02
2.999571957017012694e-02
2.999571957017011306e-02
2.999571957016767751e-02
2.999571957016999857e-02
2.999571957016986673e-02
2.999571957017038021e-02
2.999571957016967244e-02
2.999571957017137941e-02
2.999571957016817364e-02
2.999571957017007490e-02
2.999571957017022755e-02
2.999571957017131696e-02
2.999571957017050164e-02
2.999571957017110879e-02
2.999571957016989102e-02
2.999571957017062654e-02
2.999571957016973489e-02
2.999571957017161880e-02
2.999571957016990836e-02
2.999571957017096654e-02
2.999571957016976959e-02
2.999571957016810425e-02
2.999571957016968632e-02
2.999571957016991877e-02
2.999571957016847201e-02
2.999571957016975571e-02
2.999571957017039756e-02
2.999571957017157370e-02
2.999571957017077573e-02
2.999571957017038715e-02
2.999571957016920060e-02
2.999571957016967591e-02
2.999571957017150431e-02
2.999571957016971754e-02
2.999571957016900978e-02
2.999571957016894039e-02
2.999571957017005408e-02
2.999571957016888835e-02
2.999571957017004714e-02
2.999571957017066123e-02
2.999571957017129614e-02
2.999571957016894733e-02
2.999571957016914509e-02
2.999571957016900978e-02
2.999571957016943305e-02
2.999571957017065429e-02
2.999571957016900978e-02
2.999571957016955795e-02
2.999571957017009918e-02
2.999571957016994653e-02
2.999571957016923529e-02
2.999571957016968979e-02
2.999571957016920060e-02
2.999571957017010959e-02
2.999571957016912427e-02
2.999571957016990836e-02
2.999571957016966550e-02
2.999571957017004020e-02
2.999571957017041490e-02
2.999571957016906182e-02
2.999571957016990836e-02
2.999571957017151819e-02
2.999571957016883630e-02
2.999571957017028306e-02
2.999571957017051899e-02
2.999571957017131002e-02
2.999571957016858303e-02
2.999571957016832630e-02
2.999571957017119900e-02
2.999571957017093879e-02
2.999571957016999163e-02
2.999571957017008184e-02
2.999571957016978346e-02
2.999571957017066123e-02
2.999571957017031776e-02
2.999571957016798282e-02
2.999571957017045654e-02
2.999571957017005755e-02
2.999571957017115043e-02
2.999571957017206636e-02
2.999571957017236126e-02
2.999571957016981816e-02
2.999571957016883977e-02
2.999571957016802792e-02
2.999571957016995000e-02
2.999571957017116083e-02
2.999571957016951979e-02
2.999571957016936713e-02
2.999571957016922835e-02
2.999571957016822221e-02
2.999571957016899937e-02
2.999571957016955101e-02
2.999571957016879814e-02
2.999571957017006796e-02
2.999571957017066470e-02
2.999571957016925611e-02
2.999571957017053286e-02
2.999571957016940876e-02
2.999571957016888141e-02
2.999571957017141410e-02
2.999571957016918672e-02
2.999571957016865936e-02
2.999571957017086593e-02
2.999571957016973489e-02
2.999571957016918672e-02
2.999571957017025531e-02
2.999571957016874263e-02
2.999571957017026225e-02
2.999571957016917284e-02
2.999571957016931856e-02
2.999571957016768792e-02
2.999571957016922835e-02
2.999571957017035245e-02
2.999571957016986326e-02
2.999571957016982857e-02
2.999571957017048429e-02
2.999571957017049817e-02
2.999571957016918672e-02
2.999571957016966203e-02
2.999571957016983204e-02
2.999571957016939489e-02
2.999571957016963081e-02
2.999571957016874263e-02
2.999571957016899243e-02
2.999571957017066817e-02
2.999571957016985285e-02
2.999571957016861426e-02
2.999571957017054674e-02
2.999571957016983551e-02
2.999571957016843385e-02
2.999571957016840609e-02
2.999571957016900631e-02
2.999571957017028306e-02
2.999571957016999857e-02
2.999571957016879814e-02
2.999571957016901325e-02
2.999571957016968632e-02
2.999571957016883283e-02
2.999571957016956142e-02
2.999571957017006102e-02
2.999571957016926305e-02
2.999571957017030388e-02
2.999571957016909304e-02
2.999571957016931509e-02
2.999571957016925611e-02
2.999571957016965162e-02
2.999571957016960305e-02
2.999571957016953366e-02
2.999571957017070287e-02
2.999571957016983897e-02
2.999571957016979734e-02
2.999571957016963775e-02
2.999571957016904794e-02
2.999571957016916243e-02
2.999571957016885712e-02
2.999571957016856916e-02
2.999571957016992224e-02
2.999571957016929080e-02
2.999571957017092144e-02
2.999571957017036286e-02
2.999571957016957530e-02
2.999571957016963775e-02
2.999571957016925958e-02
2.999571957016877732e-02
2.999571957016856222e-02
2.999571957016938795e-02
2.999571957016988755e-02
2.999571957016972101e-02
2.999571957016958224e-02
2.999571957016873916e-02
2.999571957016965162e-02
2.999571957016798976e-02
2.999571957017019286e-02
2.999571957016787180e-02
2.999571957016989449e-02
2.999571957017003326e-02
2.999571957016994306e-02
2.999571957016952325e-02
2.999571957016841650e-02
2.999571957016983204e-02
2.999571957016916243e-02
2.999571957017096308e-02
2.999571957016976612e-02
2.999571957017100471e-02
2.999571957016965856e-02
2.999571957016897855e-02
2.999571957016925264e-02
2.999571957016777465e-02
2.999571957017019286e-02
2.999571957016961693e-02
2.999571957016866630e-02
2.999571957016982857e-02
2.999571957016928733e-02
2.999571957016834364e-02
2.999571957016836099e-02
2.999571957016915202e-02
2.999571957017012694e-02
2.999571957016948856e-02
2.999571957016990489e-02
2.999571957016943652e-02
2.999571957016914162e-02
2.999571957016924570e-02
2.999571957016937407e-02
2.999571957016896467e-02
2.999571957016863855e-02
2.999571957016998469e-02
2.999571957016864548e-02
2.999571957016886059e-02
2.999571957016903406e-02
2.999571957016899243e-02
2.999571957016814241e-02
2.999571957016920060e-02
2.999571957016867324e-02
2.999571957016924223e-02
2.999571957016999857e-02
2.999571957016873222e-02
2.999571957016927345e-02
2.999571957016926999e-02
2.999571957016919713e-02
2.999571957016840609e-02
2.999571957017039756e-02
2.999571957016851365e-02
2.999571957016855875e-02
2.999571957016991530e-02
2.999571957017003326e-02
2.999571957016910692e-02
2.999571957016923876e-02
2.999571957016772608e-02
2.999571957016967244e-02
2.999571957016878079e-02
2.999571957016908957e-02
2.999571957016960999e-02
2.999571957016960305e-02
2.999571957016759424e-02
2.999571957016802098e-02
2.999571957016895773e-02
2.999571957016894733e-02
2.999571957016883977e-02
2.999571957016962040e-02
2.999571957016884324e-02
2.999571957016886753e-02
2.999571957016939489e-02
2.999571957016967591e-02
2.999571957016831936e-02
2.999571957016937407e-02
2.999571957016877038e-02
2.999571957016847548e-02
2.999571957016929427e-02
2.999571957016930468e-02
2.999571957016885365e-02
2.999571957016980081e-02
2.999571957016859691e-02
2.999571957016903753e-02
2.999571957016882243e-02
2.999571957016896467e-02
2.999571957016942264e-02
2.999571957016977305e-02
2.999571957016880508e-02
2.999571957016908264e-02
2.999571957016926305e-02
2.999571957016874610e-02
2.999571957016966897e-02
2.999571957016918672e-02
2.999571957016901672e-02
2.999571957016920060e-02
2.999571957016836099e-02
2.999571957016941917e-02
2.999571957016895427e-02
2.999571957016946427e-02
2.999571957016932203e-02
2.999571957016915549e-02
2.999571957016848242e-02
2.999571957016877732e-02
2.999571957016883977e-02
2.999571957016911039e-02
2.999571957016834017e-02
2.999571957016886059e-02
2.999571957016868712e-02
2.999571957016870793e-02
2.999571957016915896e-02
2.999571957016861773e-02
2.999571957016877385e-02
2.999571957016866283e-02
2.999571957016901325e-02
2.999571957016877038e-02
2.999571957016880508e-02
2.999571957016909651e-02
2.999571957016908957e-02
2.999571957016898896e-02
2.999571957016913121e-02
2.999571957016848589e-02
2.999571957016899243e-02
2.999571957016865242e-02
2.999571957016883283e-02
2.999571957016887447e-02
2.999571957016895080e-02
2.999571957016868712e-02
2.999571957016948856e-02
2.999571957016888488e-02
2.999571957016904794e-02
2.999571957016900631e-02
2.999571957016908957e-02
2.999571957016897508e-02
2.999571957016895773e-02
2.999571957016888141e-02
2.999571957016913815e-02
2.999571957016891263e-02
2.999571957016929774e-02
2.999571957016897855e-02
2.999571957016892304e-02
2.999571957016933937e-02
2.999571957016897855e-02
2.999571957016912080e-02
2.999571957016870100e-02
2.999571957016895080e-02
2.999571957016905835e-02
2.999571957016882590e-02
2.999571957016889528e-02
2.999571957016919366e-02
2.999571957016882937e-02
2.999571957016906529e-02
2.999571957016904794e-02
2.999571957016888835e-02
2.999571957016917631e-02
2.999571957016912080e-02
2.999571957016903753e-02
2.999571957016904100e-02
2.999571957016918325e-02
2.999571957016895080e-02
2.999571957016917284e-02
2.999571957016913121e-02
2.999571957016929774e-02
2.999571957016904447e-02
2.999571957016913815e-02
2.999571957016913815e-02
2.999571957016905488e-02
2.999571957016916590e-02
2.999571957016912427e-02
2.999571957016915549e-02
2.999571957016909304e-02
2.999571957016914162e-02
2.999571957016903406e-02
2.999571957016902712e-02
2.999571957016911386e-02
2.999571957016909304e-02
2.999571957016914162e-02
2.999571957016908264e-02
2.999571957016916590e-02
2.999571957016914509e-02
2.999571957016911733e-02
2.999571957016920754e-02
2.999571957016911733e-02
2.999571957016908610e-02
2.999571957016919713e-02
2.999571957016917631e-02
2.999571957016914855e-02
2.999571957016920060e-02
2.999571957016916590e-02
2.999571957016919366e-02
2.999571957016919366e-02
2.999571957016916590e-02
2.999571957016922835e-02
2.999571957016922835e-02
2.999571957016922835e-02
2.999571957016923529e-02
2.999571957016925611e-02
2.999571957016921794e-02
2.999571957016924223e-02
2.999571957016924223e-02
2.999571957016925611e-02
2.999571957016924570e-02
2.999571957016926999e-02
2.999571957016928386e-02
2.999571957016928386e-02
2.999571957016928386e-02
2.999571957016928386e-02
2.999571957016929774e-02
2.999571957016929774e-02
2.999571957016931162e-02
2.999571957016931509e-02
2.999571957016932203e-02
2.999571957016933244e-02
2.999571957016934284e-02
2.999571957016935325e-02
2.999571957016936019e-02
2.999571957016937060e-02
2.999571957016937754e-02
2.999571957016938101e-02
2.999571957016939142e-02
2.999571957016940529e-02
2.999571957016940876e-02
2.999571957016941570e-02
2.999571957016941917e-02
2.999571957016942264e-02
2.999571957016943652e-02
2.999571957016944346e-02
2.999571957016944693e-02
2.999571957016945734e-02
2.999571957016946080e-02
2.999571957016947815e-02
2.999571957016948509e-02
2.999571957016948162e-02
2.999571957016948509e-02
2.999571957016949550e-02
2.999571957016950938e-02
2.999571957016951285e-02
2.999571957016952325e-02
2.999571957016954407e-02
2.999571957016954407e-02
2.999571957016956489e-02
2.999571957016952325e-02
2.999571957016956142e-02
2.999571957016955795e-02
2.999571957016956489e-02
2.999571957016961693e-02
2.999571957016957877e-02
2.999571957016966550e-02
2.999571957016962387e-02
2.999571957016960652e-02
2.999571957016957877e-02
2.999571957016966897e-02
2.999571957016974877e-02
2.999571957016966897e-02
2.999571957016969326e-02
2.999571957016971407e-02
2.999571957016974183e-02
2.999571957016963081e-02
2.999571957016977652e-02
2.999571957016963775e-02
2.999571957016964122e-02
2.999571957016976959e-02
2.999571957016969326e-02
2.999571957016976959e-02
2.999571957016977305e-02
2.999571957016970367e-02
2.999571957016981816e-02
2.999571957016973836e-02
2.999571957016973489e-02
2.999571957016980775e-02
2.999571957016981122e-02
2.999571957016968979e-02
2.999571957016975571e-02
2.999571957016983551e-02
2.999571957016979387e-02
2.999571957016976612e-02
2.999571957016987020e-02
2.999571957016974530e-02
2.999571957016970714e-02
2.999571957016974530e-02
2.999571957016984591e-02
2.999571957016989796e-02
2.999571957016972101e-02
2.999571957016992918e-02
2.999571957017003326e-02
2.999571957016988408e-02
2.999571957016979734e-02
2.999571957016985979e-02
2.999571957017005755e-02
2.999571957017009571e-02
2.999571957016981122e-02
2.999571957017004020e-02
2.999571957016985285e-02
2.999571957016981122e-02
2.999571957017006796e-02
2.999571957017007490e-02
2.999571957016975571e-02
2.999571957016994306e-02
2.999571957016996387e-02
2.999571957016959958e-02
2.999571957016984591e-02
2.999571957016981122e-02
2.999571957017016163e-02
2.999571957016974183e-02
2.999571957017026572e-02
2.999571957017042184e-02
2.999571957016985979e-02
2.999571957017024143e-02
2.999571957017035939e-02
2.999571957017025531e-02
2.999571957016988061e-02
2.999571957016993612e-02
2.999571957017001245e-02
2.999571957017006796e-02
2.999571957016985979e-02
2.999571957017021714e-02
2.999571957017025184e-02
2.999571957016992224e-02
2.999571957017015469e-02
2.999571957016987367e-02
2.999571957017003326e-02
2.999571957016979387e-02
2.999571957016984591e-02
2.999571957016994653e-02
2.999571957017002979e-02
2.999571957017025531e-02
2.999571957016955448e-02
2.999571957017026225e-02
2.999571957017051899e-02
2.999571957016984591e-02
2.999571957017008877e-02
2.999571957017005408e-02
2.999571957017062307e-02
2.999571957017021021e-02
2.999571957017039409e-02
2.999571957017034551e-02
2.999571957017004367e-02
2.999571957017046001e-02
2.999571957017020674e-02
2.999571957016994653e-02
2.999571957017048082e-02
2.999571957017040796e-02
2.999571957017072715e-02
2.999571957016948856e-02
2.999571957016981122e-02
2.999571957017026225e-02
2.999571957017024143e-02
2.999571957017010612e-02
2.999571957017000898e-02
2.999571957017029000e-02
2.999571957017032470e-02
2.999571957017062307e-02
2.999571957017044266e-02
2.999571957017038021e-02
2.999571957017126145e-02
2.999571957017067858e-02
2.999571957017100818e-02
2.999571957016984938e-02
2.999571957017046001e-02
2.999571957017019980e-02
2.999571957017133778e-02
2.999571957017016510e-02
2.999571957017135512e-02
2.999571957017106716e-02
2.999571957016999163e-02
2.999571957017083471e-02
2.999571957017090063e-02
2.999571957016990489e-02
2.999571957017051205e-02
2.999571957017000551e-02
2.999571957017031429e-02
2.999571957017102553e-02
2.999571957017055715e-02
2.999571957017048429e-02
2.999571957017039756e-02
2.999571957017041143e-02
2.999571957016946427e-02
2.999571957017012000e-02
2.999571957017030388e-02
2.999571957017044960e-02
2.999571957016988061e-02
2.999571957017030388e-02
2.999571957016999857e-02
2.999571957017069940e-02
2.999571957017058838e-02
2.999571957017050511e-02
2.999571957016991877e-02
2.999571957017101165e-02
2.999571957017040102e-02
2.999571957017150431e-02
2.999571957017023102e-02
2.999571957017101165e-02
2.999571957017057797e-02
2.999571957017041143e-02
2.999571957016985285e-02
2.999571957017116430e-02
2.999571957017044613e-02
2.999571957016985979e-02
2.999571957017055715e-02
2.999571957017074797e-02
2.999571957017049470e-02
2.999571957017009224e-02
2.999571957017137594e-02
2.999571957017152166e-02
2.999571957017036633e-02
2.999571957017069940e-02
2.999571957017006796e-02
2.999571957017037327e-02
2.999571957017070634e-02
2.999571957017145574e-02
2.999571957017079654e-02
2.999571957017086593e-02
2.999571957017039409e-02
2.999571957017092144e-02
2.999571957017128226e-02
2.999571957017085899e-02
2.999571957017137247e-02
2.999571957017006102e-02
2.999571957017044960e-02
2.999571957017115389e-02
2.999571957017126839e-02
2.999571957016967938e-02
2.999571957017085899e-02
2.999571957017101512e-02
2.999571957017110185e-02
2.999571957017111573e-02
2.999571957016927345e-02
2.999571957017069246e-02
2.999571957017166737e-02
2.999571957017094920e-02
2.999571957017209412e-02
2.999571957017165696e-02
2.999571957017060225e-02
2.999571957017117471e-02
2.999571957017154941e-02
2.999571957017111226e-02
2.999571957017056409e-02
2.999571957017063001e-02
2.999571957017124063e-02
2.999571957017136553e-02
2.999571957017061613e-02
2.999571957017203166e-02
2.999571957017137941e-02
2.999571957017164656e-02
2.999571957017097348e-02
2.999571957017119206e-02
2.999571957017102553e-02
2.999571957017197268e-02
2.999571957017068552e-02
2.999571957017080001e-02
2.999571957017105328e-02
2.999571957017122675e-02
2.999571957017199003e-02
2.999571957017168472e-02
2.999571957017145921e-02
2.999571957016992918e-02
2.999571957017155982e-02
2.999571957017071674e-02
2.999571957017008531e-02
2.999571957017114349e-02
2.999571957017241330e-02
2.999571957017185125e-02
2.999571957017165350e-02
2.999571957017143492e-02
2.999571957017114696e-02
2.999571957017040449e-02
2.999571957017053633e-02
2.999571957017208718e-02
2.999571957017100471e-02
2.999571957017125451e-02
2.999571957017081042e-02
2.999571957017091450e-02
2.999571957017197615e-02
2.999571957017020327e-02
2.999571957017157717e-02
2.999571957017075491e-02
2.999571957017170554e-02
2.999571957017014776e-02
2.999571957017131696e-02
2.999571957017193452e-02
2.999571957017135165e-02
2.999571957016974877e-02
2.999571957017107410e-02
2.999571957017033857e-02
2.999571957017076879e-02
2.999571957017095614e-02
2.999571957017204554e-02
2.999571957017204207e-02
2.999571957017207677e-02
2.999571957017320434e-02
2.999571957017156676e-02
2.999571957017147655e-02
2.999571957017061613e-02
2.999571957017111573e-02
2.999571957017029694e-02
2.999571957017017204e-02
2.999571957017157370e-02
2.999571957017128226e-02
2.999571957017131696e-02
2.999571957016946427e-02
2.999571957017144533e-02
2.999571957017099777e-02
2.999571957017305168e-02
2.999571957017142104e-02
2.999571957016995000e-02
2.999571957017081736e-02
2.999571957017099083e-02
2.999571957017187207e-02
2.999571957017136206e-02
2.999571957017047735e-02
2.999571957017095614e-02
2.999571957017143492e-02
2.999571957017117818e-02
2.999571957017162227e-02
2.999571957017237514e-02
2.999571957016960652e-02
2.999571957017121288e-02
2.999571957017022061e-02
2.999571957017176105e-02
2.999571957017083818e-02
2.999571957017094226e-02
2.999571957017387741e-02
2.999571957017310025e-02
2.999571957017162227e-02
2.999571957017193105e-02
2.999571957017087981e-02
2.999571957017176799e-02
2.999571957017288515e-02
2.999571957017165003e-02
2.999571957017208718e-02
2.999571957017201085e-02
2.999571957017341250e-02
2.999571957017212881e-02
2.999571957017263535e-02
2.999571957017157370e-02
2.999571957017349577e-02
2.999571957017133778e-02
2.999571957016982510e-02
2.999571957017170554e-02
2.999571957017183044e-02
2.999571957017391904e-02
2.999571957017108451e-02
2.999571957017383231e-02
2.999571957017293372e-02
2.999571957017319740e-02
2.999571957017172982e-02
2.999571957017150431e-02
2.999571957017176105e-02
2.999571957017328067e-02
2.999571957017240290e-02
2.999571957017142104e-02
2.999571957017154594e-02
2.999571957017285739e-02
2.999571957017405782e-02
2.999571957017258678e-02
2.999571957017244800e-02
2.999571957017308638e-02
2.999571957017432844e-02
2.999571957017420354e-02
2.999571957017254514e-02
2.999571957017325291e-02
2.999571957017167084e-02
2.999571957017421742e-02
2.999571957017282270e-02
2.999571957017166737e-02
2.999571957017279494e-02
2.999571957017336046e-02
2.999571957017245841e-02
2.999571957017229187e-02
2.999571957017378721e-02
2.999571957017196228e-02
2.999571957017312107e-02
2.999571957017274290e-02
2.999571957017332230e-02
2.999571957017375945e-02
2.999571957017278800e-02
2.999571957017353740e-02
2.999571957017262841e-02
2.999571957017212534e-02
2.999571957017412027e-02
2.999571957017269086e-02
2.999571957017326679e-02
2.999571957017214963e-02
2.999571957017377680e-02
2.999571957017230922e-02
2.999571957017234392e-02
2.999571957017405782e-02
2.999571957017365190e-02
2.999571957017267698e-02
2.999571957017063001e-02
2.999571957017386700e-02
2.999571957017344026e-02
2.999571957017174023e-02
2.999571957017299617e-02
2.999571957017450191e-02
2.999571957017383925e-02
2.999571957017375945e-02
2.999571957017167778e-02
2.999571957017270474e-02
2.999571957017402313e-02
2.999571957017333618e-02
2.999571957017281923e-02
2.999571957017346108e-02
2.999571957017170901e-02
2.999571957017389823e-02
2.999571957017237861e-02
2.999571957017373863e-02
2.999571957017278107e-02
2.999571957017367618e-02
2.999571957017325638e-02
2.999571957017410292e-02
2.999571957017296842e-02
2.999571957017403007e-02
2.999571957017544213e-02
2.999571957017320434e-02
2.999571957017294413e-02
2.999571957017319740e-02
2.999571957017209412e-02
2.999571957017505008e-02
2.999571957017238902e-02
2.999571957017314189e-02
2.999571957017290250e-02
2.999571957017260065e-02
2.999571957017334312e-02
2.999571957017479334e-02
2.999571957017203513e-02
2.999571957017405782e-02
2.999571957017119900e-02
2.999571957017167431e-02
2.999571957017316617e-02
2.999571957017353047e-02
2.999571957017107410e-02
2.999571957017424517e-02
2.999571957017450885e-02
2.999571957017196575e-02
2.999571957017238208e-02
2.999571957017012347e-02
2.999571957017451579e-02
2.999571957017314536e-02
2.999571957017265617e-02
2.999571957017456089e-02
2.999571957017511600e-02
2.999571957017206636e-02
2.999571957017248963e-02
2.999571957017141063e-02
2.999571957017415150e-02
2.999571957017425905e-02
2.999571957017349577e-02
2.999571957017543172e-02
2.999571957017387741e-02
2.999571957017168819e-02
2.999571957017404047e-02
2.999571957017344026e-02
2.999571957017433191e-02
2.999571957017658358e-02
2.999571957017174370e-02
2.999571957017505008e-02
2.999571957017372476e-02
2.999571957017431803e-02
2.999571957017419660e-02
2.999571957017460599e-02
2.999571957017317658e-02
2.999571957017313842e-02
2.999571957017326679e-02
2.999571957017249657e-02
2.999571957017363108e-02
2.999571957017106716e-02
2.999571957017199350e-02
2.999571957017301005e-02
2.999571957017345414e-02
2.999571957017451926e-02
2.999571957017599030e-02
2.999571957017204901e-02
2.999571957017345414e-02
2.999571957017328760e-02
2.999571957017698950e-02
2.999571957017240637e-02
2.999571957017413762e-02
2.999571957017383231e-02
2.999571957017287127e-02
2.999571957017369006e-02
2.999571957017289556e-02
2.999571957017621929e-02
2.999571957017740584e-02
2.999571957017547336e-02
2.999571957017399190e-02
2.999571957017134471e-02
2.999571957017184778e-02
2.999571957017522009e-02
2.999571957017258678e-02
2.999571957017499110e-02
2.999571957017323903e-02
2.999571957017575091e-02
2.999571957017470314e-02
2.999571957017277066e-02
2.999571957017341250e-02
2.999571957017208371e-02
2.999571957017328067e-02
2.999571957017548376e-02
2.999571957017303087e-02
2.999571957017209065e-02
2.999571957017434232e-02
2.999571957017377333e-02
2.999571957017171595e-02
2.999571957017421742e-02
2.999571957017067164e-02
2.999571957017189289e-02
2.999571957017487314e-02
2.999571957017501539e-02
2.999571957017429374e-02
2.999571957017066817e-02
2.999571957017131696e-02
2.999571957017285739e-02
