2.999933778246352545e-02
2.999933778246681448e-02
2.999933778246821614e-02
2.999933778246911126e-02
2.999933778246684224e-02
2.999933778246735919e-02
2.999933778246686999e-02
2.999933778246868105e-02
2.999933778246789695e-02
2.999933778246582222e-02
2.999933778246793512e-02
2.999933778246716143e-02
2.999933778246716490e-02
2.999933778246376831e-02
2.999933778246654734e-02
2.999933778246655774e-02
2.999933778246593324e-02
2.999933778246711286e-02
2.999933778246927085e-02
2.999933778246618304e-02
2.999933778246770266e-02
2.999933778246923616e-02
2.999933778246964902e-02
2.999933778246571120e-02
2.999933778247095006e-02
2.999933778246517690e-02
2.999933778246883370e-02
2.999933778246533303e-02
2.999933778246830635e-02
2.999933778246837573e-02
2.999933778247031516e-02
2.999933778246970800e-02
2.999933778246451424e-02
2.999933778246337973e-02
2.999933778246504160e-02
2.999933778246406321e-02
2.999933778246526711e-02
2.999933778246797328e-02
2.999933778246721347e-02
2.999933778246576671e-02
2.999933778247043659e-02
2.999933778246307789e-02
2.999933778246650223e-02
2.999933778246598182e-02
2.999933778246869145e-02
2.999933778246725163e-02
2.999933778246848329e-02
2.999933778246906615e-02
2.999933778246630101e-02
2.999933778246648142e-02
2.999933778246864288e-02
2.999933778246864635e-02
2.999933778246522201e-02
2.999933778246727939e-02
2.999933778246589855e-02
2.999933778246595406e-02
2.999933778246537119e-02
2.999933778246598182e-02
2.999933778246489935e-02
2.999933778246882676e-02
2.999933778246804267e-02
2.999933778246472588e-02
2.999933778246635652e-02
2.999933778247110272e-02
2.999933778246553079e-02
2.999933778246482649e-02
2.999933778246590896e-02
2.999933778246821614e-02
2.999933778246566263e-02
2.999933778246271360e-02
2.999933778246426444e-02
2.999933778246755695e-02
2.999933778246730021e-02
2.999933778246585692e-02
2.999933778246519772e-02
2.999933778246795940e-02
2.999933778246645019e-02
2.999933778246666877e-02
2.999933778246667918e-02
2.999933778246803573e-02
2.999933778246716143e-02
2.999933778246447261e-02
2.999933778246527405e-02
2.999933778246498955e-02
2.999933778246739735e-02
2.999933778246785185e-02
2.999933778246571120e-02
2.999933778246658550e-02
2.999933778246799410e-02
2.999933778246454547e-02
2.999933778247064128e-02
2.999933778246656121e-02
2.999933778246604080e-02
2.999933778246703306e-02
2.999933778246518384e-02
2.999933778246645366e-02
2.999933778246708510e-02
2.999933778246802532e-02
2.999933778246569732e-02
2.999933778246675203e-02
2.999933778246756388e-02
2.999933778246650570e-02
2.999933778246491323e-02
2.999933778246532956e-02
2.999933778246798716e-02
2.999933778246700877e-02
2.999933778246689775e-02
2.999933778246566957e-02
2.999933778246626631e-02
2.999933778246582916e-02
2.999933778246519772e-02
2.999933778246537813e-02
2.999933778246701918e-02
2.999933778246564181e-02
2.999933778246498262e-02
2.999933778246706775e-02
2.999933778246663060e-02
2.999933778246727939e-02
2.999933778246420893e-02
2.999933778246658897e-02
2.999933778246514568e-02
2.999933778246650223e-02
2.999933778246618998e-02
2.999933778246480914e-02
2.999933778246929167e-02
2.999933778246562793e-02
2.999933778246498609e-02
2.999933778246595406e-02
2.999933778246806348e-02
2.999933778246709204e-02
2.999933778246711286e-02
2.999933778246502425e-02
2.999933778246693244e-02
2.999933778246768531e-02
2.999933778246726551e-02
2.999933778246520466e-02
2.999933778246584998e-02
2.999933778246582222e-02
2.999933778246572508e-02
2.999933778246740429e-02
2.999933778246571120e-02
2.999933778246823696e-02
2.999933778246639121e-02
2.999933778246682489e-02
2.999933778246758470e-02
2.999933778246738347e-02
2.999933778246756388e-02
2.999933778246512486e-02
2.999933778246430260e-02
2.999933778246539895e-02
2.999933778246648836e-02
2.999933778246673816e-02
2.999933778246576671e-02
2.999933778246681101e-02
2.999933778246809818e-02
2.999933778246584304e-02
2.999933778246604774e-02
2.999933778246473629e-02
2.999933778246674509e-02
2.999933778246542324e-02
2.999933778246503813e-02
2.999933778246682489e-02
2.999933778246620039e-02
2.999933778246773042e-02
2.999933778246632876e-02
2.999933778246509711e-02
2.999933778246619692e-02
2.999933778246581181e-02
2.999933778246550997e-02
2.999933778246558283e-02
2.999933778246686999e-02
2.999933778246732102e-02
2.999933778246817451e-02
2.999933778246707122e-02
2.999933778246707469e-02
2.999933778246658897e-02
2.999933778246683877e-02
2.999933778246572161e-02
2.999933778246501384e-02
2.999933778246743205e-02
2.999933778246600610e-02
2.999933778246804267e-02
2.999933778246498262e-02
2.999933778246605814e-02
2.999933778246694632e-02
2.999933778246560712e-02
2.999933778246564181e-02
2.999933778246528446e-02
2.999933778246776164e-02
2.999933778246609284e-02
2.999933778246817451e-02
2.999933778246634264e-02
2.999933778246502772e-02
2.999933778246721694e-02
2.999933778246546834e-02
2.999933778246594365e-02
2.999933778246548222e-02
2.999933778246538854e-02
2.999933778246549609e-02
2.999933778246693938e-02
2.999933778246627325e-02
2.999933778246557936e-02
2.999933778246468424e-02
2.999933778246550997e-02
2.999933778246648489e-02
2.999933778246723082e-02
2.999933778246734531e-02
2.999933778246663407e-02
2.999933778246710245e-02
2.999933778246526364e-02
2.999933778246558283e-02
2.999933778246647448e-02
2.999933778246567304e-02
2.999933778246584998e-02
2.999933778246544405e-02
2.999933778246719612e-02
2.999933778246596794e-02
2.999933778246458710e-02
2.999933778246574589e-02
2.999933778246516303e-02
2.999933778246541283e-02
2.999933778246645366e-02
2.999933778246653693e-02
2.999933778246716490e-02
2.999933778246745633e-02
2.999933778246725857e-02
2.999933778246753613e-02
2.999933778246566263e-02
2.999933778246541977e-02
2.999933778246721347e-02
2.999933778246570426e-02
2.999933778246641897e-02
2.999933778246610672e-02
2.999933778246617611e-02
2.999933778246569732e-02
2.999933778246597835e-02
2.999933778246498955e-02
2.999933778246557589e-02
2.999933778246566957e-02
2.999933778246674509e-02
2.999933778246591243e-02
2.999933778246574936e-02
2.999933778246546140e-02
2.999933778246598529e-02
2.999933778246540242e-02
2.999933778246561406e-02
2.999933778246607896e-02
2.999933778246628713e-02
2.999933778246679020e-02
2.999933778246606508e-02
2.999933778246665836e-02
2.999933778246688040e-02
2.999933778246716143e-02
2.999933778246583610e-02
2.999933778246643631e-02
2.999933778246674509e-02
2.999933778246510752e-02
2.999933778246673816e-02
2.999933778246540589e-02
2.999933778246664795e-02
2.999933778246681448e-02
2.999933778246561406e-02
2.999933778246751878e-02
2.999933778246578753e-02
2.999933778246657856e-02
2.999933778246538854e-02
2.999933778246625243e-02
2.999933778246753613e-02
2.999933778246659244e-02
2.999933778246671387e-02
2.999933778246589161e-02
2.999933778246513874e-02
2.999933778246651958e-02
2.999933778246569038e-02
2.999933778246623509e-02
2.999933778246600610e-02
2.999933778246606508e-02
2.999933778246531915e-02
2.999933778246607202e-02
2.999933778246593671e-02
2.999933778246535038e-02
2.999933778246487853e-02
2.999933778246566610e-02
2.999933778246541283e-02
2.999933778246662366e-02
2.999933778246552038e-02
2.999933778246502425e-02
2.999933778246587773e-02
2.999933778246553426e-02
2.999933778246599569e-02
2.999933778246514915e-02
2.999933778246584998e-02
2.999933778246581181e-02
2.999933778246529140e-02
2.999933778246560712e-02
2.999933778246701571e-02
2.999933778246580141e-02
2.999933778246549956e-02
2.999933778246670693e-02
2.999933778246577365e-02
2.999933778246622121e-02
2.999933778246534344e-02
2.999933778246480914e-02
2.999933778246660632e-02
2.999933778246642938e-02
2.999933778246694979e-02
2.999933778246480220e-02
2.999933778246612406e-02
2.999933778246484731e-02
2.999933778246517690e-02
2.999933778246682489e-02
2.999933778246552385e-02
2.999933778246627325e-02
2.999933778246569732e-02
2.999933778246590549e-02
2.999933778246572855e-02
2.999933778246562099e-02
2.999933778246604427e-02
2.999933778246546140e-02
2.999933778246607896e-02
2.999933778246678326e-02
2.999933778246647101e-02
2.999933778246487506e-02
2.999933778246555161e-02
2.999933778246688734e-02
2.999933778246589161e-02
2.999933778246582222e-02
2.999933778246582569e-02
2.999933778246580141e-02
2.999933778246625937e-02
2.999933778246458710e-02
2.999933778246651611e-02
2.999933778246540589e-02
2.999933778246595059e-02
2.999933778246524282e-02
2.999933778246539895e-02
2.999933778246476057e-02
2.999933778246581875e-02
2.999933778246491323e-02
2.999933778246631141e-02
2.999933778246574936e-02
2.999933778246429567e-02
2.999933778246532609e-02
2.999933778246558283e-02
2.999933778246536772e-02
2.999933778246518731e-02
2.999933778246557589e-02
2.999933778246510405e-02
2.999933778246539201e-02
2.999933778246439281e-02
2.999933778246554467e-02
2.999933778246515262e-02
2.999933778246417770e-02
2.999933778246618998e-02
2.999933778246495833e-02
2.999933778246578059e-02
2.999933778246544752e-02
2.999933778246632876e-02
2.999933778246394178e-02
2.999933778246530527e-02
2.999933778246603039e-02
2.999933778246608590e-02
2.999933778246558283e-02
2.999933778246460792e-02
2.999933778246547875e-02
2.999933778246516650e-02
2.999933778246541283e-02
2.999933778246614141e-02
2.999933778246602692e-02
2.999933778246520119e-02
2.999933778246527752e-02
2.999933778246499302e-02
2.999933778246572508e-02
2.999933778246523242e-02
2.999933778246514915e-02
2.999933778246503813e-02
2.999933778246496874e-02
2.999933778246575283e-02
2.999933778246551344e-02
2.999933778246575630e-02
2.999933778246527405e-02
2.999933778246525323e-02
2.999933778246558977e-02
2.999933778246587079e-02
2.999933778246547875e-02
2.999933778246543364e-02
2.999933778246492017e-02
2.999933778246555854e-02
2.999933778246538160e-02
2.999933778246554814e-02
2.999933778246555854e-02
2.999933778246533650e-02
2.999933778246585345e-02
2.999933778246548569e-02
2.999933778246532262e-02
2.999933778246547875e-02
2.999933778246558630e-02
2.999933778246584998e-02
2.999933778246574589e-02
2.999933778246540936e-02
2.999933778246550303e-02
2.999933778246557242e-02
2.999933778246544752e-02
2.999933778246532956e-02
2.999933778246532262e-02
2.999933778246546140e-02
2.999933778246562446e-02
2.999933778246561406e-02
2.999933778246503813e-02
2.999933778246546487e-02
2.999933778246560018e-02
2.999933778246577712e-02
2.999933778246548222e-02
2.999933778246600263e-02
2.999933778246595753e-02
2.999933778246524629e-02
2.999933778246526017e-02
2.999933778246513180e-02
2.999933778246555161e-02
2.999933778246542324e-02
2.999933778246550997e-02
2.999933778246530874e-02
2.999933778246564875e-02
2.999933778246519078e-02
2.999933778246571814e-02
2.999933778246534344e-02
2.999933778246548222e-02
2.999933778246543364e-02
2.999933778246547181e-02
2.999933778246566263e-02
2.999933778246535038e-02
2.999933778246575630e-02
2.999933778246570426e-02
2.999933778246563834e-02
2.999933778246530180e-02
2.999933778246541283e-02
2.999933778246549609e-02
2.999933778246565569e-02
2.999933778246537813e-02
2.999933778246563487e-02
2.999933778246557589e-02
2.999933778246536079e-02
2.999933778246537813e-02
2.999933778246557242e-02
2.999933778246569038e-02
2.999933778246556201e-02
2.999933778246557936e-02
2.999933778246547875e-02
2.999933778246552038e-02
2.999933778246554467e-02
2.999933778246556201e-02
2.999933778246554814e-02
2.999933778246552038e-02
2.999933778246557589e-02
2.999933778246565569e-02
2.999933778246558630e-02
2.999933778246571814e-02
2.999933778246555161e-02
2.999933778246563487e-02
2.999933778246564875e-02
2.999933778246566610e-02
2.999933778246565916e-02
2.999933778246561752e-02
2.999933778246563140e-02
2.999933778246564528e-02
2.999933778246567304e-02
2.999933778246558630e-02
2.999933778246563140e-02
2.999933778246560712e-02
2.999933778246560018e-02
2.999933778246559671e-02
2.999933778246563834e-02
2.999933778246565916e-02
2.999933778246567997e-02
2.999933778246564528e-02
2.999933778246572161e-02
2.999933778246565569e-02
2.999933778246571120e-02
2.999933778246569038e-02
2.999933778246570773e-02
2.999933778246571467e-02
2.999933778246570773e-02
2.999933778246573549e-02
2.999933778246572855e-02
2.999933778246575283e-02
2.999933778246573549e-02
2.999933778246573896e-02
2.999933778246576671e-02
2.999933778246575977e-02
2.999933778246577365e-02
2.999933778246577712e-02
2.999933778246577712e-02
2.999933778246579794e-02
2.999933778246580141e-02
2.999933778246579100e-02
2.999933778246579794e-02
2.999933778246581875e-02
2.999933778246582569e-02
2.999933778246583610e-02
2.999933778246584998e-02
2.999933778246586386e-02
2.999933778246588120e-02
2.999933778246587773e-02
2.999933778246590202e-02
2.999933778246590549e-02
2.999933778246591243e-02
2.999933778246593324e-02
2.999933778246594365e-02
2.999933778246595753e-02
2.999933778246595059e-02
2.999933778246596100e-02
2.999933778246597141e-02
2.999933778246598182e-02
2.999933778246598182e-02
2.999933778246599222e-02
2.999933778246599569e-02
2.999933778246599222e-02
2.999933778246599222e-02
2.999933778246600610e-02
2.999933778246601998e-02
2.999933778246599916e-02
2.999933778246601998e-02
2.999933778246601304e-02
2.999933778246602692e-02
2.999933778246603386e-02
2.999933778246602692e-02
2.999933778246605121e-02
2.999933778246604774e-02
2.999933778246600263e-02
2.999933778246600610e-02
2.999933778246605121e-02
2.999933778246607202e-02
2.999933778246600957e-02
2.999933778246618651e-02
2.999933778246609631e-02
2.999933778246605121e-02
2.999933778246606855e-02
2.999933778246611712e-02
2.999933778246610672e-02
2.999933778246617264e-02
2.999933778246616917e-02
2.999933778246622121e-02
2.999933778246613794e-02
2.999933778246608590e-02
2.999933778246618998e-02
2.999933778246612753e-02
2.999933778246612406e-02
2.999933778246616223e-02
2.999933778246622121e-02
2.999933778246618304e-02
2.999933778246620733e-02
2.999933778246612059e-02
2.999933778246613794e-02
2.999933778246618998e-02
2.999933778246605814e-02
2.999933778246615529e-02
2.999933778246624549e-02
2.999933778246601998e-02
2.999933778246626284e-02
2.999933778246637039e-02
2.999933778246630101e-02
2.999933778246592284e-02
2.999933778246628019e-02
2.999933778246641203e-02
2.999933778246633917e-02
2.999933778246641203e-02
2.999933778246640162e-02
2.999933778246635652e-02
2.999933778246642591e-02
2.999933778246614835e-02
2.999933778246624549e-02
2.999933778246659938e-02
2.999933778246638427e-02
2.999933778246641203e-02
2.999933778246646754e-02
2.999933778246597488e-02
2.999933778246623162e-02
2.999933778246612059e-02
2.999933778246609284e-02
2.999933778246628713e-02
2.999933778246662713e-02
2.999933778246648142e-02
2.999933778246638080e-02
2.999933778246632876e-02
2.999933778246657856e-02
2.999933778246668264e-02
2.999933778246649183e-02
2.999933778246634264e-02
2.999933778246630794e-02
2.999933778246666877e-02
2.999933778246616917e-02
2.999933778246630101e-02
2.999933778246648836e-02
2.999933778246661326e-02
2.999933778246655081e-02
2.999933778246656468e-02
2.999933778246691163e-02
2.999933778246677632e-02
2.999933778246676591e-02
2.999933778246621774e-02
2.999933778246659938e-02
2.999933778246639815e-02
2.999933778246679367e-02
2.999933778246696020e-02
2.999933778246646407e-02
2.999933778246639815e-02
2.999933778246626284e-02
2.999933778246667571e-02
2.999933778246657509e-02
2.999933778246676244e-02
2.999933778246659938e-02
2.999933778246714755e-02
2.999933778246666530e-02
2.999933778246641550e-02
2.999933778246641203e-02
2.999933778246651611e-02
2.999933778246632876e-02
2.999933778246652999e-02
2.999933778246688387e-02
2.999933778246668958e-02
2.999933778246623162e-02
2.999933778246614141e-02
2.999933778246667571e-02
2.999933778246656815e-02
2.999933778246670346e-02
2.999933778246678673e-02
2.999933778246609284e-02
2.999933778246688387e-02
2.999933778246629407e-02
2.999933778246631835e-02
2.999933778246641897e-02
2.999933778246617957e-02
2.999933778246617611e-02
2.999933778246689428e-02
2.999933778246641897e-02
2.999933778246585692e-02
2.999933778246680754e-02
2.999933778246692551e-02
2.999933778246744592e-02
2.999933778246699143e-02
2.999933778246673816e-02
2.999933778246657509e-02
2.999933778246687346e-02
2.999933778246705388e-02
2.999933778246693591e-02
2.999933778246668264e-02
2.999933778246773736e-02
2.999933778246739041e-02
2.999933778246629060e-02
2.999933778246754307e-02
2.999933778246707469e-02
2.999933778246717531e-02
2.999933778246749450e-02
2.999933778246579794e-02
2.999933778246599569e-02
2.999933778246750490e-02
2.999933778246706775e-02
2.999933778246646407e-02
2.999933778246623162e-02
2.999933778246699836e-02
2.999933778246628366e-02
2.999933778246667571e-02
2.999933778246715796e-02
2.999933778246660979e-02
2.999933778246621427e-02
2.999933778246648489e-02
2.999933778246648142e-02
2.999933778246648836e-02
2.999933778246659244e-02
2.999933778246785879e-02
2.999933778246680408e-02
2.999933778246638774e-02
2.999933778246618304e-02
2.999933778246665489e-02
2.999933778246659938e-02
2.999933778246739735e-02
2.999933778246823696e-02
2.999933778246667918e-02
2.999933778246682836e-02
2.999933778246760899e-02
2.999933778246810512e-02
2.999933778246745980e-02
2.999933778246698449e-02
2.999933778246688040e-02
2.999933778246618651e-02
2.999933778246600610e-02
2.999933778246652305e-02
2.999933778246711286e-02
2.999933778246757429e-02
2.999933778246738000e-02
2.999933778246733837e-02
2.999933778246638080e-02
2.999933778246776511e-02
2.999933778246703653e-02
2.999933778246659938e-02
2.999933778246678326e-02
2.999933778246606508e-02
2.999933778246827165e-02
2.999933778246707469e-02
2.999933778246813634e-02
2.999933778246569038e-02
2.999933778246679020e-02
2.999933778246651611e-02
2.999933778246739388e-02
2.999933778246782756e-02
2.999933778246739735e-02
2.999933778246719959e-02
2.999933778246663407e-02
2.999933778246881289e-02
2.999933778246839655e-02
2.999933778246705041e-02
2.999933778246810859e-02
2.999933778246767144e-02
2.999933778246748062e-02
2.999933778246784144e-02
2.999933778246808430e-02
2.999933778246870186e-02
2.999933778246830288e-02
2.999933778246707469e-02
2.999933778246637039e-02
2.999933778246771307e-02
2.999933778246688040e-02
2.999933778246676244e-02
2.999933778246784144e-02
2.999933778246776511e-02
2.999933778246740082e-02
2.999933778246673469e-02
2.999933778246745633e-02
2.999933778246738347e-02
2.999933778246802185e-02
2.999933778246787960e-02
2.999933778246905575e-02
2.999933778246755348e-02
2.999933778246652999e-02
2.999933778246648142e-02
2.999933778246850757e-02
2.999933778246745633e-02
2.999933778246710939e-02
2.999933778246611366e-02
2.999933778246963861e-02
2.999933778246721694e-02
2.999933778246671734e-02
2.999933778246794552e-02
2.999933778246698449e-02
2.999933778246819532e-02
2.999933778246774430e-02
2.999933778246769225e-02
2.999933778246818492e-02
2.999933778246895513e-02
2.999933778246794899e-02
2.999933778246875737e-02
2.999933778246874350e-02
2.999933778246815369e-02
2.999933778246898289e-02
2.999933778246790389e-02
2.999933778246808430e-02
2.999933778246751184e-02
2.999933778246951371e-02
2.999933778246845900e-02
2.999933778246791083e-02
2.999933778246827859e-02
2.999933778246802185e-02
2.999933778246799410e-02
2.999933778246749450e-02
2.999933778246817451e-02
2.999933778247008270e-02
2.999933778246768878e-02
2.999933778246724816e-02
2.999933778246791430e-02
2.999933778246629060e-02
2.999933778246798369e-02
2.999933778246847982e-02
2.999933778246726551e-02
2.999933778246710592e-02
2.999933778246785532e-02
2.999933778246748756e-02
2.999933778246776511e-02
2.999933778246917024e-02
2.999933778246623856e-02
2.999933778246839655e-02
2.999933778246766450e-02
2.999933778246739041e-02
2.999933778246714755e-02
2.999933778246819532e-02
2.999933778246692204e-02
2.999933778246835492e-02
2.999933778246892044e-02
2.999933778246927432e-02
2.999933778246834798e-02
2.999933778246696020e-02
2.999933778246714408e-02
2.999933778246843818e-02
2.999933778246948943e-02
2.999933778246788307e-02
2.999933778246829594e-02
2.999933778246851451e-02
2.999933778246820226e-02
2.999933778246847635e-02
2.999933778246810512e-02
2.999933778246775817e-02
2.999933778246932983e-02
2.999933778246768185e-02
2.999933778246788654e-02
2.999933778247015903e-02
2.999933778246779287e-02
2.999933778246845206e-02
2.999933778246933330e-02
2.999933778246976351e-02
2.999933778246859431e-02
2.999933778246923616e-02
2.999933778246777552e-02
2.999933778246726551e-02
2.999933778246789001e-02
2.999933778246801491e-02
2.999933778246941657e-02
2.999933778246823002e-02
2.999933778246867411e-02
2.999933778246887880e-02
2.999933778246873309e-02
2.999933778246927432e-02
2.999933778246904881e-02
2.999933778246834451e-02
2.999933778246768185e-02
2.999933778246795246e-02
2.999933778246871227e-02
2.999933778246870186e-02
2.999933778247097435e-02
2.999933778246957269e-02
2.999933778246727592e-02
2.999933778246837920e-02
2.999933778246861860e-02
2.999933778246966290e-02
2.999933778246896554e-02
2.999933778246814675e-02
2.999933778246801838e-02
2.999933778246997168e-02
2.999933778246880248e-02
2.999933778246894125e-02
2.999933778246902452e-02
2.999933778246886840e-02
2.999933778246788307e-02
2.999933778247029087e-02
2.999933778246934371e-02
2.999933778246803573e-02
2.999933778246867758e-02
2.999933778246897248e-02
2.999933778246927085e-02
2.999933778246941657e-02
2.999933778246938187e-02
2.999933778246902105e-02
2.999933778246827165e-02
2.999933778247094660e-02
2.999933778246784144e-02
2.999933778246798022e-02
2.999933778246947902e-02
2.999933778246909738e-02
2.999933778246808430e-02
2.999933778246895166e-02
2.999933778246756388e-02
2.999933778246785532e-02
2.999933778246795246e-02
2.999933778246944779e-02
2.999933778246993699e-02
2.999933778246914942e-02
2.999933778246821267e-02
2.999933778246959004e-02
2.999933778246838961e-02
2.999933778246953453e-02
2.999933778247003413e-02
2.999933778246746674e-02
2.999933778246857349e-02
2.999933778246887880e-02
2.999933778246964555e-02
2.999933778246863247e-02
2.999933778246949984e-02
2.999933778246930555e-02
2.999933778247038108e-02
2.999933778247084598e-02
2.999933778246995780e-02
2.999933778246951371e-02
2.999933778246721000e-02
2.999933778246870880e-02
2.999933778247013128e-02
2.999933778246897248e-02
2.999933778246998209e-02
2.999933778246969412e-02
2.999933778247088415e-02
2.999933778246797328e-02
2.999933778246852145e-02
2.999933778246974270e-02
2.999933778247010005e-02
2.999933778246824390e-02
2.999933778246895860e-02
2.999933778246940616e-02
2.999933778246957616e-02
2.999933778247018679e-02
2.999933778246918412e-02
2.999933778246729327e-02
2.999933778246963861e-02
2.999933778247030475e-02
2.999933778246965596e-02
2.999933778246864635e-02
2.999933778246897248e-02
2.999933778247084251e-02
2.999933778246852839e-02
2.999933778247246274e-02
2.999933778246902452e-02
2.999933778247030475e-02
2.999933778247038108e-02
2.999933778247134211e-02
2.999933778247091190e-02
2.999933778246950331e-02
2.999933778246965249e-02
2.999933778246980515e-02
2.999933778246955535e-02
2.999933778246728286e-02
2.999933778246783797e-02
2.999933778247019026e-02
2.999933778246868105e-02
2.999933778246709898e-02
2.999933778247131089e-02
2.999933778246841043e-02
2.999933778247102292e-02
2.999933778246712673e-02
2.999933778247202906e-02
2.999933778246861166e-02
2.999933778246884064e-02
2.999933778246815369e-02
2.999933778246836533e-02
2.999933778247104374e-02
2.999933778246948249e-02
2.999933778246818145e-02
2.999933778247030822e-02
2.999933778246774430e-02
2.999933778246730368e-02
2.999933778246779981e-02
2.999933778246844512e-02
2.999933778246797675e-02
2.999933778246940963e-02
2.999933778247305949e-02
2.999933778246838267e-02
2.999933778246940963e-02
2.999933778247123456e-02
2.999933778246769919e-02
2.999933778247021454e-02
2.999933778246444138e-02
2.999933778246835145e-02
2.999933778247263969e-02
2.999933778246955535e-02
2.999933778247088068e-02
2.999933778246783103e-02
2.999933778247258070e-02
2.999933778247096394e-02
2.999933778246602692e-02
2.999933778247005495e-02
2.999933778247004801e-02
2.999933778246965943e-02
2.999933778246776164e-02
2.999933778247061006e-02
2.999933778247013128e-02
2.999933778246772348e-02
2.999933778246702265e-02
2.999933778247110272e-02
2.999933778247380542e-02
2.999933778246684224e-02
2.999933778246757082e-02
2.999933778247019026e-02
2.999933778247111660e-02
2.999933778247193539e-02
2.999933778246901411e-02
2.999933778246977392e-02
2.999933778246925350e-02
2.999933778247192498e-02
2.999933778247097435e-02
2.999933778247132130e-02
2.999933778247068292e-02
2.999933778246885452e-02
2.999933778246954147e-02
2.999933778246834798e-02
2.999933778246934024e-02
2.999933778246691510e-02
2.999933778247024577e-02
2.999933778247011046e-02
2.999933778246840002e-02
2.999933778247288949e-02
2.999933778246872615e-02
2.999933778247146354e-02
2.999933778247287214e-02
2.999933778246910779e-02
2.999933778247405175e-02
2.999933778247044006e-02
2.999933778247027699e-02
2.999933778246916330e-02
2.999933778246963861e-02
2.999933778246717184e-02
2.999933778247008270e-02
2.999933778246646407e-02
2.999933778246685265e-02
