2.999936721060143113e-02
2.999936721060591019e-02
2.999936721060257952e-02
2.999936721060233319e-02
2.999936721060691980e-02
2.999936721060341219e-02
2.999936721059841618e-02
2.999936721060361342e-02
2.999936721060356484e-02
2.999936721059918640e-02
2.999936721060377301e-02
2.999936721060222564e-02
2.999936721060195849e-02
2.999936721060481384e-02
2.999936721060269054e-02
2.999936721060438710e-02
2.999936721060723205e-02
2.999936721060017519e-02
2.999936721060510181e-02
2.999936721060448425e-02
2.999936721060637163e-02
2.999936721060240952e-02
2.999936721060240605e-02
2.999936721060383546e-02
2.999936721060157338e-02
2.999936721060598999e-02
2.999936721060446343e-02
2.999936721060084827e-02
2.999936721060684347e-02
2.999936721060287095e-02
2.999936721060077888e-02
2.999936721060274605e-02
2.999936721060211808e-02
2.999936721060447731e-02
2.999936721060602121e-02
2.999936721060409567e-02
2.999936721060140338e-02
2.999936721060220135e-02
2.999936721060605591e-02
2.999936721060549039e-02
2.999936721060155603e-02
2.999936721060084827e-02
2.999936721060360301e-02
2.999936721060393607e-02
2.999936721060387709e-02
2.999936721060396383e-02
2.999936721060458486e-02
2.999936721060397077e-02
2.999936721060284667e-02
2.999936721060202788e-02
2.999936721060689898e-02
2.999936721060042499e-02
2.999936721060246156e-02
2.999936721060475486e-02
2.999936721060188216e-02
2.999936721060412689e-02
2.999936721060409220e-02
2.999936721060656244e-02
2.999936721060131664e-02
2.999936721060198277e-02
2.999936721060588937e-02
2.999936721060419628e-02
2.999936721060592060e-02
2.999936721060256217e-02
2.999936721060445649e-02
2.999936721060185441e-02
2.999936721060227074e-02
2.999936721060440098e-02
2.999936721060493527e-02
2.999936721060050132e-02
2.999936721060564304e-02
2.999936721060324912e-02
2.999936721060537242e-02
2.999936721060300279e-02
2.999936721060429690e-02
2.999936721060295769e-02
2.999936721060439751e-02
2.999936721060348851e-02
2.999936721060336361e-02
2.999936721060200706e-02
2.999936721060495956e-02
2.999936721060360301e-02
2.999936721060643061e-02
2.999936721060652428e-02
2.999936721060391526e-02
2.999936721060343994e-02
2.999936721060220829e-02
2.999936721060585121e-02
2.999936721060502895e-02
2.999936721060207298e-02
2.999936721060520936e-02
2.999936721060738470e-02
2.999936721060327341e-02
2.999936721060249625e-02
2.999936721060162889e-02
2.999936721060210768e-02
2.999936721060279810e-02
2.999936721060093153e-02
2.999936721060269401e-02
2.999936721060605244e-02
2.999936721060326300e-02
2.999936721060353709e-02
2.999936721060268360e-02
2.999936721060440445e-02
2.999936721060353362e-02
2.999936721060370362e-02
2.999936721060376260e-02
2.999936721060336708e-02
2.999936721060260381e-02
2.999936721060515732e-02
2.999936721060332545e-02
2.999936721060424832e-02
2.999936721060368627e-02
2.999936721060429690e-02
2.999936721060399158e-02
2.999936721060484507e-02
2.999936721060560835e-02
2.999936721060435935e-02
2.999936721060369321e-02
2.999936721060408873e-02
2.999936721060394995e-02
2.999936721060269054e-02
2.999936721060272871e-02
2.999936721060239217e-02
2.999936721060337402e-02
2.999936721060441139e-02
2.999936721060525446e-02
2.999936721060341219e-02
2.999936721060262115e-02
2.999936721060346770e-02
2.999936721060391526e-02
2.999936721060339137e-02
2.999936721060443567e-02
2.999936721060565345e-02
2.999936721060472017e-02
2.999936721060464384e-02
2.999936721060447037e-02
2.999936721060251360e-02
2.999936721060567080e-02
2.999936721060588937e-02
2.999936721060426914e-02
2.999936721060459180e-02
2.999936721060487282e-02
2.999936721060495262e-02
2.999936721060284667e-02
2.999936721060339484e-02
2.999936721060524059e-02
2.999936721060331851e-02
2.999936721060427261e-02
2.999936721060499425e-02
2.999936721060331851e-02
2.999936721060559794e-02
2.999936721060416506e-02
2.999936721060423445e-02
2.999936721060410261e-02
2.999936721060508099e-02
2.999936721060175032e-02
2.999936721060353015e-02
2.999936721060393954e-02
2.999936721060588590e-02
2.999936721060353709e-02
2.999936721060444955e-02
2.999936721060519201e-02
2.999936721060453282e-02
2.999936721060422751e-02
2.999936721060562222e-02
2.999936721060557365e-02
2.999936721060423445e-02
2.999936721060410955e-02
2.999936721060414424e-02
2.999936721060451200e-02
2.999936721060414077e-02
2.999936721060468200e-02
2.999936721060459527e-02
2.999936721060455364e-02
2.999936721060474792e-02
2.999936721060486589e-02
2.999936721060508446e-02
2.999936721060543487e-02
2.999936721060469241e-02
2.999936721060638550e-02
2.999936721060432465e-02
2.999936721060577141e-02
2.999936721060570896e-02
2.999936721060349198e-02
2.999936721060632999e-02
2.999936721060459527e-02
2.999936721060578529e-02
2.999936721060602815e-02
2.999936721060491793e-02
2.999936721060571590e-02
2.999936721060548345e-02
2.999936721060504630e-02
2.999936721060326300e-02
2.999936721060623632e-02
2.999936721060640632e-02
2.999936721060435241e-02
2.999936721060508793e-02
2.999936721060549039e-02
2.999936721060518854e-02
2.999936721060439404e-02
2.999936721060487282e-02
2.999936721060605244e-02
2.999936721060523365e-02
2.999936721060507405e-02
2.999936721060522671e-02
2.999936721060547651e-02
2.999936721060448772e-02
2.999936721060378342e-02
2.999936721060487282e-02
2.999936721060577141e-02
2.999936721060559100e-02
2.999936721060494221e-02
2.999936721060466813e-02
2.999936721060547304e-02
2.999936721060593448e-02
2.999936721060673939e-02
2.999936721060545916e-02
2.999936721060576794e-02
2.999936721060652428e-02
2.999936721060537242e-02
2.999936721060545222e-02
2.999936721060425526e-02
2.999936721060625366e-02
2.999936721060453976e-02
2.999936721060420669e-02
2.999936721060524059e-02
2.999936721060619468e-02
2.999936721060663877e-02
2.999936721060530651e-02
2.999936721060625713e-02
2.999936721060642020e-02
2.999936721060612876e-02
2.999936721060580957e-02
2.999936721060596570e-02
2.999936721060583039e-02
2.999936721060646183e-02
2.999936721060648959e-02
2.999936721060646183e-02
2.999936721060604550e-02
2.999936721060629877e-02
2.999936721060554590e-02
2.999936721060534120e-02
2.999936721060589284e-02
2.999936721060701694e-02
2.999936721060595529e-02
2.999936721060710021e-02
2.999936721060700306e-02
2.999936721060629530e-02
2.999936721060594835e-02
2.999936721060679490e-02
2.999936721060636469e-02
2.999936721060571937e-02
2.999936721060658673e-02
2.999936721060631611e-02
2.999936721060637856e-02
2.999936721060679490e-02
2.999936721060747491e-02
2.999936721060721817e-02
2.999936721060605938e-02
2.999936721060534814e-02
2.999936721060555631e-02
2.999936721060698919e-02
2.999936721060744022e-02
2.999936721060547651e-02
2.999936721060581998e-02
2.999936721060582345e-02
2.999936721060690592e-02
2.999936721060589284e-02
2.999936721060759981e-02
2.999936721060761716e-02
2.999936721060619815e-02
2.999936721060613917e-02
2.999936721060521977e-02
2.999936721060619121e-02
2.999936721060661449e-02
2.999936721060803349e-02
2.999936721060644795e-02
2.999936721060643408e-02
2.999936721060649306e-02
2.999936721060592060e-02
2.999936721060512262e-02
2.999936721060793982e-02
2.999936721060617734e-02
2.999936721060598305e-02
2.999936721060678796e-02
2.999936721060711409e-02
2.999936721060679143e-02
2.999936721060795716e-02
2.999936721060595529e-02
2.999936721060683653e-02
2.999936721060674286e-02
2.999936721060791900e-02
2.999936721060674633e-02
2.999936721060778716e-02
2.999936721060653122e-02
2.999936721060666653e-02
2.999936721060559100e-02
2.999936721060690245e-02
2.999936721060667347e-02
2.999936721060631958e-02
2.999936721060729450e-02
2.999936721060646183e-02
2.999936721060708286e-02
2.999936721060633693e-02
2.999936721060738817e-02
2.999936721060633346e-02
2.999936721060724940e-02
2.999936721060774553e-02
2.999936721060697531e-02
2.999936721060639244e-02
2.999936721060658673e-02
2.999936721060636816e-02
2.999936721060638897e-02
2.999936721060758593e-02
2.999936721060695102e-02
2.999936721060687816e-02
2.999936721060696143e-02
2.999936721060739511e-02
2.999936721060617040e-02
2.999936721060711062e-02
2.999936721060741246e-02
2.999936721060670469e-02
2.999936721060837350e-02
2.999936721060757205e-02
2.999936721060644795e-02
2.999936721060628836e-02
2.999936721060651040e-02
2.999936721060748879e-02
2.999936721060730144e-02
2.999936721060758246e-02
2.999936721060682612e-02
2.999936721060698225e-02
2.999936721060783226e-02
2.999936721060626060e-02
2.999936721060719388e-02
2.999936721060779410e-02
2.999936721060666306e-02
2.999936721060742634e-02
2.999936721060755818e-02
2.999936721060705164e-02
2.999936721060702735e-02
2.999936721060757205e-02
2.999936721060673939e-02
2.999936721060592407e-02
2.999936721060695102e-02
2.999936721060694408e-02
2.999936721060656244e-02
2.999936721060690592e-02
2.999936721060726674e-02
2.999936721060661449e-02
2.999936721060799533e-02
2.999936721060644101e-02
2.999936721060822778e-02
2.999936721060649306e-02
2.999936721060776287e-02
2.999936721060665612e-02
2.999936721060745756e-02
2.999936721060743328e-02
2.999936721060656591e-02
2.999936721060667347e-02
2.999936721060672898e-02
2.999936721060733266e-02
2.999936721060717654e-02
2.999936721060680184e-02
2.999936721060737083e-02
2.999936721060667347e-02
2.999936721060626407e-02
2.999936721060718348e-02
2.999936721060726674e-02
2.999936721060770389e-02
2.999936721060678102e-02
2.999936721060672898e-02
2.999936721060753389e-02
2.999936721060741940e-02
2.999936721060677061e-02
2.999936721060725286e-02
2.999936721060732225e-02
2.999936721060661449e-02
2.999936721060735695e-02
2.999936721060706551e-02
2.999936721060754083e-02
2.999936721060742634e-02
2.999936721060744715e-02
2.999936721060679837e-02
2.999936721060750267e-02
2.999936721060729103e-02
2.999936721060746797e-02
2.999936721060730491e-02
2.999936721060707939e-02
2.999936721060709674e-02
2.999936721060747491e-02
2.999936721060722511e-02
2.999936721060754430e-02
2.999936721060697878e-02
2.999936721060723205e-02
2.999936721060733266e-02
2.999936721060716266e-02
2.999936721060659367e-02
2.999936721060717654e-02
2.999936721060725980e-02
2.999936721060705858e-02
2.999936721060721123e-02
2.999936721060735001e-02
2.999936721060760328e-02
2.999936721060714878e-02
2.999936721060720082e-02
2.999936721060727368e-02
2.999936721060690592e-02
2.999936721060749573e-02
2.999936721060770389e-02
2.999936721060691286e-02
2.999936721060755818e-02
2.999936721060721817e-02
2.999936721060761022e-02
2.999936721060777328e-02
2.999936721060780104e-02
2.999936721060775593e-02
2.999936721060735001e-02
2.999936721060783920e-02
2.999936721060769695e-02
2.999936721060712103e-02
2.999936721060744022e-02
2.999936721060765532e-02
2.999936721060752695e-02
2.999936721060748185e-02
2.999936721060761022e-02
2.999936721060760675e-02
2.999936721060737430e-02
2.999936721060780104e-02
2.999936721060771777e-02
2.999936721060782879e-02
2.999936721060755124e-02
2.999936721060750613e-02
2.999936721060764838e-02
2.999936721060784267e-02
2.999936721060775247e-02
2.999936721060756858e-02
2.999936721060784961e-02
2.999936721060767614e-02
2.999936721060764144e-02
2.999936721060796063e-02
2.999936721060747838e-02
2.999936721060798492e-02
2.999936721060764144e-02
2.999936721060787043e-02
2.999936721060797451e-02
2.999936721060773859e-02
2.999936721060788430e-02
2.999936721060797451e-02
2.999936721060791900e-02
2.999936721060789124e-02
2.999936721060797798e-02
2.999936721060799880e-02
2.999936721060803002e-02
2.999936721060814104e-02
2.999936721060805084e-02
2.999936721060813410e-02
2.999936721060808206e-02
2.999936721060804390e-02
2.999936721060810982e-02
2.999936721060817574e-02
2.999936721060814104e-02
2.999936721060810288e-02
2.999936721060819655e-02
2.999936721060822778e-02
2.999936721060824860e-02
2.999936721060818268e-02
2.999936721060829370e-02
2.999936721060835615e-02
2.999936721060833186e-02
2.999936721060837003e-02
2.999936721060834227e-02
2.999936721060831105e-02
2.999936721060837003e-02
2.999936721060842207e-02
2.999936721060848105e-02
2.999936721060844289e-02
2.999936721060851227e-02
2.999936721060851227e-02
2.999936721060853656e-02
2.999936721060854003e-02
2.999936721060858513e-02
2.999936721060860595e-02
2.999936721060860942e-02
2.999936721060861983e-02
2.999936721060866146e-02
2.999936721060866840e-02
2.999936721060871350e-02
2.999936721060873432e-02
2.999936721060876901e-02
2.999936721060878289e-02
2.999936721060880718e-02
2.999936721060881759e-02
2.999936721060883840e-02
2.999936721060886269e-02
2.999936721060888350e-02
2.999936721060891473e-02
2.999936721060893208e-02
2.999936721060895983e-02
2.999936721060898065e-02
2.999936721060899453e-02
2.999936721060901881e-02
2.999936721060903963e-02
2.999936721060907086e-02
2.999936721060910555e-02
2.999936721060912290e-02
2.999936721060913331e-02
2.999936721060914718e-02
2.999936721060917147e-02
2.999936721060919576e-02
2.999936721060921657e-02
2.999936721060923392e-02
2.999936721060925821e-02
2.999936721060927208e-02
2.999936721060930678e-02
2.999936721060929984e-02
2.999936721060932412e-02
2.999936721060933106e-02
2.999936721060937270e-02
2.999936721060937270e-02
2.999936721060941086e-02
2.999936721060941433e-02
2.999936721060940045e-02
2.999936721060946290e-02
2.999936721060944556e-02
2.999936721060946290e-02
2.999936721060948372e-02
2.999936721060952535e-02
2.999936721060953923e-02
2.999936721060957046e-02
2.999936721060956005e-02
2.999936721060959127e-02
2.999936721060958780e-02
2.999936721060954964e-02
2.999936721060957392e-02
2.999936721060959474e-02
2.999936721060960515e-02
2.999936721060970229e-02
2.999936721060976128e-02
2.999936721060972658e-02
2.999936721060962597e-02
2.999936721060978903e-02
2.999936721060977862e-02
2.999936721060978209e-02
2.999936721060978209e-02
2.999936721060985842e-02
2.999936721060982373e-02
2.999936721060981679e-02
2.999936721060993128e-02
2.999936721060983413e-02
2.999936721060997638e-02
2.999936721061001454e-02
2.999936721060990699e-02
2.999936721060998332e-02
2.999936721060986883e-02
2.999936721060991393e-02
2.999936721060996250e-02
2.999936721061022271e-02
2.999936721061006312e-02
2.999936721061007699e-02
2.999936721061007006e-02
2.999936721061009781e-02
2.999936721061010475e-02
2.999936721061006312e-02
2.999936721060991393e-02
2.999936721061016026e-02
2.999936721061033026e-02
2.999936721061009434e-02
2.999936721060983413e-02
2.999936721061019843e-02
2.999936721061010128e-02
2.999936721061019843e-02
2.999936721061048986e-02
2.999936721061051415e-02
2.999936721061026088e-02
2.999936721061031292e-02
2.999936721061043435e-02
2.999936721061007353e-02
2.999936721061030598e-02
2.999936721061014638e-02
2.999936721061038924e-02
2.999936721061063905e-02
2.999936721061025741e-02
2.999936721061035455e-02
2.999936721061036149e-02
2.999936721061025741e-02
2.999936721061047945e-02
2.999936721061077088e-02
2.999936721061037537e-02
2.999936721061018455e-02
2.999936721061022965e-02
2.999936721061058353e-02
2.999936721061065292e-02
2.999936721061071537e-02
2.999936721061027128e-02
2.999936721061095130e-02
2.999936721061055578e-02
2.999936721061047251e-02
2.999936721061063558e-02
2.999936721061041700e-02
2.999936721061063211e-02
2.999936721061043088e-02
2.999936721061069456e-02
2.999936721061041700e-02
2.999936721061047598e-02
2.999936721061044476e-02
2.999936721061085415e-02
2.999936721061080558e-02
2.999936721061068068e-02
2.999936721061070843e-02
2.999936721061111783e-02
2.999936721061041353e-02
2.999936721061022618e-02
2.999936721061091660e-02
2.999936721061031292e-02
2.999936721061073966e-02
2.999936721061099987e-02
2.999936721061049333e-02
2.999936721061040312e-02
2.999936721061120110e-02
2.999936721061052455e-02
2.999936721061106926e-02
2.999936721061054884e-02
2.999936721061097558e-02
2.999936721061063905e-02
2.999936721061103456e-02
2.999936721061101375e-02
2.999936721061078476e-02
2.999936721061055578e-02
2.999936721061104844e-02
2.999936721061130865e-02
2.999936721061044823e-02
2.999936721060978556e-02
2.999936721061102762e-02
2.999936721061222458e-02
2.999936721061172151e-02
2.999936721061139885e-02
2.999936721061098599e-02
2.999936721061076741e-02
2.999936721061080558e-02
2.999936721061112477e-02
2.999936721061134681e-02
2.999936721060988271e-02
2.999936721061095476e-02
2.999936721061067374e-02
2.999936721061123579e-02
2.999936721061023312e-02
2.999936721061125661e-02
2.999936721061164172e-02
2.999936721061002148e-02
2.999936721061077088e-02
2.999936721061211703e-02
2.999936721061108660e-02
2.999936721061106926e-02
2.999936721061063558e-02
2.999936721061134681e-02
2.999936721061128436e-02
2.999936721061158620e-02
2.999936721061030598e-02
2.999936721061104844e-02
2.999936721061111089e-02
2.999936721061098599e-02
2.999936721061144396e-02
2.999936721061148559e-02
2.999936721061034761e-02
2.999936721061098599e-02
2.999936721061065292e-02
2.999936721061062517e-02
2.999936721061095130e-02
2.999936721061120110e-02
2.999936721061187417e-02
2.999936721061159661e-02
2.999936721061126355e-02
2.999936721061230438e-02
2.999936721061069456e-02
2.999936721061085415e-02
2.999936721061152028e-02
2.999936721061105538e-02
2.999936721061082986e-02
2.999936721061231479e-02
2.999936721061032679e-02
2.999936721061084027e-02
2.999936721061141273e-02
2.999936721061249173e-02
2.999936721061165906e-02
2.999936721060995903e-02
2.999936721061127048e-02
2.999936721061075354e-02
2.999936721061025047e-02
2.999936721061160702e-02
2.999936721061209621e-02
2.999936721061124620e-02
2.999936721061073619e-02
2.999936721060995903e-02
2.999936721061098599e-02
2.999936721060986189e-02
2.999936721060979944e-02
2.999936721061173539e-02
2.999936721061160355e-02
2.999936721061122191e-02
2.999936721061216560e-02
2.999936721061139885e-02
2.999936721061050027e-02
2.999936721061072578e-02
2.999936721061121150e-02
2.999936721061099640e-02
2.999936721061007353e-02
2.999936721061090619e-02
2.999936721060860942e-02
2.999936721061033373e-02
2.999936721061034067e-02
2.999936721061091660e-02
2.999936721061079170e-02
2.999936721061094783e-02
2.999936721061148559e-02
2.999936721061045170e-02
2.999936721061237724e-02
2.999936721061139885e-02
2.999936721061115946e-02
2.999936721061186029e-02
2.999936721061168335e-02
2.999936721061047598e-02
2.999936721061138498e-02
2.999936721061052802e-02
2.999936721061099987e-02
2.999936721061092701e-02
2.999936721061123926e-02
2.999936721061015332e-02
2.999936721060992781e-02
2.999936721061071190e-02
2.999936721061138151e-02
2.999936721061013944e-02
2.999936721061102762e-02
2.999936721061119416e-02
2.999936721061065639e-02
2.999936721061241540e-02
2.999936721061145090e-02
2.999936721061056272e-02
2.999936721061306072e-02
2.999936721061238071e-02
2.999936721061144743e-02
2.999936721061202682e-02
2.999936721061101375e-02
2.999936721061170417e-02
2.999936721061068762e-02
2.999936721061096517e-02
2.999936721061106926e-02
2.999936721061135375e-02
2.999936721061204070e-02
2.999936721061232520e-02
2.999936721061107966e-02
2.999936721061122538e-02
2.999936721061163825e-02
2.999936721061097558e-02
2.999936721061114558e-02
2.999936721061158967e-02
2.999936721061013251e-02
2.999936721061056272e-02
2.999936721061219683e-02
2.999936721061146130e-02
2.999936721061200601e-02
2.999936721061067721e-02
2.999936721061105191e-02
2.999936721061069456e-02
2.999936721061193315e-02
2.999936721061049333e-02
2.999936721061191927e-02
2.999936721061160355e-02
2.999936721061082640e-02
2.999936721061124967e-02
2.999936721061106926e-02
2.999936721061118028e-02
2.999936721061093048e-02
2.999936721061076395e-02
2.999936721061292888e-02
2.999936721061141620e-02
2.999936721061043088e-02
2.999936721061031639e-02
2.999936721061254724e-02
2.999936721061128783e-02
2.999936721061172845e-02
2.999936721061296357e-02
2.999936721061087844e-02
2.999936721061192968e-02
2.999936721061127742e-02
2.999936721061163131e-02
2.999936721061123579e-02
2.999936721061125314e-02
2.999936721061107620e-02
2.999936721061130518e-02
2.999936721061135375e-02
2.999936721061112824e-02
2.999936721061255418e-02
2.999936721061191580e-02
2.999936721061265132e-02
2.999936721061116293e-02
2.999936721061324460e-02
2.999936721061182560e-02
2.999936721061308847e-02
2.999936721061139192e-02
2.999936721061135375e-02
2.999936721061118722e-02
2.999936721061160355e-02
2.999936721061046557e-02
2.999936721061266520e-02
2.999936721061186723e-02
2.999936721061177355e-02
2.999936721061260275e-02
2.999936721061106926e-02
2.999936721061240152e-02
2.999936721061128783e-02
2.999936721061206152e-02
2.999936721061322031e-02
2.999936721061192274e-02
2.999936721061227662e-02
2.999936721061315439e-02
2.999936721061265132e-02
2.999936721061445544e-02
2.999936721061118028e-02
2.999936721061216907e-02
2.999936721061322031e-02
2.999936721061197825e-02
2.999936721061314399e-02
2.999936721061194356e-02
2.999936721061140579e-02
2.999936721061259581e-02
2.999936721061272418e-02
2.999936721061128436e-02
2.999936721061237377e-02
2.999936721061137110e-02
2.999936721061169723e-02
2.999936721061168682e-02
2.999936721061387604e-02
2.999936721061266173e-02
2.999936721061192274e-02
2.999936721061394890e-02
2.999936721061458034e-02
2.999936721061304684e-02
2.999936721061141620e-02
2.999936721061169376e-02
2.999936721061176315e-02
2.999936721061076048e-02
2.999936721061297051e-02
2.999936721061315439e-02
2.999936721061298786e-02
2.999936721061275541e-02
2.999936721061249867e-02
2.999936721061318215e-02
2.999936721061186029e-02
2.999936721061449013e-02
2.999936721061297745e-02
2.999936721061347705e-02
2.999936721061297051e-02
2.999936721061267214e-02
2.999936721061406686e-02
2.999936721061301215e-02
2.999936721061277622e-02
2.999936721061017761e-02
2.999936721061376155e-02
2.999936721061157580e-02
2.999936721061257500e-02
2.999936721061145090e-02
2.999936721061222458e-02
2.999936721061476769e-02
2.999936721061245704e-02
2.999936721061456646e-02
2.999936721061279010e-02
2.999936721061442074e-02
2.999936721061373379e-02
2.999936721061356032e-02
2.999936721061396624e-02
2.999936721061334521e-02
2.999936721061349787e-02
2.999936721061399747e-02
2.999936721061306766e-02
2.999936721061464973e-02
2.999936721061429237e-02
2.999936721061460115e-02
2.999936721061389686e-02
2.999936721061438952e-02
2.999936721061265826e-02
2.999936721061349093e-02
2.999936721061347011e-02
2.999936721061449013e-02
2.999936721061174927e-02
2.999936721061310582e-02
2.999936721061386563e-02
2.999936721061347705e-02
2.999936721061340766e-02
2.999936721061324807e-02
2.999936721061447278e-02
2.999936721061478503e-02
2.999936721061475034e-02
2.999936721061305725e-02
2.999936721061348399e-02
2.999936721061408074e-02
2.999936721061284561e-02
2.999936721061409114e-02
2.999936721061327929e-02
2.999936721061540607e-02
2.999936721061517708e-02
2.999936721061283174e-02
2.999936721061386563e-02
2.999936721061371991e-02
2.999936721061581546e-02
2.999936721061141967e-02
2.999936721061369563e-02
2.999936721061502096e-02
2.999936721061224887e-02
2.999936721061370257e-02
2.999936721061326889e-02
2.999936721061290112e-02
2.999936721061435829e-02
2.999936721061292541e-02
2.999936721061263745e-02
2.999936721061757100e-02
2.999936721061616587e-02
2.999936721061554831e-02
2.999936721061494810e-02
2.999936721061311970e-02
2.999936721061532280e-02
2.999936721061363665e-02
2.999936721061260275e-02
2.999936721061156886e-02
2.999936721061391767e-02
2.999936721061788325e-02
2.999936721061267908e-02
2.999936721061465666e-02
2.999936721061726569e-02
2.999936721061220030e-02
2.999936721061122885e-02
2.999936721061396624e-02
2.999936721061430972e-02
2.999936721061201989e-02
2.999936721061549627e-02
2.999936721061496198e-02
2.999936721061327929e-02
2.999936721061496198e-02
2.999936721061265479e-02
2.999936721061479544e-02
2.999936721061161049e-02
2.999936721061335909e-02
2.999936721061329317e-02
2.999936721061416400e-02
2.999936721061547545e-02
2.999936721061338338e-02
2.999936721061339379e-02
2.999936721061486483e-02
2.999936721061514933e-02
2.999936721060990005e-02
2.999936721061562117e-02
2.999936721061410849e-02
2.999936721061609302e-02
2.999936721061764733e-02
2.999936721061709222e-02
2.999936721061734549e-02
2.999936721061349787e-02
2.999936721061485789e-02
2.999936721061108313e-02
2.999936721061732120e-02
2.999936721061400788e-02
2.999936721061380318e-02
2.999936721061364012e-02
2.999936721061119763e-02
2.999936721061450401e-02
2.999936721061487177e-02
2.999936721061224887e-02
2.999936721061519790e-02
2.999936721061853898e-02
2.999936721061283521e-02
2.999936721061313705e-02
2.999936721060917841e-02
2.999936721061773753e-02
2.999936721061269296e-02
2.999936721061595424e-02
2.999936721061566974e-02
2.999936721061355338e-02
2.999936721061296011e-02
2.999936721061276235e-02
2.999936721061575648e-02
2.999936721061423686e-02
2.999936721061264785e-02
2.999936721061551015e-02
2.999936721061306072e-02
2.999936721061377543e-02
2.999936721061763345e-02
2.999936721061456993e-02
2.999936721061653364e-02
2.999936721061418482e-02
2.999936721061326889e-02
2.999936721061036496e-02
2.999936721061389339e-02
2.999936721061260969e-02
2.999936721061705752e-02
2.999936721061702977e-02
2.999936721061216560e-02
2.999936721061276582e-02
