2.999935703545953194e-02
2.999935703545864377e-02
2.999935703545384205e-02
2.999935703545551086e-02
2.999935703545397389e-02
2.999935703545841825e-02
2.999935703545989971e-02
2.999935703545684312e-02
2.999935703545631230e-02
2.999935703545575719e-02
2.999935703545482737e-02
2.999935703545926480e-02
2.999935703545521595e-02
2.999935703545788049e-02
2.999935703545852581e-02
2.999935703545617005e-02
2.999935703545490023e-02
2.999935703545230509e-02
2.999935703545606250e-02
2.999935703545460880e-02
2.999935703545652740e-02
2.999935703545851540e-02
2.999935703545609719e-02
2.999935703545593413e-02
2.999935703545957705e-02
2.999935703545608331e-02
2.999935703545600005e-02
2.999935703545797763e-02
2.999935703545772089e-02
2.999935703545418206e-02
2.999935703545528881e-02
2.999935703545558718e-02
2.999935703545865417e-02
2.999935703545397042e-02
2.999935703545364429e-02
2.999935703545573984e-02
2.999935703544939075e-02
2.999935703545886234e-02
2.999935703546020849e-02
2.999935703545355756e-02
2.999935703545632965e-02
2.999935703545639210e-02
2.999935703545699231e-02
2.999935703545641638e-02
2.999935703545368593e-02
2.999935703545578147e-02
2.999935703545626026e-02
2.999935703545328694e-02
2.999935703545925439e-02
2.999935703545439369e-02
2.999935703545267285e-02
2.999935703545823784e-02
2.999935703545736354e-02
2.999935703546017726e-02
2.999935703545511187e-02
2.999935703545629842e-02
2.999935703545705823e-02
2.999935703545703741e-02
2.999935703545764457e-02
2.999935703545433124e-02
2.999935703545487942e-02
2.999935703545365123e-02
2.999935703545746415e-02
2.999935703545265897e-02
2.999935703545306143e-02
2.999935703545599658e-02
2.999935703545588903e-02
2.999935703545575719e-02
2.999935703545515350e-02
2.999935703545396001e-02
2.999935703545504248e-02
2.999935703545761334e-02
2.999935703545270407e-02
2.999935703545479615e-02
2.999935703545359225e-02
2.999935703545334592e-02
2.999935703545699578e-02
2.999935703545768967e-02
2.999935703545619781e-02
2.999935703545525412e-02
2.999935703545877214e-02
2.999935703545225651e-02
2.999935703545761681e-02
2.999935703545602433e-02
2.999935703545733925e-02
2.999935703545836274e-02
2.999935703545481003e-02
2.999935703545497656e-02
2.999935703545589943e-02
2.999935703545550045e-02
2.999935703545661414e-02
2.999935703545801580e-02
2.999935703545500432e-02
2.999935703545617699e-02
2.999935703545616311e-02
2.999935703545248550e-02
2.999935703545715537e-02
2.999935703545635740e-02
2.999935703545707211e-02
2.999935703545407450e-02
2.999935703545518820e-02
2.999935703545521248e-02
2.999935703545562882e-02
2.999935703545669394e-02
2.999935703545467819e-02
2.999935703545537208e-02
2.999935703545541718e-02
2.999935703545723864e-02
2.999935703545626026e-02
2.999935703545655863e-02
2.999935703545722129e-02
2.999935703545677720e-02
2.999935703545558024e-02
2.999935703545601046e-02
2.999935703545524371e-02
2.999935703545675292e-02
2.999935703545662802e-02
2.999935703545478227e-02
2.999935703545483778e-02
2.999935703545495227e-02
2.999935703545753354e-02
2.999935703545503901e-02
2.999935703545648230e-02
2.999935703545737048e-02
2.999935703545540330e-02
2.999935703545687782e-02
2.999935703545881030e-02
2.999935703545662455e-02
2.999935703545683618e-02
2.999935703545535820e-02
2.999935703545397736e-02
2.999935703545486554e-02
2.999935703545604515e-02
2.999935703545542759e-02
2.999935703545590984e-02
2.999935703545645801e-02
2.999935703545622556e-02
2.999935703545573290e-02
2.999935703545682231e-02
2.999935703545490717e-02
2.999935703545583351e-02
2.999935703545756477e-02
2.999935703545724905e-02
2.999935703545700619e-02
2.999935703545562188e-02
2.999935703545515003e-02
2.999935703545730456e-02
2.999935703545416471e-02
2.999935703545514309e-02
2.999935703545509452e-02
2.999935703545681884e-02
2.999935703545521248e-02
2.999935703545705823e-02
2.999935703545667659e-02
2.999935703545514309e-02
2.999935703545518473e-02
2.999935703545529575e-02
2.999935703545558718e-02
2.999935703545611107e-02
2.999935703545593413e-02
2.999935703545543106e-02
2.999935703545580229e-02
2.999935703545455329e-02
2.999935703545501126e-02
2.999935703545555249e-02
2.999935703545715537e-02
2.999935703545644414e-02
2.999935703545545188e-02
2.999935703545693333e-02
2.999935703545570514e-02
2.999935703545605556e-02
2.999935703545721088e-02
2.999935703545614576e-02
2.999935703545446308e-02
2.999935703545620821e-02
2.999935703545607638e-02
2.999935703545703741e-02
2.999935703545416124e-02
2.999935703545719007e-02
2.999935703545631577e-02
2.999935703545637822e-02
2.999935703545556637e-02
2.999935703545544147e-02
2.999935703545654475e-02
2.999935703545658638e-02
2.999935703545546922e-02
2.999935703545553861e-02
2.999935703545723864e-02
2.999935703545619087e-02
2.999935703545388715e-02
2.999935703545563229e-02
2.999935703545553167e-02
2.999935703545467125e-02
2.999935703545567739e-02
2.999935703545454635e-02
2.999935703545444227e-02
2.999935703545528881e-02
2.999935703545667659e-02
2.999935703545393573e-02
2.999935703545466431e-02
2.999935703545704435e-02
2.999935703545553167e-02
2.999935703545525759e-02
2.999935703545612842e-02
2.999935703545546228e-02
2.999935703545412308e-02
2.999935703545658638e-02
2.999935703545476839e-02
2.999935703545639556e-02
2.999935703545638516e-02
2.999935703545748150e-02
2.999935703545636434e-02
2.999935703545526799e-02
2.999935703545583005e-02
2.999935703545416471e-02
2.999935703545674945e-02
2.999935703545535126e-02
2.999935703545608331e-02
2.999935703545600699e-02
2.999935703545655863e-02
2.999935703545551779e-02
2.999935703545571208e-02
2.999935703545537902e-02
2.999935703545646148e-02
2.999935703545543800e-02
2.999935703545488636e-02
2.999935703545502513e-02
2.999935703545541371e-02
2.999935703545600005e-02
2.999935703545390103e-02
2.999935703545497309e-02
2.999935703545452206e-02
2.999935703545541718e-02
2.999935703545618393e-02
2.999935703545580923e-02
2.999935703545372062e-02
2.999935703545489329e-02
2.999935703545564269e-02
2.999935703545580923e-02
2.999935703545537208e-02
2.999935703545572596e-02
2.999935703545643720e-02
2.999935703545605209e-02
2.999935703545566698e-02
2.999935703545583698e-02
2.999935703545543453e-02
2.999935703545578841e-02
2.999935703545639903e-02
2.999935703545446308e-02
2.999935703545532004e-02
2.999935703545562535e-02
2.999935703545665577e-02
2.999935703545494534e-02
2.999935703545573290e-02
2.999935703545536514e-02
2.999935703545600352e-02
2.999935703545514656e-02
2.999935703545481350e-02
2.999935703545698537e-02
2.999935703545599658e-02
2.999935703545668353e-02
2.999935703545531657e-02
2.999935703545486554e-02
2.999935703545508064e-02
2.999935703545555943e-02
2.999935703545713803e-02
2.999935703545549004e-02
2.999935703545411614e-02
2.999935703545481697e-02
2.999935703545628454e-02
2.999935703545435900e-02
2.999935703545641985e-02
2.999935703545532351e-02
2.999935703545559759e-02
2.999935703545488289e-02
2.999935703545512228e-02
2.999935703545424104e-02
2.999935703545411961e-02
2.999935703545491758e-02
2.999935703545570861e-02
2.999935703545530269e-02
2.999935703545466431e-02
2.999935703545479615e-02
2.999935703545481697e-02
2.999935703545425492e-02
2.999935703545406410e-02
2.999935703545552473e-02
2.999935703545446308e-02
2.999935703545552473e-02
2.999935703545453247e-02
2.999935703545456717e-02
2.999935703545531657e-02
2.999935703545516738e-02
2.999935703545546228e-02
2.999935703545547963e-02
2.999935703545387328e-02
2.999935703545496962e-02
2.999935703545481003e-02
2.999935703545607985e-02
2.999935703545585780e-02
2.999935703545614230e-02
2.999935703545449431e-02
2.999935703545367205e-02
2.999935703545513616e-02
2.999935703545568086e-02
2.999935703545540330e-02
2.999935703545494534e-02
2.999935703545426879e-02
2.999935703545501819e-02
2.999935703545494187e-02
2.999935703545544841e-02
2.999935703545483778e-02
2.999935703545640597e-02
2.999935703545487248e-02
2.999935703545488982e-02
2.999935703545405369e-02
2.999935703545428614e-02
2.999935703545549351e-02
2.999935703545487942e-02
2.999935703545478574e-02
2.999935703545522983e-02
2.999935703545550045e-02
2.999935703545554902e-02
2.999935703545485860e-02
2.999935703545446655e-02
2.999935703545552473e-02
2.999935703545580923e-02
2.999935703545464696e-02
2.999935703545476839e-02
2.999935703545506330e-02
2.999935703545473717e-02
2.999935703545533044e-02
2.999935703545551779e-02
2.999935703545526799e-02
2.999935703545510146e-02
2.999935703545553514e-02
2.999935703545567392e-02
2.999935703545477533e-02
2.999935703545513963e-02
2.999935703545478227e-02
2.999935703545483084e-02
2.999935703545471288e-02
2.999935703545623944e-02
2.999935703545547269e-02
2.999935703545444227e-02
2.999935703545449778e-02
2.999935703545466778e-02
2.999935703545562188e-02
2.999935703545496962e-02
2.999935703545526106e-02
2.999935703545537208e-02
2.999935703545490370e-02
2.999935703545427920e-02
2.999935703545497309e-02
2.999935703545493146e-02
2.999935703545607291e-02
2.999935703545465737e-02
2.999935703545562882e-02
2.999935703545485166e-02
2.999935703545494534e-02
2.999935703545432431e-02
2.999935703545554555e-02
2.999935703545450125e-02
2.999935703545521942e-02
2.999935703545509452e-02
2.999935703545558024e-02
2.999935703545443186e-02
2.999935703545492799e-02
2.999935703545448737e-02
2.999935703545508064e-02
2.999935703545507718e-02
2.999935703545455676e-02
2.999935703545413002e-02
2.999935703545511881e-02
2.999935703545449778e-02
2.999935703545510840e-02
2.999935703545449084e-02
2.999935703545512922e-02
2.999935703545468513e-02
2.999935703545489329e-02
2.999935703545532004e-02
2.999935703545444921e-02
2.999935703545488982e-02
2.999935703545527840e-02
2.999935703545438329e-02
2.999935703545466084e-02
2.999935703545493493e-02
2.999935703545539983e-02
2.999935703545423063e-02
2.999935703545473370e-02
2.999935703545532351e-02
2.999935703545482044e-02
2.999935703545491411e-02
2.999935703545490717e-02
2.999935703545485860e-02
2.999935703545510146e-02
2.999935703545496962e-02
2.999935703545542065e-02
2.999935703545454982e-02
2.999935703545528187e-02
2.999935703545483431e-02
2.999935703545483778e-02
2.999935703545531657e-02
2.999935703545513269e-02
2.999935703545483431e-02
2.999935703545539983e-02
2.999935703545506330e-02
2.999935703545482391e-02
2.999935703545464349e-02
2.999935703545496268e-02
2.999935703545505289e-02
2.999935703545483778e-02
2.999935703545507371e-02
2.999935703545495574e-02
2.999935703545492799e-02
2.999935703545492452e-02
2.999935703545516044e-02
2.999935703545524718e-02
2.999935703545496962e-02
2.999935703545478921e-02
2.999935703545488636e-02
2.999935703545500779e-02
2.999935703545471635e-02
2.999935703545475452e-02
2.999935703545520554e-02
2.999935703545468513e-02
2.999935703545514309e-02
2.999935703545508758e-02
2.999935703545487248e-02
2.999935703545518473e-02
2.999935703545471982e-02
2.999935703545491758e-02
2.999935703545483084e-02
2.999935703545476146e-02
2.999935703545493146e-02
2.999935703545479615e-02
2.999935703545501126e-02
2.999935703545500432e-02
2.999935703545486554e-02
2.999935703545524718e-02
2.999935703545500085e-02
2.999935703545485860e-02
2.999935703545500779e-02
2.999935703545529575e-02
2.999935703545514309e-02
2.999935703545500085e-02
2.999935703545513616e-02
2.999935703545509452e-02
2.999935703545500085e-02
2.999935703545502513e-02
2.999935703545515697e-02
2.999935703545508064e-02
2.999935703545511534e-02
2.999935703545518126e-02
2.999935703545514309e-02
2.999935703545503554e-02
2.999935703545510146e-02
2.999935703545519861e-02
2.999935703545513616e-02
2.999935703545519514e-02
2.999935703545509799e-02
2.999935703545508758e-02
2.999935703545502513e-02
2.999935703545522289e-02
2.999935703545509452e-02
2.999935703545513269e-02
2.999935703545514309e-02
2.999935703545513616e-02
2.999935703545517432e-02
2.999935703545514309e-02
2.999935703545518126e-02
2.999935703545513616e-02
2.999935703545512575e-02
2.999935703545517085e-02
2.999935703545520554e-02
2.999935703545525412e-02
2.999935703545517779e-02
2.999935703545519861e-02
2.999935703545519861e-02
2.999935703545521248e-02
2.999935703545521942e-02
2.999935703545522983e-02
2.999935703545522289e-02
2.999935703545521595e-02
2.999935703545521248e-02
2.999935703545522983e-02
2.999935703545520554e-02
2.999935703545522289e-02
2.999935703545524024e-02
2.999935703545524024e-02
2.999935703545524024e-02
2.999935703545524024e-02
2.999935703545523677e-02
2.999935703545524718e-02
2.999935703545525412e-02
2.999935703545525412e-02
2.999935703545526453e-02
2.999935703545526799e-02
2.999935703545528534e-02
2.999935703545528881e-02
2.999935703545529922e-02
2.999935703545531310e-02
2.999935703545531310e-02
2.999935703545532351e-02
2.999935703545533391e-02
2.999935703545533044e-02
2.999935703545535473e-02
2.999935703545535820e-02
2.999935703545536514e-02
2.999935703545536514e-02
2.999935703545537555e-02
2.999935703545539289e-02
2.999935703545541024e-02
2.999935703545541371e-02
2.999935703545540677e-02
2.999935703545541718e-02
2.999935703545541024e-02
2.999935703545542412e-02
2.999935703545543453e-02
2.999935703545545534e-02
2.999935703545544147e-02
2.999935703545540677e-02
2.999935703545547616e-02
2.999935703545545188e-02
2.999935703545546922e-02
2.999935703545545188e-02
2.999935703545547616e-02
2.999935703545549004e-02
2.999935703545544494e-02
2.999935703545548310e-02
2.999935703545549004e-02
2.999935703545547963e-02
2.999935703545551779e-02
2.999935703545551086e-02
2.999935703545549004e-02
2.999935703545554902e-02
2.999935703545555249e-02
2.999935703545555943e-02
2.999935703545548657e-02
2.999935703545560800e-02
2.999935703545549004e-02
2.999935703545547963e-02
2.999935703545549004e-02
2.999935703545553861e-02
2.999935703545551086e-02
2.999935703545569474e-02
2.999935703545558718e-02
2.999935703545554902e-02
2.999935703545552473e-02
2.999935703545575719e-02
2.999935703545553167e-02
2.999935703545564963e-02
2.999935703545555943e-02
2.999935703545556637e-02
2.999935703545567045e-02
2.999935703545562882e-02
2.999935703545576759e-02
2.999935703545568086e-02
2.999935703545570514e-02
2.999935703545545188e-02
2.999935703545559065e-02
2.999935703545577106e-02
2.999935703545567392e-02
2.999935703545558371e-02
2.999935703545557678e-02
2.999935703545569127e-02
2.999935703545578841e-02
2.999935703545577106e-02
2.999935703545572596e-02
2.999935703545563576e-02
2.999935703545606944e-02
2.999935703545568433e-02
2.999935703545571555e-02
2.999935703545559759e-02
2.999935703545602780e-02
2.999935703545583698e-02
2.999935703545592719e-02
2.999935703545591678e-02
2.999935703545575025e-02
2.999935703545568433e-02
2.999935703545547963e-02
2.999935703545586474e-02
2.999935703545617352e-02
2.999935703545586127e-02
2.999935703545601740e-02
2.999935703545584392e-02
2.999935703545557331e-02
2.999935703545598964e-02
2.999935703545574331e-02
2.999935703545582311e-02
2.999935703545597576e-02
2.999935703545621862e-02
2.999935703545600352e-02
2.999935703545593760e-02
2.999935703545585780e-02
2.999935703545550045e-02
2.999935703545622556e-02
2.999935703545572596e-02
2.999935703545564963e-02
2.999935703545572596e-02
2.999935703545634699e-02
2.999935703545598964e-02
2.999935703545590637e-02
2.999935703545595495e-02
2.999935703545579535e-02
2.999935703545594107e-02
2.999935703545634352e-02
2.999935703545587862e-02
2.999935703545608678e-02
2.999935703545596882e-02
2.999935703545588209e-02
2.999935703545630189e-02
2.999935703545630189e-02
2.999935703545591331e-02
2.999935703545578147e-02
2.999935703545581270e-02
2.999935703545630883e-02
2.999935703545617699e-02
2.999935703545647536e-02
2.999935703545592719e-02
2.999935703545637822e-02
2.999935703545606944e-02
2.999935703545613536e-02
2.999935703545671822e-02
2.999935703545580229e-02
2.999935703545626373e-02
2.999935703545627066e-02
2.999935703545555249e-02
2.999935703545618393e-02
2.999935703545640944e-02
2.999935703545494534e-02
2.999935703545579535e-02
2.999935703545610066e-02
2.999935703545563923e-02
2.999935703545593413e-02
2.999935703545573637e-02
2.999935703545636434e-02
2.999935703545580923e-02
2.999935703545574331e-02
2.999935703545547616e-02
2.999935703545677373e-02
2.999935703545681537e-02
2.999935703545602780e-02
2.999935703545655169e-02
2.999935703545731497e-02
2.999935703545552126e-02
2.999935703545537555e-02
2.999935703545543800e-02
2.999935703545645108e-02
2.999935703545589596e-02
2.999935703545669394e-02
2.999935703545616658e-02
2.999935703545677373e-02
2.999935703545670435e-02
2.999935703545563229e-02
2.999935703545681190e-02
2.999935703545624638e-02
2.999935703545645455e-02
2.999935703545639903e-02
2.999935703545648577e-02
2.999935703545599311e-02
2.999935703545737048e-02
2.999935703545655863e-02
2.999935703545620475e-02
2.999935703545723170e-02
2.999935703545689863e-02
2.999935703545635393e-02
2.999935703545737395e-02
2.999935703545601393e-02
2.999935703545640597e-02
2.999935703545698537e-02
2.999935703545702353e-02
2.999935703545727333e-02
2.999935703545692986e-02
2.999935703545733232e-02
2.999935703545641291e-02
2.999935703545647536e-02
2.999935703545734966e-02
2.999935703545699231e-02
2.999935703545749538e-02
2.999935703545617005e-02
2.999935703545652393e-02
2.999935703545638516e-02
2.999935703545537208e-02
2.999935703545561147e-02
2.999935703545686394e-02
2.999935703545606250e-02
2.999935703545698190e-02
2.999935703545594454e-02
2.999935703545695762e-02
2.999935703545685006e-02
2.999935703545588556e-02
2.999935703545626026e-02
2.999935703545686394e-02
2.999935703545715190e-02
2.999935703545745722e-02
2.999935703545541371e-02
2.999935703545615270e-02
2.999935703545651353e-02
2.999935703545606944e-02
2.999935703545675986e-02
2.999935703545558024e-02
2.999935703545642679e-02
2.999935703545723170e-02
2.999935703545777640e-02
2.999935703545633658e-02
2.999935703545655863e-02
2.999935703545614923e-02
2.999935703545723864e-02
2.999935703545568433e-02
2.999935703545526799e-02
2.999935703545809906e-02
2.999935703545654822e-02
2.999935703545633311e-02
2.999935703545709292e-02
2.999935703545582311e-02
2.999935703545607638e-02
2.999935703545662108e-02
2.999935703545654822e-02
2.999935703545739824e-02
2.999935703545688476e-02
2.999935703545746069e-02
2.999935703545713109e-02
2.999935703545722476e-02
2.999935703545675986e-02
2.999935703545633658e-02
2.999935703545670435e-02
2.999935703545578841e-02
2.999935703545625332e-02
2.999935703545673904e-02
2.999935703545804355e-02
2.999935703545591678e-02
2.999935703545705476e-02
2.999935703545648230e-02
2.999935703545633658e-02
2.999935703545557678e-02
2.999935703545745375e-02
2.999935703545720395e-02
2.999935703545738436e-02
2.999935703545621168e-02
2.999935703545692639e-02
2.999935703545828988e-02
2.999935703545701313e-02
2.999935703545787008e-02
2.999935703545648230e-02
2.999935703545644067e-02
2.999935703545736354e-02
2.999935703545632618e-02
2.999935703545707211e-02
2.999935703545841131e-02
2.999935703545647536e-02
2.999935703545696108e-02
2.999935703545631577e-02
2.999935703545685353e-02
2.999935703545676333e-02
2.999935703545756130e-02
2.999935703545757171e-02
2.999935703545729762e-02
2.999935703545650312e-02
2.999935703545698190e-02
2.999935703545776600e-02
2.999935703545793600e-02
2.999935703545671822e-02
2.999935703545869928e-02
2.999935703545768273e-02
2.999935703545767579e-02
2.999935703545706517e-02
2.999935703545714843e-02
2.999935703545637128e-02
2.999935703545645801e-02
2.999935703545547616e-02
2.999935703545768967e-02
2.999935703545819968e-02
2.999935703545791171e-02
2.999935703545676680e-02
2.999935703545711374e-02
2.999935703545630883e-02
2.999935703545704435e-02
2.999935703545904275e-02
2.999935703545868193e-02
2.999935703545779375e-02
2.999935703545840437e-02
2.999935703545735660e-02
2.999935703545758559e-02
2.999935703545838703e-02
2.999935703545803661e-02
2.999935703545855009e-02
2.999935703545743987e-02
2.999935703545622556e-02
2.999935703545714843e-02
2.999935703545833499e-02
2.999935703545784232e-02
2.999935703545758559e-02
2.999935703545844601e-02
2.999935703545851540e-02
2.999935703545862989e-02
2.999935703545733579e-02
2.999935703545626026e-02
2.999935703545809212e-02
2.999935703545873397e-02
2.999935703545789784e-02
2.999935703545621862e-02
2.999935703545740517e-02
2.999935703545787702e-02
2.999935703545791171e-02
2.999935703545847376e-02
2.999935703545755783e-02
2.999935703545693333e-02
2.999935703545839050e-02
2.999935703545689170e-02
2.999935703545683618e-02
2.999935703545843907e-02
2.999935703545896989e-02
2.999935703545768967e-02
2.999935703545609372e-02
2.999935703545714150e-02
2.999935703545796029e-02
2.999935703545823090e-02
2.999935703545729415e-02
2.999935703545931337e-02
2.999935703545785620e-02
2.999935703545709986e-02
2.999935703545749538e-02
2.999935703545785967e-02
2.999935703545802967e-02
2.999935703545742599e-02
2.999935703545901153e-02
2.999935703545855703e-02
2.999935703545897683e-02
2.999935703545890398e-02
2.999935703545616311e-02
2.999935703545730803e-02
2.999935703545909826e-02
2.999935703545744681e-02
2.999935703545764804e-02
2.999935703545819621e-02
2.999935703545861254e-02
2.999935703545818233e-02
2.999935703545929255e-02
2.999935703545862295e-02
2.999935703545862642e-02
2.999935703545682231e-02
2.999935703545746762e-02
2.999935703545933419e-02
2.999935703545842519e-02
2.999935703545873050e-02
2.999935703545594454e-02
2.999935703545698190e-02
2.999935703546029869e-02
2.999935703545949378e-02
2.999935703545826560e-02
2.999935703545658638e-02
2.999935703545852234e-02
2.999935703545959786e-02
2.999935703545801580e-02
2.999935703545878601e-02
2.999935703545709986e-02
2.999935703545818927e-02
2.999935703545886581e-02
2.999935703545920235e-02
2.999935703545773824e-02
2.999935703545948684e-02
2.999935703545755089e-02
2.999935703545817886e-02
2.999935703546074972e-02
2.999935703545836621e-02
2.999935703546069421e-02
2.999935703545764457e-02
2.999935703545848070e-02
2.999935703545768273e-02
2.999935703545717966e-02
2.999935703545703047e-02
2.999935703545758559e-02
2.999935703546047217e-02
2.999935703545956317e-02
2.999935703545824478e-02
2.999935703545821356e-02
2.999935703545975052e-02
2.999935703545864724e-02
2.999935703545857438e-02
2.999935703545823090e-02
2.999935703545958052e-02
2.999935703545688476e-02
2.999935703545678067e-02
2.999935703545882765e-02
2.999935703546046523e-02
2.999935703546094401e-02
2.999935703545815457e-02
2.999935703545938970e-02
2.999935703545896989e-02
2.999935703545952848e-02
2.999935703545886581e-02
2.999935703545818927e-02
2.999935703545865071e-02
2.999935703546034726e-02
2.999935703545994481e-02
2.999935703545814070e-02
2.999935703545779028e-02
2.999935703545807825e-02
2.999935703545799498e-02
2.999935703545800192e-02
2.999935703545881724e-02
2.999935703545945562e-02
2.999935703545849111e-02
2.999935703545868193e-02
2.999935703545831417e-02
2.999935703545732538e-02
2.999935703546060400e-02
2.999935703545859172e-02
2.999935703545936194e-02
2.999935703545739824e-02
2.999935703546025359e-02
2.999935703545698884e-02
2.999935703545877214e-02
2.999935703546124238e-02
2.999935703546210627e-02
2.999935703546348711e-02
2.999935703545873397e-02
2.999935703545876520e-02
2.999935703545885887e-02
2.999935703545988236e-02
2.999935703545806784e-02
2.999935703545755089e-02
2.999935703545594107e-02
2.999935703546388610e-02
2.999935703545853621e-02
2.999935703545872356e-02
2.999935703545939317e-02
2.999935703546056931e-02
2.999935703545755089e-02
2.999935703546056931e-02
2.999935703546070809e-02
2.999935703545828641e-02
2.999935703546053808e-02
2.999935703545666965e-02
2.999935703545909826e-02
2.999935703546036808e-02
2.999935703546282445e-02
2.999935703545851540e-02
2.999935703545860213e-02
2.999935703545410920e-02
2.999935703545747456e-02
2.999935703545824131e-02
2.999935703546079135e-02
2.999935703545851193e-02
2.999935703545689170e-02
2.999935703546206464e-02
2.999935703546088503e-02
2.999935703545817539e-02
2.999935703545590637e-02
2.999935703546182525e-02
2.999935703545912602e-02
2.999935703545965338e-02
2.999935703546143667e-02
2.999935703546045829e-02
2.999935703545982685e-02
2.999935703545984766e-02
2.999935703545779722e-02
2.999935703545999338e-02
2.999935703545810947e-02
2.999935703546149218e-02
2.999935703545879642e-02
2.999935703545657251e-02
2.999935703545943480e-02
2.999935703546224505e-02
2.999935703545903234e-02
2.999935703545997256e-02
2.999935703546195362e-02
2.999935703546286261e-02
2.999935703546079135e-02
2.999935703546083646e-02
2.999935703545783885e-02
2.999935703545911214e-02
2.999935703546229362e-02
2.999935703546000726e-02
2.999935703545906010e-02
2.999935703546075319e-02
2.999935703545643373e-02
2.999935703545813029e-02
2.999935703545870622e-02
2.999935703546177321e-02
2.999935703545613536e-02
2.999935703545975746e-02
2.999935703545664537e-02
2.999935703545761681e-02
2.999935703545855356e-02
2.999935703546064217e-02
2.999935703545474064e-02
2.999935703545870969e-02
2.999935703545634352e-02
2.999935703546031604e-02
2.999935703545963950e-02
2.999935703546040278e-02
2.999935703546029522e-02
2.999935703545871662e-02
2.999935703545960480e-02
2.999935703545882071e-02
2.999935703546134300e-02
