4.170952086827935390e-01
4.170952086779635692e-01
4.170952086736869346e-01
4.170952086672415904e-01
4.170952086630986821e-01
4.170952086608058496e-01
4.170952086626318889e-01
4.170952086703408890e-01
4.170952086839904149e-01
4.170952087075593395e-01
4.170952087385743634e-01
4.170952087831185096e-01
4.170952088365855182e-01
4.170952089069602797e-01
4.170952089871496904e-01
4.170952090869521900e-01
4.170952091972806586e-01
4.170952093295833829e-01
4.170952094724304504e-01
4.170952096387223751e-01
4.170952098151253784e-01
4.170952100154153297e-01
4.170952102250531923e-01
4.170952104583985909e-01
4.170952106994486042e-01
4.170952109635218674e-01
4.170952112329158745e-01
4.170952115235765922e-01
4.170952118166668665e-01
4.170952121282466285e-01
4.170952124393481619e-01
4.170952127655575548e-01
4.170952130876558472e-01
4.170952134205686002e-01
4.170952137453005637e-01
4.170952140761458593e-01
4.170952143942953105e-01
4.170952147133744070e-01
4.170952150144834891e-01
4.170952153109998561e-01
4.170952155854921739e-01
4.170952158487760131e-01
4.170952160858051316e-01
4.170952163055383077e-01
4.170952164936452267e-01
4.170952166581174403e-01
4.170952167869563798e-01
4.170952168865169063e-01
4.170952169459932191e-01
4.170952169707528023e-01
4.170952169523773900e-01
4.170952168932594017e-01
4.170952167884581785e-01
4.170952166377541737e-01
4.170952164397122020e-01
4.170952161934811109e-01
4.170952158973403878e-01
4.170952155492534952e-01
4.170952151503156680e-01
4.170952146986960374e-01
4.170952141951199121e-01
4.170952136388828557e-01
4.170952130320985107e-01
4.170952123738945749e-01
4.170952116693650846e-01
4.170952109109669625e-01
4.170952101091641717e-01
4.170952092600788141e-01
4.170952083699753232e-01
4.170952074362180295e-01
4.170952064689223970e-01
4.170952054631153483e-01
4.170952044308551265e-01
4.170952033660477731e-01
4.170952022819175431e-01
4.170952011738220944e-01
4.170952000541115479e-01
4.170951989197635990e-01
4.170951977818619927e-01
4.170951966397610788e-01
4.170951955034335468e-01
4.170951943718755883e-01
4.170951932547987684e-01
4.170951921593480938e-01
4.170951910916847472e-01
4.170951900517631539e-01
4.170951890453277189e-01
4.170951880836873404e-01
4.170951871664791422e-01
4.170951862988819259e-01
4.170951854904028644e-01
4.170951847446153216e-01
4.170951840654681941e-01
4.170951834584641360e-01
4.170951829201883787e-01
4.170951824700944166e-01
4.170951820971685597e-01
4.170951818187025317e-01
4.170951816255032418e-01
4.170951815337879953e-01
4.170951815322068157e-01
4.170951816396729073e-01
4.170951818350689400e-01
4.170951821457579145e-01
4.170951825461612361e-01
4.170951830680489358e-01
4.170951836740748320e-01
4.170951843988036645e-01
4.170951852126794090e-01
4.170951861478080502e-01
4.170951871621653706e-01
4.170951882935238775e-01
4.170951895028906509e-01
4.170951908253859308e-01
4.170951922119940369e-01
4.170951937041837976e-01
4.170951952515745687e-01
4.170951969020650352e-01
4.170951985999090672e-01
4.170952003833592880e-01
4.170952022028074913e-01
4.170952040942860761e-01
4.170952060054131660e-01
4.170952079819199576e-01
4.170952099650227507e-01
4.170952119962658688e-01
4.170952140147201059e-01
4.170952160688417565e-01
4.170952180986373103e-01
4.170952201417614247e-01
4.170952221471980192e-01
4.170952241504994329e-01
4.170952260962600411e-01
4.170952280319215610e-01
4.170952298965180938e-01
4.170952317295032463e-01
4.170952334720374188e-01
4.170952351713910766e-01
4.170952367656905468e-01
4.170952383055112067e-01
4.170952397164810477e-01
4.170952410677518096e-01
4.170952422820985439e-01
4.170952434189844626e-01
4.170952444171429629e-01
4.170952453270843074e-01
4.170952460849210452e-01
4.170952467477817560e-01
4.170952472522525545e-01
4.170952476595985448e-01
4.170952478979041977e-01
4.170952480423680275e-01
4.170952480207074098e-01
4.170952478997441704e-01
4.170952476207303583e-01
4.170952472376954767e-01
4.170952467020044852e-01
4.170952460687368246e-01
4.170952452747282990e-01
4.170952444032831052e-01
4.170952433805021342e-01
4.170952422874041887e-01
4.170952410653578357e-01
4.170952397759654651e-01
4.170952383770789029e-01
4.170952369294819717e-01
4.170952353815744473e-01
4.170952338070771925e-01
4.170952321365525295e-01
4.170952304470649241e-01
4.170952287019064619e-01
4.170952269737998042e-01
4.170952251754158069e-01
4.170952234273792580e-01
4.170952216603189266e-01
4.170952199453898945e-01
4.170952182192571023e-01
4.170952165884165286e-01
4.170952149767573336e-01
4.170952134634904884e-01
4.170952119926111257e-01
4.170952106475219745e-01
4.170952093492089063e-01
4.170952082180980347e-01
4.170952071611559453e-01
4.170952062847927966e-01
4.170952055069419018e-01
4.170952049402750772e-01
4.170952044675697579e-01
4.170952042189362552e-01
4.170952040944052031e-01
4.170952042027507023e-01
4.170952044638705503e-01
4.170952049525573635e-01
4.170952056021144383e-01
4.170952065332966807e-01
4.170952075847597085e-01
4.170952089206686475e-01
4.170952103893362795e-01
4.170952121490236753e-01
4.170952140616052684e-01
4.170952162633960736e-01
4.170952185838299742e-01
4.170952211963659950e-01
4.170952239610958845e-01
4.170952269827508663e-01
4.170952301202701662e-01
4.170952335221093654e-01
4.170952370371140971e-01
4.170952408251016319e-01
4.170952446944643510e-01
4.170952488051853924e-01
4.170952529870254333e-01
4.170952573920389539e-01
4.170952618389156541e-01
4.170952665042003682e-01
4.170952711784155498e-01
4.170952760240329571e-01
4.170952808868836903e-01
4.170952859356725773e-01
4.170952909476837167e-01
4.170952960911468166e-01
4.170953011677286382e-01
4.170953063854778153e-01
4.170953114985591625e-01
4.170953167005901907e-01
4.170953218185630140e-01
4.170953269895470994e-01
4.170953319965087780e-01
4.170953370587517361e-01
4.170953419677879137e-01
4.170953468922592999e-01
4.170953516318157694e-01
4.170953563835568811e-01
4.170953609438970977e-01
4.170953654566417201e-01
4.170953697594965703e-01
4.170953740147904099e-01
4.170953780212509621e-01
4.170953820312666149e-01
4.170953857750586136e-01
4.170953894611160173e-01
4.170953928308198666e-01
4.170953962067439624e-01
4.170953992401685295e-01
4.170954022944639572e-01
4.170954050446780137e-01
4.170954077311975761e-01
4.170954101512971968e-01
4.170954125218729880e-01
4.170954146427161002e-01
4.170954167075757724e-01
4.170954184804826492e-01
4.170954202957243284e-01
4.170954218515685041e-01
4.170954233920185494e-01
4.170954247047819474e-01
4.170954260810498804e-01
4.170954272366243498e-01
4.170954283995483292e-01
4.170954293562623705e-01
4.170954304705598581e-01
4.170954314035329458e-01
4.170954324380606870e-01
4.170954332976101742e-01
4.170954343295366629e-01
4.170954352849256530e-01
4.170954363938129128e-01
4.170954374540364884e-01
4.170954386974766170e-01
4.170954399010536329e-01
4.170954413658374271e-01
4.170954428081269927e-01
4.170954445621992690e-01
4.170954462824375542e-01
4.170954483872322260e-01
4.170954505095990639e-01
4.170954530053904152e-01
4.170954555783598083e-01
4.170954585349019306e-01
4.170954615735010251e-01
4.170954650747003001e-01
4.170954686794231536e-01
4.170954727598070733e-01
4.170954769095182035e-01
4.170954815777261349e-01
4.170954864048643795e-01
4.170954917115284877e-01
4.170954971839101466e-01
4.170955031703975635e-01
4.170955092989191426e-01
4.170955159676609236e-01
4.170955228061123954e-01
4.170955301619045930e-01
4.170955376750297150e-01
4.170955457041971015e-01
4.170955538800862894e-01
4.170955625492704377e-01
4.170955713593783587e-01
4.170955807128430282e-01
4.170955901460247639e-01
4.170956000695743571e-01
4.170956100311751236e-01
4.170956204808490830e-01
4.170956310301375813e-01
4.170956420112550411e-01
4.170956530362029402e-01
4.170956644100204946e-01
4.170956757840683649e-01
4.170956875972184341e-01
4.170956993303774341e-01
4.170957114303298630e-01
4.170957233776363404e-01
4.170957356229601509e-01
4.170957477753423071e-01
4.170957601742438237e-01
4.170957723968612973e-01
4.170957848050866890e-01
4.170957970159509531e-01
4.170958093996671723e-01
4.170958214574424505e-01
4.170958337125473814e-01
4.170958455618680172e-01
4.170958576298195997e-01
4.170958693086047053e-01
4.170958810792246840e-01
4.170958924543756718e-01
4.170959038712924172e-01
4.170959148342449074e-01
4.170959258563505245e-01
4.170959363161740319e-01
4.170959467958963440e-01
4.170959567958386627e-01
4.170959667620804945e-01
4.170959762485398903e-01
4.170959857273903726e-01
4.170959946113787509e-01
4.170960035090054974e-01
4.170960117662295130e-01
4.170960199840975102e-01
4.170960276415880408e-01
4.170960353181150659e-01
4.170960423759225710e-01
4.170960495018444791e-01
4.170960560036520715e-01
4.170960625670976918e-01
4.170960685435942672e-01
4.170960744929289588e-01
4.170960799662551399e-01
4.170960855193540651e-01
4.170960905533198648e-01
4.170960957445191686e-01
4.170961003753406171e-01
4.170961051772852923e-01
4.170961095461543922e-01
4.170961140806889178e-01
4.170961182086229679e-01
4.170961225727174981e-01
4.170961265953031516e-01
4.170961308189228833e-01
4.170961347853453516e-01
4.170961390512075706e-01
4.170961430357194577e-01
4.170961474770518151e-01
4.170961516600379948e-01
4.170961562661255617e-01
4.170961606637204611e-01
4.170961655935394030e-01
4.170961703524215247e-01
4.170961756019805899e-01
4.170961807082454453e-01
4.170961864696108856e-01
4.170961922160091317e-01
4.170961985918559822e-01
4.170962049131146099e-01
4.170962119476395169e-01
4.170962189630161299e-01
4.170962266310216937e-01
4.170962344279669498e-01
4.170962429042663899e-01
4.170962514598656745e-01
4.170962607607223149e-01
4.170962702816891632e-01
4.170962804935854362e-01
4.170962907550588294e-01
4.170963018652775744e-01
4.170963130920650186e-01
4.170963251575475761e-01
4.170963373372890137e-01
4.170963503164037967e-01
4.170963633750511823e-01
4.170963771784829133e-01
4.170963909438896167e-01
4.170964056300943135e-01
4.170964202997928250e-01
4.170964357511769971e-01
4.170964511347191594e-01
4.170964673335316730e-01
4.170964835235329016e-01
4.170965003722655329e-01
4.170965171808272420e-01
4.170965346348185498e-01
4.170965520002862248e-01
4.170965699930154202e-01
4.170965877866389948e-01
4.170966061804830538e-01
4.170966243021278497e-01
4.170966430439681516e-01
4.170966614783455650e-01
4.170966803862840577e-01
4.170966989711385464e-01
4.170967180882525494e-01
4.170967366700438217e-01
4.170967557651537594e-01
4.170967743837459274e-01
4.170967934124426013e-01
4.170968118010056624e-01
4.170968305942889254e-01
4.170968488329892532e-01
4.170968672684668976e-01
4.170968850655499272e-01
4.170969031803637428e-01
4.170969206708035060e-01
4.170969383039641598e-01
4.170969553136362751e-01
4.170969723085953262e-01
4.170969886379961022e-01
4.170970051245960764e-01
4.170970208926786382e-01
4.170970367264792422e-01
4.170970519151936950e-01
4.170970671074132330e-01
4.170970815365193651e-01
4.170970960835373997e-01
4.170971098163885893e-01
4.170971236466970433e-01
4.170971367573024779e-01
4.170971499465445098e-01
4.170971623754720636e-01
4.170971748150014702e-01
4.170971864447803878e-01
4.170971982879896900e-01
4.170972094656152929e-01
4.170972208052639574e-01
4.170972314605798092e-01
4.170972423026096942e-01
4.170972523906099627e-01
4.170972627834072521e-01
4.170972726090448890e-01
4.170972827110373538e-01
4.170972922711345121e-01
4.170973021606060871e-01
4.170973115034511403e-01
4.170973212713980915e-01
4.170973304911693713e-01
4.170973402117647000e-01
4.170973497210915260e-01
4.170973595739962958e-01
4.170973692541019573e-01
4.170973792411811210e-01
4.170973891570731729e-01
4.170973996599774414e-01
4.170974097511645495e-01
4.170974206368475157e-01
4.170974313980780890e-01
4.170974430100665153e-01
4.170974543057439643e-01
4.170974664455928682e-01
4.170974782239941225e-01
4.170974910680518288e-01
4.170975038097259890e-01
4.170975174086778425e-01
4.170975308696512895e-01
4.170975452947259798e-01
4.170975597442216354e-01
4.170975751957551325e-01
4.170975905489353597e-01
4.170976069913364670e-01
4.170976234657622905e-01
4.170976409196433532e-01
4.170976583046591690e-01
4.170976767351532444e-01
4.170976952388906756e-01
4.170977147074635405e-01
4.170977340809989831e-01
4.170977544788311286e-01
4.170977748529168805e-01
4.170977962123242899e-01
4.170978173926053190e-01
4.170978396970500546e-01
4.170978617487733353e-01
4.170978846686583807e-01
4.170979074496335981e-01
4.170979311782813670e-01
4.170979547420893829e-01
4.170979791684082394e-01
4.170980032954171857e-01
4.170980281618538177e-01
4.170980526721432824e-01
4.170980780753519856e-01
4.170981029138463581e-01
4.170981285273739902e-01
4.170981538264861843e-01
4.170981797857690743e-01
4.170982051364774401e-01
4.170982311642407736e-01
4.170982565702422984e-01
4.170982825638589464e-01
4.170983079785732239e-01
4.170983337925302514e-01
4.170983587673502413e-01
4.170983843023470805e-01
4.170984092798848408e-01
4.170984345613583666e-01
4.170984590083759436e-01
4.170984837030962677e-01
4.170985076603621056e-01
4.170985318004832298e-01
4.170985550154036048e-01
4.170985786294252318e-01
4.170986012917761165e-01
4.170986243401638704e-01
4.170986464404220495e-01
4.170986687762024969e-01
4.170986900096792516e-01
4.170987114328086331e-01
4.170987319587172726e-01
4.170987526496883202e-01
4.170987723424302018e-01
4.170987921784156671e-01
4.170988109546531764e-01
4.170988300337380439e-01
4.170988482065224878e-01
4.170988664956954972e-01
4.170988839742374443e-01
4.170989016809792949e-01
4.170989184558165919e-01
4.170989356067813514e-01
4.170989516994511037e-01
4.170989681612497502e-01
4.170989836333085510e-01
4.170989996092833718e-01
4.170990147349851740e-01
4.170990302935245753e-01
4.170990451324297910e-01
4.170990604070498597e-01
4.170990750030464933e-01
4.170990902166802905e-01
4.170991046251182888e-01
4.170991198003107248e-01
4.170991342864694418e-01
4.170991494118370668e-01
4.170991640107818421e-01
4.170991792229296058e-01
4.170991938659685538e-01
4.170992093355176955e-01
4.170992242394680471e-01
4.170992400955030877e-01
4.170992554670951979e-01
4.170992716692678570e-01
4.170992877372736718e-01
4.170993046605878107e-01
4.170993211976724568e-01
4.170993386067355368e-01
4.170993556578996841e-01
4.170993737608929552e-01
4.170993917878709767e-01
4.170994107057226508e-01
4.170994293763017891e-01
4.170994491626309197e-01
4.170994685474810892e-01
4.170994892765577111e-01
4.170995095322277968e-01
4.170995307618698411e-01
4.170995519462226686e-01
4.170995743146074242e-01
4.170995964134840972e-01
4.170996194949043168e-01
4.170996425374605687e-01
4.170996664035559465e-01
4.170996901499666176e-01
4.170997148902351181e-01
4.170997393083932248e-01
4.170997647246287854e-01
4.170997899779867457e-01
4.170998160736438809e-01
4.170998418954817710e-01
4.170998687556753404e-01
4.170998951500489160e-01
4.170999223687145707e-01
4.170999492733341585e-01
4.170999769267110802e-01
4.171000040043460477e-01
4.171000319291590097e-01
4.171000593945914381e-01
4.171000874641914713e-01
4.171001149154979215e-01
4.171001432679233845e-01
4.171001708899965688e-01
4.171001992624593369e-01
4.171002268646682443e-01
4.171002551005404957e-01
4.171002826524025098e-01
4.171003106039655184e-01
4.171003379243591880e-01
4.171003655167531687e-01
4.171003925132074630e-01
4.171004198287437403e-01
4.171004462317697836e-01
4.171004730866739174e-01
4.171004990527419354e-01
4.171005253069990371e-01
4.171005505237125321e-01
4.171005760671455675e-01
4.171006006513916509e-01
4.171006256358280040e-01
4.171006496944461572e-01
4.171006740111406486e-01
4.171006972357803044e-01
4.171007207674268247e-01
4.171007432069219201e-01
4.171007659279508673e-01
4.171007875773831697e-01
4.171008095430592810e-01
4.171008304737560124e-01
4.171008517909647884e-01
4.171008720532563552e-01
4.171008927148841527e-01
4.171009121065867853e-01
4.171009320676888898e-01
4.171009510044325075e-01
4.171009701858604535e-01
4.171009884753463237e-01
4.171010072835728000e-01
4.171010250616826731e-01
4.171010432376010546e-01
4.171010605751644396e-01
4.171010783195369664e-01
4.171010953041627278e-01
4.171011128393389833e-01
4.171011295773441319e-01
4.171011468420519064e-01
4.171011634741157437e-01
4.171011805293997066e-01
4.171011969727104196e-01
4.171012141535084816e-01
4.171012306428363292e-01
4.171012477884873948e-01
4.171012643172713474e-01
4.171012815655267270e-01
4.171012982975130789e-01
4.171013156747941375e-01
4.171013325777695457e-01
4.171013502799482686e-01
4.171013676518052771e-01
4.171013858275282593e-01
4.171014036267989278e-01
4.171014222553388606e-01
4.171014404100861217e-01
4.171014594570987555e-01
4.171014782460534254e-01
4.171014980022654250e-01
4.171015174031478256e-01
4.171015378105927263e-01
4.171015578325328321e-01
4.171015787760595228e-01
4.171015996197460218e-01
4.171016212809979251e-01
4.171016426165010671e-01
4.171016648326924536e-01
4.171016868664129684e-01
4.171017095572328581e-01
4.171017321018788415e-01
4.171017556807892768e-01
4.171017788621813049e-01
4.171018028937156785e-01
4.171018266924809148e-01
4.171018511819091779e-01
4.171018753897504094e-01
4.171019003842008632e-01
4.171019252111964337e-01
4.171019505484459544e-01
4.171019757148118345e-01
4.171020015102588352e-01
4.171020268913376294e-01
4.171020530503155577e-01
4.171020787239688721e-01
4.171021050610691505e-01
4.171021308038542763e-01
4.171021570413501744e-01
4.171021828712515034e-01
4.171022093627055893e-01
4.171022352120215548e-01
4.171022616376552361e-01
4.171022873634290806e-01
4.171023134586649417e-01
4.171023389629820999e-01
4.171023649702319536e-01
4.171023901409969259e-01
4.171024157298721113e-01
4.171024405943147828e-01
4.171024657829963678e-01
4.171024903057602984e-01
4.171025149923744402e-01
4.171025389440727871e-01
4.171025631217257779e-01
4.171025865868648319e-01
4.171026102117023071e-01
4.171026330157709405e-01
4.171026559237227538e-01
4.171026781105824921e-01
4.171027004393166870e-01
4.171027219168524924e-01
4.171027435919459347e-01
4.171027643920665606e-01
4.171027853827068976e-01
4.171028054951116948e-01
4.171028256883065888e-01
4.171028452010067111e-01
4.171028647259806266e-01
4.171028834359007398e-01
4.171029022748183324e-01
4.171029203276611641e-01
4.171029386233668368e-01
4.171029562080072473e-01
4.171029739484828358e-01
4.171029908188431112e-01
4.171030079033625215e-01
4.171030243291913853e-01
4.171030409253052018e-01
4.171030568486019940e-01
4.171030729895645051e-01
4.171030884410816264e-01
4.171031042107654629e-01
4.171031194456054081e-01
4.171031348383975601e-01
4.171031496886152823e-01
4.171031648988864915e-01
4.171031795786657170e-01
4.171031946006537594e-01
4.171032091421857380e-01
4.171032239449020129e-01
4.171032383630329243e-01
4.171032531587873793e-01
4.171032676763090086e-01
4.171032825281398848e-01
4.171032970434248588e-01
4.171033120284692863e-01
4.171033266358666891e-01
4.171033416479384970e-01
4.171033564575719055e-01
4.171033716618340326e-01
4.171033866295567050e-01
4.171034021100177847e-01
4.171034173408556534e-01
4.171034330392087153e-01
4.171034483752031341e-01
4.171034643169807543e-01
4.171034800844852786e-01
4.171034964297463121e-01
4.171035125312875236e-01
4.171035291321605887e-01
4.171035456097916261e-01
4.171035625495384536e-01
4.171035793580598616e-01
4.171035966045982812e-01
4.171036137185824000e-01
4.171036314125421418e-01
4.171036487898856504e-01
4.171036666725799757e-01
4.171036844171878699e-01
4.171037026293851757e-01
4.171037205110605384e-01
4.171037389563008180e-01
4.171037571808069999e-01
4.171037758240943027e-01
4.171037942093164808e-01
4.171038129580950105e-01
4.171038314895890164e-01
4.171038504616432774e-01
4.171038691057084025e-01
4.171038881396744724e-01
4.171039068137640804e-01
4.171039258368044456e-01
4.171039445667424905e-01
4.171039635309946036e-01
4.171039821734434105e-01
4.171040011389989810e-01
4.171040196900998032e-01
4.171040385286540197e-01
4.171040569019585642e-01
4.171040754559243169e-01
4.171040936410339017e-01
4.171041119764229421e-01
4.171041299378429046e-01
4.171041480906519383e-01
4.171041657888578946e-01
4.171041835578122581e-01
4.171042009232697745e-01
4.171042183055787000e-01
4.171042353681607140e-01
4.171042524276800112e-01
4.171042690736493919e-01
4.171042856942304700e-01
4.171043018988012663e-01
4.171043181606051142e-01
4.171043339618279444e-01
4.171043497968517921e-01
4.171043651684229192e-01
4.171043805905250701e-01
4.171043955431837924e-01
4.171044104993256174e-01
4.171044250486008464e-01
4.171044395859636600e-01
4.171044536923647628e-01
4.171044678607544465e-01
4.171044815473078926e-01
4.171044953147137746e-01
4.171045086998838580e-01
4.171045220063428483e-01
4.171045350060295087e-01
4.171045480730257715e-01
4.171045607490656004e-01
4.171045735418984490e-01
4.171045858983045140e-01
4.171045984389143424e-01
4.171046105535760051e-01
4.171046228538089484e-01
4.171046348241213009e-01
4.171046468259375084e-01
4.171046586049669269e-01
4.171046705025169277e-01
4.171046821298113882e-01
4.171046939460559821e-01
4.171047055236784540e-01
4.171047172397326364e-01
4.171047287738214315e-01
4.171047404657454161e-01
4.171047519579328955e-01
4.171047636158470850e-01
4.171047751889265243e-01
4.171047869118301721e-01
4.171047985130046376e-01
4.171048102915496658e-01
4.171048219708278215e-01
4.171048338283795953e-01
4.171048456356855061e-01
4.171048576678097475e-01
4.171048695962648045e-01
4.171048816890307598e-01
4.171048936990546241e-01
4.171049059385161795e-01
4.171049181328756461e-01
4.171049305305621346e-01
4.171049428948422344e-01
4.171049554926115066e-01
4.171049680144467420e-01
4.171049807196729464e-01
4.171049934154982819e-01
4.171050062892365795e-01
4.171050191319450873e-01
4.171050321182183662e-01
4.171050450812487931e-01
4.171050581844917837e-01
4.171050712448866049e-01
4.171050844800618940e-01
4.171050976429600543e-01
4.171051109618767461e-01
4.171051241690937883e-01
4.171051374983246740e-01
4.171051507467097297e-01
4.171051641097242579e-01
4.171051773648351002e-01
4.171051906796340858e-01
4.171052038990656907e-01
4.171052171715906032e-01
4.171052302706197978e-01
4.171052434746762017e-01
4.171052565560611214e-01
4.171052696248214731e-01
4.171052825269800368e-01
4.171052954434552595e-01
4.171053081888669856e-01
4.171053209334141809e-01
4.171053334959916592e-01
4.171053459951070685e-01
4.171053583335228576e-01
4.171053705715353499e-01
4.171053826070443837e-01
4.171053945740655355e-01
4.171054063707638759e-01
4.171054180429634717e-01
4.171054295421213198e-01
4.171054409157350928e-01
4.171054521075531207e-01
4.171054631548228864e-01
4.171054739926779442e-01
4.171054847083774386e-01
4.171054952218774536e-01
4.171055056024712271e-01
4.171055157800506730e-01
4.171055258200788707e-01
4.171055356456049856e-01
4.171055453275178682e-01
4.171055548132588942e-01
4.171055641608174547e-01
4.171055733221332718e-01
4.171055823459524636e-01
4.171055911800723437e-01
4.171055998470470372e-01
4.171056083266734271e-01
4.171056166647540975e-01
4.171056248437562397e-01
4.171056328932394308e-01
4.171056407565658097e-01
4.171056485123540436e-01
4.171056561124749651e-01
4.171056636099738646e-01
4.171056709486130054e-01
4.171056781823854753e-01
4.171056852760842149e-01
4.171056922946125844e-01
4.171056991756519894e-01
4.171057059621948171e-01
4.171057126272879612e-01
4.171057192144489445e-01
4.171057257293194209e-01
4.171057321446304256e-01
4.171057384927674971e-01
4.171057447521394623e-01
4.171057509483266923e-01
4.171057570736967368e-01
4.171057631293506596e-01
4.171057691348769580e-01
4.171057750667322983e-01
4.171057809475422484e-01
4.171057867719024093e-01
4.171057925447798076e-01
4.171057982810766895e-01
4.171058039567285269e-01
4.171058095842829494e-01
4.171058151907568456e-01
4.171058207530044526e-01
4.171058262702654895e-01
4.171058317615043975e-01
4.171058372050115981e-01
4.171058426329678492e-01
4.171058479951056386e-01
4.171058533464780393e-01
4.171058586149696823e-01
4.171058638755527626e-01
4.171058690584850126e-01
4.171058742255059348e-01
4.171058793228418216e-01
4.171058843973250996e-01
4.171058893842332083e-01
4.171058943510434491e-01
4.171058992211092997e-01
4.171059040814485419e-01
4.171059088354092115e-01
4.171059135673360618e-01
4.171059181796188398e-01
4.171059227707875072e-01
4.171059272343538571e-01
4.171059316679439077e-01
4.171059359597641403e-01
4.171059402372090941e-01
4.171059443503559727e-01
4.171059484286347430e-01
4.171059523509725309e-01
4.171059562253623954e-01
4.171059599339621005e-01
4.171059636091589140e-01
4.171059671012887771e-01
4.171059705434040366e-01
4.171059738010226559e-01
4.171059770013048618e-01
4.171059800087719704e-01
4.171059829616027281e-01
4.171059857190491105e-01
4.171059884229156300e-01
4.171059909190716897e-01
4.171059933550735899e-01
4.171059955812079223e-01
4.171059977512768246e-01
4.171059997087446236e-01
4.171060016102998147e-01
4.171060032926417471e-01
4.171060049204159959e-01
4.171060063296869735e-01
4.171060076868263189e-01
4.171060088216275163e-01
4.171060099094792140e-01
4.171060107738446820e-01
4.171060115939838608e-01
4.171060121932944065e-01
4.171060127490832103e-01
4.171060130842366709e-01
