2.999935169539905133e-02
2.999935169540093177e-02
2.999935169540261792e-02
2.999935169540339161e-02
2.999935169539858296e-02
2.999935169539686558e-02
2.999935169540106708e-02
2.999935169539984584e-02
2.999935169540789495e-02
2.999935169539752131e-02
2.999935169540163954e-02
2.999935169540380100e-02
2.999935169540133770e-02
2.999935169539668517e-02
2.999935169539894378e-02
2.999935169540175403e-02
2.999935169540290242e-02
2.999935169540119198e-02
2.999935169539994645e-02
2.999935169540130994e-02
2.999935169540075483e-02
2.999935169540145913e-02
2.999935169540348875e-02
2.999935169539867316e-02
2.999935169540312099e-02
2.999935169539838867e-02
2.999935169540236465e-02
2.999935169540124402e-02
2.999935169539897500e-02
2.999935169540130647e-02
2.999935169539903052e-02
2.999935169540107402e-02
2.999935169539920746e-02
2.999935169539964114e-02
2.999935169539828458e-02
2.999935169540069585e-02
2.999935169540274629e-02
2.999935169539903052e-02
2.999935169539862112e-02
2.999935169540019625e-02
2.999935169540021013e-02
2.999935169539871133e-02
2.999935169539968277e-02
2.999935169540256588e-02
2.999935169539900970e-02
2.999935169540293364e-02
2.999935169539980767e-02
2.999935169539871133e-02
2.999935169540281221e-02
2.999935169540025870e-02
2.999935169539959257e-02
2.999935169540318691e-02
2.999935169540118504e-02
2.999935169540488000e-02
2.999935169539960991e-02
2.999935169539918317e-02
2.999935169540458163e-02
2.999935169539933930e-02
2.999935169540251384e-02
2.999935169539992910e-02
2.999935169540111912e-02
2.999935169540100116e-02
2.999935169539810070e-02
2.999935169540132729e-02
2.999935169540314528e-02
2.999935169540136892e-02
2.999935169540028992e-02
2.999935169540134811e-02
2.999935169540163954e-02
2.999935169539839908e-02
2.999935169539861071e-02
2.999935169540068197e-02
2.999935169539944338e-02
2.999935169540180607e-02
2.999935169539673374e-02
2.999935169540218771e-02
2.999935169539983890e-02
2.999935169540071667e-02
2.999935169540170546e-02
2.999935169540113300e-02
2.999935169540243751e-02
2.999935169540004706e-02
2.999935169540269425e-02
2.999935169539802438e-02
2.999935169540497368e-02
2.999935169539624108e-02
2.999935169540251384e-02
2.999935169540076871e-02
2.999935169540218424e-02
2.999935169540009910e-02
2.999935169540160484e-02
2.999935169539987706e-02
2.999935169540126137e-02
2.999935169540275323e-02
2.999935169539929419e-02
2.999935169540143484e-02
2.999935169540197261e-02
2.999935169539784743e-02
2.999935169540039748e-02
2.999935169540098728e-02
2.999935169540087279e-02
2.999935169540005400e-02
2.999935169540231261e-02
2.999935169540093871e-02
2.999935169540061258e-02
2.999935169540033503e-02
2.999935169540124402e-02
2.999935169540089708e-02
2.999935169540085891e-02
2.999935169540104973e-02
2.999935169539902358e-02
2.999935169540151464e-02
2.999935169540071667e-02
2.999935169540020319e-02
2.999935169539814928e-02
2.999935169540063687e-02
2.999935169540119545e-02
2.999935169539852398e-02
2.999935169540198648e-02
2.999935169540004706e-02
2.999935169540183383e-02
2.999935169540041136e-02
2.999935169539968277e-02
2.999935169540045299e-02
2.999935169539810070e-02
2.999935169540223628e-02
2.999935169540056401e-02
2.999935169539878071e-02
2.999935169540188240e-02
2.999935169540025870e-02
2.999935169539906521e-02
2.999935169539910684e-02
2.999935169539948848e-02
2.999935169539950930e-02
2.999935169540067156e-02
2.999935169540161872e-02
2.999935169540015462e-02
2.999935169539950930e-02
2.999935169540046687e-02
2.999935169540014074e-02
2.999935169540206281e-02
2.999935169539971400e-02
2.999935169539991522e-02
2.999935169540077912e-02
2.999935169540051544e-02
2.999935169540052932e-02
2.999935169540167770e-02
2.999935169539982155e-02
2.999935169540009217e-02
2.999935169540215649e-02
2.999935169540075830e-02
2.999935169540029686e-02
2.999935169540033503e-02
2.999935169540030033e-02
2.999935169540011992e-02
2.999935169540149382e-02
2.999935169539970706e-02
2.999935169540183383e-02
2.999935169539993257e-02
2.999935169540018931e-02
2.999935169539955787e-02
2.999935169539996033e-02
2.999935169540129259e-02
2.999935169539927685e-02
2.999935169540052932e-02
2.999935169540009217e-02
2.999935169540137933e-02
2.999935169539945379e-02
2.999935169539952665e-02
2.999935169539947460e-02
2.999935169540259711e-02
2.999935169540127872e-02
2.999935169540042870e-02
2.999935169540129606e-02
2.999935169540216690e-02
2.999935169540008176e-02
2.999935169540016849e-02
2.999935169540007135e-02
2.999935169540133423e-02
2.999935169540057789e-02
2.999935169540104279e-02
2.999935169539972440e-02
2.999935169539903398e-02
2.999935169539973134e-02
2.999935169540055013e-02
2.999935169540082769e-02
2.999935169540123014e-02
2.999935169540170199e-02
2.999935169539892643e-02
2.999935169540080687e-02
2.999935169540115729e-02
2.999935169540013380e-02
2.999935169540007482e-02
2.999935169539947460e-02
2.999935169540019972e-02
2.999935169540116076e-02
2.999935169540140362e-02
2.999935169540021707e-02
2.999935169539897500e-02
2.999935169540095606e-02
2.999935169540009217e-02
2.999935169539994992e-02
2.999935169539975910e-02
2.999935169540079993e-02
2.999935169539857255e-02
2.999935169539945726e-02
2.999935169539972440e-02
2.999935169540089708e-02
2.999935169540050156e-02
2.999935169540085197e-02
2.999935169539959604e-02
2.999935169539957175e-02
2.999935169540074789e-02
2.999935169540088320e-02
2.999935169540141403e-02
2.999935169540074095e-02
2.999935169540083116e-02
2.999935169540042176e-02
2.999935169539934277e-02
2.999935169540036972e-02
2.999935169539993257e-02
2.999935169539919705e-02
2.999935169539924562e-02
2.999935169539998808e-02
2.999935169539968971e-02
2.999935169540119545e-02
2.999935169540056401e-02
2.999935169539981114e-02
2.999935169540088320e-02
2.999935169540100810e-02
2.999935169540068197e-02
2.999935169540021360e-02
2.999935169540069932e-02
2.999935169540164301e-02
2.999935169540109137e-02
2.999935169540094565e-02
2.999935169540019972e-02
2.999935169540018931e-02
2.999935169539902358e-02
2.999935169540045993e-02
2.999935169540005747e-02
2.999935169540027258e-02
2.999935169539971747e-02
2.999935169540149382e-02
2.999935169540059871e-02
2.999935169540062993e-02
2.999935169540049115e-02
2.999935169539959257e-02
2.999935169540080687e-02
2.999935169539963420e-02
2.999935169540013033e-02
2.999935169539980073e-02
2.999935169540034197e-02
2.999935169540081381e-02
2.999935169540072707e-02
2.999935169539953012e-02
2.999935169539976604e-02
2.999935169540015115e-02
2.999935169539944338e-02
2.999935169540079299e-02
2.999935169539890562e-02
2.999935169539993257e-02
2.999935169540004359e-02
2.999935169540031768e-02
2.999935169540001237e-02
2.999935169540131341e-02
2.999935169540098381e-02
2.999935169540004012e-02
2.999935169540064728e-02
2.999935169540061258e-02
2.999935169539889174e-02
2.999935169539916929e-02
2.999935169539932542e-02
2.999935169539979379e-02
2.999935169540070279e-02
2.999935169539950236e-02
2.999935169539988400e-02
2.999935169539984930e-02
2.999935169539922480e-02
2.999935169540004359e-02
2.999935169539857602e-02
2.999935169539903052e-02
2.999935169540040442e-02
2.999935169539969665e-02
2.999935169539974522e-02
2.999935169539951277e-02
2.999935169539957522e-02
2.999935169540079993e-02
2.999935169539913113e-02
2.999935169539987012e-02
2.999935169540053626e-02
2.999935169539953358e-02
2.999935169540039748e-02
2.999935169540012686e-02
2.999935169540035931e-02
2.999935169539966889e-02
2.999935169539966195e-02
2.999935169539999155e-02
2.999935169539987012e-02
2.999935169539942603e-02
2.999935169540051891e-02
2.999935169540002278e-02
2.999935169540010257e-02
2.999935169540016849e-02
2.999935169539876337e-02
2.999935169539985277e-02
2.999935169539997420e-02
2.999935169539988747e-02
2.999935169539950930e-02
2.999935169539988053e-02
2.999935169539991522e-02
2.999935169539939828e-02
2.999935169539986665e-02
2.999935169540055707e-02
2.999935169539948848e-02
2.999935169539932889e-02
2.999935169540021707e-02
2.999935169540125096e-02
2.999935169539824642e-02
2.999935169540054666e-02
2.999935169540075483e-02
2.999935169539998461e-02
2.999935169539931501e-02
2.999935169539951971e-02
2.999935169540076871e-02
2.999935169540028992e-02
2.999935169539967930e-02
2.999935169539954399e-02
2.999935169539937399e-02
2.999935169539856561e-02
2.999935169540124402e-02
2.999935169539964114e-02
2.999935169540082769e-02
2.999935169540071320e-02
2.999935169539939481e-02
2.999935169539975563e-02
2.999935169539876337e-02
2.999935169539938440e-02
2.999935169539908256e-02
2.999935169539931848e-02
2.999935169540045299e-02
2.999935169539993604e-02
2.999935169539976604e-02
2.999935169539992216e-02
2.999935169540010604e-02
2.999935169540068197e-02
2.999935169539932195e-02
2.999935169539854479e-02
2.999935169539942256e-02
2.999935169539995686e-02
2.999935169539892643e-02
2.999935169539923868e-02
2.999935169539926991e-02
2.999935169539956481e-02
2.999935169539952318e-02
2.999935169539962032e-02
2.999935169539963420e-02
2.999935169540010604e-02
2.999935169540034544e-02
2.999935169540028645e-02
2.999935169540128566e-02
2.999935169539914501e-02
2.999935169539996033e-02
2.999935169539952318e-02
2.999935169540015462e-02
2.999935169540007829e-02
2.999935169539980073e-02
2.999935169539960644e-02
2.999935169540009910e-02
2.999935169539962726e-02
2.999935169539948501e-02
2.999935169540018237e-02
2.999935169539953358e-02
2.999935169539943991e-02
2.999935169539959604e-02
2.999935169539959604e-02
2.999935169539978685e-02
2.999935169539927338e-02
2.999935169540012686e-02
2.999935169539911378e-02
2.999935169539992216e-02
2.999935169539941215e-02
2.999935169539963767e-02
2.999935169539984237e-02
2.999935169539993257e-02
2.999935169539963767e-02
2.999935169539999155e-02
2.999935169539987706e-02
2.999935169539971053e-02
2.999935169540016155e-02
2.999935169539974522e-02
2.999935169540009217e-02
2.999935169540041136e-02
2.999935169539972787e-02
2.999935169539953705e-02
2.999935169539993257e-02
2.999935169539958563e-02
2.999935169539968277e-02
2.999935169539953012e-02
2.999935169539941909e-02
2.999935169539988400e-02
2.999935169539960644e-02
2.999935169539939828e-02
2.999935169539964114e-02
2.999935169539945379e-02
2.999935169539960644e-02
2.999935169539971747e-02
2.999935169539922133e-02
2.999935169539968971e-02
2.999935169539935664e-02
2.999935169539949542e-02
2.999935169539934277e-02
2.999935169539955093e-02
2.999935169539985971e-02
2.999935169539954399e-02
2.999935169539984237e-02
2.999935169539962379e-02
2.999935169540004706e-02
2.999935169539976604e-02
2.999935169539963420e-02
2.999935169539968277e-02
2.999935169540018584e-02
2.999935169539961338e-02
2.999935169539989094e-02
2.999935169539969318e-02
2.999935169539957869e-02
2.999935169539937399e-02
2.999935169539968277e-02
2.999935169539981461e-02
2.999935169539949542e-02
2.999935169539981808e-02
2.999935169539965155e-02
2.999935169539950236e-02
2.999935169539959604e-02
2.999935169539971053e-02
2.999935169539973481e-02
2.999935169540000890e-02
2.999935169539955787e-02
2.999935169539974522e-02
2.999935169539963767e-02
2.999935169539964808e-02
2.999935169539981461e-02
2.999935169539980767e-02
2.999935169539987012e-02
2.999935169539990829e-02
2.999935169539975910e-02
2.999935169539956481e-02
2.999935169539984930e-02
2.999935169539976257e-02
2.999935169540002972e-02
2.999935169539984237e-02
2.999935169539981808e-02
2.999935169539986665e-02
2.999935169539986665e-02
2.999935169539986318e-02
2.999935169539989788e-02
2.999935169539977992e-02
2.999935169539979379e-02
2.999935169539981808e-02
2.999935169539978339e-02
2.999935169539976604e-02
2.999935169539987012e-02
2.999935169539985971e-02
2.999935169539981461e-02
2.999935169539984237e-02
2.999935169539989441e-02
2.999935169539987012e-02
2.999935169539982502e-02
2.999935169539988400e-02
2.999935169539983196e-02
2.999935169539988400e-02
2.999935169539991175e-02
2.999935169539985624e-02
2.999935169539988400e-02
2.999935169539985971e-02
2.999935169539982849e-02
2.999935169539986318e-02
2.999935169539984930e-02
2.999935169539985277e-02
2.999935169539990829e-02
2.999935169539989441e-02
2.999935169539988400e-02
2.999935169539990482e-02
2.999935169539993257e-02
2.999935169539989788e-02
2.999935169539992563e-02
2.999935169539993257e-02
2.999935169539994298e-02
2.999935169539995339e-02
2.999935169539997420e-02
2.999935169539996033e-02
2.999935169539996380e-02
2.999935169539996727e-02
2.999935169539997767e-02
2.999935169539999502e-02
2.999935169539999849e-02
2.999935169540001237e-02
2.999935169540000543e-02
2.999935169540002278e-02
2.999935169540002625e-02
2.999935169540003665e-02
2.999935169540005400e-02
2.999935169540005747e-02
2.999935169540005747e-02
2.999935169540007482e-02
2.999935169540006441e-02
2.999935169540007482e-02
2.999935169540008523e-02
2.999935169540008523e-02
2.999935169540007482e-02
2.999935169540009217e-02
2.999935169540010604e-02
2.999935169540012339e-02
2.999935169540012686e-02
2.999935169540014074e-02
2.999935169540015809e-02
2.999935169540015809e-02
2.999935169540016155e-02
2.999935169540017543e-02
2.999935169540017543e-02
2.999935169540018931e-02
2.999935169540021707e-02
2.999935169540022054e-02
2.999935169540022054e-02
2.999935169540021707e-02
2.999935169540024829e-02
2.999935169540022400e-02
2.999935169540025176e-02
2.999935169540026911e-02
2.999935169540028992e-02
2.999935169540030380e-02
2.999935169540024482e-02
2.999935169540026217e-02
2.999935169540030380e-02
2.999935169540027952e-02
2.999935169540030033e-02
2.999935169540027952e-02
2.999935169540033850e-02
2.999935169540034891e-02
2.999935169540038013e-02
2.999935169540037666e-02
2.999935169540025176e-02
2.999935169540028645e-02
2.999935169540034197e-02
2.999935169540027952e-02
2.999935169540033850e-02
2.999935169540039401e-02
2.999935169540044258e-02
2.999935169540043217e-02
2.999935169540049462e-02
2.999935169540035237e-02
2.999935169540033850e-02
2.999935169540043217e-02
2.999935169540031421e-02
2.999935169540035584e-02
2.999935169540034197e-02
2.999935169540036278e-02
2.999935169540045993e-02
2.999935169540045299e-02
2.999935169540022400e-02
2.999935169540010604e-02
2.999935169540050156e-02
2.999935169540064381e-02
2.999935169540066116e-02
2.999935169540063340e-02
2.999935169540026564e-02
2.999935169540050156e-02
2.999935169540050156e-02
2.999935169540066462e-02
2.999935169540041829e-02
2.999935169540038013e-02
2.999935169540069932e-02
2.999935169540036972e-02
2.999935169540056401e-02
2.999935169540016849e-02
2.999935169540008523e-02
2.999935169540038013e-02
2.999935169540060564e-02
2.999935169540029339e-02
2.999935169540056401e-02
2.999935169540060911e-02
2.999935169540049462e-02
2.999935169540055707e-02
2.999935169540048768e-02
2.999935169540100116e-02
2.999935169540041136e-02
2.999935169540021360e-02
2.999935169540084157e-02
2.999935169540057095e-02
2.999935169540034891e-02
2.999935169540071320e-02
2.999935169540069585e-02
2.999935169540113994e-02
2.999935169540057442e-02
2.999935169540059177e-02
2.999935169540106014e-02
2.999935169540073054e-02
2.999935169540076524e-02
2.999935169540076871e-02
2.999935169540099422e-02
2.999935169540047034e-02
2.999935169540100810e-02
2.999935169540064381e-02
2.999935169540056401e-02
2.999935169540039054e-02
2.999935169540098728e-02
2.999935169540054666e-02
2.999935169540072361e-02
2.999935169540055013e-02
2.999935169540102892e-02
2.999935169540099422e-02
2.999935169540064034e-02
2.999935169540068197e-02
2.999935169540095259e-02
2.999935169540128566e-02
2.999935169540125096e-02
2.999935169540096647e-02
2.999935169540119545e-02
2.999935169540060564e-02
2.999935169540079993e-02
2.999935169540143137e-02
2.999935169540035584e-02
2.999935169540104626e-02
2.999935169540017890e-02
2.999935169540103586e-02
2.999935169540110177e-02
2.999935169540076524e-02
2.999935169540101504e-02
2.999935169540043564e-02
2.999935169540154586e-02
2.999935169540067503e-02
2.999935169540034197e-02
2.999935169540168117e-02
2.999935169540051197e-02
2.999935169540111218e-02
2.999935169540095259e-02
2.999935169540039748e-02
2.999935169540125790e-02
2.999935169540113994e-02
2.999935169540045299e-02
2.999935169540083810e-02
2.999935169540081381e-02
2.999935169540039054e-02
2.999935169540157015e-02
2.999935169540101504e-02
2.999935169540113300e-02
2.999935169540138280e-02
2.999935169540077565e-02
2.999935169540042176e-02
2.999935169540170546e-02
2.999935169540022054e-02
2.999935169540089014e-02
2.999935169540034891e-02
2.999935169540027258e-02
2.999935169540061605e-02
2.999935169540095953e-02
2.999935169540058136e-02
2.999935169540150423e-02
2.999935169540127872e-02
2.999935169540127178e-02
2.999935169540102545e-02
2.999935169540033503e-02
2.999935169540165689e-02
2.999935169540027258e-02
2.999935169540129606e-02
2.999935169540165342e-02
2.999935169540212179e-02
2.999935169540074095e-02
2.999935169540094912e-02
2.999935169540078952e-02
2.999935169540116076e-02
2.999935169540152505e-02
2.999935169540141749e-02
2.999935169540018931e-02
2.999935169540014074e-02
2.999935169540076871e-02
2.999935169540182689e-02
2.999935169540024482e-02
2.999935169540174015e-02
2.999935169540075483e-02
2.999935169540076524e-02
2.999935169540048768e-02
2.999935169539975563e-02
2.999935169540165689e-02
2.999935169540202465e-02
2.999935169540221200e-02
2.999935169540163260e-02
2.999935169540105667e-02
2.999935169540022747e-02
2.999935169540059177e-02
2.999935169540046687e-02
2.999935169540173321e-02
2.999935169540226404e-02
2.999935169540175750e-02
2.999935169540110524e-02
2.999935169540213567e-02
2.999935169540141403e-02
2.999935169540091442e-02
2.999935169540186158e-02
2.999935169540150770e-02
2.999935169540079993e-02
2.999935169540127178e-02
2.999935169540110177e-02
2.999935169540157709e-02
2.999935169540255547e-02
2.999935169540147648e-02
2.999935169540145219e-02
2.999935169540280527e-02
2.999935169540127872e-02
2.999935169540230567e-02
2.999935169540050503e-02
2.999935169540174709e-02
2.999935169540166729e-02
2.999935169540134811e-02
2.999935169540124402e-02
2.999935169540264915e-02
2.999935169540074442e-02
2.999935169540187199e-02
2.999935169540118851e-02
2.999935169540104973e-02
2.999935169540191710e-02
2.999935169539988053e-02
2.999935169540131688e-02
2.999935169540146954e-02
2.999935169540140709e-02
2.999935169540176444e-02
2.999935169540112606e-02
2.999935169540101504e-02
2.999935169540232649e-02
2.999935169540133423e-02
2.999935169540073748e-02
2.999935169540203159e-02
2.999935169540088667e-02
2.999935169540241323e-02
2.999935169540039748e-02
2.999935169540102198e-02
2.999935169540329793e-02
2.999935169540149382e-02
2.999935169540166383e-02
2.999935169540094912e-02
2.999935169540074095e-02
2.999935169540165342e-02
2.999935169540055707e-02
2.999935169540185464e-02
2.999935169540152505e-02
2.999935169540066116e-02
2.999935169540221200e-02
2.999935169540235771e-02
2.999935169540132382e-02
2.999935169540063340e-02
2.999935169540147301e-02
2.999935169540138974e-02
2.999935169540192403e-02
2.999935169540227098e-02
2.999935169540113994e-02
2.999935169540324242e-02
2.999935169540159791e-02
2.999935169540206975e-02
2.999935169540213914e-02
2.999935169540222241e-02
2.999935169540316610e-02
2.999935169540186158e-02
2.999935169540143831e-02
2.999935169540179913e-02
2.999935169540320079e-02
2.999935169540275670e-02
2.999935169540135504e-02
2.999935169540234731e-02
2.999935169540170199e-02
2.999935169540187546e-02
2.999935169540197955e-02
2.999935169540269772e-02
2.999935169540268731e-02
2.999935169540147301e-02
2.999935169540284691e-02
2.999935169540120239e-02
2.999935169540210445e-02
2.999935169540085544e-02
2.999935169540277752e-02
2.999935169540092136e-02
2.999935169540336038e-02
2.999935169540203506e-02
2.999935169540109137e-02
2.999935169540280874e-02
2.999935169540296834e-02
2.999935169540122321e-02
2.999935169540265956e-02
2.999935169540178873e-02
2.999935169540347835e-02
2.999935169540256241e-02
2.999935169540271507e-02
2.999935169540160138e-02
2.999935169540223281e-02
2.999935169540161872e-02
2.999935169540121627e-02
2.999935169540186852e-02
2.999935169540320426e-02
2.999935169540326324e-02
2.999935169540263180e-02
2.999935169540222935e-02
2.999935169540149382e-02
2.999935169540278099e-02
2.999935169540181995e-02
2.999935169540151464e-02
2.999935169540146260e-02
2.999935169540172974e-02
2.999935169540314528e-02
2.999935169540301344e-02
2.999935169540147994e-02
2.999935169540265609e-02
2.999935169540065422e-02
2.999935169540137933e-02
2.999935169540243751e-02
2.999935169540105667e-02
2.999935169540161525e-02
2.999935169540275323e-02
2.999935169540345753e-02
2.999935169540238200e-02
2.999935169540220853e-02
2.999935169540340202e-02
2.999935169540299956e-02
2.999935169540095259e-02
2.999935169540378713e-02
2.999935169540138280e-02
2.999935169540187893e-02
2.999935169540406815e-02
2.999935169540186852e-02
2.999935169540281915e-02
2.999935169540382182e-02
2.999935169540198301e-02
2.999935169540401264e-02
2.999935169540482449e-02
2.999935169540108790e-02
2.999935169540206281e-02
2.999935169540386692e-02
2.999935169540389468e-02
2.999935169540306201e-02
2.999935169540237506e-02
2.999935169540344018e-02
2.999935169540365876e-02
2.999935169540414101e-02
2.999935169540264568e-02
2.999935169540280874e-02
2.999935169540429714e-02
2.999935169540419305e-02
2.999935169540320079e-02
2.999935169540277752e-02
2.999935169540334304e-02
2.999935169540340896e-02
2.999935169540271160e-02
2.999935169540375243e-02
2.999935169540163260e-02
2.999935169540168117e-02
2.999935169540291283e-02
2.999935169540446020e-02
2.999935169540270119e-02
2.999935169540352692e-02
2.999935169540260405e-02
2.999935169540392937e-02
2.999935169540329100e-02
2.999935169540249996e-02
2.999935169540288160e-02
2.999935169540406468e-02
2.999935169540330487e-02
2.999935169540227445e-02
2.999935169540410285e-02
2.999935169540431795e-02
2.999935169540270813e-02
2.999935169540206281e-02
2.999935169540408897e-02
2.999935169540391550e-02
2.999935169540390856e-02
2.999935169540460939e-02
2.999935169540481061e-02
2.999935169540331181e-02
2.999935169540246180e-02
2.999935169540349222e-02
2.999935169540550450e-02
2.999935169540506041e-02
2.999935169540316610e-02
2.999935169540481061e-02
2.999935169540544899e-02
2.999935169540395713e-02
2.999935169540347488e-02
2.999935169540463714e-02
2.999935169540343671e-02
2.999935169540327712e-02
2.999935169540327712e-02
2.999935169540354774e-02
2.999935169540437693e-02
2.999935169540333263e-02
2.999935169540273588e-02
2.999935169540420693e-02
2.999935169540328406e-02
2.999935169540474122e-02
2.999935169540316610e-02
2.999935169540359631e-02
2.999935169540366570e-02
2.999935169540533450e-02
2.999935169540027258e-02
2.999935169540447755e-02
2.999935169540263180e-02
2.999935169540191710e-02
2.999935169540343671e-02
2.999935169540371774e-02
2.999935169540158056e-02
2.999935169540461286e-02
2.999935169540444632e-02
2.999935169540387386e-02
2.999935169540327018e-02
2.999935169540188587e-02
2.999935169540195179e-02
2.999935169540184077e-02
2.999935169540464408e-02
2.999935169540288854e-02
2.999935169540222241e-02
2.999935169540319385e-02
2.999935169540302038e-02
2.999935169540401264e-02
2.999935169540289548e-02
2.999935169540280527e-02
2.999935169540732943e-02
2.999935169540246874e-02
2.999935169540195873e-02
2.999935169540260058e-02
2.999935169540628166e-02
2.999935169540186158e-02
2.999935169540829741e-02
2.999935169540362406e-02
2.999935169540399182e-02
2.999935169540487653e-02
2.999935169540351304e-02
2.999935169540411672e-02
2.999935169540282609e-02
2.999935169540283650e-02
2.999935169540228486e-02
2.999935169540248955e-02
2.999935169540107749e-02
2.999935169540422428e-02
2.999935169540362753e-02
2.999935169540458857e-02
2.999935169540382182e-02
2.999935169540395713e-02
2.999935169540319385e-02
2.999935169540560859e-02
2.999935169540700330e-02
2.999935169540184077e-02
2.999935169540545593e-02
2.999935169540494245e-02
2.999935169540232996e-02
2.999935169540542818e-02
2.999935169540371080e-02
2.999935169540402999e-02
2.999935169540788801e-02
2.999935169540671534e-02
2.999935169540014768e-02
2.999935169540335345e-02
2.999935169540329793e-02
2.999935169540107749e-02
2.999935169540431795e-02
2.999935169540469265e-02
2.999935169540528246e-02
2.999935169540269425e-02
2.999935169540533450e-02
2.999935169540440122e-02
2.999935169540411672e-02
2.999935169540557389e-02
2.999935169540025176e-02
2.999935169540747168e-02
2.999935169540505348e-02
2.999935169540543511e-02
2.999935169540645513e-02
2.999935169540393284e-02
2.999935169540727045e-02
2.999935169540612206e-02
2.999935169540331181e-02
2.999935169540076524e-02
2.999935169540462673e-02
2.999935169540036972e-02
2.999935169540490429e-02
2.999935169540255200e-02
2.999935169540571961e-02
2.999935169540585145e-02
2.999935169540629207e-02
2.999935169540402305e-02
2.999935169539904439e-02
2.999935169540336385e-02
2.999935169540741964e-02
2.999935169540337773e-02
2.999935169540426591e-02
2.999935169540295099e-02
2.999935169540302038e-02
2.999935169540619145e-02
2.999935169540706228e-02
2.999935169540291283e-02
2.999935169540631288e-02
2.999935169540705188e-02
2.999935169540225016e-02
