4.504765541583308219e-02
4.504765543915938142e-02
4.504765547992463370e-02
4.504765555542197819e-02
4.504765564096352426e-02
4.504765576427813278e-02
4.504765589070296172e-02
4.504765606136287154e-02
4.504765622319362173e-02
4.504765643383527862e-02
4.504765662658742620e-02
4.504765686147635395e-02
4.504765706633723915e-02
4.504765730579988331e-02
4.504765753109282733e-02
4.504765776863882409e-02
4.504765798457618931e-02
4.504765820920855757e-02
4.504765841976722529e-02
4.504765865839707728e-02
4.504765883825428974e-02
4.504765904527052722e-02
4.504765920080765207e-02
4.504765935456464532e-02
4.504765947670917592e-02
4.504765960325010643e-02
4.504765967828842921e-02
4.504765974547457474e-02
4.504765977091643170e-02
4.504765977553766565e-02
4.504765976422828860e-02
4.504765974183723432e-02
4.504765967651594427e-02
4.504765960556076504e-02
4.504765950662377449e-02
4.504765938412487458e-02
4.504765925521384690e-02
4.504765910776777071e-02
4.504765895227032246e-02
4.504765876936617230e-02
4.504765860697034635e-02
4.504765841692750378e-02
4.504765822529383651e-02
4.504765803166126126e-02
4.504765781606399899e-02
4.504765762349893093e-02
4.504765745548371114e-02
4.504765727607673576e-02
4.504765710947752910e-02
4.504765696026900162e-02
4.504765683465956905e-02
4.504765671787003267e-02
4.504765661671746024e-02
4.504765654025008614e-02
4.504765649253753695e-02
4.504765646138242374e-02
4.504765645790499706e-02
4.504765645722741407e-02
4.504765649958410167e-02
4.504765653611494947e-02
4.504765665973854694e-02
4.504765676665516139e-02
4.504765692572308688e-02
4.504765708238829547e-02
4.504765725447350960e-02
4.504765741632459769e-02
4.504765759314379586e-02
4.504765774469435269e-02
4.504765796243208331e-02
4.504765813346304354e-02
4.504765836163307502e-02
4.504765852397717152e-02
4.504765875253004259e-02
4.504765891698251506e-02
4.504765907268595132e-02
4.504765914065345100e-02
4.504765924416644779e-02
4.504765929282657927e-02
4.504765935649564235e-02
4.504765945040004049e-02
4.504765958138481907e-02
4.504765954368587094e-02
4.504765956005751804e-02
4.504765943646461823e-02
4.504765942027752490e-02
4.504765924732757887e-02
4.504765907769686661e-02
4.504765880150264634e-02
4.504765853211864512e-02
4.504765828719005383e-02
4.504765798663407095e-02
4.504765763740555679e-02
4.504765727952884935e-02
4.504765687393233464e-02
4.504765651756399703e-02
4.504765620429707768e-02
4.504765586297975605e-02
4.504765540383001005e-02
4.504765496258246460e-02
4.504765458657535027e-02
4.504765422393629259e-02
4.504765370737420782e-02
4.504765332613019230e-02
4.504765286171499850e-02
4.504765253839208144e-02
4.504765226576455672e-02
4.504765199608207898e-02
4.504765172080887892e-02
4.504765147456570029e-02
4.504765095634222227e-02
4.504765082087939382e-02
4.504765055830673576e-02
4.504765036533599221e-02
4.504765015411114903e-02
4.504764991559960519e-02
4.504764981344640262e-02
4.504764972440227638e-02
4.504764955083136180e-02
4.504764956816685595e-02
4.504764944648312341e-02
4.504764936602066727e-02
4.504764923544440913e-02
4.504764903235674439e-02
4.504764913881913191e-02
4.504764909368152298e-02
4.504764891790478953e-02
4.504764873983790191e-02
4.504764888008132295e-02
4.504764892183966279e-02
4.504764873035365519e-02
4.504764863491375615e-02
4.504764838245153835e-02
4.504764829522316105e-02
4.504764811796167778e-02
4.504764814968398312e-02
4.504764789406887071e-02
4.504764770345942582e-02
4.504764759326800039e-02
4.504764746589515201e-02
4.504764733462893883e-02
4.504764726764430571e-02
4.504764698771102083e-02
4.504764654757989484e-02
4.504764589347640819e-02
4.504764546816497628e-02
4.504764504625857757e-02
4.504764461623475547e-02
4.504764383542976536e-02
4.504764338233761128e-02
4.504764308400475981e-02
4.504764284324987156e-02
4.504764198023663430e-02
4.504764144846623575e-02
4.504764060007497573e-02
4.504764039945591964e-02
4.504763996317485975e-02
4.504763960418051855e-02
4.504763932268450455e-02
4.504763923751897020e-02
4.504763898791867838e-02
4.504763864050383149e-02
4.504763798024292998e-02
4.504763772490097407e-02
4.504763745365447658e-02
4.504763704010654457e-02
4.504763677821092827e-02
4.504763659612995991e-02
4.504763646195637100e-02
4.504763651953082315e-02
4.504763629281659243e-02
4.504763601932847833e-02
4.504763566482747339e-02
4.504763568395694917e-02
4.504763598851712486e-02
4.504763633440445753e-02
4.504763626371120766e-02
4.504763626303301405e-02
4.504763653011369801e-02
4.504763640693473098e-02
4.504763657725902037e-02
4.504763674566755055e-02
4.504763658011371602e-02
4.504763625901615082e-02
4.504763630567949761e-02
4.504763604364407648e-02
4.504763508334710953e-02
4.504763465329129912e-02
4.504763408649130330e-02
4.504763350658023968e-02
4.504763305804804219e-02
4.504763228892386118e-02
4.504763148831925079e-02
4.504763097254770726e-02
4.504763022028867442e-02
4.504762859257601532e-02
4.504762741370211404e-02
4.504762617411273845e-02
4.504762494372398229e-02
4.504762363904604716e-02
4.504762212464286097e-02
4.504762007066547697e-02
4.504761894368848607e-02
4.504761706623422457e-02
4.504761562954265330e-02
4.504761400088129475e-02
4.504761243309979291e-02
4.504761099051771134e-02
4.504760962170074878e-02
4.504760782469865998e-02
4.504760606494717656e-02
4.504760420211820215e-02
4.504760283430567225e-02
4.504760148635835598e-02
4.504760005554422908e-02
4.504759876451112921e-02
4.504759736784032242e-02
4.504759569948463965e-02
4.504759447229247926e-02
4.504759320085021529e-02
4.504759253671186681e-02
4.504759213428902176e-02
4.504759156676892834e-02
4.504759038895569945e-02
4.504758952251264326e-02
4.504758933963243228e-02
4.504758927960560155e-02
4.504758894465955843e-02
4.504758865337110674e-02
4.504758795446102415e-02
4.504758807829850609e-02
4.504758737376887701e-02
4.504758661276845461e-02
4.504758573614771333e-02
4.504758591811390545e-02
4.504758554970794693e-02
4.504758531669592753e-02
4.504758434935991762e-02
4.504758383422597517e-02
4.504758273752587638e-02
4.504758191765224906e-02
4.504758105742720509e-02
4.504758043982235588e-02
4.504757931586845371e-02
4.504757900828426642e-02
4.504757760830917224e-02
4.504757660075199566e-02
4.504757512089899163e-02
4.504757414705881646e-02
4.504757281178661810e-02
4.504757129023153478e-02
4.504756963314350549e-02
4.504756857094869421e-02
4.504756659453953982e-02
4.504756547515372661e-02
4.504756404961371419e-02
4.504756256213228449e-02
4.504756124014985819e-02
4.504755975337842305e-02
4.504755784466071833e-02
4.504755688747730941e-02
4.504755533925589722e-02
4.504755413739724296e-02
4.504755270741031548e-02
4.504755209831373675e-02
4.504755116233175039e-02
4.504755066775932570e-02
4.504754998775281627e-02
4.504754957719878800e-02
4.504754845991938705e-02
4.504754870841676251e-02
4.504754744245814679e-02
4.504754717241490208e-02
4.504754603632569326e-02
4.504754548662462388e-02
4.504754487325204892e-02
4.504754476307262778e-02
4.504754487832327708e-02
4.504754488299919646e-02
4.504754422727821894e-02
4.504754424796531681e-02
4.504754337350531934e-02
4.504754331378402199e-02
4.504754285791993940e-02
4.504754243418307436e-02
4.504754108702441195e-02
4.504754056515358762e-02
4.504753890302331393e-02
4.504753805205941042e-02
4.504753609992551144e-02
4.504753511664737198e-02
4.504753345564597999e-02
4.504753216566015350e-02
4.504752920018342821e-02
4.504752736415874870e-02
4.504752496876290868e-02
4.504752252776206278e-02
4.504751945403927260e-02
4.504751723422513454e-02
4.504751392282659028e-02
4.504751137115921289e-02
4.504750769892448825e-02
4.504750505901046476e-02
4.504750141626469306e-02
4.504749802198922126e-02
4.504749428638837178e-02
4.504749147070410964e-02
4.504748765433931601e-02
4.504748437304591235e-02
4.504748100581885267e-02
4.504747858454708626e-02
4.504747514451051815e-02
4.504747241283967030e-02
4.504746941483522837e-02
4.504746715004673968e-02
4.504746389612521856e-02
4.504746205765262912e-02
4.504745926014357832e-02
4.504745747301115710e-02
4.504745488591684749e-02
4.504745354138749852e-02
4.504745149745845167e-02
4.504745022617896721e-02
4.504744842204529143e-02
4.504744757904268621e-02
4.504744659782618232e-02
4.504744596661594547e-02
4.504744487303999345e-02
4.504744440282218432e-02
4.504744323322477928e-02
4.504744279358703640e-02
4.504744128900837336e-02
4.504744087322920532e-02
4.504743985596904032e-02
4.504743981219843513e-02
4.504743913762468410e-02
4.504743855251838736e-02
4.504743732211848734e-02
4.504743700847380766e-02
4.504743590990337165e-02
4.504743520210449659e-02
4.504743343922638921e-02
4.504743228287468038e-02
4.504743054217576204e-02
4.504742892133028337e-02
4.504742736997890268e-02
4.504742594983247861e-02
4.504742395908309383e-02
4.504742276654734312e-02
4.504742030408803721e-02
4.504741876200978046e-02
4.504741682851717138e-02
4.504741499334803667e-02
4.504741194594390902e-02
4.504741016631704648e-02
4.504740793806187582e-02
4.504740634142857802e-02
4.504740413141097854e-02
4.504740296524129689e-02
4.504740110351530824e-02
4.504740011049889609e-02
4.504739814097676043e-02
4.504739655874453325e-02
4.504739520777790995e-02
4.504739463774391772e-02
4.504739413185258889e-02
4.504739379643771247e-02
4.504739309275483661e-02
4.504739341634021038e-02
4.504739317481927519e-02
4.504739316955384820e-02
4.504739297083015098e-02
4.504739323546387564e-02
4.504739340612032295e-02
4.504739397099674636e-02
4.504739408304357651e-02
4.504739489224222904e-02
4.504739541038420281e-02
4.504739576780534410e-02
4.504739531085587279e-02
4.504739571787412522e-02
4.504739492035081394e-02
4.504739474267900612e-02
4.504739427142414460e-02
4.504739395546285274e-02
4.504739301766669257e-02
4.504739210210408074e-02
4.504739108614994048e-02
4.504739072015267326e-02
4.504738780121344405e-02
4.504738602798424169e-02
4.504738390730705228e-02
4.504738137217667582e-02
4.504737789544461385e-02
4.504737484102275258e-02
4.504737249467159060e-02
4.504736984375799780e-02
4.504736567031457362e-02
4.504736185877031979e-02
4.504735773503334983e-02
4.504735362369244323e-02
4.504734951268081489e-02
4.504734525960309155e-02
4.504734123920348110e-02
4.504733708650005691e-02
4.504733098163592880e-02
4.504732727735341613e-02
4.504732338945826448e-02
4.504731996010208350e-02
4.504731576673848964e-02
4.504731100438084945e-02
4.504730751320194099e-02
4.504730402756028373e-02
4.504730072733399010e-02
4.504729638372284573e-02
4.504729255342659888e-02
4.504728891241798622e-02
4.504728484958035045e-02
4.504728149593278941e-02
4.504727766905027714e-02
4.504727535978482467e-02
4.504727262777592778e-02
4.504727096599407676e-02
4.504726825889335262e-02
4.504726694018867245e-02
4.504726562907863247e-02
4.504726465825834025e-02
4.504726382187410061e-02
4.504726262109803869e-02
4.504726134195978504e-02
4.504725926528896363e-02
4.504725807815902067e-02
4.504725915207816178e-02
4.504725831411585113e-02
4.504725872146438104e-02
4.504725934447789681e-02
4.504725785129887194e-02
4.504725628672161947e-02
4.504725502490428135e-02
4.504725304516810080e-02
4.504725205022640927e-02
4.504725255986019583e-02
4.504725102869389791e-02
4.504724981719065990e-02
4.504724765905322031e-02
4.504724709187938464e-02
4.504724599904288973e-02
4.504724258066891696e-02
4.504724244132194549e-02
4.504723903764396020e-02
4.504723752443343110e-02
4.504723556926647915e-02
4.504723376695440873e-02
4.504723304900954545e-02
4.504723079793096496e-02
4.504722896769543239e-02
4.504722716383402492e-02
4.504722320413318687e-02
4.504722084244674324e-02
4.504721914360053370e-02
4.504721598618698780e-02
4.504721567011481936e-02
4.504721376406190664e-02
4.504721309498192078e-02
4.504721249542116557e-02
4.504721118537877156e-02
4.504720853630966165e-02
4.504720613881085800e-02
4.504720664419092913e-02
4.504720633047780420e-02
4.504720536967962707e-02
4.504720364155092444e-02
4.504720459589228038e-02
4.504720641271559717e-02
4.504720436177221676e-02
4.504720463837223743e-02
4.504720831199184039e-02
4.504720822020460286e-02
4.504721056374715038e-02
4.504721328021184940e-02
4.504721271687542328e-02
4.504721613917377077e-02
4.504721562057112383e-02
4.504721509516566857e-02
4.504721692032551822e-02
4.504721617522338545e-02
4.504721626122795003e-02
4.504721558215168953e-02
4.504721719241487621e-02
4.504721637187799471e-02
4.504721248855048099e-02
4.504721035184124783e-02
4.504720714313605046e-02
4.504720460583015729e-02
4.504720378745449144e-02
4.504720011895714527e-02
4.504719793161426900e-02
4.504719508461701993e-02
4.504719213210943429e-02
4.504718669404388087e-02
4.504718117771225327e-02
4.504717962182246127e-02
4.504717588153349384e-02
4.504717319559929656e-02
4.504716621867692339e-02
4.504716090348178520e-02
4.504715326857559182e-02
4.504714874099887550e-02
4.504714164257969666e-02
4.504713501537123410e-02
4.504713036523323028e-02
4.504712415105897177e-02
4.504711811016891970e-02
4.504711352035359329e-02
4.504710727525207403e-02
4.504710408556324153e-02
4.504709852789606089e-02
4.504709274288262733e-02
4.504708745672059145e-02
4.504708192979280101e-02
4.504707922465226583e-02
4.504707736716598993e-02
4.504707283751681335e-02
4.504707033222287577e-02
4.504706553361965959e-02
4.504706390152229956e-02
4.504706047003567693e-02
4.504705815303025607e-02
4.504705634244753065e-02
4.504705531646416294e-02
4.504705688358033588e-02
4.504705619948026069e-02
4.504705433932559844e-02
4.504705453956514560e-02
4.504705527157463335e-02
4.504705582979440931e-02
4.504705606582342509e-02
4.504705897743052634e-02
4.504705836883983461e-02
4.504705814737579306e-02
4.504705751097777544e-02
4.504705929840547435e-02
4.504705791910330187e-02
4.504705710625654669e-02
4.504705508248980222e-02
4.504705587895158070e-02
4.504705385441840071e-02
4.504705455258398855e-02
4.504705465678453952e-02
4.504705553851125199e-02
4.504705432350596117e-02
4.504705360204728365e-02
4.504705007794820165e-02
4.504704893985072428e-02
4.504704698068096036e-02
4.504704580040298778e-02
4.504704040068145676e-02
4.504703817374323266e-02
4.504703536621348231e-02
4.504703162032767244e-02
4.504702754196442116e-02
4.504702657510040870e-02
4.504702593344581119e-02
4.504702305344496921e-02
4.504701959660682709e-02
4.504701768295598513e-02
4.504701354914083383e-02
4.504701162716297919e-02
4.504700896249987097e-02
4.504700865189170678e-02
4.504700770227581391e-02
4.504700803059308312e-02
4.504700467869264535e-02
4.504700227392935408e-02
4.504700148907350016e-02
4.504700032151229272e-02
4.504699923185997296e-02
4.504699673514690750e-02
4.504699543583740029e-02
4.504699578853452180e-02
4.504699505205004423e-02
4.504699611706233092e-02
4.504699557421970590e-02
4.504699402358460641e-02
4.504699118389233342e-02
4.504699170602791819e-02
4.504699034815184272e-02
4.504698813320952289e-02
4.504698702095505380e-02
4.504698493495586792e-02
4.504698117403974078e-02
4.504697854551228259e-02
4.504697563737131150e-02
4.504697347206364916e-02
4.504696992890373786e-02
4.504696725463927520e-02
4.504696173479056515e-02
4.504695978147255087e-02
4.504695485332804034e-02
4.504694987390916311e-02
4.504694584168238147e-02
4.504694103050892184e-02
4.504693271698722440e-02
4.504692876859657524e-02
4.504692306077283381e-02
4.504691843389795752e-02
4.504691172582372255e-02
4.504690693440158156e-02
4.504689883603140571e-02
4.504689212029658330e-02
4.504688337266041231e-02
4.504687772667564927e-02
4.504687113899406153e-02
4.504686462408905023e-02
4.504685958755994674e-02
4.504685473405788121e-02
4.504684925350566083e-02
4.504684315768562458e-02
4.504683654415082839e-02
4.504683084583415570e-02
4.504682787505796815e-02
4.504682554784722459e-02
4.504682039250522407e-02
4.504681859199863303e-02
4.504681409431333938e-02
4.504681092003705312e-02
4.504680792877653606e-02
4.504680791840733056e-02
4.504680588538671759e-02
4.504680459625343830e-02
4.504680285535622719e-02
4.504680175594516500e-02
4.504679992319257642e-02
4.504679938074965251e-02
4.504679888455605241e-02
4.504679774197042907e-02
4.504679660644392292e-02
4.504679477862154335e-02
4.504679186431430338e-02
4.504678950107746105e-02
4.504678796949752873e-02
4.504678720407369330e-02
4.504678549956769862e-02
4.504678358729198584e-02
4.504678140059903413e-02
4.504677988127268190e-02
4.504677821245650637e-02
4.504677545592338656e-02
4.504677355651624804e-02
4.504677112837600361e-02
4.504676908298555632e-02
4.504676722531532340e-02
4.504676468447936510e-02
4.504676155780092117e-02
4.504675924541749754e-02
4.504675519859971389e-02
4.504675226198752436e-02
4.504674851243724298e-02
4.504674412985033849e-02
4.504674096073507661e-02
4.504673777314451011e-02
4.504673288357356753e-02
4.504672830019335744e-02
4.504672391830791267e-02
4.504672144541423118e-02
4.504671784313700467e-02
4.504671336711463941e-02
4.504670938190155627e-02
4.504670589004786119e-02
4.504670179207118791e-02
4.504669819742711245e-02
4.504669425508124603e-02
4.504668993680906175e-02
4.504668627824422872e-02
4.504668314496541870e-02
4.504667842450571502e-02
4.504667497484342309e-02
4.504667199498530589e-02
4.504666967811263301e-02
4.504666654983253971e-02
4.504666388718724102e-02
4.504666081743718964e-02
4.504665882989471876e-02
4.504665557133562259e-02
4.504665394012966062e-02
4.504665194718037585e-02
4.504665002554253395e-02
4.504664647391578430e-02
4.504664445964077363e-02
4.504664041688385967e-02
4.504663789692275183e-02
4.504663545063185282e-02
4.504663256142532601e-02
4.504662834634550611e-02
4.504662551033000728e-02
4.504662044980620172e-02
4.504661667783722845e-02
4.504661073579402375e-02
4.504660554347407475e-02
4.504659966872832932e-02
4.504659435224988434e-02
4.504658901493735490e-02
4.504658451083695669e-02
4.504657628365901778e-02
4.504657014321111069e-02
4.504656272617305057e-02
4.504655759713019347e-02
4.504654996489605712e-02
4.504654321408416151e-02
4.504653651316997687e-02
4.504653065601776224e-02
4.504652406121099906e-02
4.504651897467448762e-02
4.504651153300245903e-02
4.504650369579178693e-02
4.504649556493816459e-02
4.504648958473483900e-02
4.504648209227922473e-02
4.504647886097864345e-02
4.504647172581875691e-02
4.504646641773388943e-02
4.504646031606204803e-02
4.504645602217954847e-02
4.504645078239236100e-02
4.504644605812517522e-02
4.504643943226729202e-02
4.504643495046781188e-02
4.504642864209097014e-02
4.504642459380414632e-02
4.504641981022571712e-02
4.504641615388525755e-02
4.504641110876583809e-02
4.504640935649308064e-02
4.504640440028806481e-02
4.504640051440478299e-02
4.504639682013727997e-02
4.504639505522223947e-02
4.504639089016166525e-02
4.504638877434211791e-02
4.504638563503893245e-02
4.504638316609607673e-02
4.504637952354876435e-02
4.504637743550588685e-02
4.504637402839006821e-02
4.504637379120640661e-02
4.504637151963730712e-02
4.504637195854115095e-02
4.504636656185496968e-02
4.504636598224806554e-02
4.504636053829106507e-02
4.504635705847753746e-02
4.504635182062369236e-02
4.504635089090350264e-02
4.504634489191019359e-02
4.504634267293582822e-02
4.504634032102205338e-02
4.504633643107593122e-02
4.504633116776846774e-02
4.504632857296363146e-02
4.504632293999957793e-02
4.504632012263388302e-02
4.504631697428750775e-02
4.504631148065248170e-02
4.504630675893266101e-02
4.504630553441020535e-02
4.504630079813144033e-02
4.504629726011400576e-02
4.504629137668494238e-02
4.504628778335253991e-02
4.504628198683751500e-02
4.504627829125572303e-02
4.504627306860023439e-02
4.504626950677345643e-02
4.504626434916642053e-02
4.504625876761107067e-02
4.504625236455300774e-02
4.504624996341327625e-02
4.504624656879104710e-02
4.504624475505822345e-02
4.504623950367583202e-02
4.504623583706626050e-02
4.504622821475903066e-02
4.504622377352816148e-02
4.504621696816873272e-02
4.504621603735640967e-02
4.504620917738701158e-02
4.504620874722198298e-02
4.504620162216282225e-02
4.504619759324502565e-02
4.504619131811878063e-02
4.504618440128033141e-02
4.504617717198364235e-02
4.504617388230536257e-02
4.504616895492481038e-02
4.504616516272708093e-02
4.504615777088422784e-02
4.504615563125340116e-02
4.504614862936065500e-02
4.504614462956243320e-02
4.504613852514706418e-02
4.504613047166846490e-02
4.504612291173480665e-02
4.504611698364271999e-02
4.504610726121793113e-02
4.504610204144287450e-02
4.504609146806838604e-02
4.504608699693560953e-02
4.504607852896480580e-02
4.504607420216957814e-02
4.504606731869988806e-02
4.504606361023835714e-02
4.504605996060133399e-02
4.504605598323704191e-02
4.504604920642572147e-02
4.504604431658534858e-02
4.504604003194637163e-02
4.504603712758054046e-02
4.504603188770467392e-02
4.504602871319489388e-02
4.504602290212070953e-02
4.504602090255259428e-02
4.504601892157338722e-02
4.504601571137664684e-02
4.504600823275864419e-02
4.504600319930725932e-02
4.504599575826910562e-02
4.504599614798626001e-02
4.504599590661723801e-02
4.504599428309907783e-02
4.504598960816818404e-02
4.504598625695884623e-02
4.504597842314589373e-02
4.504597711036145008e-02
4.504597469612608290e-02
4.504597406449461355e-02
4.504597054260974648e-02
4.504596692129961971e-02
4.504596166058071754e-02
4.504596155469581253e-02
4.504595804372759499e-02
4.504595797265812523e-02
4.504595407321877049e-02
4.504595532544941605e-02
4.504595339870443027e-02
4.504595451261275002e-02
4.504595122376375133e-02
4.504594952184878126e-02
4.504594500861079653e-02
4.504594399092518020e-02
4.504594219070749694e-02
4.504594143311495269e-02
4.504593837547710145e-02
4.504593898027907384e-02
4.504593484555345639e-02
4.504593015197372319e-02
4.504592598826242383e-02
4.504592157071785757e-02
4.504591915657874673e-02
4.504591868926517001e-02
4.504591364892682887e-02
4.504590998212875536e-02
4.504590372265133286e-02
4.504590185089563797e-02
4.504589638628879456e-02
4.504589158604680593e-02
4.504588820776300739e-02
4.504588737959585448e-02
4.504588411266029907e-02
4.504587960889983034e-02
4.504587560593346918e-02
4.504587194752721763e-02
4.504586422422940384e-02
4.504586549779448362e-02
4.504586275737976209e-02
4.504586170924507194e-02
4.504585601636254544e-02
4.504585343245396528e-02
4.504584757112706922e-02
4.504584373760630450e-02
4.504583798500172431e-02
4.504583683578467640e-02
4.504583278856379852e-02
4.504583002058742958e-02
4.504582225466573220e-02
4.504581691673000682e-02
4.504581434507441001e-02
4.504580956004103354e-02
4.504580455412608708e-02
4.504580105014589081e-02
4.504579588981019733e-02
4.504579377023609082e-02
4.504578755715415300e-02
4.504578228365664627e-02
4.504577635432333027e-02
4.504577250307058300e-02
4.504576728713573230e-02
4.504576326315708201e-02
4.504576046019569818e-02
4.504575786116997438e-02
4.504575401444410598e-02
4.504575172728760013e-02
4.504574452007868712e-02
4.504573705678854845e-02
4.504573397710590066e-02
4.504573174146787873e-02
4.504572765227514430e-02
4.504572585535816798e-02
4.504572038559427616e-02
4.504571566728950149e-02
4.504571358769494938e-02
4.504570856135485524e-02
4.504570816366484237e-02
4.504570329083239233e-02
4.504569982528422445e-02
4.504569745379649603e-02
4.504569726152931469e-02
4.504569470053318425e-02
4.504569168239389021e-02
4.504568866757538426e-02
4.504568529285141870e-02
4.504568558673472528e-02
4.504568446214803068e-02
4.504568416263610153e-02
4.504568387378712208e-02
4.504568230938245377e-02
4.504568143972446231e-02
4.504567889556204685e-02
4.504567873102408027e-02
4.504567911160992782e-02
4.504567739848736041e-02
4.504567508323059633e-02
4.504567603737328479e-02
4.504567496291547735e-02
4.504567524916758270e-02
4.504567383346168297e-02
4.504567320471214442e-02
4.504567230063459549e-02
4.504567003635165379e-02
4.504567057451051848e-02
4.504567000670133686e-02
4.504566736477615130e-02
4.504566614200244956e-02
4.504566345497853369e-02
4.504566478784647471e-02
4.504566223123959712e-02
4.504566063197529974e-02
4.504565787319093906e-02
4.504565934927008686e-02
4.504565520955751412e-02
4.504565473272689052e-02
4.504565167443040641e-02
4.504565169841445726e-02
4.504564906194732932e-02
4.504564763225218926e-02
4.504564378942178815e-02
4.504564304854735690e-02
4.504564075660479061e-02
4.504563982189101201e-02
4.504563712025719258e-02
4.504563540993389986e-02
4.504563405479269922e-02
4.504563465900404684e-02
4.504563303237405641e-02
4.504563333382675949e-02
4.504563076221469731e-02
4.504563123560978433e-02
4.504562805717032131e-02
4.504562918896490298e-02
4.504562747128575823e-02
4.504562731266654324e-02
4.504562640265835638e-02
4.504562617949212089e-02
4.504562503515655014e-02
4.504562592689313749e-02
4.504562386973916255e-02
4.504562454730699772e-02
4.504562406715532930e-02
4.504562353044321704e-02
4.504562140856960273e-02
4.504562168871088790e-02
4.504561945311548465e-02
4.504561950457788844e-02
4.504561698548141535e-02
4.504561729950511823e-02
4.504561527469806703e-02
4.504561551591057533e-02
4.504561271983773679e-02
4.504561208513499504e-02
4.504560983354376213e-02
4.504561042734482601e-02
4.504560811640428986e-02
4.504560781036267419e-02
4.504560524091665019e-02
4.504560535051664594e-02
4.504560268252215394e-02
4.504560233656468293e-02
4.504559975458639898e-02
4.504559953346257140e-02
4.504559652663562425e-02
