2.999935739587964237e-02
2.999935739587916012e-02
2.999935739588022524e-02
2.999935739587950706e-02
2.999935739588036054e-02
2.999935739587878542e-02
2.999935739588320896e-02
2.999935739588274752e-02
2.999935739587956951e-02
2.999935739588005523e-02
2.999935739587955563e-02
2.999935739587776193e-02
2.999935739588024258e-02
2.999935739588413877e-02
2.999935739588039871e-02
2.999935739587865358e-02
2.999935739587833092e-02
2.999935739587764744e-02
2.999935739587947930e-02
2.999935739588264344e-02
2.999935739588053402e-02
2.999935739588146036e-02
2.999935739587903175e-02
2.999935739588098851e-02
2.999935739587862235e-02
2.999935739587690844e-02
2.999935739588202935e-02
2.999935739588087402e-02
2.999935739587964584e-02
2.999935739587902481e-02
2.999935739588054789e-02
2.999935739588033973e-02
2.999935739587829622e-02
2.999935739587574965e-02
2.999935739588216466e-02
2.999935739588199118e-02
2.999935739588013850e-02
2.999935739588019054e-02
2.999935739588137709e-02
2.999935739587995462e-02
2.999935739588014891e-02
2.999935739588078382e-02
2.999935739588081504e-02
2.999935739588207445e-02
2.999935739587800132e-02
2.999935739588362182e-02
2.999935739588323325e-02
2.999935739588054096e-02
2.999935739587917399e-02
2.999935739588020095e-02
2.999935739587810887e-02
2.999935739587577394e-02
2.999935739587926420e-02
2.999935739587831010e-02
2.999935739588179343e-02
2.999935739587788336e-02
2.999935739588035361e-02
2.999935739587960420e-02
2.999935739588038830e-02
2.999935739587934747e-02
2.999935739588108219e-02
2.999935739588049585e-02
2.999935739587977421e-02
2.999935739588064504e-02
2.999935739588015238e-02
2.999935739587676273e-02
2.999935739587936828e-02
2.999935739588219588e-02
2.999935739587986094e-02
2.999935739588013503e-02
2.999935739587825806e-02
2.999935739587737335e-02
2.999935739587910460e-02
2.999935739588082892e-02
2.999935739588107525e-02
2.999935739588242140e-02
2.999935739588198771e-02
2.999935739588035014e-02
2.999935739588229650e-02
2.999935739588158179e-02
2.999935739588068667e-02
2.999935739588374672e-02
2.999935739587882358e-02
2.999935739588226180e-02
2.999935739588194261e-02
2.999935739588235201e-02
2.999935739588039177e-02
2.999935739587938216e-02
2.999935739588181771e-02
2.999935739587968747e-02
2.999935739588191139e-02
2.999935739587888950e-02
2.999935739588090872e-02
2.999935739587804295e-02
2.999935739587848704e-02
2.999935739588070055e-02
2.999935739588066586e-02
2.999935739588080810e-02
2.999935739587843847e-02
2.999935739588230343e-02
2.999935739587806377e-02
2.999935739588273018e-02
2.999935739587919481e-02
2.999935739587926420e-02
2.999935739588006564e-02
2.999935739587880970e-02
2.999935739587951400e-02
2.999935739587757111e-02
2.999935739587956951e-02
2.999935739587893460e-02
2.999935739587961808e-02
2.999935739587952094e-02
2.999935739587962502e-02
2.999935739587875072e-02
2.999935739587932665e-02
2.999935739588091566e-02
2.999935739588122444e-02
2.999935739588038136e-02
2.999935739588099545e-02
2.999935739587847316e-02
2.999935739587981237e-02
2.999935739588130076e-02
2.999935739588035361e-02
2.999935739587946543e-02
2.999935739587996503e-02
2.999935739588042299e-02
2.999935739588013156e-02
2.999935739587851133e-02
2.999935739588027381e-02
2.999935739587853561e-02
2.999935739587999278e-02
2.999935739588125219e-02
2.999935739587995115e-02
2.999935739587932318e-02
2.999935739587966319e-02
2.999935739588011074e-02
2.999935739587936134e-02
2.999935739587729702e-02
2.999935739587970135e-02
2.999935739587944461e-02
2.999935739588053402e-02
2.999935739588079769e-02
2.999935739587868133e-02
2.999935739587982625e-02
2.999935739587937522e-02
2.999935739587880970e-02
2.999935739588050626e-02
2.999935739587928502e-02
2.999935739587952788e-02
2.999935739587857725e-02
2.999935739587973951e-02
2.999935739588049585e-02
2.999935739588008646e-02
2.999935739587851480e-02
2.999935739587992339e-02
2.999935739587832745e-02
2.999935739588163730e-02
2.999935739588092259e-02
2.999935739587950706e-02
2.999935739588010727e-02
2.999935739587991645e-02
2.999935739588106831e-02
2.999935739587998237e-02
2.999935739587850092e-02
2.999935739587918787e-02
2.999935739588014544e-02
2.999935739587683906e-02
2.999935739587866051e-02
2.999935739587891725e-02
2.999935739588023564e-02
2.999935739587839684e-02
2.999935739587892419e-02
2.999935739588119321e-02
2.999935739587879582e-02
2.999935739587850092e-02
2.999935739588057218e-02
2.999935739587910460e-02
2.999935739587969788e-02
2.999935739587865011e-02
2.999935739587950359e-02
2.999935739587969788e-02
2.999935739587959033e-02
2.999935739587957645e-02
2.999935739587686334e-02
2.999935739587885480e-02
2.999935739587924338e-02
2.999935739587969788e-02
2.999935739588133893e-02
2.999935739587988176e-02
2.999935739588046810e-02
2.999935739587971870e-02
2.999935739587948624e-02
2.999935739588015238e-02
2.999935739587976727e-02
2.999935739587892419e-02
2.999935739587984013e-02
2.999935739587958686e-02
2.999935739588018013e-02
2.999935739587818173e-02
2.999935739588112382e-02
2.999935739587924338e-02
2.999935739587910460e-02
2.999935739588016279e-02
2.999935739587826500e-02
2.999935739587893807e-02
2.999935739587990952e-02
2.999935739587839337e-02
2.999935739587983319e-02
2.999935739587944808e-02
2.999935739587877848e-02
2.999935739587954175e-02
2.999935739587972910e-02
2.999935739587873684e-02
2.999935739587924685e-02
2.999935739588048891e-02
2.999935739588018013e-02
2.999935739587977074e-02
2.999935739588053749e-02
2.999935739587953482e-02
2.999935739587941685e-02
2.999935739587761274e-02
2.999935739587923644e-02
2.999935739587882705e-02
2.999935739587873337e-02
2.999935739588003442e-02
2.999935739587953482e-02
2.999935739587884093e-02
2.999935739587880623e-02
2.999935739587965972e-02
2.999935739587876113e-02
2.999935739587974992e-02
2.999935739587901093e-02
2.999935739587884093e-02
2.999935739587820949e-02
2.999935739587899358e-02
2.999935739588042299e-02
2.999935739587852868e-02
2.999935739587975686e-02
2.999935739587929195e-02
2.999935739587948624e-02
2.999935739587807765e-02
2.999935739587949318e-02
2.999935739587938216e-02
2.999935739587856684e-02
2.999935739588115158e-02
2.999935739587909420e-02
2.999935739587844541e-02
2.999935739587972910e-02
2.999935739587786254e-02
2.999935739587867439e-02
2.999935739588028422e-02
2.999935739587891725e-02
2.999935739587874378e-02
2.999935739587969441e-02
2.999935739587957645e-02
2.999935739587952441e-02
2.999935739587904215e-02
2.999935739587936134e-02
2.999935739588024258e-02
2.999935739587845929e-02
2.999935739587977768e-02
2.999935739587980890e-02
2.999935739588006217e-02
2.999935739588014544e-02
2.999935739587952441e-02
2.999935739587858072e-02
2.999935739587947583e-02
2.999935739587870909e-02
2.999935739587955563e-02
2.999935739587848010e-02
2.999935739588056177e-02
2.999935739587970135e-02
2.999935739587908032e-02
2.999935739587861194e-02
2.999935739587871603e-02
2.999935739587858419e-02
2.999935739587956257e-02
2.999935739587931971e-02
2.999935739587820255e-02
2.999935739587786948e-02
2.999935739587829622e-02
2.999935739587928848e-02
2.999935739587911154e-02
2.999935739587956951e-02
2.999935739587874725e-02
2.999935739587885827e-02
2.999935739587994768e-02
2.999935739587816785e-02
2.999935739587837602e-02
2.999935739587864664e-02
2.999935739587829622e-02
2.999935739587938216e-02
2.999935739587950012e-02
2.999935739587931971e-02
2.999935739587918440e-02
2.999935739587992339e-02
2.999935739587910807e-02
2.999935739587901787e-02
2.999935739587977074e-02
2.999935739587860153e-02
2.999935739587836561e-02
2.999935739587899705e-02
2.999935739587820255e-02
2.999935739588000666e-02
2.999935739587966665e-02
2.999935739587959033e-02
2.999935739587948624e-02
2.999935739587862582e-02
2.999935739587976380e-02
2.999935739587883052e-02
2.999935739587877501e-02
2.999935739587900052e-02
2.999935739587860500e-02
2.999935739587923991e-02
2.999935739587891032e-02
2.999935739587802908e-02
2.999935739587869521e-02
2.999935739587954869e-02
2.999935739587789377e-02
2.999935739587963890e-02
2.999935739587921216e-02
2.999935739587844541e-02
2.999935739587928155e-02
2.999935739587829622e-02
2.999935739587874378e-02
2.999935739587893113e-02
2.999935739587818520e-02
2.999935739587977074e-02
2.999935739587982625e-02
2.999935739587951400e-02
2.999935739587858072e-02
2.999935739587959380e-02
2.999935739587949665e-02
2.999935739587906644e-02
2.999935739587880623e-02
2.999935739587954175e-02
2.999935739587849398e-02
2.999935739587969094e-02
2.999935739587884787e-02
2.999935739587798744e-02
2.999935739587901440e-02
2.999935739587979155e-02
2.999935739587853908e-02
2.999935739587756764e-02
2.999935739587878195e-02
2.999935739587836214e-02
2.999935739587828581e-02
2.999935739587931971e-02
2.999935739587838990e-02
2.999935739587792499e-02
2.999935739587953482e-02
2.999935739587908032e-02
2.999935739587988176e-02
2.999935739587921563e-02
2.999935739587867092e-02
2.999935739587887562e-02
2.999935739587836214e-02
2.999935739587858766e-02
2.999935739587882011e-02
2.999935739587987482e-02
2.999935739587876113e-02
2.999935739587855643e-02
2.999935739587862582e-02
2.999935739587886174e-02
2.999935739587879235e-02
2.999935739587939951e-02
2.999935739587884093e-02
2.999935739587805336e-02
2.999935739587784173e-02
2.999935739587777581e-02
2.999935739587867092e-02
2.999935739587881664e-02
2.999935739587834826e-02
2.999935739587886174e-02
2.999935739587848357e-02
2.999935739587917399e-02
2.999935739587895195e-02
2.999935739587928502e-02
2.999935739587865705e-02
2.999935739587879929e-02
2.999935739587871950e-02
2.999935739587901440e-02
2.999935739587899358e-02
2.999935739587887215e-02
2.999935739587879235e-02
2.999935739587882358e-02
2.999935739587896583e-02
2.999935739587881317e-02
2.999935739587866051e-02
2.999935739587882011e-02
2.999935739587867092e-02
2.999935739587909073e-02
2.999935739587892072e-02
2.999935739587883399e-02
2.999935739587843847e-02
2.999935739587914624e-02
2.999935739587893113e-02
2.999935739587891032e-02
2.999935739587843847e-02
2.999935739587857378e-02
2.999935739587866745e-02
2.999935739587897277e-02
2.999935739587833439e-02
2.999935739587861541e-02
2.999935739587888950e-02
2.999935739587862582e-02
2.999935739587879929e-02
2.999935739587862582e-02
2.999935739587874725e-02
2.999935739587829275e-02
2.999935739587849398e-02
2.999935739587870215e-02
2.999935739587894501e-02
2.999935739587844541e-02
2.999935739587884093e-02
2.999935739587882358e-02
2.999935739587869174e-02
2.999935739587863970e-02
2.999935739587859806e-02
2.999935739587894501e-02
2.999935739587880970e-02
2.999935739587893460e-02
2.999935739587888950e-02
2.999935739587850786e-02
2.999935739587896236e-02
2.999935739587872990e-02
2.999935739587885480e-02
2.999935739587866745e-02
2.999935739587887562e-02
2.999935739587912542e-02
2.999935739587885480e-02
2.999935739587859460e-02
2.999935739587852868e-02
2.999935739587900052e-02
2.999935739587869521e-02
2.999935739587896583e-02
2.999935739587866398e-02
2.999935739587885480e-02
2.999935739587884787e-02
2.999935739587917399e-02
2.999935739587886174e-02
2.999935739587895542e-02
2.999935739587882705e-02
2.999935739587895889e-02
2.999935739587892419e-02
2.999935739587897277e-02
2.999935739587915318e-02
2.999935739587889644e-02
2.999935739587899705e-02
2.999935739587897277e-02
2.999935739587902828e-02
2.999935739587886174e-02
2.999935739587891032e-02
2.999935739587883746e-02
2.999935739587890338e-02
2.999935739587887215e-02
2.999935739587886868e-02
2.999935739587908032e-02
2.999935739587893807e-02
2.999935739587904909e-02
2.999935739587900399e-02
2.999935739587892419e-02
2.999935739587893807e-02
2.999935739587897277e-02
2.999935739587902134e-02
2.999935739587900399e-02
2.999935739587897970e-02
2.999935739587890338e-02
2.999935739587896583e-02
2.999935739587895542e-02
2.999935739587903868e-02
2.999935739587891725e-02
2.999935739587897623e-02
2.999935739587905256e-02
2.999935739587903868e-02
2.999935739587897623e-02
2.999935739587909073e-02
2.999935739587905603e-02
2.999935739587908379e-02
2.999935739587904909e-02
2.999935739587907338e-02
2.999935739587905950e-02
2.999935739587909420e-02
2.999935739587908726e-02
2.999935739587909073e-02
2.999935739587910113e-02
2.999935739587910807e-02
2.999935739587913583e-02
2.999935739587913583e-02
2.999935739587915665e-02
2.999935739587915318e-02
2.999935739587916012e-02
2.999935739587916358e-02
2.999935739587916705e-02
2.999935739587917399e-02
2.999935739587917746e-02
2.999935739587918440e-02
2.999935739587918440e-02
2.999935739587919481e-02
2.999935739587919134e-02
2.999935739587920869e-02
2.999935739587921563e-02
2.999935739587921563e-02
2.999935739587921563e-02
2.999935739587922257e-02
2.999935739587922950e-02
2.999935739587924338e-02
2.999935739587924685e-02
2.999935739587925379e-02
2.999935739587926767e-02
2.999935739587928155e-02
2.999935739587928848e-02
2.999935739587930236e-02
2.999935739587930583e-02
2.999935739587931624e-02
2.999935739587934053e-02
2.999935739587934053e-02
2.999935739587934053e-02
2.999935739587934747e-02
2.999935739587936828e-02
2.999935739587936134e-02
2.999935739587938563e-02
2.999935739587938563e-02
2.999935739587939604e-02
2.999935739587938563e-02
2.999935739587937869e-02
2.999935739587937522e-02
2.999935739587939951e-02
2.999935739587939604e-02
2.999935739587945155e-02
2.999935739587940645e-02
2.999935739587944808e-02
2.999935739587945155e-02
2.999935739587951747e-02
2.999935739587943767e-02
2.999935739587946890e-02
2.999935739587940992e-02
2.999935739587951747e-02
2.999935739587946543e-02
2.999935739587944114e-02
2.999935739587948277e-02
2.999935739587946196e-02
2.999935739587954522e-02
2.999935739587963196e-02
2.999935739587955563e-02
2.999935739587955910e-02
2.999935739587947930e-02
2.999935739587951747e-02
2.999935739587948624e-02
2.999935739587941685e-02
2.999935739587952441e-02
2.999935739587962849e-02
2.999935739587972910e-02
2.999935739587966665e-02
2.999935739587959033e-02
2.999935739587965972e-02
2.999935739587952788e-02
2.999935739587957645e-02
2.999935739587940298e-02
2.999935739587955910e-02
2.999935739587968400e-02
2.999935739587979155e-02
2.999935739587949318e-02
2.999935739587971523e-02
2.999935739587970135e-02
2.999935739587963543e-02
2.999935739587977768e-02
2.999935739587982972e-02
2.999935739587970482e-02
2.999935739587952788e-02
2.999935739587978462e-02
2.999935739587992686e-02
2.999935739587967012e-02
2.999935739587963890e-02
2.999935739587986441e-02
2.999935739587991299e-02
2.999935739587961114e-02
2.999935739587996503e-02
2.999935739587963890e-02
2.999935739587956951e-02
2.999935739587996850e-02
2.999935739587959033e-02
2.999935739588006911e-02
2.999935739587992339e-02
2.999935739587957992e-02
2.999935739587998931e-02
2.999935739587998584e-02
2.999935739587959727e-02
2.999935739587988523e-02
2.999935739587983319e-02
2.999935739587999972e-02
2.999935739587999972e-02
2.999935739587987482e-02
2.999935739587972910e-02
2.999935739587980543e-02
2.999935739587945502e-02
2.999935739587968053e-02
2.999935739588016625e-02
2.999935739588004829e-02
2.999935739588005870e-02
2.999935739587972217e-02
2.999935739587981237e-02
2.999935739587996156e-02
2.999935739587989217e-02
2.999935739587961461e-02
2.999935739588025993e-02
2.999935739588001013e-02
2.999935739587960420e-02
2.999935739587968747e-02
2.999935739587972564e-02
2.999935739588020095e-02
2.999935739587965972e-02
2.999935739587972217e-02
2.999935739587965278e-02
2.999935739588027034e-02
2.999935739587984013e-02
2.999935739587966319e-02
2.999935739587980543e-02
2.999935739587995115e-02
2.999935739588020789e-02
2.999935739588031891e-02
2.999935739588002054e-02
2.999935739588008993e-02
2.999935739588034667e-02
2.999935739588059647e-02
2.999935739587979155e-02
2.999935739588006217e-02
2.999935739588022177e-02
2.999935739587947930e-02
2.999935739587993727e-02
2.999935739588099892e-02
2.999935739588033626e-02
2.999935739587997890e-02
2.999935739588050626e-02
2.999935739588096423e-02
2.999935739587998584e-02
2.999935739588032585e-02
2.999935739588028422e-02
2.999935739588097811e-02
2.999935739588013503e-02
2.999935739588056524e-02
2.999935739587999278e-02
2.999935739588010727e-02
2.999935739588051320e-02
2.999935739588036748e-02
2.999935739587988523e-02
2.999935739588087749e-02
2.999935739588031891e-02
2.999935739588100239e-02
2.999935739587952441e-02
2.999935739588031544e-02
2.999935739588066586e-02
2.999935739588082892e-02
2.999935739588005523e-02
2.999935739588050973e-02
2.999935739587930236e-02
2.999935739588029115e-02
2.999935739588015238e-02
2.999935739588126954e-02
2.999935739587984360e-02
2.999935739587962849e-02
2.999935739587927114e-02
2.999935739587993380e-02
2.999935739587995115e-02
2.999935739588066586e-02
2.999935739588109607e-02
2.999935739588028422e-02
2.999935739587977421e-02
2.999935739588058606e-02
2.999935739588069361e-02
2.999935739588052708e-02
2.999935739588025646e-02
2.999935739588077341e-02
2.999935739588098157e-02
2.999935739588009340e-02
2.999935739588115852e-02
2.999935739588047851e-02
2.999935739588054096e-02
2.999935739588112729e-02
2.999935739588166506e-02
2.999935739588064157e-02
2.999935739587999972e-02
2.999935739588056871e-02
2.999935739588007952e-02
2.999935739588096076e-02
2.999935739588038136e-02
2.999935739587969788e-02
2.999935739588092606e-02
2.999935739587970829e-02
2.999935739588049238e-02
2.999935739588030503e-02
2.999935739588018013e-02
2.999935739588051667e-02
2.999935739588208833e-02
2.999935739588028075e-02
2.999935739588070402e-02
2.999935739588104056e-02
2.999935739588079769e-02
2.999935739587995809e-02
2.999935739587999278e-02
2.999935739588021483e-02
2.999935739588010034e-02
2.999935739588151240e-02
2.999935739588058259e-02
2.999935739588095382e-02
2.999935739587981584e-02
2.999935739588155056e-02
2.999935739587936828e-02
2.999935739588124872e-02
2.999935739588081504e-02
2.999935739588131464e-02
2.999935739588088096e-02
2.999935739587960420e-02
2.999935739588084974e-02
2.999935739588163036e-02
2.999935739587968747e-02
2.999935739588168240e-02
2.999935739588037442e-02
2.999935739588045075e-02
2.999935739588113076e-02
2.999935739588164771e-02
2.999935739587987829e-02
2.999935739588040218e-02
2.999935739588068320e-02
2.999935739588062769e-02
2.999935739588222017e-02
2.999935739588064851e-02
2.999935739588027381e-02
2.999935739588142566e-02
2.999935739588113076e-02
2.999935739588087402e-02
2.999935739588022177e-02
2.999935739588085667e-02
2.999935739588091566e-02
2.999935739588136321e-02
2.999935739588025993e-02
2.999935739588055136e-02
2.999935739588113423e-02
2.999935739588105096e-02
2.999935739588088443e-02
2.999935739588062422e-02
2.999935739588218547e-02
2.999935739588133199e-02
2.999935739588172751e-02
2.999935739588184547e-02
2.999935739588149852e-02
2.999935739588008993e-02
2.999935739588098157e-02
2.999935739587981931e-02
2.999935739588115852e-02
2.999935739588065892e-02
2.999935739588020789e-02
2.999935739588184547e-02
2.999935739588222711e-02
2.999935739588140832e-02
2.999935739588061728e-02
2.999935739588056177e-02
2.999935739588148118e-02
2.999935739588137015e-02
2.999935739588085321e-02
2.999935739588154709e-02
2.999935739588062075e-02
2.999935739588157832e-02
2.999935739588067973e-02
2.999935739588051320e-02
2.999935739588079769e-02
2.999935739588241446e-02
2.999935739588204670e-02
2.999935739588043687e-02
2.999935739588016972e-02
2.999935739588120709e-02
2.999935739588152281e-02
2.999935739588202588e-02
2.999935739588122791e-02
2.999935739588151240e-02
2.999935739588253242e-02
2.999935739588134240e-02
2.999935739588040218e-02
2.999935739588120709e-02
2.999935739588148464e-02
2.999935739588204670e-02
2.999935739588108913e-02
2.999935739588176914e-02
2.999935739588001360e-02
2.999935739588227221e-02
2.999935739588230343e-02
2.999935739588108913e-02
2.999935739588159567e-02
2.999935739588200506e-02
2.999935739588131464e-02
2.999935739588197037e-02
2.999935739588144301e-02
2.999935739588168587e-02
2.999935739588297998e-02
2.999935739588166506e-02
2.999935739588209527e-02
2.999935739588270242e-02
2.999935739588193567e-02
2.999935739588131811e-02
2.999935739588233813e-02
2.999935739588079076e-02
2.999935739588138056e-02
2.999935739588167893e-02
2.999935739588090872e-02
2.999935739588130076e-02
2.999935739588165812e-02
2.999935739588287242e-02
2.999935739588283079e-02
2.999935739588106484e-02
2.999935739588245262e-02
2.999935739588215078e-02
2.999935739588006911e-02
2.999935739588087402e-02
2.999935739588199812e-02
2.999935739588329917e-02
2.999935739588184547e-02
2.999935739588021830e-02
2.999935739588158179e-02
2.999935739588224445e-02
2.999935739588172057e-02
2.999935739588140832e-02
2.999935739588086708e-02
2.999935739588073524e-02
2.999935739588245609e-02
2.999935739588338937e-02
2.999935739588334427e-02
2.999935739588115852e-02
2.999935739588277528e-02
2.999935739588105443e-02
2.999935739588329223e-02
2.999935739588187322e-02
2.999935739588118627e-02
2.999935739588227221e-02
2.999935739588193914e-02
2.999935739588248385e-02
2.999935739588208139e-02
2.999935739588326100e-02
2.999935739588456898e-02
2.999935739588108219e-02
2.999935739588192180e-02
2.999935739588396183e-02
2.999935739588053055e-02
2.999935739588345876e-02
2.999935739588202588e-02
2.999935739588392020e-02
2.999935739588206057e-02
2.999935739588199118e-02
2.999935739588289324e-02
2.999935739588238670e-02
2.999935739588253936e-02
2.999935739588305977e-02
2.999935739588310835e-02
2.999935739588237976e-02
2.999935739588140138e-02
2.999935739588267813e-02
2.999935739588298345e-02
2.999935739588402428e-02
2.999935739588251854e-02
2.999935739588252201e-02
2.999935739588337202e-02
2.999935739588255323e-02
2.999935739588177261e-02
2.999935739588288283e-02
2.999935739588233813e-02
2.999935739588280650e-02
2.999935739588478409e-02
2.999935739588487082e-02
2.999935739588142219e-02
2.999935739588286548e-02
2.999935739588198425e-02
2.999935739588178649e-02
2.999935739588256364e-02
2.999935739588294181e-02
2.999935739588131464e-02
2.999935739588142219e-02
2.999935739588303896e-02
2.999935739588220282e-02
2.999935739588232425e-02
2.999935739588278222e-02
2.999935739588206751e-02
2.999935739588336508e-02
2.999935739588241446e-02
2.999935739588294181e-02
2.999935739588185241e-02
2.999935739588122097e-02
2.999935739588188710e-02
2.999935739588325753e-02
2.999935739588241446e-02
2.999935739588327488e-02
2.999935739588358019e-02
2.999935739588286202e-02
2.999935739588301814e-02
2.999935739588253242e-02
2.999935739588324018e-02
2.999935739588280303e-02
2.999935739588421510e-02
2.999935739588471123e-02
2.999935739588396183e-02
2.999935739588379530e-02
2.999935739588258793e-02
2.999935739588277181e-02
2.999935739588359407e-02
2.999935739588403122e-02
2.999935739588162342e-02
2.999935739588461062e-02
2.999935739588312916e-02
2.999935739588156791e-02
2.999935739588138403e-02
2.999935739588100933e-02
2.999935739588373632e-02
2.999935739588248385e-02
2.999935739588690392e-02
2.999935739588378142e-02
2.999935739588498185e-02
2.999935739588176914e-02
2.999935739588370509e-02
2.999935739588371550e-02
2.999935739588383693e-02
2.999935739588254630e-02
2.999935739588334080e-02
2.999935739588209180e-02
2.999935739588512409e-02
2.999935739588031197e-02
2.999935739588275446e-02
2.999935739588326100e-02
2.999935739588780598e-02
2.999935739588051320e-02
2.999935739588362876e-02
2.999935739588204670e-02
2.999935739588270589e-02
2.999935739588197731e-02
2.999935739588178996e-02
2.999935739588384040e-02
2.999935739588359407e-02
2.999935739588379530e-02
2.999935739588557859e-02
2.999935739588404510e-02
2.999935739588188016e-02
2.999935739588325406e-02
2.999935739588262609e-02
2.999935739588486736e-02
2.999935739588018360e-02
2.999935739588594982e-02
2.999935739588380224e-02
2.999935739588732025e-02
2.999935739588259140e-02
2.999935739588211608e-02
2.999935739588390979e-02
2.999935739588759087e-02
2.999935739588626901e-02
2.999935739588224098e-02
2.999935739588555778e-02
2.999935739588127648e-02
2.999935739588503736e-02
2.999935739588277528e-02
2.999935739588460715e-02
2.999935739588337549e-02
2.999935739588383693e-02
2.999935739588113076e-02
2.999935739588186281e-02
2.999935739588289324e-02
2.999935739588641473e-02
2.999935739588279610e-02
2.999935739588149158e-02
2.999935739588574860e-02
2.999935739588126260e-02
2.999935739588466960e-02
2.999935739588512409e-02
2.999935739588378836e-02
2.999935739588413530e-02
2.999935739588126260e-02
2.999935739588223405e-02
2.999935739588686923e-02
2.999935739588219935e-02
2.999935739588595329e-02
2.999935739588415959e-02
2.999935739587998237e-02
2.999935739588028075e-02
2.999935739588291753e-02
2.999935739588438163e-02
2.999935739588548145e-02
2.999935739588409367e-02
2.999935739588388897e-02
2.999935739588542941e-02
2.999935739588509287e-02
2.999935739588490552e-02
2.999935739588269201e-02
2.999935739588408326e-02
2.999935739588329223e-02
2.999935739588440939e-02
2.999935739588626554e-02
2.999935739588357672e-02
2.999935739588446490e-02
2.999935739587984013e-02
2.999935739588088790e-02
2.999935739588131811e-02
2.999935739588732025e-02
2.999935739588168240e-02
