2.999935021184901504e-02
2.999935021184738440e-02
2.999935021184670439e-02
2.999935021184731154e-02
2.999935021184562539e-02
2.999935021184280820e-02
2.999935021184332168e-02
2.999935021184714501e-02
2.999935021184744685e-02
2.999935021184556641e-02
2.999935021184865769e-02
2.999935021184610071e-02
2.999935021184573294e-02
2.999935021184623254e-02
2.999935021184730460e-02
2.999935021184714154e-02
2.999935021184360617e-02
2.999935021184766543e-02
2.999935021184426190e-02
2.999935021184205533e-02
2.999935021184655520e-02
2.999935021184399128e-02
2.999935021184250636e-02
2.999935021184759951e-02
2.999935021184787012e-02
2.999935021184577458e-02
2.999935021184665582e-02
2.999935021184855014e-02
2.999935021184793604e-02
2.999935021184674949e-02
2.999935021184522987e-02
2.999935021184484130e-02
2.999935021184654826e-02
2.999935021184677031e-02
2.999935021184734624e-02
2.999935021184679113e-02
2.999935021184845993e-02
2.999935021185089201e-02
2.999935021184698195e-02
2.999935021184695072e-02
2.999935021184874095e-02
2.999935021184608336e-02
2.999935021184660031e-02
2.999935021184955281e-02
2.999935021184808870e-02
2.999935021184591336e-02
2.999935021184636438e-02
2.999935021184635051e-02
2.999935021184629846e-02
2.999935021184884157e-02
2.999935021184663500e-02
2.999935021184670092e-02
2.999935021184468170e-02
2.999935021184970546e-02
2.999935021184236064e-02
2.999935021184853973e-02
2.999935021184414047e-02
2.999935021184724909e-02
2.999935021184661765e-02
2.999935021184399475e-02
2.999935021184637132e-02
2.999935021184504946e-02
2.999935021184287065e-02
2.999935021184640255e-02
2.999935021184304412e-02
2.999935021184598621e-02
2.999935021184522640e-02
2.999935021184527845e-02
2.999935021184723521e-02
2.999935021184625336e-02
2.999935021184606601e-02
2.999935021184721440e-02
2.999935021184563927e-02
2.999935021184507028e-02
2.999935021184846340e-02
2.999935021184790829e-02
2.999935021184890055e-02
2.999935021184660378e-02
2.999935021184550049e-02
2.999935021184584744e-02
2.999935021184763073e-02
2.999935021184532355e-02
2.999935021184690215e-02
2.999935021184468170e-02
2.999935021184779380e-02
2.999935021184559417e-02
2.999935021184631928e-02
2.999935021184615969e-02
2.999935021184662112e-02
2.999935021184782155e-02
2.999935021184791870e-02
2.999935021184346393e-02
2.999935021184582315e-02
2.999935021184540682e-02
2.999935021184634704e-02
2.999935021184647888e-02
2.999935021184776604e-02
2.999935021184733236e-02
2.999935021184697848e-02
2.999935021184651704e-02
2.999935021184545886e-02
2.999935021184768624e-02
2.999935021184534437e-02
2.999935021184742256e-02
2.999935021184720052e-02
2.999935021184715889e-02
2.999935021184580580e-02
2.999935021184658296e-02
2.999935021184641989e-02
2.999935021184714501e-02
2.999935021184600009e-02
2.999935021184531314e-02
2.999935021184559764e-02
2.999935021184566702e-02
2.999935021184581274e-02
2.999935021184618050e-02
2.999935021184495926e-02
2.999935021184642336e-02
2.999935021184622214e-02
2.999935021184746420e-02
2.999935021184529232e-02
2.999935021184569478e-02
2.999935021184628459e-02
2.999935021184479272e-02
2.999935021184605907e-02
2.999935021184722828e-02
2.999935021184729073e-02
2.999935021184436598e-02
2.999935021184643724e-02
2.999935021184706174e-02
2.999935021184430700e-02
2.999935021184794992e-02
2.999935021184601397e-02
2.999935021184643030e-02
2.999935021184615275e-02
2.999935021184609030e-02
2.999935021184520212e-02
2.999935021184661418e-02
2.999935021184804013e-02
2.999935021184720399e-02
2.999935021184704786e-02
2.999935021184615969e-02
2.999935021184452905e-02
2.999935021184596887e-02
2.999935021184643724e-02
2.999935021184593764e-02
2.999935021184566009e-02
2.999935021184772441e-02
2.999935021184577458e-02
2.999935021184469558e-02
2.999935021184649275e-02
2.999935021184513620e-02
2.999935021184640255e-02
2.999935021184598274e-02
2.999935021184605213e-02
2.999935021184607642e-02
2.999935021184814421e-02
2.999935021184707562e-02
2.999935021184541029e-02
2.999935021184662459e-02
2.999935021184721440e-02
2.999935021184554559e-02
2.999935021184582662e-02
2.999935021184567396e-02
2.999935021184702705e-02
2.999935021184603132e-02
2.999935021184524375e-02
2.999935021184584744e-02
2.999935021184669398e-02
2.999935021184516742e-02
2.999935021184689521e-02
2.999935021184417516e-02
2.999935021184672521e-02
2.999935021184562539e-02
2.999935021184473721e-02
2.999935021184609030e-02
2.999935021184568090e-02
2.999935021184654133e-02
2.999935021184665929e-02
2.999935021184591682e-02
2.999935021184573641e-02
2.999935021184470946e-02
2.999935021184563233e-02
2.999935021184568784e-02
2.999935021184452211e-02
2.999935021184560804e-02
2.999935021184473721e-02
2.999935021184668010e-02
2.999935021184539641e-02
2.999935021184766543e-02
2.999935021184628459e-02
2.999935021184550049e-02
2.999935021184599315e-02
2.999935021184553519e-02
2.999935021184517783e-02
2.999935021184568784e-02
2.999935021184681194e-02
2.999935021184595846e-02
2.999935021184503559e-02
2.999935021184618744e-02
2.999935021184440415e-02
2.999935021184784931e-02
2.999935021184708950e-02
2.999935021184328005e-02
2.999935021184650663e-02
2.999935021184457415e-02
2.999935021184601744e-02
2.999935021184671480e-02
2.999935021184566356e-02
2.999935021184640949e-02
2.999935021184577111e-02
2.999935021184559070e-02
2.999935021184498701e-02
2.999935021184525763e-02
2.999935021184620826e-02
2.999935021184538947e-02
2.999935021184651357e-02
2.999935021184618050e-02
2.999935021184494538e-02
2.999935021184647888e-02
2.999935021184591682e-02
2.999935021184561845e-02
2.999935021184549355e-02
2.999935021184493844e-02
2.999935021184541722e-02
2.999935021184484130e-02
2.999935021184530620e-02
2.999935021184537559e-02
2.999935021184530967e-02
2.999935021184652051e-02
2.999935021184714501e-02
2.999935021184506334e-02
2.999935021184524375e-02
2.999935021184621520e-02
2.999935021184607295e-02
2.999935021184608336e-02
2.999935021184634357e-02
2.999935021184529579e-02
2.999935021184596540e-02
2.999935021184481354e-02
2.999935021184566009e-02
2.999935021184610764e-02
2.999935021184585437e-02
2.999935021184560804e-02
2.999935021184545192e-02
2.999935021184491069e-02
2.999935021184508416e-02
2.999935021184550049e-02
2.999935021184609030e-02
2.999935021184586131e-02
2.999935021184561845e-02
2.999935021184590642e-02
2.999935021184594458e-02
2.999935021184575029e-02
2.999935021184553866e-02
2.999935021184627418e-02
2.999935021184547274e-02
2.999935021184494538e-02
2.999935021184765849e-02
2.999935021184691950e-02
2.999935021184508763e-02
2.999935021184576417e-02
2.999935021184589601e-02
2.999935021184715889e-02
2.999935021184563580e-02
2.999935021184580580e-02
2.999935021184661418e-02
2.999935021184683970e-02
2.999935021184664194e-02
2.999935021184594111e-02
2.999935021184587866e-02
2.999935021184625336e-02
2.999935021184601050e-02
2.999935021184541029e-02
2.999935021184512926e-02
2.999935021184631234e-02
2.999935021184527845e-02
2.999935021184691256e-02
2.999935021184658643e-02
2.999935021184603132e-02
2.999935021184521600e-02
2.999935021184565662e-02
2.999935021184719011e-02
2.999935021184535131e-02
2.999935021184547967e-02
2.999935021184555947e-02
2.999935021184613193e-02
2.999935021184621173e-02
2.999935021184500783e-02
2.999935021184545192e-02
2.999935021184611805e-02
2.999935021184614928e-02
2.999935021184514314e-02
2.999935021184509457e-02
2.999935021184675296e-02
2.999935021184618744e-02
2.999935021184648234e-02
2.999935021184585437e-02
2.999935021184567049e-02
2.999935021184671480e-02
2.999935021184541722e-02
2.999935021184534784e-02
2.999935021184568437e-02
2.999935021184579886e-02
2.999935021184604519e-02
2.999935021184511885e-02
2.999935021184617356e-02
2.999935021184614581e-02
2.999935021184677725e-02
2.999935021184523334e-02
2.999935021184462272e-02
2.999935021184542069e-02
2.999935021184520212e-02
2.999935021184568784e-02
2.999935021184575376e-02
2.999935021184659684e-02
2.999935021184558029e-02
2.999935021184466782e-02
2.999935021184592376e-02
2.999935021184560111e-02
2.999935021184620479e-02
2.999935021184673561e-02
2.999935021184672868e-02
2.999935021184502865e-02
2.999935021184601050e-02
2.999935021184586131e-02
2.999935021184634704e-02
2.999935021184624295e-02
2.999935021184629846e-02
2.999935021184594458e-02
2.999935021184725950e-02
2.999935021184649275e-02
2.999935021184619785e-02
2.999935021184659684e-02
2.999935021184692643e-02
2.999935021184584050e-02
2.999935021184635398e-02
2.999935021184630193e-02
2.999935021184580580e-02
2.999935021184468864e-02
2.999935021184469558e-02
2.999935021184592376e-02
2.999935021184477885e-02
2.999935021184541029e-02
2.999935021184569478e-02
2.999935021184640949e-02
2.999935021184650663e-02
2.999935021184586131e-02
2.999935021184610071e-02
2.999935021184720052e-02
2.999935021184675643e-02
2.999935021184649275e-02
2.999935021184605907e-02
2.999935021184626377e-02
2.999935021184483089e-02
2.999935021184680153e-02
2.999935021184683276e-02
2.999935021184636785e-02
2.999935021184632622e-02
2.999935021184651010e-02
2.999935021184677378e-02
2.999935021184640255e-02
2.999935021184619785e-02
2.999935021184623948e-02
2.999935021184617009e-02
2.999935021184649622e-02
2.999935021184595152e-02
2.999935021184630540e-02
2.999935021184683970e-02
2.999935021184611111e-02
2.999935021184733930e-02
2.999935021184577805e-02
2.999935021184670786e-02
2.999935021184623601e-02
2.999935021184703399e-02
2.999935021184671827e-02
2.999935021184648928e-02
2.999935021184710685e-02
2.999935021184591682e-02
2.999935021184629846e-02
2.999935021184633316e-02
2.999935021184570866e-02
2.999935021184616663e-02
2.999935021184648928e-02
2.999935021184637479e-02
2.999935021184576764e-02
2.999935021184635398e-02
2.999935021184603479e-02
2.999935021184625683e-02
2.999935021184635398e-02
2.999935021184651704e-02
2.999935021184645806e-02
2.999935021184619438e-02
2.999935021184663153e-02
2.999935021184575376e-02
2.999935021184622908e-02
2.999935021184635398e-02
2.999935021184626030e-02
2.999935021184649622e-02
2.999935021184650663e-02
2.999935021184646500e-02
2.999935021184674949e-02
2.999935021184653092e-02
2.999935021184634010e-02
2.999935021184623601e-02
2.999935021184665929e-02
2.999935021184630540e-02
2.999935021184610417e-02
2.999935021184663847e-02
2.999935021184664194e-02
2.999935021184657602e-02
2.999935021184643724e-02
2.999935021184621520e-02
2.999935021184610417e-02
2.999935021184658643e-02
2.999935021184688827e-02
2.999935021184652745e-02
2.999935021184617356e-02
2.999935021184613193e-02
2.999935021184624295e-02
2.999935021184612499e-02
2.999935021184628112e-02
2.999935021184654133e-02
2.999935021184651704e-02
2.999935021184676337e-02
2.999935021184671480e-02
2.999935021184638173e-02
2.999935021184588907e-02
2.999935021184660378e-02
2.999935021184641643e-02
2.999935021184629846e-02
2.999935021184653439e-02
2.999935021184641989e-02
2.999935021184625683e-02
2.999935021184665929e-02
2.999935021184630193e-02
2.999935021184629153e-02
2.999935021184645806e-02
2.999935021184650663e-02
2.999935021184636091e-02
2.999935021184636091e-02
2.999935021184641643e-02
2.999935021184631928e-02
2.999935021184658296e-02
2.999935021184627418e-02
2.999935021184631234e-02
2.999935021184660724e-02
2.999935021184646500e-02
2.999935021184644418e-02
2.999935021184641643e-02
2.999935021184633316e-02
2.999935021184629846e-02
2.999935021184628112e-02
2.999935021184638867e-02
2.999935021184645806e-02
2.999935021184632969e-02
2.999935021184634704e-02
2.999935021184632275e-02
2.999935021184642336e-02
2.999935021184645112e-02
2.999935021184637826e-02
2.999935021184639561e-02
2.999935021184629846e-02
2.999935021184638867e-02
2.999935021184633316e-02
2.999935021184628806e-02
2.999935021184641296e-02
2.999935021184630887e-02
2.999935021184639214e-02
2.999935021184633316e-02
2.999935021184635051e-02
2.999935021184636438e-02
2.999935021184636091e-02
2.999935021184630540e-02
2.999935021184631928e-02
2.999935021184633663e-02
2.999935021184630540e-02
2.999935021184626377e-02
2.999935021184631928e-02
2.999935021184631581e-02
2.999935021184630540e-02
2.999935021184630887e-02
2.999935021184627765e-02
2.999935021184626377e-02
2.999935021184626724e-02
2.999935021184628806e-02
2.999935021184625336e-02
2.999935021184624295e-02
2.999935021184626030e-02
2.999935021184627071e-02
2.999935021184625336e-02
2.999935021184624295e-02
2.999935021184623254e-02
2.999935021184623601e-02
2.999935021184623254e-02
2.999935021184622214e-02
2.999935021184621867e-02
2.999935021184621867e-02
2.999935021184622908e-02
2.999935021184623601e-02
2.999935021184624295e-02
2.999935021184623254e-02
2.999935021184623254e-02
2.999935021184623601e-02
2.999935021184622561e-02
2.999935021184622908e-02
2.999935021184622908e-02
2.999935021184621867e-02
2.999935021184620826e-02
2.999935021184621173e-02
2.999935021184621173e-02
2.999935021184621867e-02
2.999935021184620826e-02
2.999935021184621520e-02
2.999935021184620826e-02
2.999935021184620826e-02
2.999935021184621173e-02
2.999935021184619438e-02
2.999935021184621520e-02
2.999935021184617703e-02
2.999935021184619438e-02
2.999935021184615275e-02
2.999935021184619091e-02
2.999935021184616663e-02
2.999935021184614928e-02
2.999935021184612846e-02
2.999935021184610417e-02
2.999935021184609030e-02
2.999935021184607989e-02
2.999935021184614928e-02
2.999935021184615275e-02
2.999935021184609724e-02
2.999935021184610417e-02
2.999935021184613887e-02
2.999935021184606254e-02
2.999935021184611458e-02
2.999935021184602438e-02
2.999935021184614581e-02
2.999935021184607989e-02
2.999935021184613887e-02
2.999935021184613887e-02
2.999935021184613540e-02
2.999935021184599315e-02
2.999935021184612499e-02
2.999935021184613887e-02
2.999935021184606948e-02
2.999935021184614928e-02
2.999935021184597927e-02
2.999935021184604519e-02
2.999935021184614581e-02
2.999935021184613540e-02
2.999935021184609030e-02
2.999935021184605560e-02
2.999935021184598621e-02
2.999935021184615275e-02
2.999935021184615969e-02
2.999935021184613540e-02
2.999935021184623254e-02
2.999935021184613193e-02
2.999935021184612499e-02
2.999935021184581274e-02
2.999935021184607642e-02
2.999935021184609724e-02
2.999935021184604172e-02
2.999935021184603479e-02
2.999935021184620826e-02
2.999935021184606948e-02
2.999935021184599315e-02
2.999935021184631928e-02
2.999935021184599662e-02
2.999935021184569825e-02
2.999935021184598621e-02
2.999935021184597927e-02
2.999935021184619438e-02
2.999935021184632622e-02
2.999935021184595152e-02
2.999935021184619091e-02
2.999935021184594111e-02
2.999935021184615275e-02
2.999935021184630540e-02
2.999935021184598621e-02
2.999935021184605560e-02
2.999935021184627071e-02
2.999935021184591682e-02
2.999935021184579192e-02
2.999935021184618397e-02
2.999935021184593070e-02
2.999935021184628806e-02
2.999935021184625336e-02
2.999935021184607642e-02
2.999935021184624989e-02
2.999935021184623948e-02
2.999935021184610071e-02
2.999935021184563580e-02
2.999935021184629153e-02
2.999935021184596540e-02
2.999935021184693684e-02
2.999935021184624989e-02
2.999935021184597927e-02
2.999935021184623948e-02
2.999935021184606948e-02
2.999935021184598968e-02
2.999935021184593417e-02
2.999935021184582315e-02
2.999935021184609724e-02
2.999935021184642683e-02
2.999935021184611805e-02
2.999935021184673908e-02
2.999935021184631928e-02
2.999935021184599315e-02
2.999935021184631928e-02
2.999935021184665235e-02
2.999935021184626377e-02
2.999935021184577111e-02
2.999935021184633316e-02
2.999935021184618744e-02
2.999935021184639561e-02
2.999935021184591336e-02
2.999935021184640255e-02
2.999935021184601744e-02
2.999935021184611111e-02
2.999935021184604519e-02
2.999935021184657255e-02
2.999935021184591682e-02
2.999935021184589254e-02
2.999935021184605560e-02
2.999935021184624642e-02
2.999935021184646500e-02
2.999935021184588213e-02
2.999935021184626724e-02
2.999935021184607642e-02
2.999935021184596193e-02
2.999935021184607642e-02
2.999935021184577111e-02
2.999935021184568784e-02
2.999935021184617356e-02
2.999935021184557335e-02
2.999935021184597927e-02
2.999935021184590295e-02
2.999935021184533396e-02
2.999935021184570172e-02
2.999935021184612846e-02
2.999935021184613887e-02
2.999935021184609724e-02
2.999935021184636438e-02
2.999935021184585091e-02
2.999935021184652051e-02
2.999935021184648928e-02
2.999935021184623601e-02
2.999935021184598621e-02
2.999935021184653439e-02
2.999935021184658990e-02
2.999935021184712766e-02
2.999935021184642683e-02
2.999935021184622561e-02
2.999935021184661071e-02
2.999935021184649622e-02
2.999935021184643030e-02
2.999935021184606254e-02
2.999935021184709644e-02
2.999935021184609030e-02
2.999935021184665582e-02
2.999935021184679806e-02
2.999935021184711378e-02
2.999935021184633316e-02
2.999935021184695766e-02
2.999935021184665929e-02
2.999935021184726297e-02
2.999935021184634357e-02
2.999935021184673561e-02
2.999935021184645459e-02
2.999935021184595152e-02
2.999935021184541722e-02
2.999935021184630540e-02
2.999935021184589254e-02
2.999935021184654133e-02
2.999935021184629846e-02
2.999935021184689868e-02
2.999935021184630540e-02
2.999935021184660378e-02
2.999935021184645112e-02
2.999935021184630540e-02
2.999935021184641296e-02
2.999935021184693684e-02
2.999935021184648928e-02
2.999935021184656561e-02
2.999935021184766890e-02
2.999935021184579886e-02
2.999935021184550396e-02
2.999935021184614581e-02
2.999935021184678766e-02
2.999935021184693684e-02
2.999935021184664194e-02
2.999935021184772094e-02
2.999935021184637826e-02
2.999935021184566009e-02
2.999935021184519518e-02
2.999935021184654133e-02
2.999935021184569478e-02
2.999935021184742256e-02
2.999935021184655173e-02
2.999935021184488987e-02
2.999935021184591682e-02
2.999935021184904974e-02
2.999935021184697848e-02
2.999935021184664888e-02
2.999935021184566356e-02
2.999935021184717623e-02
2.999935021184591682e-02
2.999935021184792910e-02
2.999935021184594458e-02
2.999935021184656214e-02
2.999935021184568784e-02
2.999935021184696113e-02
2.999935021184507375e-02
2.999935021184467129e-02
2.999935021184695766e-02
2.999935021184568784e-02
2.999935021184575723e-02
2.999935021184776257e-02
2.999935021184559417e-02
2.999935021184714848e-02
2.999935021184694378e-02
2.999935021184635051e-02
2.999935021184558029e-02
2.999935021184545192e-02
2.999935021184547621e-02
2.999935021184593417e-02
2.999935021184579192e-02
2.999935021184623948e-02
2.999935021184720746e-02
2.999935021184665235e-02
2.999935021184703052e-02
2.999935021184658990e-02
2.999935021184578846e-02
2.999935021184638867e-02
2.999935021184502171e-02
2.999935021184689868e-02
2.999935021184627071e-02
2.999935021184552825e-02
2.999935021184673908e-02
2.999935021184624989e-02
2.999935021184733583e-02
2.999935021184604866e-02
2.999935021184655520e-02
2.999935021184609030e-02
2.999935021184644765e-02
2.999935021184570866e-02
2.999935021184706868e-02
2.999935021184684317e-02
2.999935021184632622e-02
2.999935021184556988e-02
2.999935021184580580e-02
2.999935021184638520e-02
2.999935021184691256e-02
2.999935021184535477e-02
2.999935021184737399e-02
2.999935021184633316e-02
2.999935021184612499e-02
2.999935021184432782e-02
2.999935021184608336e-02
2.999935021184651704e-02
2.999935021184613193e-02
2.999935021184651357e-02
2.999935021184580580e-02
2.999935021184639908e-02
2.999935021184596540e-02
2.999935021184607295e-02
2.999935021184666623e-02
2.999935021184567396e-02
2.999935021184585437e-02
2.999935021184463313e-02
2.999935021184586825e-02
2.999935021184603479e-02
2.999935021184557682e-02
2.999935021184683623e-02
2.999935021184609724e-02
2.999935021184711378e-02
2.999935021184640949e-02
2.999935021184671480e-02
2.999935021184654479e-02
2.999935021184643724e-02
2.999935021184521947e-02
2.999935021184579192e-02
2.999935021184785972e-02
2.999935021184509457e-02
2.999935021184593070e-02
2.999935021184513273e-02
2.999935021184666969e-02
2.999935021184529232e-02
2.999935021184695419e-02
2.999935021184671480e-02
2.999935021184624642e-02
2.999935021184654826e-02
2.999935021184514661e-02
2.999935021184574335e-02
2.999935021184590642e-02
2.999935021184561845e-02
2.999935021184561845e-02
2.999935021184666276e-02
2.999935021184466089e-02
2.999935021184632969e-02
2.999935021184719358e-02
2.999935021184659684e-02
2.999935021184402251e-02
2.999935021184682582e-02
2.999935021184648581e-02
2.999935021184446660e-02
2.999935021184594458e-02
2.999935021184566702e-02
2.999935021184649275e-02
2.999935021184563233e-02
2.999935021184704093e-02
2.999935021184604866e-02
2.999935021184586825e-02
2.999935021184487252e-02
2.999935021184615622e-02
2.999935021184576417e-02
2.999935021184670092e-02
2.999935021184707562e-02
2.999935021184690909e-02
2.999935021184473721e-02
2.999935021184474762e-02
2.999935021184577805e-02
2.999935021184703052e-02
2.999935021184498007e-02
2.999935021184676337e-02
2.999935021184518130e-02
2.999935021184490375e-02
2.999935021184726297e-02
2.999935021184415435e-02
2.999935021184698888e-02
2.999935021184597234e-02
2.999935021184593070e-02
2.999935021184554906e-02
2.999935021184590989e-02
2.999935021184590989e-02
2.999935021184624989e-02
2.999935021184578152e-02
2.999935021184606948e-02
2.999935021184489681e-02
2.999935021184562539e-02
2.999935021184550049e-02
2.999935021184562539e-02
2.999935021184640255e-02
2.999935021184542416e-02
2.999935021184546580e-02
2.999935021184618397e-02
2.999935021184597927e-02
2.999935021184701317e-02
2.999935021184513620e-02
2.999935021184631928e-02
2.999935021184681541e-02
2.999935021184573641e-02
2.999935021184580927e-02
2.999935021184650316e-02
2.999935021184616663e-02
2.999935021184641643e-02
2.999935021184708950e-02
2.999935021184701317e-02
2.999935021184792910e-02
2.999935021184470946e-02
2.999935021184413353e-02
2.999935021184570172e-02
2.999935021184583703e-02
2.999935021184513273e-02
2.999935021184516049e-02
2.999935021184562539e-02
2.999935021184624295e-02
2.999935021184607642e-02
2.999935021184524028e-02
2.999935021184606601e-02
2.999935021184619438e-02
2.999935021184579886e-02
2.999935021184485517e-02
2.999935021184545886e-02
2.999935021184513273e-02
2.999935021184572947e-02
2.999935021184494538e-02
2.999935021184637479e-02
2.999935021184639561e-02
2.999935021184516049e-02
2.999935021184706174e-02
2.999935021184540335e-02
2.999935021184649275e-02
2.999935021184744338e-02
2.999935021184688480e-02
2.999935021184617356e-02
2.999935021184474415e-02
2.999935021184437986e-02
2.999935021184464007e-02
2.999935021184582315e-02
2.999935021184718664e-02
2.999935021184733930e-02
2.999935021184733236e-02
2.999935021184439721e-02
2.999935021184649275e-02
2.999935021184760298e-02
2.999935021184536865e-02
2.999935021184555600e-02
2.999935021184727338e-02
2.999935021184558376e-02
2.999935021184290188e-02
2.999935021184485864e-02
2.999935021184553519e-02
2.999935021184557682e-02
2.999935021184553172e-02
2.999935021184570172e-02
2.999935021184786318e-02
2.999935021184514314e-02
2.999935021184511885e-02
2.999935021184761685e-02
2.999935021184314821e-02
2.999935021184847728e-02
2.999935021184590295e-02
2.999935021184818584e-02
2.999935021184513620e-02
2.999935021184741563e-02
2.999935021184400516e-02
2.999935021184540335e-02
2.999935021184635051e-02
2.999935021184450129e-02
2.999935021184681541e-02
2.999935021184683970e-02
2.999935021184365128e-02
2.999935021184201717e-02
2.999935021184496273e-02
2.999935021184276657e-02
2.999935021184190614e-02
2.999935021184645112e-02
2.999935021184492456e-02
2.999935021184395312e-02
2.999935021184704440e-02
2.999935021184874095e-02
2.999935021184554906e-02
2.999935021184511885e-02
2.999935021184402251e-02
2.999935021184581621e-02
2.999935021184650663e-02
2.999935021184589948e-02
2.999935021184613887e-02
2.999935021184742256e-02
2.999935021184708950e-02
2.999935021184393924e-02
2.999935021184599315e-02
2.999935021184723521e-02
2.999935021184728726e-02
2.999935021184649969e-02
2.999935021184472334e-02
2.999935021184667316e-02
2.999935021184403638e-02
2.999935021184320025e-02
2.999935021184661071e-02
2.999935021184665235e-02
2.999935021184673908e-02
2.999935021184351597e-02
2.999935021184624989e-02
2.999935021184549702e-02
2.999935021184193043e-02
2.999935021184539641e-02
2.999935021184266248e-02
2.999935021184413353e-02
2.999935021184233983e-02
2.999935021184191308e-02
2.999935021184564621e-02
2.999935021184636785e-02
2.999935021184423761e-02
2.999935021184936546e-02
2.999935021184892137e-02
2.999935021184595846e-02
2.999935021184777645e-02
2.999935021184552825e-02
2.999935021184604866e-02
2.999935021184573988e-02
2.999935021184587172e-02
2.999935021184676684e-02
2.999935021184800890e-02
2.999935021184489681e-02
2.999935021184310657e-02
2.999935021184510844e-02
2.999935021184763420e-02
2.999935021184493497e-02
2.999935021185078793e-02
2.999935021184435210e-02
2.999935021184570519e-02
2.999935021184267289e-02
2.999935021184606254e-02
2.999935021184669398e-02
2.999935021184589254e-02
2.999935021184638520e-02
2.999935021184757869e-02
2.999935021184482742e-02
2.999935021184216288e-02
2.999935021184668704e-02
2.999935021184413353e-02
2.999935021184682582e-02
2.999935021184615275e-02
2.999935021184763420e-02
