2.999938494115417936e-02
2.999938494115835311e-02
2.999938494115457835e-02
2.999938494115178197e-02
2.999938494115304485e-02
2.999938494115519591e-02
2.999938494115510570e-02
2.999938494115415855e-02
2.999938494115607021e-02
2.999938494115720125e-02
2.999938494115655940e-02
2.999938494115491142e-02
2.999938494115245158e-02
2.999938494115162932e-02
2.999938494115122686e-02
2.999938494115613266e-02
2.999938494115452284e-02
2.999938494115386017e-02
2.999938494115434590e-02
2.999938494115364854e-02
2.999938494115549428e-02
2.999938494115675716e-02
2.999938494115490448e-02
2.999938494115528959e-02
2.999938494115114360e-02
2.999938494115349241e-02
2.999938494115524101e-02
2.999938494115463733e-02
2.999938494115852311e-02
2.999938494115437018e-02
2.999938494115126850e-02
2.999938494115113666e-02
2.999938494115315241e-02
2.999938494115339527e-02
2.999938494115498774e-02
2.999938494115100135e-02
2.999938494115601470e-02
2.999938494115217055e-02
2.999938494115452978e-02
2.999938494115276383e-02
2.999938494115771126e-02
2.999938494115181667e-02
2.999938494115310036e-02
2.999938494115715962e-02
2.999938494115540408e-02
2.999938494115673981e-02
2.999938494115327037e-02
2.999938494115553245e-02
2.999938494115365895e-02
2.999938494115221219e-02
2.999938494115570245e-02
2.999938494115470325e-02
2.999938494115559143e-02
2.999938494115289567e-02
2.999938494115476223e-02
2.999938494115561918e-02
2.999938494115206994e-02
2.999938494115598694e-02
2.999938494115205953e-02
2.999938494115243770e-02
2.999938494115379425e-02
2.999938494115577531e-02
2.999938494115353058e-02
2.999938494115542836e-02
2.999938494115139687e-02
2.999938494115308996e-02
2.999938494115588286e-02
2.999938494115237525e-02
2.999938494115615348e-02
2.999938494115864107e-02
2.999938494115587245e-02
2.999938494115656981e-02
2.999938494115479692e-02
2.999938494115407528e-02
2.999938494115191034e-02
2.999938494115808943e-02
2.999938494115762452e-02
2.999938494115014787e-02
2.999938494115598348e-02
2.999938494115450896e-02
2.999938494115657328e-02
2.999938494115280199e-02
2.999938494115255566e-02
2.999938494115488019e-02
2.999938494115162585e-02
2.999938494115438753e-02
2.999938494115524795e-02
2.999938494115554632e-02
2.999938494115130666e-02
2.999938494115349588e-02
2.999938494115418977e-02
2.999938494115449508e-02
2.999938494115319404e-02
2.999938494115239607e-02
2.999938494115732268e-02
2.999938494115509877e-02
2.999938494115559837e-02
2.999938494115438406e-02
2.999938494115560877e-02
2.999938494115645532e-02
2.999938494115307608e-02
2.999938494115408569e-02
2.999938494115479345e-02
2.999938494115316628e-02
2.999938494115764187e-02
2.999938494115559143e-02
2.999938494115275342e-02
2.999938494115638593e-02
2.999938494115652471e-02
2.999938494115485590e-02
2.999938494115747881e-02
2.999938494115458182e-02
2.999938494115622634e-02
2.999938494115514734e-02
2.999938494115721860e-02
2.999938494115149748e-02
2.999938494115104992e-02
2.999938494115679186e-02
2.999938494115415508e-02
2.999938494115457488e-02
2.999938494115547694e-02
2.999938494115750656e-02
2.999938494115155993e-02
2.999938494115493223e-02
2.999938494115314200e-02
2.999938494114851376e-02
2.999938494115268056e-02
2.999938494115613960e-02
2.999938494115428692e-02
2.999938494115568163e-02
2.999938494115240648e-02
2.999938494115442222e-02
2.999938494115348894e-02
2.999938494115524448e-02
2.999938494115741289e-02
2.999938494115493223e-02
2.999938494115389487e-02
2.999938494115501550e-02
2.999938494115463039e-02
2.999938494115619164e-02
2.999938494115252791e-02
2.999938494115230239e-02
2.999938494115798535e-02
2.999938494115502244e-02
2.999938494115440141e-02
2.999938494115566429e-02
2.999938494115451243e-02
2.999938494115756207e-02
2.999938494115411344e-02
2.999938494115401977e-02
2.999938494115715962e-02
2.999938494115559837e-02
2.999938494115393650e-02
2.999938494115297200e-02
2.999938494115519244e-02
2.999938494115356874e-02
2.999938494115637899e-02
2.999938494115823515e-02
2.999938494115323914e-02
2.999938494115369364e-02
2.999938494115595572e-02
2.999938494115534163e-02
2.999938494115645532e-02
2.999938494115157728e-02
2.999938494115304832e-02
2.999938494115578919e-02
2.999938494115544918e-02
2.999938494115598348e-02
2.999938494115411691e-02
2.999938494115498080e-02
2.999938494114942275e-02
2.999938494115462345e-02
2.999938494115185136e-02
2.999938494114882948e-02
2.999938494115277077e-02
2.999938494115459917e-02
2.999938494115297200e-02
2.999938494115576490e-02
2.999938494115291648e-02
2.999938494115402671e-02
2.999938494115133789e-02
2.999938494115108809e-02
2.999938494115527224e-02
2.999938494115366935e-02
2.999938494115621593e-02
2.999938494115565041e-02
2.999938494115540408e-02
2.999938494115443263e-02
2.999938494115287485e-02
2.999938494114992582e-02
2.999938494115221913e-02
2.999938494115396773e-02
2.999938494115552204e-02
2.999938494115718390e-02
2.999938494115527571e-02
2.999938494115228851e-02
2.999938494115415161e-02
2.999938494115164320e-02
2.999938494115098747e-02
2.999938494115443957e-02
2.999938494115683002e-02
2.999938494115350976e-02
2.999938494115414467e-02
2.999938494115314894e-02
2.999938494115361731e-02
2.999938494115561224e-02
2.999938494115499121e-02
2.999938494115133442e-02
2.999938494115181320e-02
2.999938494115778065e-02
2.999938494115467549e-02
2.999938494115272913e-02
2.999938494115331547e-02
2.999938494115355833e-02
2.999938494115225729e-02
2.999938494115254525e-02
2.999938494115401977e-02
2.999938494115711798e-02
2.999938494115810678e-02
2.999938494115736778e-02
2.999938494115092849e-02
2.999938494115476223e-02
2.999938494115469631e-02
2.999938494115427304e-02
2.999938494115684043e-02
2.999938494115659410e-02
2.999938494115410303e-02
2.999938494115513693e-02
2.999938494115107074e-02
2.999938494115718390e-02
2.999938494115481080e-02
2.999938494115296159e-02
2.999938494115498427e-02
2.999938494115233015e-02
2.999938494115279505e-02
2.999938494115288526e-02
2.999938494115331547e-02
2.999938494115496346e-02
2.999938494115594531e-02
2.999938494115385670e-02
2.999938494115525489e-02
2.999938494115410303e-02
2.999938494115267015e-02
2.999938494115501550e-02
2.999938494115647267e-02
2.999938494115137952e-02
2.999938494115731921e-02
2.999938494115331200e-02
2.999938494115457488e-02
2.999938494115809290e-02
2.999938494115710064e-02
2.999938494115303791e-02
2.999938494115571633e-02
2.999938494115152177e-02
2.999938494115672247e-02
2.999938494115353058e-02
2.999938494115437018e-02
2.999938494115439794e-02
2.999938494115204218e-02
2.999938494115419324e-02
2.999938494115432161e-02
2.999938494115444651e-02
2.999938494115184442e-02
2.999938494115170565e-02
2.999938494115243423e-02
2.999938494115684390e-02
2.999938494115252791e-02
2.999938494115573367e-02
2.999938494115396426e-02
2.999938494115293036e-02
2.999938494115392956e-02
2.999938494115571633e-02
2.999938494115111931e-02
2.999938494115471019e-02
2.999938494115437018e-02
2.999938494115302751e-02
2.999938494115591062e-02
2.999938494115332241e-02
2.999938494115468937e-02
2.999938494115183749e-02
2.999938494115382548e-02
2.999938494115203524e-02
2.999938494115650042e-02
2.999938494115415508e-02
2.999938494115533816e-02
2.999938494115098747e-02
2.999938494115467896e-02
2.999938494115644838e-02
2.999938494115283669e-02
2.999938494115145585e-02
2.999938494115440141e-02
2.999938494115619164e-02
2.999938494115340915e-02
2.999938494115468590e-02
2.999938494115297893e-02
2.999938494115781534e-02
2.999938494115186177e-02
2.999938494115399201e-02
2.999938494115723595e-02
2.999938494115217402e-02
2.999938494115392956e-02
2.999938494115537979e-02
2.999938494115733309e-02
2.999938494115611184e-02
2.999938494115307261e-02
2.999938494115532428e-02
2.999938494115506060e-02
2.999938494115400242e-02
2.999938494115660798e-02
2.999938494115499121e-02
2.999938494115392609e-02
2.999938494115200402e-02
2.999938494115604593e-02
2.999938494115098747e-02
2.999938494115211504e-02
2.999938494115336404e-02
2.999938494115524795e-02
2.999938494115550469e-02
2.999938494115161197e-02
2.999938494115437712e-02
2.999938494115298587e-02
2.999938494115258689e-02
2.999938494115224688e-02
2.999938494115469284e-02
2.999938494115621940e-02
2.999938494115547347e-02
2.999938494115684043e-02
2.999938494115455753e-02
2.999938494115404058e-02
2.999938494115410650e-02
2.999938494115244464e-02
2.999938494115425222e-02
2.999938494115721860e-02
2.999938494115778412e-02
2.999938494115675369e-02
2.999938494115395732e-02
2.999938494115643797e-02
2.999938494115649348e-02
2.999938494115664267e-02
2.999938494115472754e-02
2.999938494115851617e-02
2.999938494115321486e-02
2.999938494115753432e-02
2.999938494115602511e-02
2.999938494115199014e-02
2.999938494115774942e-02
2.999938494115701043e-02
2.999938494115430773e-02
2.999938494115324261e-02
2.999938494115472407e-02
2.999938494115487325e-02
2.999938494115677104e-02
2.999938494115335363e-02
2.999938494115696533e-02
2.999938494115595572e-02
2.999938494115410650e-02
2.999938494115686818e-02
2.999938494115183055e-02
2.999938494115378732e-02
2.999938494115393650e-02
2.999938494115573021e-02
2.999938494115447427e-02
2.999938494114986337e-02
2.999938494115987273e-02
2.999938494115391222e-02
2.999938494115510570e-02
2.999938494115709023e-02
2.999938494115439447e-02
2.999938494115222259e-02
2.999938494115713186e-02
2.999938494115680226e-02
2.999938494115452284e-02
2.999938494115588286e-02
2.999938494115482815e-02
2.999938494115327384e-02
2.999938494115497387e-02
2.999938494115540061e-02
2.999938494115527224e-02
2.999938494115184789e-02
2.999938494115382201e-02
2.999938494115324608e-02
2.999938494115506407e-02
2.999938494115158769e-02
2.999938494115391915e-02
2.999938494115434590e-02
2.999938494115290608e-02
2.999938494115387058e-02
2.999938494115639634e-02
2.999938494115724982e-02
2.999938494115373527e-02
2.999938494115395732e-02
2.999938494115335710e-02
2.999938494115338486e-02
2.999938494115377344e-02
2.999938494115578225e-02
2.999938494115685084e-02
2.999938494115623674e-02
2.999938494115614654e-02
2.999938494115428692e-02
2.999938494115650042e-02
2.999938494115471713e-02
2.999938494115279158e-02
2.999938494115690982e-02
2.999938494115273607e-02
2.999938494115229892e-02
2.999938494115366588e-02
2.999938494115992824e-02
2.999938494115585857e-02
2.999938494115309690e-02
2.999938494115762105e-02
2.999938494115484550e-02
2.999938494115597307e-02
2.999938494115408916e-02
2.999938494115528612e-02
2.999938494115447080e-02
2.999938494115196586e-02
2.999938494115943904e-02
2.999938494115390528e-02
2.999938494115093890e-02
2.999938494115374221e-02
2.999938494115225382e-02
2.999938494115227811e-02
2.999938494115290261e-02
2.999938494115348894e-02
2.999938494115512305e-02
2.999938494115395038e-02
2.999938494115564000e-02
2.999938494115866883e-02
2.999938494115665308e-02
2.999938494115568510e-02
2.999938494115600082e-02
2.999938494115445692e-02
2.999938494115215321e-02
2.999938494115878332e-02
2.999938494115400242e-02
2.999938494115374221e-02
2.999938494115696533e-02
2.999938494115246893e-02
2.999938494115151830e-02
2.999938494115852311e-02
2.999938494115037685e-02
2.999938494115641716e-02
2.999938494115187912e-02
2.999938494115462692e-02
2.999938494115416548e-02
2.999938494115319404e-02
2.999938494115657328e-02
2.999938494115475182e-02
2.999938494115483509e-02
2.999938494115555326e-02
2.999938494115684390e-02
2.999938494115544224e-02
2.999938494115639981e-02
2.999938494115266321e-02
2.999938494115609797e-02
2.999938494115736085e-02
2.999938494115753779e-02
2.999938494115175075e-02
2.999938494115459570e-02
2.999938494115603205e-02
2.999938494115320445e-02
2.999938494115589674e-02
2.999938494115615695e-02
2.999938494115708329e-02
2.999938494115562959e-02
2.999938494115516815e-02
2.999938494115410650e-02
2.999938494115467896e-02
2.999938494115568857e-02
2.999938494115365895e-02
2.999938494115457488e-02
2.999938494115289914e-02
2.999938494115216361e-02
2.999938494115454365e-02
2.999938494115850576e-02
2.999938494115359650e-02
2.999938494115669818e-02
2.999938494115667043e-02
2.999938494115652471e-02
2.999938494115528612e-02
2.999938494115199708e-02
2.999938494115452284e-02
2.999938494115748921e-02
2.999938494115487325e-02
2.999938494115871740e-02
2.999938494115706941e-02
2.999938494115469631e-02
2.999938494115635124e-02
2.999938494115560877e-02
2.999938494115535204e-02
2.999938494115555326e-02
2.999938494115565041e-02
2.999938494115721860e-02
2.999938494115473794e-02
2.999938494115636858e-02
2.999938494115115400e-02
2.999938494115508489e-02
2.999938494115154605e-02
2.999938494115388793e-02
2.999938494115719431e-02
2.999938494115260076e-02
2.999938494115832188e-02
2.999938494115713533e-02
2.999938494115184442e-02
2.999938494115483162e-02
2.999938494115077584e-02
2.999938494115153911e-02
2.999938494115325302e-02
2.999938494115255219e-02
2.999938494115483509e-02
2.999938494115570592e-02
2.999938494115047399e-02
2.999938494115613960e-02
2.999938494115492529e-02
2.999938494115545612e-02
2.999938494115460610e-02
2.999938494115432161e-02
2.999938494115419324e-02
2.999938494115175075e-02
2.999938494115526530e-02
2.999938494115176116e-02
2.999938494115342302e-02
2.999938494115349588e-02
2.999938494115489060e-02
2.999938494115697227e-02
2.999938494115382895e-02
2.999938494115456794e-02
2.999938494115615348e-02
2.999938494115141421e-02
2.999938494115469978e-02
2.999938494115288873e-02
2.999938494115435977e-02
2.999938494115462345e-02
2.999938494115211157e-02
2.999938494115712492e-02
2.999938494115324608e-02
2.999938494115167442e-02
2.999938494115533122e-02
2.999938494115578225e-02
2.999938494115341955e-02
2.999938494115598694e-02
2.999938494115091808e-02
2.999938494115320792e-02
2.999938494115499468e-02
2.999938494115668430e-02
2.999938494115251403e-02
2.999938494115278464e-02
2.999938494115714574e-02
2.999938494115568163e-02
2.999938494115218096e-02
2.999938494115543183e-02
2.999938494115435630e-02
2.999938494115614307e-02
2.999938494115445692e-02
2.999938494115256954e-02
2.999938494115246199e-02
2.999938494115646573e-02
2.999938494115213933e-02
2.999938494115157728e-02
2.999938494115479345e-02
2.999938494115688553e-02
2.999938494115844331e-02
2.999938494115613960e-02
2.999938494115498427e-02
2.999938494115396426e-02
2.999938494115288873e-02
2.999938494115824902e-02
2.999938494115169177e-02
2.999938494115412038e-02
2.999938494115472407e-02
2.999938494115616042e-02
2.999938494115376997e-02
2.999938494115314894e-02
2.999938494115381507e-02
2.999938494115465815e-02
2.999938494115777718e-02
2.999938494115495652e-02
2.999938494115605980e-02
2.999938494115527918e-02
2.999938494115576837e-02
2.999938494115513693e-02
2.999938494115430426e-02
2.999938494115697574e-02
2.999938494115595572e-02
2.999938494115599041e-02
2.999938494115449855e-02
2.999938494116080948e-02
2.999938494115421059e-02
2.999938494115408222e-02
2.999938494115548041e-02
2.999938494115288179e-02
2.999938494115187218e-02
2.999938494115881107e-02
2.999938494115378385e-02
2.999938494115652471e-02
2.999938494115245158e-02
2.999938494115218096e-02
2.999938494115599735e-02
2.999938494115493917e-02
2.999938494115399895e-02
2.999938494115912679e-02
2.999938494115788820e-02
2.999938494115514734e-02
2.999938494115552204e-02
2.999938494115161891e-02
2.999938494115818310e-02
2.999938494115677104e-02
2.999938494115171259e-02
2.999938494115879373e-02
2.999938494115460264e-02
2.999938494115295812e-02
2.999938494115535551e-02
2.999938494115746493e-02
2.999938494115554979e-02
2.999938494115243423e-02
2.999938494115686818e-02
2.999938494115712839e-02
2.999938494115496346e-02
2.999938494115774595e-02
2.999938494115354445e-02
2.999938494115731574e-02
2.999938494115477958e-02
2.999938494115685084e-02
2.999938494115680920e-02
2.999938494115678839e-02
2.999938494115476917e-02
2.999938494115722207e-02
2.999938494115269097e-02
2.999938494115539367e-02
2.999938494115740595e-02
2.999938494115454365e-02
2.999938494115816923e-02
2.999938494115633736e-02
2.999938494115291301e-02
2.999938494114834375e-02
2.999938494115392956e-02
2.999938494115552898e-02
2.999938494115719778e-02
2.999938494115438059e-02
2.999938494115757942e-02
2.999938494115567816e-02
2.999938494115527918e-02
2.999938494115383242e-02
2.999938494115218443e-02
2.999938494115869311e-02
2.999938494115449161e-02
2.999938494115590715e-02
2.999938494115317322e-02
2.999938494115524448e-02
2.999938494115414814e-02
2.999938494115695492e-02
2.999938494115127544e-02
2.999938494115506754e-02
2.999938494115537285e-02
2.999938494115277771e-02
2.999938494115115054e-02
2.999938494115536591e-02
2.999938494115222953e-02
2.999938494115354445e-02
2.999938494115623674e-02
2.999938494115662879e-02
2.999938494115289220e-02
2.999938494115596266e-02
2.999938494115425569e-02
2.999938494115766269e-02
2.999938494115451937e-02
2.999938494115343343e-02
2.999938494114949908e-02
2.999938494115578572e-02
2.999938494115635471e-02
2.999938494115363813e-02
2.999938494115394691e-02
2.999938494115298934e-02
2.999938494115574061e-02
2.999938494115363466e-02
2.999938494115473100e-02
2.999938494115603205e-02
2.999938494115241688e-02
2.999938494115182014e-02
2.999938494115647614e-02
2.999938494115106727e-02
2.999938494115675369e-02
2.999938494115424181e-02
2.999938494115280199e-02
2.999938494115155646e-02
2.999938494115579612e-02
2.999938494115531040e-02
2.999938494115188606e-02
2.999938494115664267e-02
2.999938494115850576e-02
2.999938494115557061e-02
2.999938494115215321e-02
2.999938494115583082e-02
2.999938494115544224e-02
2.999938494115591756e-02
2.999938494115494264e-02
2.999938494115684043e-02
2.999938494115498427e-02
2.999938494115515775e-02
2.999938494115342996e-02
2.999938494115550816e-02
2.999938494115333282e-02
2.999938494115561918e-02
2.999938494115666349e-02
2.999938494115582388e-02
2.999938494115514734e-02
2.999938494115551857e-02
2.999938494115494611e-02
2.999938494115433202e-02
2.999938494115675022e-02
2.999938494115869658e-02
2.999938494115625062e-02
2.999938494115292342e-02
2.999938494115484550e-02
2.999938494115021725e-02
2.999938494115497387e-02
2.999938494115558449e-02
2.999938494115460957e-02
2.999938494115440835e-02
2.999938494115359303e-02
2.999938494115543877e-02
2.999938494115234749e-02
2.999938494115773555e-02
2.999938494115805127e-02
2.999938494115604593e-02
2.999938494115465815e-02
2.999938494115643103e-02
2.999938494115236831e-02
2.999938494115451590e-02
2.999938494115550122e-02
2.999938494115822127e-02
2.999938494115271873e-02
2.999938494115632001e-02
2.999938494115709370e-02
2.999938494115144544e-02
2.999938494115460957e-02
2.999938494115464427e-02
2.999938494115287485e-02
2.999938494115412038e-02
2.999938494115672941e-02
2.999938494115455059e-02
2.999938494115767657e-02
2.999938494115442222e-02
2.999938494115329465e-02
2.999938494115797147e-02
2.999938494115131360e-02
2.999938494115529999e-02
2.999938494115672247e-02
2.999938494115188606e-02
2.999938494115335710e-02
2.999938494115196586e-02
2.999938494115619511e-02
2.999938494115670512e-02
2.999938494115612572e-02
2.999938494115395732e-02
2.999938494115411344e-02
2.999938494115660451e-02
2.999938494115155646e-02
2.999938494115179238e-02
2.999938494115751350e-02
2.999938494115494958e-02
2.999938494115313506e-02
2.999938494115831841e-02
2.999938494115956394e-02
2.999938494115453672e-02
2.999938494115625409e-02
2.999938494115010623e-02
2.999938494115478999e-02
2.999938494115412038e-02
2.999938494115323914e-02
2.999938494115608062e-02
2.999938494115409957e-02
2.999938494115690288e-02
2.999938494115454365e-02
2.999938494115386711e-02
2.999938494115636164e-02
2.999938494115370752e-02
2.999938494115694798e-02
2.999938494115502938e-02
2.999938494115613613e-02
2.999938494115645532e-02
2.999938494115615695e-02
2.999938494115208382e-02
2.999938494115393303e-02
2.999938494115075849e-02
2.999938494115753085e-02
2.999938494115400589e-02
2.999938494115637552e-02
2.999938494115605633e-02
2.999938494115548734e-02
2.999938494115243423e-02
2.999938494115715268e-02
2.999938494115787085e-02
2.999938494115466509e-02
2.999938494115502244e-02
2.999938494115685778e-02
2.999938494115583429e-02
2.999938494115552204e-02
2.999938494115296159e-02
2.999938494115659063e-02
2.999938494115450202e-02
2.999938494115647267e-02
2.999938494115701043e-02
2.999938494115516815e-02
2.999938494115611878e-02
2.999938494115484550e-02
2.999938494115594878e-02
2.999938494115018950e-02
2.999938494115067522e-02
2.999938494115907475e-02
2.999938494115497387e-02
2.999938494115963333e-02
2.999938494115535897e-02
2.999938494115609450e-02
2.999938494115670859e-02
2.999938494115327731e-02
2.999938494115331547e-02
2.999938494115320098e-02
2.999938494115513693e-02
2.999938494115646920e-02
2.999938494115478305e-02
2.999938494115460610e-02
2.999938494115585164e-02
2.999938494115560184e-02
2.999938494115379425e-02
2.999938494115559837e-02
2.999938494115703472e-02
2.999938494115377344e-02
2.999938494115691676e-02
2.999938494115261811e-02
2.999938494115167789e-02
2.999938494115694104e-02
2.999938494115516469e-02
2.999938494115526530e-02
2.999938494115588980e-02
2.999938494115369364e-02
2.999938494115262852e-02
2.999938494115638593e-02
2.999938494115492182e-02
2.999938494115256260e-02
2.999938494115703472e-02
2.999938494115129625e-02
2.999938494115522020e-02
2.999938494116039314e-02
2.999938494115368670e-02
2.999938494115459570e-02
2.999938494115393650e-02
2.999938494115601470e-02
2.999938494115784657e-02
2.999938494115709717e-02
2.999938494115529306e-02
2.999938494115874169e-02
2.999938494115640328e-02
2.999938494115594531e-02
2.999938494115239260e-02
2.999938494115350976e-02
2.999938494115788126e-02
2.999938494115607368e-02
2.999938494115294771e-02
2.999938494115468590e-02
2.999938494115352364e-02
2.999938494115665655e-02
2.999938494115442222e-02
2.999938494115060236e-02
2.999938494115531387e-02
2.999938494115287138e-02
2.999938494115522020e-02
2.999938494115826984e-02
2.999938494115647614e-02
2.999938494115397120e-02
2.999938494115528612e-02
2.999938494115260770e-02
2.999938494115370058e-02
2.999938494116194052e-02
2.999938494115545265e-02
2.999938494115037338e-02
2.999938494116004967e-02
2.999938494115756901e-02
2.999938494115346119e-02
2.999938494115512652e-02
2.999938494115407528e-02
2.999938494115736085e-02
2.999938494115665655e-02
2.999938494115381507e-02
2.999938494115384977e-02
2.999938494115624021e-02
2.999938494115243770e-02
2.999938494115384283e-02
2.999938494115321833e-02
2.999938494115560184e-02
2.999938494115443263e-02
2.999938494115242035e-02
2.999938494115331200e-02
2.999938494115752738e-02
2.999938494115260423e-02
2.999938494115275342e-02
2.999938494115765575e-02
2.999938494115491835e-02
2.999938494115475876e-02
2.999938494115448467e-02
2.999938494115398507e-02
2.999938494115752044e-02
2.999938494115291995e-02
2.999938494115793330e-02
2.999938494115518550e-02
2.999938494115754126e-02
2.999938494115693410e-02
2.999938494115375609e-02
2.999938494115713533e-02
2.999938494115434590e-02
2.999938494115427998e-02
2.999938494115422100e-02
2.999938494115756207e-02
2.999938494115414120e-02
2.999938494115846066e-02
2.999938494115140034e-02
2.999938494115407875e-02
2.999938494115307955e-02
2.999938494115577531e-02
2.999938494115617776e-02
2.999938494115531734e-02
2.999938494115267362e-02
2.999938494115243076e-02
2.999938494115496346e-02
2.999938494115574755e-02
2.999938494115511958e-02
2.999938494115855087e-02
2.999938494115376303e-02
2.999938494115462692e-02
2.999938494115595225e-02
2.999938494115451590e-02
2.999938494115450202e-02
2.999938494115377344e-02
2.999938494115342996e-02
2.999938494115254872e-02
2.999938494115558449e-02
2.999938494115668083e-02
2.999938494115903659e-02
2.999938494115774942e-02
2.999938494115671206e-02
2.999938494115581000e-02
2.999938494115713533e-02
2.999938494115208382e-02
2.999938494115543530e-02
2.999938494115736431e-02
2.999938494115616389e-02
2.999938494115671553e-02
2.999938494115665655e-02
2.999938494115436671e-02
2.999938494115645185e-02
2.999938494115555673e-02
2.999938494115453325e-02
2.999938494115468590e-02
2.999938494115247586e-02
2.999938494115431814e-02
2.999938494115298934e-02
2.999938494115671900e-02
2.999938494115384630e-02
2.999938494115580306e-02
2.999938494115992477e-02
2.999938494115638940e-02
2.999938494115692370e-02
2.999938494115188606e-02
2.999938494115561224e-02
2.999938494115451243e-02
2.999938494115195892e-02
2.999938494115594184e-02
2.999938494115417242e-02
2.999938494115824208e-02
2.999938494115493570e-02
2.999938494115767657e-02
2.999938494115567816e-02
2.999938494115935925e-02
2.999938494115316628e-02
2.999938494115254525e-02
2.999938494115246546e-02
2.999938494115638246e-02
2.999938494115556020e-02
2.999938494115455406e-02
2.999938494115507101e-02
2.999938494115544224e-02
2.999938494115675369e-02
2.999938494115453672e-02
2.999938494115271526e-02
2.999938494115276036e-02
2.999938494115313853e-02
2.999938494115377691e-02
2.999938494115623328e-02
2.999938494115597307e-02
2.999938494115675022e-02
2.999938494115603899e-02
2.999938494115520979e-02
2.999938494115480733e-02
2.999938494115394691e-02
2.999938494115644838e-02
2.999938494115588633e-02
2.999938494115649695e-02
2.999938494115571633e-02
