2.999935839870625578e-02
2.999935839871053708e-02
2.999935839870898971e-02
2.999935839871415572e-02
2.999935839871114771e-02
2.999935839870804949e-02
2.999935839871118240e-02
2.999935839871045382e-02
2.999935839871172016e-02
2.999935839871131771e-02
2.999935839870846582e-02
2.999935839870948931e-02
2.999935839870810847e-02
2.999935839870770254e-02
2.999935839871029769e-02
2.999935839871322937e-02
2.999935839870821602e-02
2.999935839870884746e-02
2.999935839871032198e-02
2.999935839871369428e-02
2.999935839870872256e-02
2.999935839870961768e-02
2.999935839871155710e-02
2.999935839870995075e-02
2.999935839871210874e-02
2.999935839871138710e-02
2.999935839870979809e-02
2.999935839870392085e-02
2.999935839871053361e-02
2.999935839870596435e-02
2.999935839870718213e-02
2.999935839871106444e-02
2.999935839871113383e-02
2.999935839870606497e-02
2.999935839871333346e-02
2.999935839870832358e-02
2.999935839870830970e-02
2.999935839871014157e-02
2.999935839870845888e-02
2.999935839871153628e-02
2.999935839871379489e-02
2.999935839870941298e-02
2.999935839870815357e-02
2.999935839871011728e-02
2.999935839870934012e-02
2.999935839871319468e-02
2.999935839870663049e-02
2.999935839870954482e-02
2.999935839870621762e-02
2.999935839870941992e-02
2.999935839870956217e-02
2.999935839870703641e-02
2.999935839870718560e-02
2.999935839870938176e-02
2.999935839871232038e-02
2.999935839871190751e-02
2.999935839870835133e-02
2.999935839870537455e-02
2.999935839870925339e-02
2.999935839870848664e-02
2.999935839871088750e-02
2.999935839870952747e-02
2.999935839870880583e-02
2.999935839871243487e-02
2.999935839870822643e-02
2.999935839870953441e-02
2.999935839870828888e-02
2.999935839870625232e-02
2.999935839870824725e-02
2.999935839870980850e-02
2.999935839870960033e-02
2.999935839870520107e-02
2.999935839871035320e-02
2.999935839871159179e-02
2.999935839871110607e-02
2.999935839870521842e-02
2.999935839871080423e-02
2.999935839870923604e-02
2.999935839870893073e-02
2.999935839870670334e-02
2.999935839871190058e-02
2.999935839871054749e-02
2.999935839871081464e-02
2.999935839870900012e-02
2.999935839871119975e-02
2.999935839871013116e-02
2.999935839870980156e-02
2.999935839870936788e-02
2.999935839871012422e-02
2.999935839870935400e-02
2.999935839870988483e-02
2.999935839870803561e-02
2.999935839870799398e-02
2.999935839871136628e-02
2.999935839870945462e-02
2.999935839870846582e-02
2.999935839871008258e-02
2.999935839870818133e-02
2.999935839871158139e-02
2.999935839870684559e-02
2.999935839871001320e-02
2.999935839870896889e-02
2.999935839871047463e-02
2.999935839870775459e-02
2.999935839870750826e-02
2.999935839870937135e-02
2.999935839870901400e-02
2.999935839870804949e-02
2.999935839870864623e-02
2.999935839871039484e-02
2.999935839871123444e-02
2.999935839870933318e-02
2.999935839870929155e-02
2.999935839870918053e-02
2.999935839870909032e-02
2.999935839870962462e-02
2.999935839871021095e-02
2.999935839870988830e-02
2.999935839870903481e-02
2.999935839871054749e-02
2.999935839870896542e-02
2.999935839870830623e-02
2.999935839871025606e-02
2.999935839870877113e-02
2.999935839870949278e-02
2.999935839870961074e-02
2.999935839871094648e-02
2.999935839870990217e-02
2.999935839871076260e-02
2.999935839870960380e-02
2.999935839871063076e-02
2.999935839871002707e-02
2.999935839871058912e-02
2.999935839871114077e-02
2.999935839871163690e-02
2.999935839870971135e-02
2.999935839870906257e-02
2.999935839870929155e-02
2.999935839870850052e-02
2.999935839870947890e-02
2.999935839870900359e-02
2.999935839870983972e-02
2.999935839871054055e-02
2.999935839870893073e-02
2.999935839870987442e-02
2.999935839871076260e-02
2.999935839871083199e-02
2.999935839870818133e-02
2.999935839870974258e-02
2.999935839870966625e-02
2.999935839870924298e-02
2.999935839870992993e-02
2.999935839870985013e-02
2.999935839871032545e-02
2.999935839870868093e-02
2.999935839870827847e-02
2.999935839870849358e-02
2.999935839871020749e-02
2.999935839871096036e-02
2.999935839871031157e-02
2.999935839870909032e-02
2.999935839870884052e-02
2.999935839870906604e-02
2.999935839870959686e-02
2.999935839871117893e-02
2.999935839870882665e-02
2.999935839870919441e-02
2.999935839870950319e-02
2.999935839870894461e-02
2.999935839870946502e-02
2.999935839870915971e-02
2.999935839870980503e-02
2.999935839870913890e-02
2.999935839870815704e-02
2.999935839870983972e-02
2.999935839870972176e-02
2.999935839871089444e-02
2.999935839871046422e-02
2.999935839870856297e-02
2.999935839870948584e-02
2.999935839870990911e-02
2.999935839870968360e-02
2.999935839870882665e-02
2.999935839870816398e-02
2.999935839871001320e-02
2.999935839871077300e-02
2.999935839871039830e-02
2.999935839870872256e-02
2.999935839871156751e-02
2.999935839871018667e-02
2.999935839870855950e-02
2.999935839870948584e-02
2.999935839870970095e-02
2.999935839871067586e-02
2.999935839871069321e-02
2.999935839871124832e-02
2.999935839871017279e-02
2.999935839870886828e-02
2.999935839870902440e-02
2.999935839871112689e-02
2.999935839870971829e-02
2.999935839871014503e-02
2.999935839870977033e-02
2.999935839871027687e-02
2.999935839870939563e-02
2.999935839870992993e-02
2.999935839871033239e-02
2.999935839871055096e-02
2.999935839870909726e-02
2.999935839870997156e-02
2.999935839870981197e-02
2.999935839871056831e-02
2.999935839871065851e-02
2.999935839870925686e-02
2.999935839870822296e-02
2.999935839870969748e-02
2.999935839870954135e-02
2.999935839870941298e-02
2.999935839871024218e-02
2.999935839871003401e-02
2.999935839870878848e-02
2.999935839871108526e-02
2.999935839870945115e-02
2.999935839870912502e-02
2.999935839870965931e-02
2.999935839870971482e-02
2.999935839870966625e-02
2.999935839870990911e-02
2.999935839871074872e-02
2.999935839871144955e-02
2.999935839871024912e-02
2.999935839870816051e-02
2.999935839870947890e-02
2.999935839870942686e-02
2.999935839871006177e-02
2.999935839871034279e-02
2.999935839871047810e-02
2.999935839870899318e-02
2.999935839871036014e-02
2.999935839870968707e-02
2.999935839871058912e-02
2.999935839870972870e-02
2.999935839870981197e-02
2.999935839870973564e-02
2.999935839870943727e-02
2.999935839871138016e-02
2.999935839870971135e-02
2.999935839871011034e-02
2.999935839870957258e-02
2.999935839870927767e-02
2.999935839871092219e-02
2.999935839870910420e-02
2.999935839870964543e-02
2.999935839870895155e-02
2.999935839871004789e-02
2.999935839870981197e-02
2.999935839871039484e-02
2.999935839870913196e-02
2.999935839870908338e-02
2.999935839870874338e-02
2.999935839870906951e-02
2.999935839871036014e-02
2.999935839871028381e-02
2.999935839870971135e-02
2.999935839871030463e-02
2.999935839871151547e-02
2.999935839870917359e-02
2.999935839870868093e-02
2.999935839870969748e-02
2.999935839870878154e-02
2.999935839871027687e-02
2.999935839870959339e-02
2.999935839871005136e-02
2.999935839870995768e-02
2.999935839870987095e-02
2.999935839871002360e-02
2.999935839871062729e-02
2.999935839871091525e-02
2.999935839870989870e-02
2.999935839870952400e-02
2.999935839871059953e-02
2.999935839870993340e-02
2.999935839870856991e-02
2.999935839870931931e-02
2.999935839870930543e-02
2.999935839870984666e-02
2.999935839871027687e-02
2.999935839871022136e-02
2.999935839871022830e-02
2.999935839871019014e-02
2.999935839870960727e-02
2.999935839871032545e-02
2.999935839871013116e-02
2.999935839870982238e-02
2.999935839871023871e-02
2.999935839870954482e-02
2.999935839870981197e-02
2.999935839870961768e-02
2.999935839870989523e-02
2.999935839870946155e-02
2.999935839870982238e-02
2.999935839870942686e-02
2.999935839870968707e-02
2.999935839870879889e-02
2.999935839871065157e-02
2.999935839871000279e-02
2.999935839870986054e-02
2.999935839870977033e-02
2.999935839870952053e-02
2.999935839871073137e-02
2.999935839870949278e-02
2.999935839871015891e-02
2.999935839871005830e-02
2.999935839870991952e-02
2.999935839871009646e-02
2.999935839871020749e-02
2.999935839871085280e-02
2.999935839870982585e-02
2.999935839870938870e-02
2.999935839871041912e-02
2.999935839870951360e-02
2.999935839870926033e-02
2.999935839871027687e-02
2.999935839871006524e-02
2.999935839870951360e-02
2.999935839870963503e-02
2.999935839871036708e-02
2.999935839870913543e-02
2.999935839870989523e-02
2.999935839871051974e-02
2.999935839871021442e-02
2.999935839870901400e-02
2.999935839870901400e-02
2.999935839871081811e-02
2.999935839871047810e-02
2.999935839870883705e-02
2.999935839870972523e-02
2.999935839870950319e-02
2.999935839870956911e-02
2.999935839870916665e-02
2.999935839870927767e-02
2.999935839870886828e-02
2.999935839870904869e-02
2.999935839870897236e-02
2.999935839870982585e-02
2.999935839870954482e-02
2.999935839870887869e-02
2.999935839870977727e-02
2.999935839870987095e-02
2.999935839870920481e-02
2.999935839871004095e-02
2.999935839870982932e-02
2.999935839870833051e-02
2.999935839871011034e-02
2.999935839870954135e-02
2.999935839870965237e-02
2.999935839871073137e-02
2.999935839870938870e-02
2.999935839870969401e-02
2.999935839871109219e-02
2.999935839870948931e-02
2.999935839870932971e-02
2.999935839871048851e-02
2.999935839870968360e-02
2.999935839871031851e-02
2.999935839870961768e-02
2.999935839870974258e-02
2.999935839870966278e-02
2.999935839871016585e-02
2.999935839870941298e-02
2.999935839870933318e-02
2.999935839870964543e-02
2.999935839870956217e-02
2.999935839870886481e-02
2.999935839871017279e-02
2.999935839871008952e-02
2.999935839871008952e-02
2.999935839870962462e-02
2.999935839870997850e-02
2.999935839870971829e-02
2.999935839870954829e-02
2.999935839871008258e-02
2.999935839870976340e-02
2.999935839870965931e-02
2.999935839870987789e-02
2.999935839870913890e-02
2.999935839871000973e-02
2.999935839870991605e-02
2.999935839870932278e-02
2.999935839870932625e-02
2.999935839870980503e-02
2.999935839870970442e-02
2.999935839870990564e-02
2.999935839870938870e-02
2.999935839870949625e-02
2.999935839870966625e-02
2.999935839870956911e-02
2.999935839870943033e-02
2.999935839870981891e-02
2.999935839870977727e-02
2.999935839870970788e-02
2.999935839870963156e-02
2.999935839870957605e-02
2.999935839870936788e-02
2.999935839870983278e-02
2.999935839870959686e-02
2.999935839870948584e-02
2.999935839870944421e-02
2.999935839870912155e-02
2.999935839870921175e-02
2.999935839870952053e-02
2.999935839870946849e-02
2.999935839870957952e-02
2.999935839870958298e-02
2.999935839870936788e-02
2.999935839870941645e-02
2.999935839870914930e-02
2.999935839870969401e-02
2.999935839870983625e-02
2.999935839870929849e-02
2.999935839870922216e-02
2.999935839870943727e-02
2.999935839870932278e-02
2.999935839870934706e-02
2.999935839870921522e-02
2.999935839870940951e-02
2.999935839870950666e-02
2.999935839870940951e-02
2.999935839870936094e-02
2.999935839870957605e-02
2.999935839870918053e-02
2.999935839870955870e-02
2.999935839870940257e-02
2.999935839870924298e-02
2.999935839870931931e-02
2.999935839870932625e-02
2.999935839870939217e-02
2.999935839870933318e-02
2.999935839870945808e-02
2.999935839870956217e-02
2.999935839870949972e-02
2.999935839870937829e-02
2.999935839870952053e-02
2.999935839870954135e-02
2.999935839870939910e-02
2.999935839870940257e-02
2.999935839870938523e-02
2.999935839870927073e-02
2.999935839870922216e-02
2.999935839870935400e-02
2.999935839870954135e-02
2.999935839870954135e-02
2.999935839870952747e-02
2.999935839870947543e-02
2.999935839870943380e-02
2.999935839870940951e-02
2.999935839870948584e-02
2.999935839870947890e-02
2.999935839870954135e-02
2.999935839870936441e-02
2.999935839870950666e-02
2.999935839870934012e-02
2.999935839870938870e-02
2.999935839870946502e-02
2.999935839870945808e-02
2.999935839870940951e-02
2.999935839870935400e-02
2.999935839870949972e-02
2.999935839870947196e-02
2.999935839870951013e-02
2.999935839870948584e-02
2.999935839870945808e-02
2.999935839870948584e-02
2.999935839870951707e-02
2.999935839870948237e-02
2.999935839870951013e-02
2.999935839870945808e-02
2.999935839870948237e-02
2.999935839870948931e-02
2.999935839870950666e-02
2.999935839870949278e-02
2.999935839870949972e-02
2.999935839870947890e-02
2.999935839870949278e-02
2.999935839870948931e-02
2.999935839870947196e-02
2.999935839870948237e-02
2.999935839870949278e-02
2.999935839870949625e-02
2.999935839870951360e-02
2.999935839870948584e-02
2.999935839870950666e-02
2.999935839870951013e-02
2.999935839870951013e-02
2.999935839870951013e-02
2.999935839870951013e-02
2.999935839870951360e-02
2.999935839870952053e-02
2.999935839870952053e-02
2.999935839870952053e-02
2.999935839870952747e-02
2.999935839870951707e-02
2.999935839870951707e-02
2.999935839870951360e-02
2.999935839870952053e-02
2.999935839870952747e-02
2.999935839870951360e-02
2.999935839870952400e-02
2.999935839870951360e-02
2.999935839870951707e-02
2.999935839870950666e-02
2.999935839870951013e-02
2.999935839870951707e-02
2.999935839870952400e-02
2.999935839870951707e-02
2.999935839870952400e-02
2.999935839870952053e-02
2.999935839870952053e-02
2.999935839870952053e-02
2.999935839870950666e-02
2.999935839870952400e-02
2.999935839870951360e-02
2.999935839870952053e-02
2.999935839870953441e-02
2.999935839870951013e-02
2.999935839870955176e-02
2.999935839870952400e-02
2.999935839870956564e-02
2.999935839870958298e-02
2.999935839870955870e-02
2.999935839870951360e-02
2.999935839870961768e-02
2.999935839870955176e-02
2.999935839870953441e-02
2.999935839870957952e-02
2.999935839870947890e-02
2.999935839870952053e-02
2.999935839870951360e-02
2.999935839870960033e-02
2.999935839870951707e-02
2.999935839870954482e-02
2.999935839870955176e-02
2.999935839870953094e-02
2.999935839870965931e-02
2.999935839870960727e-02
2.999935839870958645e-02
2.999935839870953788e-02
2.999935839870964197e-02
2.999935839870941992e-02
2.999935839870953788e-02
2.999935839870961421e-02
2.999935839870944074e-02
2.999935839870945115e-02
2.999935839870956564e-02
2.999935839870954135e-02
2.999935839870936788e-02
2.999935839870963156e-02
2.999935839870955870e-02
2.999935839870934359e-02
2.999935839870975299e-02
2.999935839870963850e-02
2.999935839870962462e-02
2.999935839870965584e-02
2.999935839870952053e-02
2.999935839870945462e-02
2.999935839870955523e-02
2.999935839870952053e-02
2.999935839870946502e-02
2.999935839870969054e-02
2.999935839870937135e-02
2.999935839870934012e-02
2.999935839870965237e-02
2.999935839870959686e-02
2.999935839870965584e-02
2.999935839870943727e-02
2.999935839870949625e-02
2.999935839870947196e-02
2.999935839870970788e-02
2.999935839870940604e-02
2.999935839870974258e-02
2.999935839870947543e-02
2.999935839870938870e-02
2.999935839870953094e-02
2.999935839870936788e-02
2.999935839870977033e-02
2.999935839870938870e-02
2.999935839870940257e-02
2.999935839870958298e-02
2.999935839870925686e-02
2.999935839870937829e-02
2.999935839870917359e-02
2.999935839870949972e-02
2.999935839870924992e-02
2.999935839870930890e-02
2.999935839870974258e-02
2.999935839870912502e-02
2.999935839870938870e-02
2.999935839870956911e-02
2.999935839870947890e-02
2.999935839870949625e-02
2.999935839870931237e-02
2.999935839870915277e-02
2.999935839870945115e-02
2.999935839870931584e-02
2.999935839870992993e-02
2.999935839870942339e-02
2.999935839870975646e-02
2.999935839870951360e-02
2.999935839870937829e-02
2.999935839870968013e-02
2.999935839870923257e-02
2.999935839870927073e-02
2.999935839870956564e-02
2.999935839870918053e-02
2.999935839870940604e-02
2.999935839870975299e-02
2.999935839870969401e-02
2.999935839870889603e-02
2.999935839870945808e-02
2.999935839870911114e-02
2.999935839870905216e-02
2.999935839870992993e-02
2.999935839870914583e-02
2.999935839870970788e-02
2.999935839870969401e-02
2.999935839870900012e-02
2.999935839870954135e-02
2.999935839870963850e-02
2.999935839870959686e-02
2.999935839870971829e-02
2.999935839870923951e-02
2.999935839870937829e-02
2.999935839870955523e-02
2.999935839870955176e-02
2.999935839870906604e-02
2.999935839871008952e-02
2.999935839870850746e-02
2.999935839870906257e-02
2.999935839870953441e-02
2.999935839870898971e-02
2.999935839870902093e-02
2.999935839870948237e-02
2.999935839870983625e-02
2.999935839870971482e-02
2.999935839870897930e-02
2.999935839870941992e-02
2.999935839870942686e-02
2.999935839870888910e-02
2.999935839870951013e-02
2.999935839870878848e-02
2.999935839870832704e-02
2.999935839870870175e-02
2.999935839870925339e-02
2.999935839870843113e-02
2.999935839870976687e-02
2.999935839870955523e-02
2.999935839870955176e-02
2.999935839870891338e-02
2.999935839870874685e-02
2.999935839870895155e-02
2.999935839870979809e-02
2.999935839870946155e-02
2.999935839870997850e-02
2.999935839870882318e-02
2.999935839870980156e-02
2.999935839871033239e-02
2.999935839870884052e-02
2.999935839870962115e-02
2.999935839870909379e-02
2.999935839870873644e-02
2.999935839870918747e-02
2.999935839870976687e-02
2.999935839870931584e-02
2.999935839870943033e-02
2.999935839870897236e-02
2.999935839870834092e-02
2.999935839870963156e-02
2.999935839870909032e-02
2.999935839870861154e-02
2.999935839870885440e-02
2.999935839870973217e-02
2.999935839870953441e-02
2.999935839870949278e-02
2.999935839870949972e-02
2.999935839870999238e-02
2.999935839870897236e-02
2.999935839870796622e-02
2.999935839870859072e-02
2.999935839870954135e-02
2.999935839870940951e-02
2.999935839870984666e-02
2.999935839870994728e-02
2.999935839870877807e-02
2.999935839870896889e-02
2.999935839870906951e-02
2.999935839870861501e-02
2.999935839870841031e-02
2.999935839870996809e-02
2.999935839870907298e-02
2.999935839870980850e-02
2.999935839870885440e-02
2.999935839870995075e-02
2.999935839870802520e-02
2.999935839871040177e-02
2.999935839870789336e-02
2.999935839870805296e-02
2.999935839870868093e-02
2.999935839870877807e-02
2.999935839870837562e-02
2.999935839870918400e-02
2.999935839870945115e-02
2.999935839870820561e-02
2.999935839870876766e-02
2.999935839870790030e-02
2.999935839870941992e-02
2.999935839870834092e-02
2.999935839870856644e-02
2.999935839870915277e-02
2.999935839870898971e-02
2.999935839870901746e-02
2.999935839870917012e-02
2.999935839870935053e-02
2.999935839870941992e-02
2.999935839870826113e-02
2.999935839870947543e-02
2.999935839870911114e-02
2.999935839870896889e-02
2.999935839870940604e-02
2.999935839870796275e-02
2.999935839870887869e-02
2.999935839870875379e-02
2.999935839870852827e-02
2.999935839870940257e-02
2.999935839870815010e-02
2.999935839870849358e-02
2.999935839870783438e-02
2.999935839870795928e-02
2.999935839870906604e-02
2.999935839870892379e-02
2.999935839870888910e-02
2.999935839870919441e-02
2.999935839871001320e-02
2.999935839870931931e-02
2.999935839870813623e-02
2.999935839870921869e-02
2.999935839870975993e-02
2.999935839870922910e-02
2.999935839870887522e-02
2.999935839870855603e-02
2.999935839870944421e-02
2.999935839870761234e-02
2.999935839870982585e-02
2.999935839870852480e-02
2.999935839870839643e-02
2.999935839870948584e-02
2.999935839870677967e-02
2.999935839870992299e-02
2.999935839870939217e-02
2.999935839870889603e-02
2.999935839870965931e-02
2.999935839870945808e-02
2.999935839870863930e-02
2.999935839870868093e-02
2.999935839870848317e-02
2.999935839870850052e-02
2.999935839870870868e-02
2.999935839870911808e-02
2.999935839870886828e-02
2.999935839870793153e-02
2.999935839870813276e-02
2.999935839870865317e-02
2.999935839870811888e-02
2.999935839870871562e-02
2.999935839870918747e-02
2.999935839870803561e-02
2.999935839870769561e-02
2.999935839870830623e-02
2.999935839870767479e-02
2.999935839870862889e-02
2.999935839870722029e-02
2.999935839870917359e-02
2.999935839870960380e-02
2.999935839870895848e-02
2.999935839870914583e-02
2.999935839870806684e-02
2.999935839870862542e-02
2.999935839870910420e-02
2.999935839870888910e-02
2.999935839870805643e-02
2.999935839870742499e-02
2.999935839870822296e-02
2.999935839870900012e-02
2.999935839870734519e-02
2.999935839870866705e-02
2.999935839870763662e-02
2.999935839870804255e-02
2.999935839870841725e-02
2.999935839870720988e-02
2.999935839870833745e-02
2.999935839870717172e-02
2.999935839870816051e-02
2.999935839870835480e-02
2.999935839870877113e-02
2.999935839870748397e-02
2.999935839870934359e-02
2.999935839870872950e-02
2.999935839870955176e-02
2.999935839870984666e-02
2.999935839870820908e-02
2.999935839870836868e-02
2.999935839870838256e-02
2.999935839870866011e-02
2.999935839870743887e-02
2.999935839870815357e-02
2.999935839870870175e-02
2.999935839870880583e-02
2.999935839870913890e-02
2.999935839870858031e-02
2.999935839870903481e-02
2.999935839870834092e-02
2.999935839871003748e-02
2.999935839870948931e-02
2.999935839870826459e-02
2.999935839871032198e-02
2.999935839870867052e-02
2.999935839870884052e-02
2.999935839870914583e-02
2.999935839870958298e-02
2.999935839870890991e-02
2.999935839871021442e-02
2.999935839870866011e-02
2.999935839870885787e-02
2.999935839870814316e-02
2.999935839870877807e-02
2.999935839870888910e-02
2.999935839870871562e-02
2.999935839870939563e-02
2.999935839870857684e-02
2.999935839870917706e-02
2.999935839870852133e-02
2.999935839870912502e-02
2.999935839870957258e-02
2.999935839870966625e-02
2.999935839870920828e-02
2.999935839870759152e-02
2.999935839870939217e-02
2.999935839870884052e-02
2.999935839870918747e-02
2.999935839870933318e-02
2.999935839870881971e-02
2.999935839870915624e-02
2.999935839870844848e-02
2.999935839870956217e-02
2.999935839870734519e-02
2.999935839870969401e-02
2.999935839870974952e-02
2.999935839871051280e-02
2.999935839870832011e-02
2.999935839870866705e-02
2.999935839870841378e-02
2.999935839870959686e-02
2.999935839870950666e-02
2.999935839871056137e-02
2.999935839870921175e-02
2.999935839870852133e-02
2.999935839871030810e-02
2.999935839870898624e-02
2.999935839870804949e-02
2.999935839870946849e-02
2.999935839870811541e-02
2.999935839871069321e-02
2.999935839871006177e-02
2.999935839870826459e-02
2.999935839870934706e-02
2.999935839870844501e-02
2.999935839871018320e-02
2.999935839870838949e-02
2.999935839870944074e-02
2.999935839870919094e-02
2.999935839870917706e-02
2.999935839870957952e-02
2.999935839870792806e-02
2.999935839870806337e-02
2.999935839870753601e-02
2.999935839871057525e-02
2.999935839870944421e-02
2.999935839870919441e-02
2.999935839870995075e-02
2.999935839871037749e-02
2.999935839870708845e-02
2.999935839870973911e-02
2.999935839870933665e-02
2.999935839870968013e-02
2.999935839870718907e-02
2.999935839870837909e-02
2.999935839871036014e-02
2.999935839870945808e-02
2.999935839870996462e-02
2.999935839871083892e-02
2.999935839870952053e-02
2.999935839870938870e-02
2.999935839871044341e-02
2.999935839870866358e-02
2.999935839871104709e-02
2.999935839870952400e-02
2.999935839870807378e-02
2.999935839870691151e-02
2.999935839871212262e-02
2.999935839870955523e-02
2.999935839870839990e-02
2.999935839870836174e-02
2.999935839870961768e-02
2.999935839870965237e-02
2.999935839870773724e-02
2.999935839871052667e-02
2.999935839871153975e-02
2.999935839871245916e-02
2.999935839871076260e-02
2.999935839870965931e-02
2.999935839871143220e-02
2.999935839870767479e-02
2.999935839870867399e-02
2.999935839870806337e-02
2.999935839870998544e-02
2.999935839870793153e-02
2.999935839870929155e-02
2.999935839871177221e-02
2.999935839871091872e-02
2.999935839870923951e-02
2.999935839871042606e-02
2.999935839870724111e-02
2.999935839870977033e-02
2.999935839870887522e-02
2.999935839870964890e-02
2.999935839870757071e-02
2.999935839870761928e-02
2.999935839870969401e-02
2.999935839870698784e-02
2.999935839871097076e-02
2.999935839870939563e-02
2.999935839870898624e-02
2.999935839870539189e-02
2.999935839870804255e-02
2.999935839871146689e-02
2.999935839870911114e-02
2.999935839871115117e-02
2.999935839871297610e-02
2.999935839870918053e-02
2.999935839870866705e-02
2.999935839870777193e-02
2.999935839871031851e-02
2.999935839870646742e-02
2.999935839870908338e-02
2.999935839870968707e-02
2.999935839870749785e-02
2.999935839870678661e-02
2.999935839871135240e-02
2.999935839870859766e-02
2.999935839870985360e-02
2.999935839870968013e-02
2.999935839870988483e-02
2.999935839870704335e-02
2.999935839870924992e-02
2.999935839871023524e-02
2.999935839870830276e-02
2.999935839870834439e-02
2.999935839870939217e-02
2.999935839871173404e-02
2.999935839871022136e-02
2.999935839870851093e-02
2.999935839870766785e-02
2.999935839871027687e-02
2.999935839870995075e-02
2.999935839870955870e-02
2.999935839870935747e-02
2.999935839871029075e-02
2.999935839871065504e-02
2.999935839870717866e-02
2.999935839870941645e-02
2.999935839870654375e-02
2.999935839870918053e-02
2.999935839870657150e-02
2.999935839871039484e-02
2.999935839871109566e-02
2.999935839870757417e-02
2.999935839871288590e-02
2.999935839871057178e-02
2.999935839871166118e-02
2.999935839870864623e-02
2.999935839870656804e-02
2.999935839870998544e-02
2.999935839870634946e-02
2.999935839870960380e-02
2.999935839871017973e-02
2.999935839870967666e-02
2.999935839871509594e-02
2.999935839870773030e-02
2.999935839871145649e-02
