2.999935725971568032e-02
2.999935725971272435e-02
2.999935725971942038e-02
2.999935725972143613e-02
2.999935725971437234e-02
2.999935725971772729e-02
2.999935725972115164e-02
2.999935725971739423e-02
2.999935725972028427e-02
2.999935725972005876e-02
2.999935725971668299e-02
2.999935725971704728e-02
2.999935725971756770e-02
2.999935725971813669e-02
2.999935725971631176e-02
2.999935725971624584e-02
2.999935725972379882e-02
2.999935725972028080e-02
2.999935725972336514e-02
2.999935725971643319e-02
2.999935725971375478e-02
2.999935725971783831e-02
2.999935725971918793e-02
2.999935725971709585e-02
2.999935725971955569e-02
2.999935725972057571e-02
2.999935725972030509e-02
2.999935725971717912e-02
2.999935725971741504e-02
2.999935725972046469e-02
2.999935725971793199e-02
2.999935725971744280e-02
2.999935725971583991e-02
2.999935725971771688e-02
2.999935725971603073e-02
2.999935725971668299e-02
2.999935725971715136e-02
2.999935725971865710e-02
2.999935725971787648e-02
2.999935725972004835e-02
2.999935725971807771e-02
2.999935725971634645e-02
2.999935725971744627e-02
2.999935725971784178e-02
2.999935725972343453e-02
2.999935725971930242e-02
2.999935725971792505e-02
2.999935725971936140e-02
2.999935725972121756e-02
2.999935725971735606e-02
2.999935725971829975e-02
2.999935725971612788e-02
2.999935725972160960e-02
2.999935725972168593e-02
2.999935725971870915e-02
2.999935725972044387e-02
2.999935725971855996e-02
2.999935725971698830e-02
2.999935725971392825e-02
2.999935725971811240e-02
2.999935725971630829e-02
2.999935725971916711e-02
2.999935725972104408e-02
2.999935725971715830e-02
2.999935725972122796e-02
2.999935725971719647e-02
2.999935725971572542e-02
2.999935725971817138e-02
2.999935725972003447e-02
2.999935725972030162e-02
2.999935725971941691e-02
2.999935725971906650e-02
2.999935725971773076e-02
2.999935725971730402e-02
2.999935725971696748e-02
2.999935725971566297e-02
2.999935725971770648e-02
2.999935725972001019e-02
2.999935725971563868e-02
2.999935725971827200e-02
2.999935725972131123e-02
2.999935725971803607e-02
2.999935725971878894e-02
2.999935725971929548e-02
2.999935725971902140e-02
2.999935725971659972e-02
2.999935725972038489e-02
2.999935725971958345e-02
2.999935725971848363e-02
2.999935725971786954e-02
2.999935725971753647e-02
2.999935725971793893e-02
2.999935725971988876e-02
2.999935725971976039e-02
2.999935725971829628e-02
2.999935725971741504e-02
2.999935725971778974e-02
2.999935725971959732e-02
2.999935725971718259e-02
2.999935725971532297e-02
2.999935725971930589e-02
2.999935725971913936e-02
2.999935725971773770e-02
2.999935725971976039e-02
2.999935725971776546e-02
2.999935725971844200e-02
2.999935725971891731e-02
2.999935725971793546e-02
2.999935725971866751e-02
2.999935725971720341e-02
2.999935725971899017e-02
2.999935725971764749e-02
2.999935725971857037e-02
2.999935725972043346e-02
2.999935725971769607e-02
2.999935725971869180e-02
2.999935725971920875e-02
2.999935725971784178e-02
2.999935725971746361e-02
2.999935725971672462e-02
2.999935725971864670e-02
2.999935725971799791e-02
2.999935725971854261e-02
2.999935725971775852e-02
2.999935725971812628e-02
2.999935725971561093e-02
2.999935725971962508e-02
2.999935725971741851e-02
2.999935725972000672e-02
2.999935725971816097e-02
2.999935725971807077e-02
2.999935725971757811e-02
2.999935725971922956e-02
2.999935725971919140e-02
2.999935725971915670e-02
2.999935725971861547e-02
2.999935725971924344e-02
2.999935725971880629e-02
2.999935725971785566e-02
2.999935725971727279e-02
2.999935725971850445e-02
2.999935725971949324e-02
2.999935725971800832e-02
2.999935725971762668e-02
2.999935725971778627e-02
2.999935725971673156e-02
2.999935725971858425e-02
2.999935725971835526e-02
2.999935725971857731e-02
2.999935725971721728e-02
2.999935725971851139e-02
2.999935725971845241e-02
2.999935725971632217e-02
2.999935725971845588e-02
2.999935725971708891e-02
2.999935725971857731e-02
2.999935725971749137e-02
2.999935725971825118e-02
2.999935725971833445e-02
2.999935725971714789e-02
2.999935725971820955e-02
2.999935725971852180e-02
2.999935725971942385e-02
2.999935725971961814e-02
2.999935725971759892e-02
2.999935725971785566e-02
2.999935725971706463e-02
2.999935725971817485e-02
2.999935725971839690e-02
2.999935725971957651e-02
2.999935725971856343e-02
2.999935725971845588e-02
2.999935725971815403e-02
2.999935725971786260e-02
2.999935725971804648e-02
2.999935725971833445e-02
2.999935725971722769e-02
2.999935725971834832e-02
2.999935725971814710e-02
2.999935725971832404e-02
2.999935725971748096e-02
2.999935725972004141e-02
2.999935725971787648e-02
2.999935725971763362e-02
2.999935725971931283e-02
2.999935725971862935e-02
2.999935725971761974e-02
2.999935725971825118e-02
2.999935725971715483e-02
2.999935725971821648e-02
2.999935725971773770e-02
2.999935725971692932e-02
2.999935725971797362e-02
2.999935725971832057e-02
2.999935725971803607e-02
2.999935725971805689e-02
2.999935725971937528e-02
2.999935725971807424e-02
2.999935725971913242e-02
2.999935725971790770e-02
2.999935725971821648e-02
2.999935725971869527e-02
2.999935725971896242e-02
2.999935725971922956e-02
2.999935725971586420e-02
2.999935725971906997e-02
2.999935725971818526e-02
2.999935725971839690e-02
2.999935725971874384e-02
2.999935725971828240e-02
2.999935725971947242e-02
2.999935725971751913e-02
2.999935725971800138e-02
2.999935725971831363e-02
2.999935725971885486e-02
2.999935725971929895e-02
2.999935725971802220e-02
2.999935725971918099e-02
2.999935725971868486e-02
2.999935725971729014e-02
2.999935725971807077e-02
2.999935725971848710e-02
2.999935725971782097e-02
2.999935725971810199e-02
2.999935725971835873e-02
2.999935725971866751e-02
2.999935725971954875e-02
2.999935725971775852e-02
2.999935725971806730e-02
2.999935725971873690e-02
2.999935725971720687e-02
2.999935725971786954e-02
2.999935725971659625e-02
2.999935725971765443e-02
2.999935725971815403e-02
2.999935725971862935e-02
2.999935725971886874e-02
2.999935725971812281e-02
2.999935725971782444e-02
2.999935725971707851e-02
2.999935725971865363e-02
2.999935725971956263e-02
2.999935725971800138e-02
2.999935725971744974e-02
2.999935725971670381e-02
2.999935725971889650e-02
2.999935725971831710e-02
2.999935725971936834e-02
2.999935725971934058e-02
2.999935725971735606e-02
2.999935725971780015e-02
2.999935725971839690e-02
2.999935725971879588e-02
2.999935725971700912e-02
2.999935725971730749e-02
2.999935725971743239e-02
2.999935725971765443e-02
2.999935725971823036e-02
2.999935725971802220e-02
2.999935725971840383e-02
2.999935725971840730e-02
2.999935725971765443e-02
2.999935725971852873e-02
2.999935725971661707e-02
2.999935725971733178e-02
2.999935725971814016e-02
2.999935725971808118e-02
2.999935725971829281e-02
2.999935725971947242e-02
2.999935725971675238e-02
2.999935725971727973e-02
2.999935725971808465e-02
2.999935725971762668e-02
2.999935725971763709e-02
2.999935725971706116e-02
2.999935725971836567e-02
2.999935725971783138e-02
2.999935725971755035e-02
2.999935725971757811e-02
2.999935725971754341e-02
2.999935725971959385e-02
2.999935725971741157e-02
2.999935725971789383e-02
2.999935725971869527e-02
2.999935725971852180e-02
2.999935725971788689e-02
2.999935725971843506e-02
2.999935725971749137e-02
2.999935725971615563e-02
2.999935725971824771e-02
2.999935725971666217e-02
2.999935725971678360e-02
2.999935725971889303e-02
2.999935725971795974e-02
2.999935725971733524e-02
2.999935725971904221e-02
2.999935725971809852e-02
2.999935725971771688e-02
2.999935725971776893e-02
2.999935725971734218e-02
2.999935725971757117e-02
2.999935725971690850e-02
2.999935725971809852e-02
2.999935725971748096e-02
2.999935725971759545e-02
2.999935725971714442e-02
2.999935725971722075e-02
2.999935725971822689e-02
2.999935725971793199e-02
2.999935725971774811e-02
2.999935725971837261e-02
2.999935725971799791e-02
2.999935725971826853e-02
2.999935725971653033e-02
2.999935725971733524e-02
2.999935725971761280e-02
2.999935725971714096e-02
2.999935725971776546e-02
2.999935725971816791e-02
2.999935725971687728e-02
2.999935725971705422e-02
2.999935725971735259e-02
2.999935725971732831e-02
2.999935725971735953e-02
2.999935725971844547e-02
2.999935725971643319e-02
2.999935725971751913e-02
2.999935725971702993e-02
2.999935725971820261e-02
2.999935725971727973e-02
2.999935725971743586e-02
2.999935725971756423e-02
2.999935725971743239e-02
2.999935725971637074e-02
2.999935725971741157e-02
2.999935725971708891e-02
2.999935725971751566e-02
2.999935725971812281e-02
2.999935725971770301e-02
2.999935725971771688e-02
2.999935725971852873e-02
2.999935725971668993e-02
2.999935725971725198e-02
2.999935725971807771e-02
2.999935725971707851e-02
2.999935725971779321e-02
2.999935725971741851e-02
2.999935725971743239e-02
2.999935725971758158e-02
2.999935725971814710e-02
2.999935725971773770e-02
2.999935725971626665e-02
2.999935725971803607e-02
2.999935725971733871e-02
2.999935725971848016e-02
2.999935725971697095e-02
2.999935725971782097e-02
2.999935725971758158e-02
2.999935725971807077e-02
2.999935725971751566e-02
2.999935725971760239e-02
2.999935725971656850e-02
2.999935725971713749e-02
2.999935725971705769e-02
2.999935725971735606e-02
2.999935725971724851e-02
2.999935725971724157e-02
2.999935725971702299e-02
2.999935725971723463e-02
2.999935725971669687e-02
2.999935725971738035e-02
2.999935725971693279e-02
2.999935725971739769e-02
2.999935725971766137e-02
2.999935725971757811e-02
2.999935725971732484e-02
2.999935725971757811e-02
2.999935725971772035e-02
2.999935725971750872e-02
2.999935725971707157e-02
2.999935725971764056e-02
2.999935725971725545e-02
2.999935725971768913e-02
2.999935725971684952e-02
2.999935725971742545e-02
2.999935725971750872e-02
2.999935725971743239e-02
2.999935725971710973e-02
2.999935725971720687e-02
2.999935725971746014e-02
2.999935725971739076e-02
2.999935725971775852e-02
2.999935725971721034e-02
2.999935725971746014e-02
2.999935725971801179e-02
2.999935725971763015e-02
2.999935725971748443e-02
2.999935725971665523e-02
2.999935725971737688e-02
2.999935725971696401e-02
2.999935725971739076e-02
2.999935725971759545e-02
2.999935725971751566e-02
2.999935725971734912e-02
2.999935725971755035e-02
2.999935725971743933e-02
2.999935725971739423e-02
2.999935725971763362e-02
2.999935725971728667e-02
2.999935725971736300e-02
2.999935725971758504e-02
2.999935725971759198e-02
2.999935725971735259e-02
2.999935725971761974e-02
2.999935725971724851e-02
2.999935725971768913e-02
2.999935725971714096e-02
2.999935725971725892e-02
2.999935725971766137e-02
2.999935725971759198e-02
2.999935725971774464e-02
2.999935725971757117e-02
2.999935725971771688e-02
2.999935725971773076e-02
2.999935725971729708e-02
2.999935725971743239e-02
2.999935725971780015e-02
2.999935725971747402e-02
2.999935725971735606e-02
2.999935725971742892e-02
2.999935725971758504e-02
2.999935725971747402e-02
2.999935725971749831e-02
2.999935725971752606e-02
2.999935725971767872e-02
2.999935725971736647e-02
2.999935725971738382e-02
2.999935725971730749e-02
2.999935725971751566e-02
2.999935725971750525e-02
2.999935725971737688e-02
2.999935725971762668e-02
2.999935725971743239e-02
2.999935725971764749e-02
2.999935725971766484e-02
2.999935725971748096e-02
2.999935725971769260e-02
2.999935725971754341e-02
2.999935725971760586e-02
2.999935725971743933e-02
2.999935725971746014e-02
2.999935725971758158e-02
2.999935725971747055e-02
2.999935725971751219e-02
2.999935725971746361e-02
2.999935725971758851e-02
2.999935725971759545e-02
2.999935725971768566e-02
2.999935725971751913e-02
2.999935725971757811e-02
2.999935725971757811e-02
2.999935725971770301e-02
2.999935725971764749e-02
2.999935725971756770e-02
2.999935725971756423e-02
2.999935725971760586e-02
2.999935725971770301e-02
2.999935725971762668e-02
2.999935725971763709e-02
2.999935725971759198e-02
2.999935725971763362e-02
2.999935725971767872e-02
2.999935725971768219e-02
2.999935725971772729e-02
2.999935725971769954e-02
2.999935725971769607e-02
2.999935725971767872e-02
2.999935725971771341e-02
2.999935725971770648e-02
2.999935725971769954e-02
2.999935725971770994e-02
2.999935725971772382e-02
2.999935725971774464e-02
2.999935725971771688e-02
2.999935725971771341e-02
2.999935725971771688e-02
2.999935725971771688e-02
2.999935725971773423e-02
2.999935725971774811e-02
2.999935725971775505e-02
2.999935725971774117e-02
2.999935725971774811e-02
2.999935725971775505e-02
2.999935725971776199e-02
2.999935725971776546e-02
2.999935725971776199e-02
2.999935725971777586e-02
2.999935725971778627e-02
2.999935725971779321e-02
2.999935725971779668e-02
2.999935725971780362e-02
2.999935725971781056e-02
2.999935725971781056e-02
2.999935725971781056e-02
2.999935725971782444e-02
2.999935725971782444e-02
2.999935725971783831e-02
2.999935725971785566e-02
2.999935725971784872e-02
2.999935725971785913e-02
2.999935725971787648e-02
2.999935725971788342e-02
2.999935725971790076e-02
2.999935725971790076e-02
2.999935725971792852e-02
2.999935725971793199e-02
2.999935725971793199e-02
2.999935725971793893e-02
2.999935725971799097e-02
2.999935725971798403e-02
2.999935725971799444e-02
2.999935725971800485e-02
2.999935725971802566e-02
2.999935725971802220e-02
2.999935725971803954e-02
2.999935725971803607e-02
2.999935725971806383e-02
2.999935725971808811e-02
2.999935725971804648e-02
2.999935725971807771e-02
2.999935725971812281e-02
2.999935725971810546e-02
2.999935725971815056e-02
2.999935725971810199e-02
2.999935725971812281e-02
2.999935725971815403e-02
2.999935725971820955e-02
2.999935725971815403e-02
2.999935725971810199e-02
2.999935725971818526e-02
2.999935725971819220e-02
2.999935725971822689e-02
2.999935725971824771e-02
2.999935725971815056e-02
2.999935725971822342e-02
2.999935725971823730e-02
2.999935725971815403e-02
2.999935725971824771e-02
2.999935725971824424e-02
2.999935725971815056e-02
2.999935725971820261e-02
2.999935725971832751e-02
2.999935725971822342e-02
2.999935725971838996e-02
2.999935725971826159e-02
2.999935725971830669e-02
2.999935725971841771e-02
2.999935725971827546e-02
2.999935725971836220e-02
2.999935725971843159e-02
2.999935725971832404e-02
2.999935725971831016e-02
2.999935725971828587e-02
2.999935725971821301e-02
2.999935725971827200e-02
2.999935725971838302e-02
2.999935725971830669e-02
2.999935725971821648e-02
2.999935725971865016e-02
2.999935725971828934e-02
2.999935725971852180e-02
2.999935725971839690e-02
2.999935725971847322e-02
2.999935725971840036e-02
2.999935725971811934e-02
2.999935725971839690e-02
2.999935725971832404e-02
2.999935725971838996e-02
2.999935725971851486e-02
2.999935725971844894e-02
2.999935725971876119e-02
2.999935725971827200e-02
2.999935725971846281e-02
2.999935725971864670e-02
2.999935725971865363e-02
2.999935725971845588e-02
2.999935725971859465e-02
2.999935725971858425e-02
2.999935725971826159e-02
2.999935725971853914e-02
2.999935725971868833e-02
2.999935725971861894e-02
2.999935725971852180e-02
2.999935725971877160e-02
2.999935725971843159e-02
2.999935725971832751e-02
2.999935725971848710e-02
2.999935725971858771e-02
2.999935725971865363e-02
2.999935725971875425e-02
2.999935725971850098e-02
2.999935725971875078e-02
2.999935725971870915e-02
2.999935725971841771e-02
2.999935725971866057e-02
2.999935725971854955e-02
2.999935725971864670e-02
2.999935725971896242e-02
2.999935725971893813e-02
2.999935725971884098e-02
2.999935725971892425e-02
2.999935725971847322e-02
2.999935725971868486e-02
2.999935725971830322e-02
2.999935725971838649e-02
2.999935725971845935e-02
2.999935725971883405e-02
2.999935725971872996e-02
2.999935725971895548e-02
2.999935725971911160e-02
2.999935725971862588e-02
2.999935725971861894e-02
2.999935725971857037e-02
2.999935725971862588e-02
2.999935725971849404e-02
2.999935725971865016e-02
2.999935725971896588e-02
2.999935725971793893e-02
2.999935725971876813e-02
2.999935725971863282e-02
2.999935725971806036e-02
2.999935725971946895e-02
2.999935725971837608e-02
2.999935725971799444e-02
2.999935725971871608e-02
2.999935725971848363e-02
2.999935725971842118e-02
2.999935725971927813e-02
2.999935725971896935e-02
2.999935725971815056e-02
2.999935725971924344e-02
2.999935725971855996e-02
2.999935725971894507e-02
2.999935725972020101e-02
2.999935725971882711e-02
2.999935725971896588e-02
2.999935725971880282e-02
2.999935725971874037e-02
2.999935725971938222e-02
2.999935725971941344e-02
2.999935725971921568e-02
2.999935725971844547e-02
2.999935725971956610e-02
2.999935725971927813e-02
2.999935725971905262e-02
2.999935725971878894e-02
2.999935725971826506e-02
2.999935725971955569e-02
2.999935725971907691e-02
2.999935725971855649e-02
2.999935725971855649e-02
2.999935725971823036e-02
2.999935725971753647e-02
2.999935725971841077e-02
2.999935725971903180e-02
2.999935725971893466e-02
2.999935725971874037e-02
2.999935725971915323e-02
2.999935725971842118e-02
2.999935725971943079e-02
2.999935725971821301e-02
2.999935725971859812e-02
2.999935725971843853e-02
2.999935725971964243e-02
2.999935725971887221e-02
2.999935725971879935e-02
2.999935725971968059e-02
2.999935725971903874e-02
2.999935725971890690e-02
2.999935725971889650e-02
2.999935725971951406e-02
2.999935725971951059e-02
2.999935725971898323e-02
2.999935725971919834e-02
2.999935725971965284e-02
2.999935725971944120e-02
2.999935725971980549e-02
2.999935725971875772e-02
2.999935725971959039e-02
2.999935725971965630e-02
2.999935725971873690e-02
2.999935725971971875e-02
2.999935725971870568e-02
2.999935725971913589e-02
2.999935725971987835e-02
2.999935725971830322e-02
2.999935725971986100e-02
2.999935725971891384e-02
2.999935725971930242e-02
2.999935725971965630e-02
2.999935725971961120e-02
2.999935725971902833e-02
2.999935725971952794e-02
2.999935725971888262e-02
2.999935725971942385e-02
2.999935725971928854e-02
2.999935725972053061e-02
2.999935725971936487e-02
2.999935725971895895e-02
2.999935725971912548e-02
2.999935725971895201e-02
2.999935725971959385e-02
2.999935725971883405e-02
2.999935725971918099e-02
2.999935725972022182e-02
2.999935725972026346e-02
2.999935725971927467e-02
2.999935725971938916e-02
2.999935725971893466e-02
2.999935725971952447e-02
2.999935725972013162e-02
2.999935725971932671e-02
2.999935725971867445e-02
2.999935725971993386e-02
2.999935725971843506e-02
2.999935725972020101e-02
2.999935725971875078e-02
2.999935725971926079e-02
2.999935725971887568e-02
2.999935725971882711e-02
2.999935725971981937e-02
2.999935725972065204e-02
2.999935725972016631e-02
2.999935725971925732e-02
2.999935725971997549e-02
2.999935725971972222e-02
2.999935725972045775e-02
2.999935725971874037e-02
2.999935725971917405e-02
2.999935725972054795e-02
2.999935725972062428e-02
2.999935725971950712e-02
2.999935725971900058e-02
2.999935725972042652e-02
2.999935725971848710e-02
2.999935725971987488e-02
2.999935725971903527e-02
2.999935725971982631e-02
2.999935725971754341e-02
2.999935725972108919e-02
2.999935725971973957e-02
2.999935725972009345e-02
2.999935725972020795e-02
2.999935725971892772e-02
2.999935725971970141e-02
2.999935725971794587e-02
2.999935725971930589e-02
2.999935725971933712e-02
2.999935725971879935e-02
2.999935725971913936e-02
2.999935725971903527e-02
2.999935725972038489e-02
2.999935725972033285e-02
2.999935725972008305e-02
2.999935725971982631e-02
2.999935725971987141e-02
2.999935725971945855e-02
2.999935725972049938e-02
2.999935725972054101e-02
2.999935725972126266e-02
2.999935725971858425e-02
2.999935725971947936e-02
2.999935725972038142e-02
2.999935725972006917e-02
2.999935725971898670e-02
2.999935725971971529e-02
2.999935725971996509e-02
2.999935725972058959e-02
2.999935725972124878e-02
2.999935725971981937e-02
2.999935725971954181e-02
2.999935725972108572e-02
2.999935725972096776e-02
2.999935725971935446e-02
2.999935725972083245e-02
2.999935725971940650e-02
2.999935725971883405e-02
2.999935725972032591e-02
2.999935725971982631e-02
2.999935725972054101e-02
2.999935725972096429e-02
2.999935725972098510e-02
2.999935725972062081e-02
2.999935725971974998e-02
2.999935725972007958e-02
2.999935725972013162e-02
2.999935725971969100e-02
2.999935725972126266e-02
2.999935725972072836e-02
2.999935725971972916e-02
2.999935725972029815e-02
2.999935725972017325e-02
2.999935725971949671e-02
2.999935725972013162e-02
2.999935725972079081e-02
2.999935725972083245e-02
2.999935725972074918e-02
2.999935725972208839e-02
2.999935725971984365e-02
2.999935725972064510e-02
2.999935725972126266e-02
2.999935725972074918e-02
2.999935725971917405e-02
2.999935725972028427e-02
2.999935725971967365e-02
2.999935725972062428e-02
2.999935725972024958e-02
2.999935725971969100e-02
2.999935725972224451e-02
2.999935725972162695e-02
2.999935725972092959e-02
2.999935725972028774e-02
2.999935725972036060e-02
2.999935725972038142e-02
2.999935725972103021e-02
2.999935725971981937e-02
2.999935725972041611e-02
2.999935725972084979e-02
2.999935725972090877e-02
2.999935725972136674e-02
2.999935725972177267e-02
2.999935725972042999e-02
2.999935725972240758e-02
2.999935725972018713e-02
2.999935725972215084e-02
2.999935725971997202e-02
2.999935725972303902e-02
2.999935725972057224e-02
2.999935725972214390e-02
2.999935725971949324e-02
2.999935725971985753e-02
2.999935725972031203e-02
2.999935725971964590e-02
2.999935725972315698e-02
2.999935725972082551e-02
2.999935725972209880e-02
2.999935725972113082e-02
2.999935725972101980e-02
2.999935725971995121e-02
2.999935725972074918e-02
2.999935725972120021e-02
2.999935725971943773e-02
2.999935725972320555e-02
2.999935725971980549e-02
2.999935725972079081e-02
2.999935725972152634e-02
2.999935725972173450e-02
2.999935725972175185e-02
2.999935725971972222e-02
2.999935725972229655e-02
2.999935725972160266e-02
2.999935725972103021e-02
2.999935725972247696e-02
2.999935725972156797e-02
2.999935725972198430e-02
2.999935725972025305e-02
2.999935725972301820e-02
2.999935725972084632e-02
2.999935725972270942e-02
2.999935725972190798e-02
2.999935725972006223e-02
2.999935725972177614e-02
2.999935725972057224e-02
2.999935725972169287e-02
2.999935725971990957e-02
2.999935725972092959e-02
2.999935725972171369e-02
2.999935725972226880e-02
2.999935725972389250e-02
2.999935725972134939e-02
2.999935725971990264e-02
2.999935725972012468e-02
2.999935725972180389e-02
2.999935725972176573e-02
2.999935725972081857e-02
2.999935725972202594e-02
2.999935725972181777e-02
2.999935725972398270e-02
2.999935725972192879e-02
2.999935725972080122e-02
2.999935725972176920e-02
2.999935725972134939e-02
2.999935725972157491e-02
2.999935725972131123e-02
2.999935725972086367e-02
2.999935725972070061e-02
2.999935725972068673e-02
2.999935725972319861e-02
2.999935725972235553e-02
2.999935725972274758e-02
2.999935725972261574e-02
2.999935725972156797e-02
2.999935725972243186e-02
2.999935725972309800e-02
2.999935725972136674e-02
2.999935725972170328e-02
2.999935725972201900e-02
2.999935725972143613e-02
2.999935725972039877e-02
2.999935725972020795e-02
2.999935725972207451e-02
2.999935725971961814e-02
2.999935725972260533e-02
2.999935725972160266e-02
2.999935725972313616e-02
2.999935725972180042e-02
2.999935725972107184e-02
2.999935725972089837e-02
2.999935725972350045e-02
2.999935725972302514e-02
2.999935725972260533e-02
2.999935725972166511e-02
2.999935725972092959e-02
2.999935725972018366e-02
2.999935725972269207e-02
2.999935725972049244e-02
2.999935725972331657e-02
2.999935725971771688e-02
2.999935725971970488e-02
2.999935725972390638e-02
2.999935725972005529e-02
2.999935725972201900e-02
2.999935725972235900e-02
2.999935725972328188e-02
2.999935725971883752e-02
2.999935725972354209e-02
2.999935725972028774e-02
2.999935725972309453e-02
2.999935725972190798e-02
2.999935725972542946e-02
2.999935725972305289e-02
2.999935725972282391e-02
2.999935725972240411e-02
2.999935725972037448e-02
2.999935725972432271e-02
2.999935725972349004e-02
2.999935725972197736e-02
2.999935725971768913e-02
2.999935725972094694e-02
2.999935725971907691e-02
2.999935725972050632e-02
2.999935725972139103e-02
2.999935725972487088e-02
2.999935725972462802e-02
2.999935725972023917e-02
2.999935725971973610e-02
2.999935725972444761e-02
2.999935725972177614e-02
2.999935725972704276e-02
2.999935725972133552e-02
2.999935725972217165e-02
2.999935725971832057e-02
2.999935725972452394e-02
2.999935725972233819e-02
2.999935725972272330e-02
2.999935725972033979e-02
2.999935725972539130e-02
2.999935725971959385e-02
2.999935725972111000e-02
2.999935725971944120e-02
2.999935725971770301e-02
2.999935725972112388e-02
2.999935725972195308e-02
2.999935725972432965e-02
2.999935725971786954e-02
2.999935725972055836e-02
2.999935725972006570e-02
2.999935725972131817e-02
2.999935725971725198e-02
2.999935725971841424e-02
2.999935725971944120e-02
2.999935725972334780e-02
2.999935725972227227e-02
2.999935725971830669e-02
2.999935725972277534e-02
2.999935725971868486e-02
2.999935725972034672e-02
2.999935725972394801e-02
2.999935725972488129e-02
2.999935725972542946e-02
2.999935725972281350e-02
2.999935725972205716e-02
2.999935725972322637e-02
2.999935725972188716e-02
2.999935725972038142e-02
2.999935725971905609e-02
2.999935725972228961e-02
2.999935725971972916e-02
