2.999936721060769348e-02
2.999936721060277034e-02
2.999936721060283973e-02
2.999936721060484854e-02
2.999936721060371750e-02
2.999936721060452935e-02
2.999936721060579570e-02
2.999936721060519548e-02
2.999936721060252401e-02
2.999936721060570549e-02
2.999936721060385281e-02
2.999936721060584080e-02
2.999936721060020295e-02
2.999936721060866493e-02
2.999936721060135481e-02
2.999936721060342260e-02
2.999936721060246156e-02
2.999936721060366199e-02
2.999936721060354750e-02
2.999936721060307218e-02
2.999936721060220829e-02
2.999936721060638550e-02
2.999936721059894007e-02
2.999936721060628489e-02
2.999936721060509140e-02
2.999936721060196543e-02
2.999936721059866598e-02
2.999936721060132705e-02
2.999936721060375566e-02
2.999936721060453629e-02
2.999936721060475833e-02
2.999936721060370015e-02
2.999936721060829023e-02
2.999936721060133052e-02
2.999936721060474099e-02
2.999936721060469241e-02
2.999936721060142072e-02
2.999936721060227768e-02
2.999936721060727021e-02
2.999936721060554590e-02
2.999936721060423445e-02
2.999936721060237135e-02
2.999936721060618081e-02
2.999936721060251707e-02
2.999936721060618081e-02
2.999936721060651040e-02
2.999936721060508793e-02
2.999936721060087602e-02
2.999936721060483119e-02
2.999936721059939804e-02
2.999936721060408526e-02
2.999936721060401240e-02
2.999936721060622591e-02
2.999936721060319361e-02
2.999936721060147971e-02
2.999936721060592060e-02
2.999936721060229849e-02
2.999936721060452935e-02
2.999936721060415812e-02
2.999936721060243727e-02
2.999936721060340178e-02
2.999936721060408179e-02
2.999936721060394995e-02
2.999936721060286055e-02
2.999936721060338443e-02
2.999936721060299932e-02
2.999936721060576447e-02
2.999936721060574712e-02
2.999936721060096623e-02
2.999936721060206951e-02
2.999936721060443567e-02
2.999936721060386668e-02
2.999936721060641326e-02
2.999936721060342260e-02
2.999936721060009540e-02
2.999936721060302361e-02
2.999936721060498732e-02
2.999936721060478262e-02
2.999936721060469588e-02
2.999936721060552855e-02
2.999936721060451547e-02
2.999936721060214584e-02
2.999936721060427608e-02
2.999936721060589284e-02
2.999936721060248931e-02
2.999936721060061234e-02
2.999936721060585468e-02
2.999936721060298198e-02
2.999936721060528916e-02
2.999936721060301320e-02
2.999936721060603162e-02
2.999936721060353362e-02
2.999936721060318667e-02
2.999936721060118827e-02
2.999936721060467854e-02
2.999936721060213543e-02
2.999936721060089337e-02
2.999936721060612183e-02
2.999936721060418934e-02
2.999936721060411302e-02
2.999936721060460221e-02
2.999936721060358219e-02
2.999936721060357525e-02
2.999936721060519201e-02
2.999936721060303402e-02
2.999936721060374178e-02
2.999936721060346076e-02
2.999936721060402628e-02
2.999936721060387362e-02
2.999936721060231237e-02
2.999936721060368627e-02
2.999936721060502548e-02
2.999936721060486242e-02
2.999936721060248584e-02
2.999936721060225686e-02
2.999936721060372097e-02
2.999936721060278422e-02
2.999936721060227074e-02
2.999936721060521283e-02
2.999936721060297851e-02
2.999936721060414771e-02
2.999936721060564651e-02
2.999936721060473405e-02
2.999936721060495609e-02
2.999936721060322484e-02
2.999936721060302014e-02
2.999936721060411648e-02
2.999936721060518507e-02
2.999936721060445649e-02
2.999936721060433506e-02
2.999936721060499079e-02
2.999936721060452588e-02
2.999936721060574366e-02
2.999936721060564651e-02
2.999936721060431771e-02
2.999936721060486589e-02
2.999936721060408873e-02
2.999936721060442180e-02
2.999936721060379036e-02
2.999936721060391179e-02
2.999936721060485548e-02
2.999936721060333933e-02
2.999936721060195849e-02
2.999936721060377995e-02
2.999936721060499079e-02
2.999936721060355443e-02
2.999936721060360648e-02
2.999936721060492140e-02
2.999936721060482425e-02
2.999936721060327688e-02
2.999936721060415118e-02
2.999936721060406097e-02
2.999936721060492140e-02
2.999936721060474099e-02
2.999936721060596917e-02
2.999936721060579570e-02
2.999936721060408873e-02
2.999936721060318667e-02
2.999936721060326994e-02
2.999936721060440792e-02
2.999936721060465425e-02
2.999936721060627448e-02
2.999936721060523365e-02
2.999936721060350586e-02
2.999936721060561529e-02
2.999936721060515038e-02
2.999936721060570549e-02
2.999936721060436629e-02
2.999936721060524752e-02
2.999936721060453629e-02
2.999936721060428649e-02
2.999936721060401240e-02
2.999936721060468547e-02
2.999936721060492487e-02
2.999936721060492140e-02
2.999936721060508099e-02
2.999936721060481731e-02
2.999936721060585468e-02
2.999936721060599346e-02
2.999936721060592060e-02
2.999936721060530304e-02
2.999936721060542100e-02
2.999936721060430384e-02
2.999936721060583733e-02
2.999936721060562222e-02
2.999936721060546957e-02
2.999936721060559447e-02
2.999936721060544181e-02
2.999936721060323525e-02
2.999936721060393607e-02
2.999936721060486242e-02
2.999936721060530304e-02
2.999936721060478956e-02
2.999936721060535855e-02
2.999936721060496997e-02
2.999936721060650693e-02
2.999936721060394301e-02
2.999936721060527528e-02
2.999936721060583386e-02
2.999936721060657979e-02
2.999936721060731531e-02
2.999936721060505324e-02
2.999936721060524752e-02
2.999936721060620509e-02
2.999936721060662143e-02
2.999936721060545569e-02
2.999936721060566386e-02
2.999936721060584774e-02
2.999936721060638897e-02
2.999936721060687816e-02
2.999936721060487282e-02
2.999936721060450506e-02
2.999936721060580264e-02
2.999936721060466119e-02
2.999936721060614264e-02
2.999936721060490752e-02
2.999936721060678796e-02
2.999936721060528222e-02
2.999936721060561182e-02
2.999936721060632305e-02
2.999936721060477568e-02
2.999936721060644101e-02
2.999936721060492140e-02
2.999936721060659020e-02
2.999936721060551120e-02
2.999936721060568121e-02
2.999936721060588243e-02
2.999936721060585468e-02
2.999936721060646877e-02
2.999936721060621203e-02
2.999936721060603162e-02
2.999936721060560141e-02
2.999936721060631264e-02
2.999936721060757205e-02
2.999936721060561529e-02
2.999936721060701694e-02
2.999936721060631611e-02
2.999936721060500813e-02
2.999936721060596223e-02
2.999936721060697531e-02
2.999936721060502548e-02
2.999936721060576100e-02
2.999936721060604203e-02
2.999936721060650693e-02
2.999936721060735001e-02
2.999936721060568121e-02
2.999936721060688163e-02
2.999936721060714531e-02
2.999936721060589284e-02
2.999936721060686082e-02
2.999936721060553896e-02
2.999936721060610101e-02
2.999936721060542794e-02
2.999936721060698919e-02
2.999936721060587203e-02
2.999936721060590672e-02
2.999936721060562222e-02
2.999936721060575406e-02
2.999936721060704817e-02
2.999936721060564998e-02
2.999936721060663877e-02
2.999936721060576447e-02
2.999936721060700306e-02
2.999936721060614611e-02
2.999936721060578876e-02
2.999936721060621550e-02
2.999936721060618081e-02
2.999936721060563610e-02
2.999936721060590672e-02
2.999936721060614264e-02
2.999936721060755471e-02
2.999936721060725633e-02
2.999936721060496997e-02
2.999936721060773512e-02
2.999936721060686429e-02
2.999936721060667694e-02
2.999936721060586509e-02
2.999936721060883493e-02
2.999936721060721817e-02
2.999936721060767267e-02
2.999936721060668735e-02
2.999936721060546263e-02
2.999936721060550426e-02
2.999936721060683306e-02
2.999936721060689898e-02
2.999936721060665265e-02
2.999936721060666653e-02
2.999936721060632305e-02
2.999936721060646530e-02
2.999936721060703776e-02
2.999936721060671857e-02
2.999936721060714184e-02
2.999936721060629530e-02
2.999936721060733960e-02
2.999936721060679837e-02
2.999936721060560141e-02
2.999936721060629877e-02
2.999936721060588590e-02
2.999936721060727715e-02
2.999936721060713837e-02
2.999936721060736736e-02
2.999936721060607672e-02
2.999936721060683653e-02
2.999936721060541059e-02
2.999936721060510181e-02
2.999936721060736389e-02
2.999936721060719388e-02
2.999936721060650346e-02
2.999936721060622938e-02
2.999936721060666306e-02
2.999936721060632999e-02
2.999936721060644795e-02
2.999936721060729450e-02
2.999936721060645489e-02
2.999936721060665612e-02
2.999936721060732919e-02
2.999936721060648959e-02
2.999936721060685388e-02
2.999936721060644795e-02
2.999936721060706551e-02
2.999936721060645489e-02
2.999936721060626060e-02
2.999936721060661102e-02
2.999936721060659714e-02
2.999936721060679490e-02
2.999936721060637856e-02
2.999936721060761022e-02
2.999936721060645836e-02
2.999936721060719041e-02
2.999936721060742287e-02
2.999936721060713490e-02
2.999936721060713143e-02
2.999936721060597958e-02
2.999936721060612876e-02
2.999936721060722858e-02
2.999936721060765532e-02
2.999936721060612183e-02
2.999936721060710715e-02
2.999936721060740552e-02
2.999936721060824860e-02
2.999936721060648612e-02
2.999936721060610101e-02
2.999936721060688510e-02
2.999936721060767614e-02
2.999936721060685041e-02
2.999936721060724246e-02
2.999936721060711062e-02
2.999936721060639938e-02
2.999936721060643754e-02
2.999936721060733613e-02
2.999936721060676714e-02
2.999936721060621203e-02
2.999936721060690592e-02
2.999936721060747491e-02
2.999936721060719041e-02
2.999936721060612876e-02
2.999936721060693021e-02
2.999936721060721817e-02
2.999936721060713490e-02
2.999936721060749573e-02
2.999936721060681918e-02
2.999936721060729450e-02
2.999936721060710368e-02
2.999936721060780798e-02
2.999936721060714531e-02
2.999936721060745409e-02
2.999936721060763450e-02
2.999936721060705164e-02
2.999936721060679490e-02
2.999936721060688857e-02
2.999936721060680878e-02
2.999936721060725286e-02
2.999936721060648959e-02
2.999936721060681571e-02
2.999936721060749573e-02
2.999936721060689898e-02
2.999936721060718695e-02
2.999936721060650693e-02
2.999936721060772471e-02
2.999936721060689898e-02
2.999936721060732225e-02
2.999936721060708980e-02
2.999936721060744715e-02
2.999936721060689898e-02
2.999936721060731878e-02
2.999936721060742981e-02
2.999936721060706551e-02
2.999936721060778022e-02
2.999936721060749920e-02
2.999936721060750960e-02
2.999936721060747491e-02
2.999936721060694755e-02
2.999936721060745756e-02
2.999936721060725633e-02
2.999936721060691980e-02
2.999936721060795716e-02
2.999936721060732919e-02
2.999936721060718695e-02
2.999936721060735001e-02
2.999936721060713490e-02
2.999936721060735001e-02
2.999936721060764144e-02
2.999936721060720429e-02
2.999936721060768308e-02
2.999936721060728062e-02
2.999936721060752348e-02
2.999936721060796757e-02
2.999936721060766573e-02
2.999936721060753042e-02
2.999936721060737083e-02
2.999936721060714184e-02
2.999936721060717654e-02
2.999936721060767614e-02
2.999936721060750267e-02
2.999936721060756512e-02
2.999936721060729450e-02
2.999936721060757899e-02
2.999936721060744022e-02
2.999936721060743328e-02
2.999936721060775247e-02
2.999936721060740899e-02
2.999936721060762757e-02
2.999936721060719041e-02
2.999936721060774206e-02
2.999936721060743328e-02
2.999936721060756165e-02
2.999936721060789818e-02
2.999936721060758246e-02
2.999936721060813410e-02
2.999936721060757899e-02
2.999936721060753736e-02
2.999936721060794675e-02
2.999936721060777328e-02
2.999936721060777328e-02
2.999936721060759634e-02
2.999936721060779063e-02
2.999936721060776634e-02
2.999936721060788430e-02
2.999936721060776287e-02
2.999936721060789124e-02
2.999936721060788083e-02
2.999936721060751307e-02
2.999936721060796757e-02
2.999936721060779410e-02
2.999936721060784267e-02
2.999936721060785308e-02
2.999936721060794675e-02
2.999936721060797798e-02
2.999936721060793982e-02
2.999936721060820696e-02
2.999936721060794675e-02
2.999936721060802655e-02
2.999936721060786696e-02
2.999936721060805778e-02
2.999936721060812370e-02
2.999936721060814798e-02
2.999936721060803696e-02
2.999936721060796063e-02
2.999936721060815145e-02
2.999936721060818268e-02
2.999936721060821043e-02
2.999936721060814798e-02
2.999936721060816186e-02
2.999936721060812717e-02
2.999936721060826247e-02
2.999936721060825900e-02
2.999936721060825900e-02
2.999936721060828329e-02
2.999936721060835962e-02
2.999936721060830411e-02
2.999936721060836656e-02
2.999936721060831452e-02
2.999936721060840819e-02
2.999936721060849493e-02
2.999936721060841166e-02
2.999936721060852962e-02
2.999936721060850880e-02
2.999936721060851921e-02
2.999936721060851921e-02
2.999936721060854697e-02
2.999936721060858860e-02
2.999936721060860248e-02
2.999936721060862330e-02
2.999936721060864411e-02
2.999936721060865105e-02
2.999936721060867534e-02
2.999936721060871003e-02
2.999936721060873779e-02
2.999936721060875167e-02
2.999936721060880371e-02
2.999936721060881065e-02
2.999936721060883146e-02
2.999936721060885228e-02
2.999936721060886963e-02
2.999936721060889391e-02
2.999936721060891473e-02
2.999936721060894249e-02
2.999936721060896330e-02
2.999936721060899453e-02
2.999936721060901187e-02
2.999936721060903616e-02
2.999936721060905698e-02
2.999936721060907779e-02
2.999936721060909514e-02
2.999936721060912984e-02
2.999936721060915065e-02
2.999936721060917147e-02
2.999936721060918535e-02
2.999936721060918882e-02
2.999936721060922351e-02
2.999936721060924433e-02
2.999936721060927208e-02
2.999936721060928249e-02
2.999936721060930331e-02
2.999936721060933106e-02
2.999936721060934147e-02
2.999936721060935188e-02
2.999936721060938311e-02
2.999936721060937964e-02
2.999936721060942127e-02
2.999936721060943862e-02
2.999936721060946290e-02
2.999936721060946984e-02
2.999936721060946637e-02
2.999936721060948372e-02
2.999936721060951147e-02
2.999936721060952535e-02
2.999936721060955311e-02
2.999936721060954964e-02
2.999936721060956352e-02
2.999936721060957739e-02
2.999936721060963984e-02
2.999936721060966066e-02
2.999936721060961209e-02
2.999936721060971964e-02
2.999936721060968842e-02
2.999936721060963291e-02
2.999936721060971617e-02
2.999936721060977168e-02
2.999936721060968148e-02
2.999936721060978556e-02
2.999936721060976128e-02
2.999936721060979250e-02
2.999936721060983760e-02
2.999936721060985495e-02
2.999936721060987577e-02
2.999936721060992087e-02
2.999936721060992087e-02
2.999936721060991393e-02
2.999936721060979597e-02
2.999936721060998679e-02
2.999936721061001454e-02
2.999936721060995556e-02
2.999936721060992781e-02
2.999936721060998679e-02
2.999936721060996597e-02
2.999936721061000067e-02
2.999936721061009087e-02
2.999936721061017414e-02
2.999936721061010128e-02
2.999936721061034067e-02
2.999936721061009087e-02
2.999936721061015332e-02
2.999936721061025394e-02
2.999936721061025741e-02
2.999936721061003536e-02
2.999936721061043088e-02
2.999936721061034067e-02
2.999936721061019496e-02
2.999936721061029210e-02
2.999936721061029904e-02
2.999936721061038578e-02
2.999936721061024006e-02
2.999936721061056272e-02
2.999936721061045863e-02
2.999936721061031639e-02
2.999936721061044476e-02
2.999936721061056272e-02
2.999936721061050721e-02
2.999936721061050027e-02
2.999936721061019843e-02
2.999936721061035108e-02
2.999936721061064945e-02
2.999936721061032679e-02
2.999936721061020189e-02
2.999936721061024353e-02
2.999936721061046557e-02
2.999936721061075354e-02
2.999936721061046210e-02
2.999936721061011863e-02
2.999936721061046210e-02
2.999936721061057660e-02
2.999936721061061129e-02
2.999936721061013944e-02
2.999936721061073619e-02
2.999936721061057313e-02
2.999936721061109354e-02
2.999936721061039965e-02
2.999936721061042394e-02
2.999936721061077782e-02
2.999936721061065639e-02
2.999936721061070843e-02
2.999936721060993475e-02
2.999936721061067721e-02
2.999936721061124967e-02
2.999936721061047945e-02
2.999936721061055578e-02
2.999936721061099293e-02
2.999936721061072231e-02
2.999936721061030251e-02
2.999936721061087497e-02
2.999936721061106926e-02
2.999936721061069109e-02
2.999936721061062517e-02
2.999936721061047251e-02
2.999936721061092354e-02
2.999936721061104844e-02
2.999936721061065986e-02
2.999936721061114905e-02
2.999936721061067721e-02
2.999936721061073272e-02
2.999936721061061823e-02
2.999936721061135375e-02
2.999936721061046557e-02
2.999936721061026434e-02
2.999936721061086803e-02
2.999936721061038924e-02
2.999936721061076395e-02
2.999936721061164518e-02
2.999936721061059741e-02
2.999936721061116640e-02
2.999936721061069109e-02
2.999936721061142661e-02
2.999936721061066680e-02
2.999936721061120456e-02
2.999936721061015332e-02
2.999936721061154110e-02
2.999936721061138151e-02
2.999936721061017067e-02
2.999936721061128783e-02
2.999936721061050027e-02
2.999936721061163131e-02
2.999936721061093742e-02
2.999936721061129130e-02
2.999936721061106232e-02
2.999936721061137457e-02
2.999936721061050027e-02
2.999936721061029557e-02
2.999936721061102068e-02
2.999936721061085415e-02
2.999936721061141620e-02
2.999936721061103456e-02
2.999936721061147518e-02
2.999936721061148559e-02
2.999936721061119763e-02
2.999936721061202335e-02
2.999936721061140232e-02
2.999936721061041006e-02
2.999936721061097211e-02
2.999936721061036496e-02
2.999936721061082986e-02
2.999936721061008393e-02
2.999936721061053843e-02
2.999936721061004924e-02
2.999936721061096170e-02
2.999936721061116987e-02
2.999936721061104844e-02
2.999936721061137110e-02
2.999936721061042394e-02
2.999936721061014291e-02
2.999936721061154110e-02
2.999936721061233214e-02
2.999936721061144743e-02
2.999936721061135375e-02
2.999936721061066680e-02
2.999936721061014291e-02
2.999936721061080211e-02
2.999936721061117334e-02
2.999936721061125314e-02
2.999936721061108313e-02
2.999936721061081599e-02
2.999936721061104844e-02
2.999936721061130518e-02
2.999936721061162090e-02
2.999936721061259581e-02
2.999936721061109007e-02
2.999936721061060088e-02
2.999936721061129130e-02
2.999936721061004577e-02
2.999936721061088538e-02
2.999936721061164865e-02
2.999936721061188458e-02
2.999936721061184988e-02
2.999936721061111436e-02
2.999936721061021577e-02
2.999936721061076395e-02
2.999936721061119416e-02
2.999936721061174580e-02
2.999936721061044823e-02
2.999936721061038578e-02
2.999936721060991393e-02
2.999936721061145437e-02
2.999936721061096170e-02
2.999936721061154110e-02
2.999936721061093048e-02
2.999936721061068762e-02
2.999936721061245704e-02
2.999936721061139538e-02
2.999936721061097211e-02
2.999936721061117681e-02
2.999936721061048639e-02
2.999936721061094436e-02
2.999936721061104844e-02
2.999936721061197131e-02
2.999936721061109007e-02
2.999936721061049680e-02
2.999936721061051761e-02
2.999936721061091660e-02
2.999936721061075354e-02
2.999936721061186029e-02
2.999936721061108660e-02
2.999936721061103109e-02
2.999936721061142314e-02
2.999936721061058353e-02
2.999936721061017414e-02
2.999936721061137457e-02
2.999936721061108660e-02
2.999936721061020189e-02
2.999936721061043782e-02
2.999936721061140926e-02
2.999936721061153416e-02
2.999936721061213785e-02
2.999936721060959127e-02
2.999936721061105538e-02
2.999936721061214825e-02
2.999936721061078129e-02
2.999936721061034067e-02
2.999936721061211009e-02
2.999936721061064598e-02
2.999936721061183253e-02
2.999936721061026434e-02
2.999936721061116640e-02
2.999936721061163825e-02
2.999936721060992434e-02
2.999936721061216213e-02
2.999936721061098599e-02
2.999936721061036149e-02
2.999936721061091660e-02
2.999936721061093048e-02
2.999936721061051415e-02
2.999936721061152722e-02
2.999936721061090966e-02
2.999936721061197131e-02
2.999936721061165906e-02
2.999936721061108313e-02
2.999936721061036149e-02
2.999936721061234254e-02
2.999936721061059047e-02
2.999936721061009434e-02
2.999936721061123579e-02
2.999936721061131559e-02
2.999936721061222458e-02
2.999936721061044823e-02
2.999936721061201295e-02
2.999936721061157233e-02
2.999936721061176315e-02
2.999936721061187417e-02
2.999936721061037537e-02
2.999936721061038578e-02
2.999936721061039618e-02
2.999936721061056272e-02
2.999936721061316480e-02
2.999936721061022965e-02
2.999936721061129130e-02
2.999936721061247438e-02
2.999936721061209621e-02
2.999936721061018802e-02
2.999936721061271724e-02
2.999936721061091660e-02
2.999936721061104150e-02
2.999936721061118028e-02
2.999936721061015332e-02
2.999936721061141967e-02
2.999936721061194703e-02
2.999936721061219336e-02
2.999936721061109007e-02
2.999936721061224540e-02
2.999936721061160355e-02
2.999936721061180478e-02
2.999936721061143008e-02
2.999936721061373726e-02
2.999936721061152722e-02
2.999936721061273459e-02
2.999936721061038924e-02
2.999936721061089231e-02
2.999936721061182213e-02
2.999936721061091660e-02
2.999936721061200948e-02
2.999936721061058006e-02
2.999936721061117334e-02
2.999936721061041353e-02
2.999936721061179090e-02
2.999936721061299827e-02
2.999936721061227662e-02
2.999936721061209968e-02
2.999936721061403216e-02
2.999936721061140926e-02
2.999936721061225234e-02
2.999936721061216560e-02
2.999936721061179090e-02
2.999936721061332093e-02
2.999936721061306072e-02
2.999936721061141620e-02
2.999936721061228356e-02
2.999936721061385869e-02
2.999936721061118722e-02
2.999936721061164865e-02
2.999936721061133987e-02
2.999936721061199907e-02
2.999936721061208234e-02
2.999936721061440686e-02
2.999936721061176315e-02
2.999936721061183253e-02
2.999936721061283174e-02
2.999936721061260275e-02
2.999936721061049680e-02
2.999936721061166253e-02
2.999936721061159661e-02
2.999936721061339032e-02
2.999936721061150294e-02
2.999936721061259581e-02
2.999936721061202682e-02
2.999936721061321337e-02
2.999936721061470524e-02
2.999936721061241193e-02
2.999936721061208927e-02
2.999936721061201295e-02
2.999936721061302256e-02
2.999936721061248479e-02
2.999936721061148906e-02
2.999936721061303643e-02
2.999936721061394890e-02
2.999936721061217254e-02
2.999936721061192274e-02
2.999936721061314399e-02
2.999936721061147171e-02
2.999936721061090966e-02
2.999936721061386563e-02
2.999936721061322725e-02
2.999936721061421604e-02
2.999936721061269296e-02
2.999936721061224193e-02
2.999936721061324113e-02
2.999936721061348399e-02
2.999936721061297051e-02
2.999936721061231132e-02
2.999936721061289419e-02
2.999936721061115946e-02
2.999936721061241887e-02
2.999936721061215172e-02
2.999936721061386563e-02
2.999936721061330358e-02
2.999936721061185335e-02
2.999936721061183947e-02
2.999936721061432360e-02
2.999936721061198519e-02
2.999936721061264439e-02
2.999936721061335215e-02
2.999936721061322725e-02
2.999936721061245010e-02
2.999936721061367828e-02
2.999936721061327582e-02
2.999936721061224193e-02
2.999936721061293582e-02
2.999936721061319256e-02
2.999936721061343542e-02
2.999936721061296704e-02
2.999936721061270684e-02
2.999936721061368175e-02
2.999936721061246744e-02
2.999936721061323419e-02
2.999936721061133987e-02
2.999936721061363318e-02
2.999936721061337644e-02
2.999936721061318909e-02
2.999936721061412237e-02
2.999936721061338338e-02
2.999936721061436870e-02
2.999936721061242928e-02
2.999936721061340766e-02
2.999936721061322031e-02
2.999936721061462891e-02
2.999936721061325501e-02
2.999936721061419523e-02
2.999936721061303990e-02
2.999936721061303296e-02
2.999936721061439299e-02
2.999936721061414666e-02
2.999936721061384481e-02
2.999936721061424727e-02
2.999936721061463585e-02
2.999936721061369563e-02
2.999936721061557954e-02
2.999936721061337297e-02
2.999936721061502443e-02
2.999936721061459421e-02
2.999936721061308847e-02
2.999936721061566974e-02
2.999936721061243622e-02
2.999936721061357073e-02
2.999936721061349787e-02
2.999936721061549280e-02
2.999936721061286643e-02
2.999936721061625955e-02
2.999936721061393502e-02
2.999936721061612771e-02
2.999936721061533668e-02
2.999936721061318909e-02
2.999936721061508688e-02
2.999936721061578077e-02
2.999936721061335909e-02
2.999936721061481626e-02
2.999936721061305378e-02
2.999936721061197825e-02
2.999936721061495504e-02
2.999936721061574607e-02
2.999936721061556913e-02
2.999936721061619363e-02
2.999936721061255418e-02
2.999936721061395584e-02
2.999936721061251949e-02
2.999936721061334868e-02
2.999936721061137804e-02
2.999936721061707834e-02
2.999936721061394196e-02
2.999936721061729344e-02
2.999936721061389339e-02
2.999936721061235295e-02
2.999936721061652323e-02
2.999936721061353950e-02
2.999936721061239459e-02
2.999936721061291153e-02
2.999936721061364012e-02
2.999936721061756406e-02
2.999936721061113865e-02
2.999936721061343542e-02
2.999936721061397318e-02
2.999936721061422645e-02
2.999936721061280051e-02
2.999936721061451442e-02
2.999936721061391420e-02
2.999936721061347705e-02
2.999936721061195743e-02
2.999936721061136416e-02
2.999936721061536443e-02
2.999936721061565587e-02
2.999936721061688752e-02
2.999936721061527770e-02
2.999936721061343542e-02
2.999936721061441380e-02
2.999936721061484055e-02
2.999936721061756753e-02
2.999936721061201989e-02
2.999936721061559342e-02
2.999936721061243275e-02
2.999936721061496891e-02
2.999936721061584669e-02
2.999936721061621098e-02
2.999936721061657180e-02
2.999936721061831346e-02
2.999936721061036496e-02
2.999936721061129824e-02
2.999936721061273806e-02
2.999936721061384134e-02
2.999936721061754671e-02
2.999936721061570791e-02
2.999936721061562117e-02
2.999936721061282133e-02
2.999936721061310235e-02
2.999936721061554484e-02
2.999936721061600281e-02
2.999936721061442421e-02
2.999936721061620751e-02
2.999936721061430972e-02
2.999936721061211009e-02
2.999936721061546852e-02
2.999936721061102415e-02
2.999936721061472952e-02
2.999936721061492034e-02
2.999936721061663772e-02
2.999936721061467054e-02
2.999936721061791101e-02
2.999936721061745651e-02
2.999936721061456993e-02
2.999936721061459075e-02
2.999936721061354991e-02
2.999936721061289766e-02
2.999936721061739753e-02
