2.999935169540188240e-02
2.999935169540199342e-02
2.999935169540170546e-02
2.999935169539874602e-02
2.999935169540028299e-02
2.999935169539891949e-02
2.999935169540368998e-02
2.999935169540015462e-02
2.999935169540260751e-02
2.999935169539861418e-02
2.999935169539993951e-02
2.999935169539796193e-02
2.999935169540231608e-02
2.999935169539980420e-02
2.999935169540229526e-02
2.999935169540160484e-02
2.999935169540089708e-02
2.999935169540092483e-02
2.999935169540058136e-02
2.999935169539881541e-02
2.999935169540228486e-02
2.999935169540167076e-02
2.999935169539843724e-02
2.999935169540455041e-02
2.999935169540088667e-02
2.999935169539796539e-02
2.999935169540083116e-02
2.999935169539871133e-02
2.999935169539996727e-02
2.999935169539917623e-02
2.999935169539916235e-02
2.999935169540287813e-02
2.999935169540530674e-02
2.999935169540224322e-02
2.999935169540361712e-02
2.999935169540429020e-02
2.999935169539882235e-02
2.999935169540061952e-02
2.999935169539909990e-02
2.999935169539993951e-02
2.999935169539923174e-02
2.999935169539871133e-02
2.999935169540246527e-02
2.999935169540100463e-02
2.999935169540197261e-02
2.999935169540138280e-02
2.999935169539937746e-02
2.999935169540061605e-02
2.999935169540059871e-02
2.999935169539817356e-02
2.999935169539790641e-02
2.999935169539871133e-02
2.999935169540007829e-02
2.999935169540144872e-02
2.999935169539820479e-02
2.999935169540172281e-02
2.999935169540378366e-02
2.999935169540210791e-02
2.999935169539955093e-02
2.999935169540180260e-02
2.999935169540237159e-02
2.999935169540230914e-02
2.999935169540242363e-02
2.999935169540141403e-02
2.999935169540328406e-02
2.999935169540050850e-02
2.999935169539670252e-02
2.999935169540064034e-02
2.999935169539977992e-02
2.999935169539782315e-02
2.999935169540296487e-02
2.999935169540145566e-02
2.999935169539868704e-02
2.999935169540007829e-02
2.999935169540363100e-02
2.999935169540055707e-02
2.999935169540107749e-02
2.999935169540104626e-02
2.999935169540032115e-02
2.999935169539949889e-02
2.999935169539932542e-02
2.999935169539971747e-02
2.999935169539919358e-02
2.999935169539849969e-02
2.999935169540306895e-02
2.999935169540062993e-02
2.999935169540062646e-02
2.999935169540176444e-02
2.999935169540295793e-02
2.999935169540202118e-02
2.999935169539917970e-02
2.999935169540107749e-02
2.999935169540137933e-02
2.999935169540254506e-02
2.999935169540097341e-02
2.999935169540068891e-02
2.999935169540083116e-02
2.999935169540061605e-02
2.999935169540036972e-02
2.999935169540081034e-02
2.999935169540083810e-02
2.999935169540177138e-02
2.999935169540164995e-02
2.999935169540016849e-02
2.999935169539968277e-02
2.999935169539941909e-02
2.999935169540134811e-02
2.999935169540097341e-02
2.999935169540166036e-02
2.999935169539985624e-02
2.999935169539956134e-02
2.999935169540021360e-02
2.999935169539976604e-02
2.999935169539997420e-02
2.999935169540034544e-02
2.999935169540104279e-02
2.999935169540094565e-02
2.999935169539977298e-02
2.999935169540075483e-02
2.999935169540114688e-02
2.999935169540062646e-02
2.999935169539901664e-02
2.999935169540058483e-02
2.999935169540152852e-02
2.999935169539926644e-02
2.999935169539935664e-02
2.999935169540077565e-02
2.999935169540110524e-02
2.999935169540065769e-02
2.999935169540087626e-02
2.999935169540116769e-02
2.999935169540074442e-02
2.999935169540077218e-02
2.999935169539998461e-02
2.999935169540105667e-02
2.999935169540057095e-02
2.999935169539895766e-02
2.999935169540081034e-02
2.999935169539925256e-02
2.999935169539908950e-02
2.999935169540080687e-02
2.999935169540109137e-02
2.999935169540110524e-02
2.999935169539966195e-02
2.999935169540161178e-02
2.999935169539985624e-02
2.999935169540247568e-02
2.999935169540085544e-02
2.999935169539987012e-02
2.999935169540008523e-02
2.999935169539838173e-02
2.999935169539938440e-02
2.999935169540049809e-02
2.999935169540031074e-02
2.999935169539908256e-02
2.999935169540146954e-02
2.999935169540112606e-02
2.999935169539871826e-02
2.999935169539999502e-02
2.999935169540006441e-02
2.999935169540009217e-02
2.999935169540039054e-02
2.999935169539988400e-02
2.999935169540018931e-02
2.999935169540036278e-02
2.999935169540106708e-02
2.999935169540128566e-02
2.999935169539949889e-02
2.999935169539947460e-02
2.999935169539939828e-02
2.999935169540117463e-02
2.999935169540111218e-02
2.999935169539980073e-02
2.999935169540127872e-02
2.999935169539974522e-02
2.999935169540204893e-02
2.999935169540149382e-02
2.999935169540128913e-02
2.999935169540157015e-02
2.999935169540086932e-02
2.999935169539998114e-02
2.999935169540088320e-02
2.999935169540083116e-02
2.999935169540256935e-02
2.999935169539913460e-02
2.999935169540053972e-02
2.999935169539941215e-02
2.999935169539916929e-02
2.999935169540129259e-02
2.999935169540078606e-02
2.999935169540077218e-02
2.999935169540208710e-02
2.999935169540009910e-02
2.999935169539936011e-02
2.999935169540027952e-02
2.999935169539974522e-02
2.999935169540225710e-02
2.999935169540031768e-02
2.999935169540035584e-02
2.999935169539950930e-02
2.999935169539981461e-02
2.999935169540016849e-02
2.999935169540144525e-02
2.999935169539931501e-02
2.999935169540154586e-02
2.999935169540045993e-02
2.999935169540104973e-02
2.999935169540086932e-02
2.999935169540101157e-02
2.999935169539964114e-02
2.999935169540069238e-02
2.999935169540070973e-02
2.999935169540022747e-02
2.999935169540097341e-02
2.999935169539903745e-02
2.999935169540070279e-02
2.999935169540149382e-02
2.999935169539895766e-02
2.999935169540050156e-02
2.999935169540048768e-02
2.999935169540059871e-02
2.999935169540027258e-02
2.999935169539917623e-02
2.999935169539913460e-02
2.999935169540055013e-02
2.999935169539941909e-02
2.999935169540059871e-02
2.999935169540041136e-02
2.999935169539980073e-02
2.999935169539953705e-02
2.999935169540015809e-02
2.999935169540089708e-02
2.999935169540222588e-02
2.999935169540079646e-02
2.999935169540005747e-02
2.999935169539913807e-02
2.999935169539996727e-02
2.999935169540030727e-02
2.999935169540018584e-02
2.999935169540070973e-02
2.999935169540022400e-02
2.999935169540091442e-02
2.999935169540123708e-02
2.999935169539983543e-02
2.999935169540158750e-02
2.999935169539973134e-02
2.999935169539897847e-02
2.999935169540124402e-02
2.999935169540123708e-02
2.999935169539969665e-02
2.999935169539921787e-02
2.999935169540015809e-02
2.999935169539960297e-02
2.999935169540148341e-02
2.999935169539940868e-02
2.999935169539990482e-02
2.999935169540165689e-02
2.999935169540047381e-02
2.999935169539863847e-02
2.999935169539961685e-02
2.999935169540166383e-02
2.999935169540040442e-02
2.999935169539950930e-02
2.999935169539998114e-02
2.999935169540113647e-02
2.999935169540011298e-02
2.999935169540042176e-02
2.999935169539997074e-02
2.999935169540089361e-02
2.999935169539980420e-02
2.999935169540046687e-02
2.999935169539906521e-02
2.999935169540171934e-02
2.999935169539848234e-02
2.999935169540057442e-02
2.999935169540016155e-02
2.999935169539948154e-02
2.999935169539904439e-02
2.999935169539919705e-02
2.999935169539967583e-02
2.999935169539972440e-02
2.999935169540095606e-02
2.999935169540108443e-02
2.999935169540155627e-02
2.999935169540082769e-02
2.999935169539986318e-02
2.999935169539931848e-02
2.999935169540059177e-02
2.999935169540024135e-02
2.999935169540066116e-02
2.999935169539991522e-02
2.999935169540095953e-02
2.999935169539978685e-02
2.999935169540020666e-02
2.999935169540075483e-02
2.999935169540024829e-02
2.999935169540039054e-02
2.999935169540042176e-02
2.999935169540053626e-02
2.999935169540013380e-02
2.999935169540028992e-02
2.999935169540049115e-02
2.999935169539882582e-02
2.999935169539894031e-02
2.999935169539896113e-02
2.999935169539928378e-02
2.999935169539962726e-02
2.999935169539997767e-02
2.999935169539943991e-02
2.999935169539902011e-02
2.999935169539899582e-02
2.999935169539959604e-02
2.999935169540011298e-02
2.999935169540062299e-02
2.999935169540063687e-02
2.999935169540002625e-02
2.999935169539931501e-02
2.999935169539977298e-02
2.999935169540014074e-02
2.999935169540058483e-02
2.999935169539924215e-02
2.999935169539938440e-02
2.999935169539954399e-02
2.999935169539989094e-02
2.999935169540020319e-02
2.999935169540032115e-02
2.999935169540016849e-02
2.999935169539968971e-02
2.999935169539999502e-02
2.999935169540004706e-02
2.999935169539953705e-02
2.999935169539998114e-02
2.999935169540071320e-02
2.999935169539972440e-02
2.999935169540030727e-02
2.999935169540075830e-02
2.999935169539948154e-02
2.999935169539982502e-02
2.999935169539993604e-02
2.999935169539986665e-02
2.999935169539962379e-02
2.999935169539975910e-02
2.999935169539954399e-02
2.999935169540035584e-02
2.999935169540025176e-02
2.999935169539862459e-02
2.999935169539910337e-02
2.999935169539855867e-02
2.999935169539894378e-02
2.999935169540034891e-02
2.999935169539980767e-02
2.999935169539976604e-02
2.999935169539956828e-02
2.999935169539930113e-02
2.999935169539980073e-02
2.999935169539981114e-02
2.999935169539990135e-02
2.999935169539957175e-02
2.999935169540009910e-02
2.999935169539925603e-02
2.999935169539964114e-02
2.999935169540030727e-02
2.999935169539880153e-02
2.999935169540000196e-02
2.999935169539948848e-02
2.999935169540047381e-02
2.999935169540015809e-02
2.999935169540067503e-02
2.999935169539922827e-02
2.999935169539939134e-02
2.999935169539962032e-02
2.999935169539917970e-02
2.999935169539899582e-02
2.999935169540044605e-02
2.999935169540004359e-02
2.999935169540004359e-02
2.999935169539934970e-02
2.999935169539972440e-02
2.999935169540005747e-02
2.999935169539933583e-02
2.999935169539960991e-02
2.999935169539984584e-02
2.999935169539970359e-02
2.999935169539937052e-02
2.999935169539974522e-02
2.999935169539910684e-02
2.999935169539958910e-02
2.999935169539984584e-02
2.999935169539925950e-02
2.999935169539975216e-02
2.999935169539965502e-02
2.999935169539986665e-02
2.999935169540013380e-02
2.999935169539957869e-02
2.999935169539944685e-02
2.999935169539933583e-02
2.999935169539956134e-02
2.999935169539973828e-02
2.999935169539955787e-02
2.999935169539961338e-02
2.999935169539959950e-02
2.999935169539982155e-02
2.999935169539959950e-02
2.999935169539966889e-02
2.999935169540047381e-02
2.999935169539944685e-02
2.999935169539973134e-02
2.999935169539959950e-02
2.999935169539987012e-02
2.999935169539959950e-02
2.999935169539952665e-02
2.999935169539948154e-02
2.999935169539916235e-02
2.999935169539982155e-02
2.999935169539982155e-02
2.999935169539978339e-02
2.999935169539985624e-02
2.999935169539987706e-02
2.999935169539973828e-02
2.999935169539943297e-02
2.999935169539986318e-02
2.999935169539969318e-02
2.999935169539954399e-02
2.999935169539984237e-02
2.999935169539968277e-02
2.999935169539946073e-02
2.999935169539945726e-02
2.999935169539942603e-02
2.999935169539972440e-02
2.999935169539975910e-02
2.999935169539948154e-02
2.999935169539940522e-02
2.999935169539997074e-02
2.999935169539969318e-02
2.999935169539992563e-02
2.999935169539991869e-02
2.999935169539971747e-02
2.999935169539973828e-02
2.999935169539966889e-02
2.999935169539934277e-02
2.999935169539984930e-02
2.999935169539971053e-02
2.999935169539970359e-02
2.999935169539966542e-02
2.999935169539976604e-02
2.999935169539966542e-02
2.999935169539977298e-02
2.999935169539982502e-02
2.999935169539970359e-02
2.999935169539988747e-02
2.999935169539979379e-02
2.999935169539970706e-02
2.999935169539979379e-02
2.999935169539976257e-02
2.999935169539967236e-02
2.999935169539983890e-02
2.999935169539973828e-02
2.999935169539989094e-02
2.999935169539979379e-02
2.999935169539988053e-02
2.999935169539982849e-02
2.999935169539988747e-02
2.999935169539985971e-02
2.999935169539980767e-02
2.999935169539987359e-02
2.999935169539985624e-02
2.999935169539981461e-02
2.999935169539985277e-02
2.999935169539984930e-02
2.999935169539985624e-02
2.999935169539985971e-02
2.999935169539988747e-02
2.999935169539986665e-02
2.999935169539979379e-02
2.999935169539988053e-02
2.999935169539985277e-02
2.999935169539990482e-02
2.999935169539986665e-02
2.999935169539987706e-02
2.999935169539987012e-02
2.999935169539991175e-02
2.999935169539988400e-02
2.999935169539990482e-02
2.999935169539991175e-02
2.999935169539990482e-02
2.999935169539991522e-02
2.999935169539992216e-02
2.999935169539993951e-02
2.999935169539993604e-02
2.999935169539996380e-02
2.999935169539995686e-02
2.999935169539995339e-02
2.999935169539995686e-02
2.999935169539998461e-02
2.999935169539998461e-02
2.999935169539999502e-02
2.999935169540000890e-02
2.999935169540000543e-02
2.999935169540001584e-02
2.999935169540001931e-02
2.999935169540003665e-02
2.999935169540004706e-02
2.999935169540005400e-02
2.999935169540005053e-02
2.999935169540007482e-02
2.999935169540006094e-02
2.999935169540006441e-02
2.999935169540007135e-02
2.999935169540008176e-02
2.999935169540007482e-02
2.999935169540009564e-02
2.999935169540010951e-02
2.999935169540011992e-02
2.999935169540013033e-02
2.999935169540014768e-02
2.999935169540015809e-02
2.999935169540016155e-02
2.999935169540016849e-02
2.999935169540019972e-02
2.999935169540018237e-02
2.999935169540019278e-02
2.999935169540017890e-02
2.999935169540019625e-02
2.999935169540022747e-02
2.999935169540023441e-02
2.999935169540022054e-02
2.999935169540024829e-02
2.999935169540026911e-02
2.999935169540022054e-02
2.999935169540021013e-02
2.999935169540023094e-02
2.999935169540030380e-02
2.999935169540022400e-02
2.999935169540030033e-02
2.999935169540033850e-02
2.999935169540026564e-02
2.999935169540028299e-02
2.999935169540033503e-02
2.999935169540033503e-02
2.999935169540031768e-02
2.999935169540035931e-02
2.999935169540038360e-02
2.999935169540036625e-02
2.999935169540036278e-02
2.999935169540031421e-02
2.999935169540033156e-02
2.999935169540030380e-02
2.999935169540037319e-02
2.999935169540051891e-02
2.999935169540047381e-02
2.999935169540034197e-02
2.999935169540044258e-02
2.999935169540046687e-02
2.999935169540040789e-02
2.999935169540051197e-02
2.999935169540055013e-02
2.999935169540044258e-02
2.999935169540049809e-02
2.999935169540059177e-02
2.999935169540054319e-02
2.999935169540060217e-02
2.999935169540051891e-02
2.999935169540060217e-02
2.999935169540020319e-02
2.999935169540045299e-02
2.999935169540078952e-02
2.999935169540054666e-02
2.999935169540043217e-02
2.999935169540037319e-02
2.999935169540045299e-02
2.999935169540057095e-02
2.999935169540054666e-02
2.999935169540034197e-02
2.999935169540030033e-02
2.999935169540057442e-02
2.999935169540037666e-02
2.999935169540034891e-02
2.999935169540034891e-02
2.999935169540088320e-02
2.999935169540109831e-02
2.999935169540025176e-02
2.999935169540041829e-02
2.999935169540036278e-02
2.999935169540065422e-02
2.999935169540052238e-02
2.999935169540034891e-02
2.999935169540098728e-02
2.999935169540064381e-02
2.999935169540051544e-02
2.999935169540075136e-02
2.999935169540073054e-02
2.999935169540057789e-02
2.999935169540075136e-02
2.999935169540072361e-02
2.999935169540056401e-02
2.999935169540075830e-02
2.999935169540068197e-02
2.999935169540080687e-02
2.999935169540035931e-02
2.999935169540102198e-02
2.999935169540110177e-02
2.999935169540086238e-02
2.999935169540060911e-02
2.999935169540069238e-02
2.999935169540091096e-02
2.999935169540055707e-02
2.999935169540083463e-02
2.999935169540064728e-02
2.999935169540127872e-02
2.999935169540084851e-02
2.999935169540073748e-02
2.999935169540052585e-02
2.999935169540091442e-02
2.999935169540062646e-02
2.999935169540035584e-02
2.999935169540047381e-02
2.999935169540088320e-02
2.999935169540054319e-02
2.999935169540077218e-02
2.999935169540064381e-02
2.999935169540055360e-02
2.999935169540080340e-02
2.999935169540112606e-02
2.999935169540063340e-02
2.999935169540019972e-02
2.999935169540095953e-02
2.999935169540042523e-02
2.999935169540107402e-02
2.999935169540133076e-02
2.999935169540081381e-02
2.999935169540030727e-02
2.999935169540136198e-02
2.999935169540090402e-02
2.999935169540086238e-02
2.999935169540137586e-02
2.999935169540135158e-02
2.999935169540137586e-02
2.999935169540145913e-02
2.999935169540118851e-02
2.999935169540026564e-02
2.999935169540059177e-02
2.999935169540234731e-02
2.999935169540152852e-02
2.999935169540149382e-02
2.999935169540096647e-02
2.999935169539989788e-02
2.999935169540089014e-02
2.999935169540126484e-02
2.999935169540088320e-02
2.999935169540146607e-02
2.999935169540116076e-02
2.999935169540110871e-02
2.999935169540160484e-02
2.999935169540050156e-02
2.999935169540095953e-02
2.999935169539944685e-02
2.999935169540143831e-02
2.999935169540090055e-02
2.999935169540116076e-02
2.999935169540017543e-02
2.999935169540079993e-02
2.999935169540120239e-02
2.999935169540066116e-02
2.999935169540088667e-02
2.999935169540102198e-02
2.999935169540118157e-02
2.999935169540200036e-02
2.999935169540079993e-02
2.999935169540259711e-02
2.999935169540076524e-02
2.999935169540027258e-02
2.999935169540179219e-02
2.999935169540169158e-02
2.999935169540177485e-02
2.999935169540116769e-02
2.999935169540081728e-02
2.999935169540091096e-02
2.999935169540141403e-02
2.999935169540142443e-02
2.999935169540171934e-02
2.999935169540050503e-02
2.999935169540096647e-02
2.999935169540115729e-02
2.999935169540095606e-02
2.999935169540127525e-02
2.999935169540245139e-02
2.999935169540071320e-02
2.999935169540204200e-02
2.999935169540042176e-02
2.999935169540065422e-02
2.999935169540200036e-02
2.999935169540223281e-02
2.999935169540077565e-02
2.999935169540070973e-02
2.999935169540099422e-02
2.999935169540181301e-02
2.999935169540175750e-02
2.999935169540152158e-02
2.999935169540153546e-02
2.999935169540144525e-02
2.999935169540095606e-02
2.999935169540150770e-02
2.999935169540060564e-02
2.999935169540085544e-02
2.999935169540154586e-02
2.999935169540135504e-02
2.999935169540225016e-02
2.999935169540208363e-02
2.999935169540004706e-02
2.999935169540142443e-02
2.999935169540131341e-02
2.999935169540103586e-02
2.999935169540047727e-02
2.999935169540139668e-02
2.999935169540147301e-02
2.999935169540172974e-02
2.999935169540133423e-02
2.999935169540045993e-02
2.999935169540171934e-02
2.999935169540221547e-02
2.999935169540113647e-02
2.999935169540097341e-02
2.999935169540167423e-02
2.999935169540292670e-02
2.999935169540273935e-02
2.999935169540045993e-02
2.999935169540147301e-02
2.999935169540170199e-02
2.999935169540116769e-02
2.999935169540175750e-02
2.999935169540192403e-02
2.999935169540076871e-02
2.999935169540070973e-02
2.999935169540242710e-02
2.999935169540226751e-02
2.999935169540162566e-02
2.999935169540115382e-02
2.999935169540163607e-02
2.999935169540195526e-02
2.999935169540164648e-02
2.999935169540215996e-02
2.999935169540356855e-02
2.999935169540184077e-02
2.999935169540209751e-02
2.999935169540167770e-02
2.999935169540385305e-02
2.999935169540152158e-02
2.999935169540183730e-02
2.999935169540231261e-02
2.999935169540358590e-02
2.999935169540189281e-02
2.999935169540307589e-02
2.999935169540158403e-02
2.999935169540154239e-02
2.999935169540191363e-02
2.999935169540307589e-02
2.999935169540238200e-02
2.999935169540259017e-02
2.999935169540116769e-02
2.999935169540161525e-02
2.999935169540177832e-02
2.999935169540177832e-02
2.999935169540271507e-02
2.999935169540127872e-02
2.999935169540241670e-02
2.999935169540246180e-02
2.999935169540193791e-02
2.999935169540176791e-02
2.999935169540055707e-02
2.999935169540116769e-02
2.999935169540289548e-02
2.999935169540301691e-02
2.999935169540202812e-02
2.999935169540157362e-02
2.999935169540244098e-02
2.999935169540035931e-02
2.999935169540270119e-02
2.999935169540191016e-02
2.999935169540252078e-02
2.999935169540235425e-02
2.999935169540265262e-02
2.999935169540200036e-02
2.999935169540122321e-02
2.999935169540164648e-02
2.999935169540141403e-02
2.999935169540415142e-02
2.999935169540157362e-02
2.999935169540201424e-02
2.999935169540277058e-02
2.999935169540081034e-02
2.999935169540118157e-02
2.999935169540159097e-02
2.999935169540138280e-02
2.999935169540212526e-02
2.999935169540143137e-02
2.999935169540254160e-02
2.999935169540223628e-02
2.999935169540223628e-02
2.999935169540207322e-02
2.999935169540126831e-02
2.999935169540263874e-02
2.999935169540176444e-02
2.999935169540302038e-02
2.999935169540196567e-02
2.999935169540281915e-02
2.999935169540080687e-02
2.999935169540289548e-02
2.999935169540370733e-02
2.999935169540235425e-02
2.999935169540236118e-02
2.999935169540191710e-02
2.999935169540209751e-02
2.999935169540256935e-02
2.999935169540111218e-02
2.999935169540262139e-02
2.999935169540291630e-02
2.999935169540180607e-02
2.999935169540181301e-02
2.999935169540303773e-02
2.999935169540252772e-02
2.999935169540270813e-02
2.999935169540208363e-02
2.999935169540101851e-02
2.999935169540282609e-02
2.999935169540290242e-02
2.999935169540482449e-02
2.999935169540427979e-02
2.999935169540229180e-02
2.999935169540317997e-02
2.999935169540206281e-02
2.999935169540296834e-02
2.999935169540400570e-02
2.999935169540184077e-02
2.999935169540120933e-02
2.999935169540290242e-02
2.999935169540273588e-02
2.999935169540219118e-02
2.999935169540298915e-02
2.999935169540268037e-02
2.999935169540088320e-02
2.999935169540239588e-02
2.999935169540327712e-02
2.999935169540367957e-02
2.999935169540280527e-02
2.999935169540390856e-02
2.999935169540347835e-02
2.999935169540449836e-02
2.999935169540242710e-02
2.999935169540274976e-02
2.999935169540103932e-02
2.999935169540420346e-02
2.999935169540425897e-02
2.999935169540319385e-02
2.999935169540324936e-02
2.999935169540267343e-02
2.999935169540118851e-02
2.999935169540419305e-02
2.999935169540240282e-02
2.999935169540475510e-02
2.999935169540414448e-02
2.999935169540303426e-02
2.999935169540326324e-02
2.999935169540370733e-02
2.999935169540339508e-02
2.999935169540324242e-02
2.999935169540333263e-02
2.999935169540410285e-02
2.999935169540422081e-02
2.999935169540386692e-02
2.999935169540430407e-02
2.999935169540392937e-02
2.999935169540245486e-02
2.999935169540351651e-02
2.999935169540346447e-02
2.999935169540264568e-02
2.999935169540317997e-02
2.999935169540437346e-02
2.999935169540316263e-02
2.999935169540469265e-02
2.999935169540501184e-02
2.999935169540413060e-02
2.999935169540346794e-02
2.999935169540330487e-02
2.999935169540458163e-02
2.999935169540446367e-02
2.999935169540317997e-02
2.999935169540534491e-02
2.999935169540442897e-02
2.999935169540307589e-02
2.999935169540395366e-02
2.999935169540353386e-02
2.999935169540435959e-02
2.999935169540301344e-02
2.999935169540286078e-02
2.999935169540437346e-02
2.999935169540296140e-02
2.999935169540010604e-02
2.999935169540440816e-02
2.999935169540285385e-02
2.999935169540303773e-02
2.999935169540286078e-02
2.999935169540483490e-02
2.999935169540398489e-02
2.999935169540187546e-02
2.999935169540264221e-02
2.999935169540123014e-02
2.999935169540330487e-02
2.999935169540315222e-02
2.999935169540409591e-02
2.999935169540345753e-02
2.999935169540526858e-02
2.999935169540312446e-02
2.999935169540140015e-02
2.999935169540363794e-02
2.999935169540383223e-02
2.999935169540362059e-02
2.999935169540048768e-02
2.999935169540617758e-02
2.999935169540452959e-02
2.999935169540401611e-02
2.999935169540270466e-02
2.999935169540729474e-02
2.999935169540218077e-02
2.999935169540512286e-02
2.999935169540133076e-02
2.999935169540184771e-02
2.999935169540469265e-02
2.999935169540452612e-02
2.999935169540287119e-02
2.999935169540446714e-02
2.999935169540350610e-02
2.999935169540411325e-02
2.999935169540442204e-02
2.999935169540518878e-02
2.999935169540371427e-02
2.999935169540228833e-02
2.999935169540511593e-02
2.999935169540386692e-02
2.999935169540433530e-02
2.999935169540452612e-02
2.999935169540265956e-02
2.999935169540866864e-02
2.999935169540491123e-02
2.999935169540310712e-02
2.999935169540489041e-02
2.999935169540428673e-02
2.999935169540621574e-02
2.999935169540263180e-02
2.999935169540279833e-02
2.999935169540243057e-02
2.999935169540660085e-02
2.999935169540252772e-02
2.999935169540285385e-02
2.999935169540367957e-02
2.999935169540413060e-02
2.999935169540667024e-02
2.999935169540422775e-02
2.999935169540246874e-02
2.999935169540445673e-02
2.999935169540595206e-02
2.999935169540239935e-02
2.999935169540529287e-02
2.999935169540285732e-02
2.999935169540243057e-02
2.999935169540169505e-02
2.999935169540229873e-02
2.999935169540711433e-02
2.999935169540629901e-02
2.999935169540120586e-02
2.999935169540266650e-02
2.999935169540662167e-02
2.999935169540264221e-02
2.999935169540339855e-02
2.999935169540404734e-02
2.999935169540619839e-02
2.999935169540337426e-02
2.999935169540684024e-02
2.999935169540222935e-02
2.999935169540349222e-02
2.999935169540414101e-02
2.999935169540489388e-02
2.999935169540111912e-02
2.999935169540345059e-02
2.999935169540245139e-02
2.999935169540021360e-02
2.999935169540146954e-02
2.999935169540210098e-02
2.999935169540328406e-02
2.999935169540545246e-02
2.999935169540775964e-02
2.999935169540436652e-02
2.999935169540169505e-02
2.999935169540453653e-02
2.999935169540416530e-02
2.999935169540551838e-02
2.999935169540292323e-02
2.999935169540649677e-02
2.999935169539840948e-02
