4.683665956573078715e-01
4.683665956720954870e-01
4.683665957115640266e-01
4.683665957730929197e-01
4.683665958538704155e-01
4.683665959607670737e-01
4.683665960889175084e-01
4.683665962364249036e-01
4.683665963967456602e-01
4.683665965781422247e-01
4.683665967674872643e-01
4.683665969627917036e-01
4.683665971638895087e-01
4.683665973799666093e-01
4.683665975988912100e-01
4.683665978144398445e-01
4.683665980110864324e-01
4.683665982105865710e-01
4.683665984106658020e-01
4.683665985947429444e-01
4.683665987726148283e-01
4.683665989332793100e-01
4.683665990813872249e-01
4.683665992028858138e-01
4.683665993058321875e-01
4.683665993913330716e-01
4.683665994535807231e-01
4.683665994956257017e-01
4.683665995158968753e-01
4.683665995159554951e-01
4.683665994933199905e-01
4.683665994539134569e-01
4.683665993901721114e-01
4.683665993083285795e-01
4.683665992245734655e-01
4.683665991177807797e-01
4.683665990023020975e-01
4.683665988760614685e-01
4.683665987416383847e-01
4.683665986088053623e-01
4.683665984734673438e-01
4.683665983383054066e-01
4.683665982134422312e-01
4.683665980797055428e-01
4.683665979711734706e-01
4.683665978635042637e-01
4.683665977790786306e-01
4.683665976987147483e-01
4.683665976394025265e-01
4.683665975998810294e-01
4.683665975826879491e-01
4.683665975783066759e-01
4.683665976047279300e-01
4.683665976430212430e-01
4.683665977077593467e-01
4.683665977868196606e-01
4.683665978896973670e-01
4.683665980044264820e-01
4.683665981408975387e-01
4.683665982825800933e-01
4.683665984535743121e-01
4.683665986256540514e-01
4.683665988042973183e-01
4.683665989740040669e-01
4.683665991578260246e-01
4.683665993299740427e-01
4.683665994996159543e-01
4.683665996470445236e-01
4.683665997947105142e-01
4.683665999113406087e-01
4.683666000178910993e-01
4.683666000871405388e-01
4.683666001270390677e-01
4.683666001377601584e-01
4.683666001061466688e-01
4.683666000293484899e-01
4.683665999117918588e-01
4.683665997394844682e-01
4.683665995275460570e-01
4.683665992672137457e-01
4.683665989587215139e-01
4.683665985726006564e-01
4.683665981672317513e-01
4.683665976911458584e-01
4.683665971734028433e-01
4.683665966188668706e-01
4.683665960315434029e-01
4.683665953566620299e-01
4.683665947121651296e-01
4.683665940176641174e-01
4.683665932904299001e-01
4.683665925053225321e-01
4.683665917127274314e-01
4.683665908989080306e-01
4.683665900687229433e-01
4.683665892362366967e-01
4.683665884277869451e-01
4.683665876028877961e-01
4.683665867555592555e-01
4.683665859761869110e-01
4.683665851827508164e-01
4.683665844486162300e-01
4.683665837285955202e-01
4.683665830539293085e-01
4.683665824665084187e-01
4.683665818878862686e-01
4.683665814056419685e-01
4.683665809417858483e-01
4.683665805389941594e-01
4.683665802321154148e-01
4.683665799597234169e-01
4.683665797740922399e-01
4.683665796355029887e-01
4.683665795742598115e-01
4.683665795517797936e-01
4.683665796610122500e-01
4.683665798322936280e-01
4.683665800573342253e-01
4.683665803367900171e-01
4.683665806908849372e-01
4.683665810841694532e-01
4.683665815542879529e-01
4.683665820724580708e-01
4.683665826727487214e-01
4.683665832751232605e-01
4.683665838717002150e-01
4.683665845391306592e-01
4.683665852269781604e-01
4.683665859375442664e-01
4.683665866790781562e-01
4.683665874077297953e-01
4.683665881807881903e-01
4.683665888880813033e-01
4.683665896285674202e-01
4.683665903862780366e-01
4.683665910356164530e-01
4.683665917378323496e-01
4.683665923174076817e-01
4.683665928864173544e-01
4.683665934232107975e-01
4.683665939220313379e-01
4.683665944294563288e-01
4.683665948285433700e-01
4.683665951142010342e-01
4.683665953864346032e-01
4.683665956671306807e-01
4.683665958536088469e-01
4.683665960589912247e-01
4.683665961111557197e-01
4.683665961664109090e-01
4.683665961652498377e-01
4.683665961899145525e-01
4.683665960839396014e-01
4.683665959988319583e-01
4.683665959657833944e-01
4.683665959488826913e-01
4.683665958689720576e-01
4.683665957802195523e-01
4.683665955832988503e-01
4.683665954007827370e-01
4.683665952593877302e-01
4.683665951421538964e-01
4.683665950116999710e-01
4.683665949897235503e-01
4.683665949241198057e-01
4.683665948198108553e-01
4.683665948880172403e-01
4.683665949698635478e-01
4.683665951050787757e-01
4.683665951188796805e-01
4.683665951528124261e-01
4.683665949955138075e-01
4.683665949856860022e-01
4.683665949759517333e-01
4.683665949414463348e-01
4.683665949085321634e-01
4.683665948395019929e-01
4.683665948208693419e-01
4.683665948530162382e-01
4.683665946970673177e-01
4.683665945025466959e-01
4.683665942478814070e-01
4.683665938208172452e-01
4.683665933877876331e-01
4.683665927169429199e-01
4.683665923148752075e-01
4.683665915832455062e-01
4.683665906914458166e-01
4.683665897941907685e-01
4.683665887994611365e-01
4.683665877298324731e-01
4.683665866805922784e-01
4.683665856223622748e-01
4.683665845472633760e-01
4.683665833990556804e-01
4.683665820233950394e-01
4.683665806705992196e-01
4.683665791842235304e-01
4.683665778867612817e-01
4.683665765604622666e-01
4.683665750226521651e-01
4.683665736052514128e-01
4.683665723243319312e-01
4.683665707936132683e-01
4.683665695779469229e-01
4.683665681930776481e-01
4.683665672126352542e-01
4.683665663181612038e-01
4.683665654844718085e-01
4.683665648586025076e-01
4.683665641713208316e-01
4.683665637444860974e-01
4.683665635821309681e-01
4.683665630632628529e-01
4.683665632734488327e-01
4.683665633709664378e-01
4.683665637260067127e-01
4.683665643355592878e-01
4.683665649461981051e-01
4.683665656762789342e-01
4.683665662670113972e-01
4.683665673465499113e-01
4.683665682978170319e-01
4.683665694330103602e-01
4.683665705649337485e-01
4.683665719122171445e-01
4.683665734925284152e-01
4.683665751089091112e-01
4.683665768293145404e-01
4.683665782660983434e-01
4.683665798151672166e-01
4.683665813235703967e-01
4.683665825592744913e-01
4.683665840039235029e-01
4.683665850310476664e-01
4.683665861405901243e-01
4.683665873292343074e-01
4.683665883402358121e-01
4.683665892556426735e-01
4.683665898246843762e-01
4.683665907124892058e-01
4.683665913220987909e-01
4.683665915044544215e-01
4.683665916051489297e-01
4.683665911862474052e-01
4.683665915080118536e-01
4.683665916440836741e-01
4.683665919520750842e-01
4.683665913721248297e-01
4.683665913180093399e-01
4.683665911505365820e-01
4.683665906909429966e-01
4.683665902203042464e-01
4.683665902113446911e-01
4.683665896317359967e-01
4.683665890584304825e-01
4.683665888053806792e-01
4.683665889901118540e-01
4.683665894393970186e-01
4.683665895201836182e-01
4.683665896361315362e-01
4.683665907004789797e-01
4.683665912045604784e-01
4.683665919486121321e-01
4.683665924892521093e-01
4.683665937086243236e-01
4.683665941856423598e-01
4.683665949597434208e-01
4.683665967395505003e-01
4.683665977458413288e-01
4.683665994978182257e-01
4.683666007127042508e-01
4.683666030289997395e-01
4.683666049992360469e-01
4.683666066196549016e-01
4.683666084582002731e-01
4.683666101718194641e-01
4.683666121754342382e-01
4.683666145381759072e-01
4.683666170197271494e-01
4.683666189673233449e-01
4.683666210955008680e-01
4.683666225215644685e-01
4.683666238101110713e-01
4.683666251204235409e-01
4.683666270452467861e-01
4.683666284189258455e-01
4.683666295485163777e-01
4.683666300743876687e-01
4.683666309678418682e-01
4.683666310960001855e-01
4.683666316644417571e-01
4.683666321802262278e-01
4.683666322601343635e-01
4.683666331990349319e-01
4.683666332336710592e-01
4.683666334782205509e-01
4.683666330235403130e-01
4.683666322502933466e-01
4.683666319868109995e-01
4.683666315602727503e-01
4.683666309190795962e-01
4.683666295714660754e-01
4.683666287426485608e-01
4.683666280153810924e-01
4.683666276820132590e-01
4.683666267949028739e-01
4.683666258643796598e-01
4.683666255953124469e-01
4.683666251734465713e-01
4.683666249319339281e-01
4.683666249789912861e-01
4.683666246200832717e-01
4.683666246812652201e-01
4.683666252605132030e-01
4.683666253102621857e-01
4.683666258469377786e-01
4.683666267925532534e-01
4.683666277869004690e-01
4.683666288517893683e-01
4.683666293272272796e-01
4.683666304340726727e-01
4.683666321854068615e-01
4.683666336790528462e-01
4.683666348295633108e-01
4.683666365719704738e-01
4.683666385271609833e-01
4.683666405853343928e-01
4.683666417050708630e-01
4.683666434708091408e-01
4.683666449366598039e-01
4.683666464529973039e-01
4.683666477357838476e-01
4.683666487304127268e-01
4.683666506032593824e-01
4.683666515524274043e-01
4.683666520114668774e-01
4.683666522918821795e-01
4.683666531916484965e-01
4.683666538635463672e-01
4.683666539417385977e-01
4.683666548095675175e-01
4.683666552787020820e-01
4.683666559834429033e-01
4.683666562173562919e-01
4.683666566557094235e-01
4.683666572222554558e-01
4.683666579107808592e-01
4.683666582406988410e-01
4.683666578321389329e-01
4.683666584885208262e-01
4.683666585284446682e-01
4.683666584598911720e-01
4.683666593599097316e-01
4.683666600366451216e-01
4.683666602960088743e-01
4.683666618168338958e-01
4.683666628173280833e-01
4.683666628303804758e-01
4.683666639019532507e-01
4.683666648189662718e-01
4.683666665689639186e-01
4.683666685923622564e-01
4.683666702756831279e-01
4.683666717852509320e-01
4.683666739590600092e-01
4.683666759426717840e-01
4.683666787388931496e-01
4.683666813927236383e-01
4.683666850579551455e-01
4.683666881781884950e-01
4.683666922827596224e-01
4.683666965114913205e-01
4.683667005041944331e-01
4.683667048125306764e-01
4.683667090106793940e-01
4.683667127420083620e-01
4.683667168164787342e-01
4.683667220954676469e-01
4.683667262200212900e-01
4.683667306023026611e-01
4.683667345974414919e-01
4.683667388461531522e-01
4.683667424564695314e-01
4.683667459538275457e-01
4.683667500735586575e-01
4.683667539211325836e-01
4.683667577591451026e-01
4.683667604462632972e-01
4.683667632861599484e-01
4.683667657355822245e-01
4.683667686204501246e-01
4.683667716917834789e-01
4.683667739315057754e-01
4.683667762707804938e-01
4.683667780109976864e-01
4.683667794912876325e-01
4.683667805471035672e-01
4.683667810732007886e-01
4.683667827541945772e-01
4.683667838063149680e-01
4.683667845496442550e-01
4.683667847853755783e-01
4.683667854972504152e-01
4.683667854806027320e-01
4.683667857102677967e-01
4.683667858319506827e-01
4.683667854317982160e-01
4.683667859443121362e-01
4.683667860250002590e-01
4.683667862445616281e-01
4.683667866347075437e-01
4.683667866170871941e-01
4.683667870555520696e-01
4.683667879091334418e-01
4.683667884639377554e-01
4.683667891125404270e-01
4.683667895714422325e-01
4.683667897824174697e-01
4.683667913897253121e-01
4.683667924347224565e-01
4.683667936825626210e-01
4.683667951217677095e-01
4.683667965693183444e-01
4.683667983486969888e-01
4.683668001895395228e-01
4.683668024370061800e-01
4.683668042073910187e-01
4.683668056820147196e-01
4.683668070623677182e-01
4.683668083218597289e-01
4.683668098448123818e-01
4.683668106218639715e-01
4.683668114265220894e-01
4.683668126606358451e-01
4.683668136540661275e-01
4.683668142410663537e-01
4.683668142994289463e-01
4.683668146584403780e-01
4.683668144591667803e-01
4.683668141842586841e-01
4.683668148743931892e-01
4.683668147841689167e-01
4.683668146168855628e-01
4.683668138126778069e-01
4.683668126590038172e-01
4.683668116131984305e-01
4.683668109579497973e-01
4.683668105513875135e-01
4.683668095634899720e-01
4.683668089171308391e-01
4.683668082260478149e-01
4.683668078173184868e-01
4.683668066526777696e-01
4.683668067943189128e-01
4.683668069219731889e-01
4.683668071418404244e-01
4.683668073241237795e-01
4.683668077551732534e-01
4.683668088230070192e-01
4.683668097683051923e-01
4.683668120747728203e-01
4.683668139764819993e-01
4.683668161789181217e-01
4.683668190274785648e-01
4.683668221804090925e-01
4.683668253624533873e-01
4.683668295917633451e-01
4.683668334727624782e-01
4.683668382023116750e-01
4.683668428231977932e-01
4.683668479257098727e-01
4.683668533755031005e-01
4.683668589802691962e-01
4.683668647016715481e-01
4.683668700982938637e-01
4.683668757960006701e-01
4.683668811807430443e-01
4.683668867321502116e-01
4.683668914926746862e-01
4.683668967398699201e-01
4.683669014893809823e-01
4.683669066672571657e-01
4.683669108349896026e-01
4.683669147734916827e-01
4.683669184913722972e-01
4.683669219512561210e-01
4.683669251300389136e-01
4.683669279269883634e-01
4.683669300002217817e-01
4.683669314006753681e-01
4.683669325337994072e-01
4.683669330167183897e-01
4.683669334865266376e-01
4.683669336794679117e-01
4.683669334025775122e-01
4.683669326146889245e-01
4.683669312590738043e-01
4.683669298012558824e-01
4.683669279444252487e-01
4.683669258246349609e-01
4.683669237055128054e-01
4.683669211421502832e-01
4.683669184334008362e-01
4.683669156390853350e-01
4.683669129987554358e-01
4.683669106363950729e-01
4.683669081568591630e-01
4.683669056276003051e-01
4.683669032269221488e-01
4.683669010336584670e-01
4.683668990980682789e-01
4.683668972653872720e-01
4.683668954558820596e-01
4.683668940437554773e-01
4.683668930748907111e-01
4.683668921536990326e-01
4.683668912749498481e-01
4.683668907488995892e-01
4.683668910188765744e-01
4.683668911216127273e-01
4.683668914579359743e-01
4.683668922399832346e-01
4.683668931226516730e-01
4.683668943946670549e-01
4.683668954249529115e-01
4.683668965080023394e-01
4.683668979427456636e-01
4.683668995489782549e-01
4.683669008931132249e-01
4.683669023148132604e-01
4.683669039265048184e-01
4.683669052089750595e-01
4.683669069193562851e-01
4.683669083887541662e-01
4.683669096780148644e-01
4.683669106270466620e-01
4.683669118618642990e-01
4.683669125328845384e-01
4.683669130344635390e-01
4.683669140010334186e-01
4.683669143573576665e-01
4.683669147035465774e-01
4.683669149611305316e-01
4.683669148517483616e-01
4.683669152319816509e-01
4.683669154714984462e-01
4.683669154303073401e-01
4.683669157533876803e-01
4.683669154474759400e-01
4.683669153095282311e-01
4.683669150776085810e-01
4.683669156262140754e-01
4.683669160660100528e-01
4.683669166120358329e-01
4.683669172369575584e-01
4.683669178627553609e-01
4.683669187854123117e-01
4.683669196117674627e-01
4.683669209221963947e-01
4.683669225978996375e-01
4.683669242802812049e-01
4.683669261943436690e-01
4.683669284839120373e-01
4.683669307573563034e-01
4.683669332996522883e-01
4.683669361017228638e-01
4.683669385516110450e-01
4.683669414791344354e-01
4.683669443695313572e-01
4.683669476562961065e-01
4.683669504495760472e-01
4.683669531553203980e-01
4.683669565904594045e-01
4.683669592882490074e-01
4.683669621276582151e-01
4.683669652179284770e-01
4.683669680255206913e-01
4.683669705185157794e-01
4.683669727025958629e-01
4.683669744908607324e-01
4.683669758161250751e-01
4.683669771291971706e-01
4.683669781170383684e-01
4.683669784733271446e-01
4.683669784386749746e-01
4.683669786574979343e-01
4.683669782579640839e-01
4.683669769515373948e-01
4.683669757007538625e-01
4.683669741827078958e-01
4.683669724468714213e-01
4.683669700586660656e-01
4.683669671973759718e-01
4.683669642612775519e-01
4.683669609381800325e-01
4.683669574770841781e-01
4.683669542007984354e-01
4.683669507196056014e-01
4.683669467616357607e-01
4.683669429971523135e-01
4.683669394706618250e-01
4.683669357888791129e-01
4.683669322601196616e-01
4.683669290449797296e-01
4.683669255340620063e-01
4.683669224281115651e-01
4.683669195305900090e-01
4.683669166224601055e-01
4.683669139592190889e-01
4.683669116615378214e-01
4.683669094819224998e-01
4.683669081131321410e-01
4.683669072300608582e-01
4.683669066967061645e-01
4.683669054821212874e-01
4.683669058108995698e-01
4.683669061155280033e-01
4.683669065844944801e-01
4.683669075938806103e-01
4.683669082199938827e-01
4.683669093638178071e-01
4.683669113336741963e-01
4.683669136436989233e-01
4.683669157301120767e-01
4.683669187020880753e-01
4.683669216286354131e-01
4.683669243960802975e-01
4.683669274740778210e-01
4.683669307355291522e-01
4.683669338259127124e-01
4.683669370622584038e-01
4.683669403267461395e-01
4.683669439689920333e-01
4.683669472531237221e-01
4.683669498811883214e-01
4.683669526312305709e-01
4.683669557998313970e-01
4.683669581845628649e-01
4.683669607962743786e-01
4.683669631258051691e-01
4.683669648716007883e-01
4.683669664701297641e-01
4.683669683457802324e-01
4.683669698112212787e-01
4.683669717684688649e-01
4.683669727121102522e-01
4.683669736470584821e-01
4.683669746214467189e-01
4.683669760006415328e-01
4.683669772155760747e-01
4.683669776110074290e-01
4.683669776896015047e-01
4.683669787979458099e-01
4.683669795142898495e-01
4.683669805099999750e-01
4.683669810171617320e-01
4.683669820294633634e-01
4.683669827907755989e-01
4.683669835877730669e-01
4.683669849876264668e-01
4.683669865606890359e-01
4.683669876798039478e-01
4.683669894972679604e-01
4.683669907425220824e-01
4.683669916751309614e-01
4.683669940043455604e-01
4.683669952939133463e-01
4.683669974791810908e-01
4.683669992423779016e-01
4.683670010766477487e-01
4.683670037074870174e-01
4.683670050528431217e-01
4.683670076259279780e-01
4.683670100311849716e-01
4.683670117714222592e-01
4.683670140929568904e-01
4.683670163596805880e-01
4.683670173972057649e-01
4.683670193216921129e-01
4.683670210431813419e-01
4.683670223339385097e-01
4.683670236049866653e-01
4.683670234950986222e-01
4.683670238813691378e-01
4.683670242773972370e-01
4.683670235837608664e-01
4.683670227977863587e-01
4.683670218157922061e-01
4.683670199291010139e-01
4.683670184713513152e-01
4.683670168978936177e-01
4.683670157843793369e-01
4.683670137689092128e-01
4.683670119491160633e-01
4.683670098277895599e-01
4.683670076249151770e-01
4.683670052979944098e-01
4.683670028577540112e-01
4.683670003840408325e-01
4.683669976954499270e-01
4.683669950190226805e-01
4.683669925850976190e-01
4.683669900475651016e-01
4.683669880576071809e-01
4.683669860458427037e-01
4.683669846424082239e-01
4.683669831413824758e-01
4.683669814589150326e-01
4.683669802672361104e-01
4.683669799659136990e-01
4.683669789752394341e-01
4.683669787092598069e-01
4.683669782929743564e-01
4.683669791486351763e-01
4.683669790771342600e-01
4.683669800802850447e-01
4.683669818856321387e-01
4.683669838894685133e-01
4.683669858750258430e-01
4.683669886495344659e-01
4.683669909632096062e-01
4.683669932706964190e-01
4.683669957562460739e-01
4.683669991080137707e-01
4.683670018626499565e-01
4.683670054357658707e-01
4.683670083259533490e-01
4.683670118756603218e-01
4.683670148710865067e-01
4.683670175495514010e-01
4.683670202971568775e-01
4.683670227839950018e-01
4.683670255408291516e-01
4.683670277623139810e-01
4.683670298481689143e-01
4.683670317748576117e-01
4.683670334662273782e-01
4.683670352806173498e-01
4.683670362833866063e-01
4.683670372898995349e-01
4.683670376943893654e-01
4.683670383412708027e-01
4.683670383963358108e-01
4.683670378837780923e-01
4.683670379509248805e-01
4.683670374832713534e-01
4.683670367532590251e-01
4.683670361642309210e-01
4.683670353657419239e-01
4.683670344583508172e-01
4.683670334919359801e-01
4.683670325998999795e-01
4.683670320986567104e-01
4.683670315240717197e-01
4.683670304812171947e-01
4.683670293341843371e-01
4.683670288532627013e-01
4.683670285319822546e-01
4.683670283910865151e-01
4.683670277409763272e-01
4.683670275687578655e-01
4.683670281729275797e-01
4.683670283960231218e-01
4.683670290457552232e-01
4.683670299731256259e-01
4.683670309734648818e-01
4.683670325014096525e-01
4.683670340425105105e-01
4.683670359601516120e-01
4.683670373565090861e-01
4.683670389866047001e-01
4.683670412281661366e-01
4.683670432590023580e-01
4.683670451441131477e-01
4.683670464813624035e-01
4.683670489416121852e-01
4.683670513054635220e-01
4.683670534163768551e-01
4.683670552126367181e-01
4.683670571907098124e-01
4.683670590927315747e-01
4.683670611145471230e-01
4.683670625910196783e-01
4.683670635513391689e-01
4.683670645597658444e-01
4.683670653521893046e-01
4.683670660992873547e-01
4.683670667156899503e-01
4.683670671332892388e-01
4.683670671317848866e-01
4.683670671788794371e-01
4.683670671664095786e-01
4.683670667064746551e-01
4.683670663074405160e-01
4.683670650868224095e-01
4.683670641874748686e-01
4.683670630854008254e-01
4.683670618036273048e-01
4.683670601943902279e-01
4.683670588462139350e-01
4.683670574617836979e-01
4.683670563770366835e-01
4.683670547691337616e-01
4.683670534614453596e-01
4.683670521139284282e-01
4.683670507959870055e-01
4.683670499320484737e-01
4.683670490799394792e-01
4.683670483516023109e-01
4.683670477651418751e-01
4.683670472420631836e-01
4.683670471269392177e-01
4.683670467668225035e-01
4.683670471503957322e-01
4.683670472978214150e-01
4.683670474038728604e-01
4.683670480549940174e-01
4.683670485303808584e-01
4.683670490378464835e-01
4.683670496746115131e-01
4.683670507129971128e-01
4.683670513395317703e-01
4.683670523444041778e-01
4.683670531168094286e-01
4.683670539438730684e-01
4.683670547787913141e-01
4.683670554058491642e-01
4.683670563044803337e-01
4.683670574212861482e-01
4.683670580578219167e-01
4.683670582392246984e-01
4.683670587201549385e-01
4.683670586504011246e-01
4.683670584921099667e-01
4.683670581382711195e-01
4.683670579233695785e-01
4.683670574051474467e-01
4.683670569894726188e-01
4.683670562750980593e-01
4.683670554992922508e-01
4.683670543870505631e-01
4.683670534123177132e-01
4.683670519664808185e-01
4.683670507808641581e-01
4.683670493399897938e-01
4.683670477516697073e-01
4.683670460827584758e-01
4.683670445661340387e-01
4.683670428821101184e-01
4.683670413470743532e-01
4.683670402735121696e-01
4.683670388912674065e-01
4.683670379095371539e-01
4.683670366319809819e-01
4.683670357707611642e-01
4.683670349860243332e-01
4.683670343497920996e-01
4.683670337182334054e-01
4.683670334170786376e-01
4.683670331543260401e-01
4.683670333715202472e-01
4.683670334348465358e-01
4.683670337734346378e-01
4.683670340751684980e-01
4.683670348642718362e-01
4.683670357852774413e-01
4.683670367695575432e-01
4.683670380139211553e-01
4.683670393855356440e-01
4.683670406250003415e-01
4.683670422979367420e-01
4.683670437478817394e-01
4.683670452793100014e-01
4.683670470612310011e-01
4.683670486683451095e-01
4.683670502428783355e-01
4.683670518914050396e-01
4.683670535085164843e-01
4.683670546933898504e-01
4.683670560644058734e-01
4.683670572620606820e-01
4.683670583285898248e-01
4.683670593379980485e-01
4.683670601564892677e-01
4.683670610322246963e-01
4.683670615875913934e-01
4.683670621339946494e-01
4.683670623584736403e-01
4.683670625759663864e-01
4.683670626041158136e-01
4.683670625008801713e-01
4.683670621386077371e-01
4.683670618401170049e-01
4.683670612042592496e-01
4.683670605536571219e-01
4.683670598392074003e-01
4.683670591317904419e-01
4.683670581650554166e-01
4.683670572390810638e-01
4.683670561804197940e-01
4.683670551920892655e-01
4.683670541913784735e-01
4.683670532928885244e-01
4.683670522639319378e-01
4.683670513089726595e-01
4.683670504730387818e-01
4.683670496010694517e-01
4.683670487353579492e-01
4.683670480158633187e-01
4.683670472793751705e-01
4.683670467490278488e-01
4.683670462369082799e-01
4.683670458159693850e-01
4.683670454878865463e-01
4.683670452850329236e-01
4.683670451628754727e-01
4.683670451353587616e-01
4.683670450704803256e-01
4.683670450894115711e-01
4.683670452392621475e-01
4.683670454002406558e-01
4.683670456035018415e-01
4.683670458841079354e-01
4.683670461585444644e-01
4.683670464957709889e-01
4.683670468404571574e-01
4.683670471559858717e-01
4.683670474346807167e-01
4.683670477232179663e-01
4.683670478864874198e-01
4.683670480868392105e-01
4.683670482237533017e-01
4.683670483120260797e-01
4.683670483040860422e-01
4.683670481876358038e-01
4.683670479694293509e-01
4.683670476982720876e-01
4.683670473079111218e-01
4.683670469334593744e-01
4.683670464294004687e-01
4.683670458848894769e-01
4.683670451220633413e-01
4.683670444037797975e-01
4.683670435389621911e-01
4.683670426326122516e-01
4.683670415987700175e-01
4.683670405451494378e-01
4.683670395172688239e-01
4.683670384671724807e-01
4.683670373255020558e-01
4.683670361633168744e-01
4.683670349912041342e-01
4.683670339002271588e-01
4.683670327937343725e-01
4.683670317956764029e-01
4.683670308041584240e-01
4.683670298363064588e-01
4.683670288548747451e-01
4.683670279887405807e-01
4.683670271843830002e-01
4.683670265489468520e-01
4.683670259734208363e-01
4.683670255586003250e-01
4.683670251396925832e-01
4.683670249246305595e-01
4.683670248139355508e-01
4.683670248141839632e-01
4.683670248868959662e-01
4.683670250944350633e-01
4.683670254067643368e-01
4.683670258636024597e-01
4.683670263740427053e-01
4.683670270107382350e-01
4.683670277009339689e-01
4.683670284972146769e-01
4.683670293113008087e-01
4.683670302502335181e-01
4.683670311425761623e-01
4.683670321610994280e-01
4.683670332015592019e-01
4.683670342194081737e-01
4.683670352769694900e-01
4.683670363334686004e-01
4.683670373094583339e-01
4.683670382558357548e-01
4.683670391862663207e-01
4.683670401002946182e-01
4.683670409473107421e-01
4.683670417377709949e-01
4.683670424865263304e-01
4.683670431692592007e-01
4.683670437640558015e-01
4.683670443585490339e-01
4.683670448078563475e-01
4.683670452238036241e-01
4.683670455796841159e-01
4.683670458913372636e-01
