2.999935795555486173e-02
2.999935795555079901e-02
2.999935795555233251e-02
2.999935795555626686e-02
2.999935795555517398e-02
2.999935795555612114e-02
2.999935795555449744e-02
2.999935795555571175e-02
2.999935795555356763e-02
2.999935795555732157e-02
2.999935795556023591e-02
2.999935795555333864e-02
2.999935795555696769e-02
2.999935795555145127e-02
2.999935795555241230e-02
2.999935795555602053e-02
2.999935795555212434e-02
2.999935795555392151e-02
2.999935795555633972e-02
2.999935795555382437e-02
2.999935795555455295e-02
2.999935795555506643e-02
2.999935795555393886e-02
2.999935795555316517e-02
2.999935795555443152e-02
2.999935795555555215e-02
2.999935795555482010e-02
2.999935795555138882e-02
2.999935795555354334e-02
2.999935795555595114e-02
2.999935795555743606e-02
2.999935795555423723e-02
2.999935795555665197e-02
2.999935795555702320e-02
2.999935795555627727e-02
2.999935795555124657e-02
2.999935795555766505e-02
2.999935795555562848e-02
2.999935795555719667e-02
2.999935795555608645e-02
2.999935795555665544e-02
2.999935795555079554e-02
2.999935795555418172e-02
2.999935795555457724e-02
2.999935795555457030e-02
2.999935795555542031e-02
2.999935795555266210e-02
2.999935795555537521e-02
2.999935795555354681e-02
2.999935795555217291e-02
2.999935795555200985e-02
2.999935795555287027e-02
2.999935795555568746e-02
2.999935795555424417e-02
2.999935795555508725e-02
2.999935795555217638e-02
2.999935795555463622e-02
2.999935795555284598e-02
2.999935795555228393e-02
2.999935795554974777e-02
2.999935795555377926e-02
2.999935795555538909e-02
2.999935795555459112e-02
2.999935795555561113e-02
2.999935795555218332e-02
2.999935795555656176e-02
2.999935795555517745e-02
2.999935795555562501e-02
2.999935795555268292e-02
2.999935795555602053e-02
2.999935795555827914e-02
2.999935795555554174e-02
2.999935795555649931e-02
2.999935795555228740e-02
2.999935795555586093e-02
2.999935795555418519e-02
2.999935795555315129e-02
2.999935795555656870e-02
2.999935795555391457e-02
2.999935795555472642e-02
2.999935795555390416e-02
2.999935795555333864e-02
2.999935795555325885e-02
2.999935795555401519e-02
2.999935795555404988e-02
2.999935795555553480e-02
2.999935795555253720e-02
2.999935795555195781e-02
2.999935795555615237e-02
2.999935795555301252e-02
2.999935795555170800e-02
2.999935795555289803e-02
2.999935795555403253e-02
2.999935795555418519e-02
2.999935795555394233e-02
2.999935795555541337e-02
2.999935795555471948e-02
2.999935795555701279e-02
2.999935795555447315e-02
2.999935795555461193e-02
2.999935795555500398e-02
2.999935795555630502e-02
2.999935795555572215e-02
2.999935795555309578e-02
2.999935795555468132e-02
2.999935795555521562e-02
2.999935795555561113e-02
2.999935795555552093e-02
2.999935795555546542e-02
2.999935795555443846e-02
2.999935795555378273e-02
2.999935795555541684e-02
2.999935795555339069e-02
2.999935795555443846e-02
2.999935795555399437e-02
2.999935795555509419e-02
2.999935795555578807e-02
2.999935795555567011e-02
2.999935795555469520e-02
2.999935795555334211e-02
2.999935795555464663e-02
2.999935795555377926e-02
2.999935795555405682e-02
2.999935795555293272e-02
2.999935795555480622e-02
2.999935795555487214e-02
2.999935795555411580e-02
2.999935795555470908e-02
2.999935795555305762e-02
2.999935795555319293e-02
2.999935795555386947e-02
2.999935795555476806e-02
2.999935795555535439e-02
2.999935795555278700e-02
2.999935795555536133e-02
2.999935795555482357e-02
2.999935795555372722e-02
2.999935795555462928e-02
2.999935795555350518e-02
2.999935795555414703e-02
2.999935795555412274e-02
2.999935795555434825e-02
2.999935795555463275e-02
2.999935795555225271e-02
2.999935795555368559e-02
2.999935795555223189e-02
2.999935795555434825e-02
2.999935795555377233e-02
2.999935795555454948e-02
2.999935795555349824e-02
2.999935795555319987e-02
2.999935795555626339e-02
2.999935795555317558e-02
2.999935795555440377e-02
2.999935795555397355e-02
2.999935795555306109e-02
2.999935795555407070e-02
2.999935795555452173e-02
2.999935795555384171e-02
2.999935795555427193e-02
2.999935795555607257e-02
2.999935795555214169e-02
2.999935795555348089e-02
2.999935795555532664e-02
2.999935795555253373e-02
2.999935795555497622e-02
2.999935795555293272e-02
2.999935795555551746e-02
2.999935795555465357e-02
2.999935795555423029e-02
2.999935795555408458e-02
2.999935795555223189e-02
2.999935795555369600e-02
2.999935795555311313e-02
2.999935795555357110e-02
2.999935795555354334e-02
2.999935795555518092e-02
2.999935795555271761e-02
2.999935795555364049e-02
2.999935795555370988e-02
2.999935795555314783e-02
2.999935795555336293e-02
2.999935795555476112e-02
2.999935795555356416e-02
2.999935795555342538e-02
2.999935795555243312e-02
2.999935795555347395e-02
2.999935795555296741e-02
2.999935795555390416e-02
2.999935795555488949e-02
2.999935795555327273e-02
2.999935795555313742e-02
2.999935795555408805e-02
2.999935795555446622e-02
2.999935795555385906e-02
2.999935795555361620e-02
2.999935795555442458e-02
2.999935795555457724e-02
2.999935795555266210e-02
2.999935795555334905e-02
2.999935795555560419e-02
2.999935795555400825e-02
2.999935795555352946e-02
2.999935795555437601e-02
2.999935795555210005e-02
2.999935795555230822e-02
2.999935795555472295e-02
2.999935795555392151e-02
2.999935795555302639e-02
2.999935795555310619e-02
2.999935795555296394e-02
2.999935795555380702e-02
2.999935795555452867e-02
2.999935795555295007e-02
2.999935795555300905e-02
2.999935795555271761e-02
2.999935795555563542e-02
2.999935795555327966e-02
2.999935795555268292e-02
2.999935795555377926e-02
2.999935795555373069e-02
2.999935795555388335e-02
2.999935795555284945e-02
2.999935795555380702e-02
2.999935795555366130e-02
2.999935795555458765e-02
2.999935795555353293e-02
2.999935795555307844e-02
2.999935795555331089e-02
2.999935795555309231e-02
2.999935795555361967e-02
2.999935795555328313e-02
2.999935795555426152e-02
2.999935795555454254e-02
2.999935795555455642e-02
2.999935795555318599e-02
2.999935795555349477e-02
2.999935795555348783e-02
2.999935795555286333e-02
2.999935795555404988e-02
2.999935795555327966e-02
2.999935795555451479e-02
2.999935795555342538e-02
2.999935795555399437e-02
2.999935795555384865e-02
2.999935795555398743e-02
2.999935795555368906e-02
2.999935795555215556e-02
2.999935795555389723e-02
2.999935795555416090e-02
2.999935795555309578e-02
2.999935795555347395e-02
2.999935795555381396e-02
2.999935795555378273e-02
2.999935795555410539e-02
2.999935795555352946e-02
2.999935795555409151e-02
2.999935795555363355e-02
2.999935795555229087e-02
2.999935795555233251e-02
2.999935795555347048e-02
2.999935795555322068e-02
2.999935795555385906e-02
2.999935795555426846e-02
2.999935795555432744e-02
2.999935795555376539e-02
2.999935795555308538e-02
2.999935795555365090e-02
2.999935795555329354e-02
2.999935795555271068e-02
2.999935795555278353e-02
2.999935795555400825e-02
2.999935795555191964e-02
2.999935795555250251e-02
2.999935795555380702e-02
2.999935795555185372e-02
2.999935795555246087e-02
2.999935795555349477e-02
2.999935795555217291e-02
2.999935795555163515e-02
2.999935795555361620e-02
2.999935795555318946e-02
2.999935795555335252e-02
2.999935795555386947e-02
2.999935795555223883e-02
2.999935795555211393e-02
2.999935795555319987e-02
2.999935795555313048e-02
2.999935795555245394e-02
2.999935795555274537e-02
2.999935795555282170e-02
2.999935795555261006e-02
2.999935795555322415e-02
2.999935795555331436e-02
2.999935795555425458e-02
2.999935795555423723e-02
2.999935795555305068e-02
2.999935795555239149e-02
2.999935795555348783e-02
2.999935795555243659e-02
2.999935795555272455e-02
2.999935795555328660e-02
2.999935795555300905e-02
2.999935795555327619e-02
2.999935795555369600e-02
2.999935795555462581e-02
2.999935795555398396e-02
2.999935795555398743e-02
2.999935795555368212e-02
2.999935795555334558e-02
2.999935795555176352e-02
2.999935795555266557e-02
2.999935795555257537e-02
2.999935795555326232e-02
2.999935795555306803e-02
2.999935795555301946e-02
2.999935795555313048e-02
2.999935795555262047e-02
2.999935795555262741e-02
2.999935795555358151e-02
2.999935795555318252e-02
2.999935795555420948e-02
2.999935795555281129e-02
2.999935795555257537e-02
2.999935795555340456e-02
2.999935795555255802e-02
2.999935795555277659e-02
2.999935795555221801e-02
2.999935795555366477e-02
2.999935795555300905e-02
2.999935795555355028e-02
2.999935795555365436e-02
2.999935795555309925e-02
2.999935795555292925e-02
2.999935795555300211e-02
2.999935795555369253e-02
2.999935795555303680e-02
2.999935795555256149e-02
2.999935795555259965e-02
2.999935795555244006e-02
2.999935795555371681e-02
2.999935795555300558e-02
2.999935795555352600e-02
2.999935795555291190e-02
2.999935795555495194e-02
2.999935795555323803e-02
2.999935795555271068e-02
2.999935795555242618e-02
2.999935795555330048e-02
2.999935795555391804e-02
2.999935795555299170e-02
2.999935795555350518e-02
2.999935795555325885e-02
2.999935795555272108e-02
2.999935795555328660e-02
2.999935795555348783e-02
2.999935795555324844e-02
2.999935795555323456e-02
2.999935795555436907e-02
2.999935795555217638e-02
2.999935795555338375e-02
2.999935795555421295e-02
2.999935795555296394e-02
2.999935795555285639e-02
2.999935795555371335e-02
2.999935795555300211e-02
2.999935795555326579e-02
2.999935795555282170e-02
2.999935795555357804e-02
2.999935795555289803e-02
2.999935795555386600e-02
2.999935795555292231e-02
2.999935795555269680e-02
2.999935795555353293e-02
2.999935795555378967e-02
2.999935795555357457e-02
2.999935795555323803e-02
2.999935795555359191e-02
2.999935795555289109e-02
2.999935795555253720e-02
2.999935795555340803e-02
2.999935795555350865e-02
2.999935795555340803e-02
2.999935795555343579e-02
2.999935795555333864e-02
2.999935795555316864e-02
2.999935795555343232e-02
2.999935795555352946e-02
2.999935795555381396e-02
2.999935795555347395e-02
2.999935795555381396e-02
2.999935795555345661e-02
2.999935795555347395e-02
2.999935795555341150e-02
2.999935795555326579e-02
2.999935795555393886e-02
2.999935795555323803e-02
2.999935795555369600e-02
2.999935795555315129e-02
2.999935795555305762e-02
2.999935795555366130e-02
2.999935795555334211e-02
2.999935795555282170e-02
2.999935795555336293e-02
2.999935795555290843e-02
2.999935795555332824e-02
2.999935795555308884e-02
2.999935795555332130e-02
2.999935795555343579e-02
2.999935795555374804e-02
2.999935795555357110e-02
2.999935795555351559e-02
2.999935795555351559e-02
2.999935795555329007e-02
2.999935795555318252e-02
2.999935795555301599e-02
2.999935795555306456e-02
2.999935795555328313e-02
2.999935795555300905e-02
2.999935795555317905e-02
2.999935795555309925e-02
2.999935795555300211e-02
2.999935795555326579e-02
2.999935795555326579e-02
2.999935795555330048e-02
2.999935795555333171e-02
2.999935795555318946e-02
2.999935795555310619e-02
2.999935795555306109e-02
2.999935795555307150e-02
2.999935795555318252e-02
2.999935795555316517e-02
2.999935795555332130e-02
2.999935795555330048e-02
2.999935795555297782e-02
2.999935795555299864e-02
2.999935795555313048e-02
2.999935795555296048e-02
2.999935795555278353e-02
2.999935795555306456e-02
2.999935795555325885e-02
2.999935795555312354e-02
2.999935795555312354e-02
2.999935795555316864e-02
2.999935795555295007e-02
2.999935795555308538e-02
2.999935795555295701e-02
2.999935795555296741e-02
2.999935795555300905e-02
2.999935795555320681e-02
2.999935795555300211e-02
2.999935795555307150e-02
2.999935795555304027e-02
2.999935795555293272e-02
2.999935795555301946e-02
2.999935795555302293e-02
2.999935795555299517e-02
2.999935795555307150e-02
2.999935795555301252e-02
2.999935795555297435e-02
2.999935795555307844e-02
2.999935795555298476e-02
2.999935795555305415e-02
2.999935795555302639e-02
2.999935795555291537e-02
2.999935795555289109e-02
2.999935795555298129e-02
2.999935795555302639e-02
2.999935795555288762e-02
2.999935795555295701e-02
2.999935795555294660e-02
2.999935795555290149e-02
2.999935795555293272e-02
2.999935795555293272e-02
2.999935795555300558e-02
2.999935795555293272e-02
2.999935795555294313e-02
2.999935795555300211e-02
2.999935795555294660e-02
2.999935795555288415e-02
2.999935795555289456e-02
2.999935795555290149e-02
2.999935795555289456e-02
2.999935795555286680e-02
2.999935795555286680e-02
2.999935795555286680e-02
2.999935795555283558e-02
2.999935795555283904e-02
2.999935795555284598e-02
2.999935795555283904e-02
2.999935795555284598e-02
2.999935795555284251e-02
2.999935795555285292e-02
2.999935795555279394e-02
2.999935795555276272e-02
2.999935795555276272e-02
2.999935795555275578e-02
2.999935795555275231e-02
2.999935795555274190e-02
2.999935795555274884e-02
2.999935795555275578e-02
2.999935795555275925e-02
2.999935795555277659e-02
2.999935795555276619e-02
2.999935795555274884e-02
2.999935795555276619e-02
2.999935795555272455e-02
2.999935795555270721e-02
2.999935795555270027e-02
2.999935795555266557e-02
2.999935795555264129e-02
2.999935795555260659e-02
2.999935795555261006e-02
2.999935795555262047e-02
2.999935795555261006e-02
2.999935795555257884e-02
2.999935795555256496e-02
2.999935795555253373e-02
2.999935795555254414e-02
2.999935795555255108e-02
2.999935795555253720e-02
2.999935795555251986e-02
2.999935795555252679e-02
2.999935795555251986e-02
2.999935795555250251e-02
2.999935795555253026e-02
2.999935795555251986e-02
2.999935795555251639e-02
2.999935795555255455e-02
2.999935795555254761e-02
2.999935795555259965e-02
2.999935795555257884e-02
2.999935795555250251e-02
2.999935795555254067e-02
2.999935795555247475e-02
2.999935795555245047e-02
2.999935795555238802e-02
2.999935795555245394e-02
2.999935795555244353e-02
2.999935795555242618e-02
2.999935795555246087e-02
2.999935795555247475e-02
2.999935795555249557e-02
2.999935795555258231e-02
2.999935795555256496e-02
2.999935795555242965e-02
2.999935795555246087e-02
2.999935795555248516e-02
2.999935795555256496e-02
2.999935795555241577e-02
2.999935795555241924e-02
2.999935795555262047e-02
2.999935795555232557e-02
2.999935795555250598e-02
2.999935795555240536e-02
2.999935795555259965e-02
2.999935795555257884e-02
2.999935795555238455e-02
2.999935795555237761e-02
2.999935795555236373e-02
2.999935795555238108e-02
2.999935795555253026e-02
2.999935795555228740e-02
2.999935795555247822e-02
2.999935795555236026e-02
2.999935795555239842e-02
2.999935795555245047e-02
2.999935795555259965e-02
2.999935795555239149e-02
2.999935795555238455e-02
2.999935795555206883e-02
2.999935795555244006e-02
2.999935795555248516e-02
2.999935795555271068e-02
2.999935795555264129e-02
2.999935795555239842e-02
2.999935795555245047e-02
2.999935795555243312e-02
2.999935795555250598e-02
2.999935795555237761e-02
2.999935795555255802e-02
2.999935795555236026e-02
2.999935795555271761e-02
2.999935795555239842e-02
2.999935795555195781e-02
2.999935795555219373e-02
2.999935795555225965e-02
2.999935795555262047e-02
2.999935795555232210e-02
2.999935795555275231e-02
2.999935795555243312e-02
2.999935795555257884e-02
2.999935795555259965e-02
2.999935795555234291e-02
2.999935795555219026e-02
2.999935795555259618e-02
2.999935795555268292e-02
2.999935795555267251e-02
2.999935795555222495e-02
2.999935795555244353e-02
2.999935795555234985e-02
2.999935795555210699e-02
2.999935795555248169e-02
2.999935795555235679e-02
2.999935795555246087e-02
2.999935795555211393e-02
2.999935795555225271e-02
2.999935795555197515e-02
2.999935795555237067e-02
2.999935795555224924e-02
2.999935795555215209e-02
2.999935795555230822e-02
2.999935795555285639e-02
2.999935795555232210e-02
2.999935795555229434e-02
2.999935795555279047e-02
2.999935795555190923e-02
2.999935795555270027e-02
2.999935795555241230e-02
2.999935795555245741e-02
2.999935795555268986e-02
2.999935795555211393e-02
2.999935795555262394e-02
2.999935795555272455e-02
2.999935795555259965e-02
2.999935795555221801e-02
2.999935795555201332e-02
2.999935795555188148e-02
2.999935795555188495e-02
2.999935795555166290e-02
2.999935795555211740e-02
2.999935795555258577e-02
2.999935795555268292e-02
2.999935795555201679e-02
2.999935795555173576e-02
2.999935795555245394e-02
2.999935795555287027e-02
2.999935795555153106e-02
2.999935795555225965e-02
2.999935795555256149e-02
2.999935795555158657e-02
2.999935795555253720e-02
2.999935795555241577e-02
2.999935795555232904e-02
2.999935795555283904e-02
2.999935795555218679e-02
2.999935795555279394e-02
2.999935795555213475e-02
2.999935795555329354e-02
2.999935795555254414e-02
2.999935795555214516e-02
2.999935795555228046e-02
2.999935795555244006e-02
2.999935795555146514e-02
2.999935795555133677e-02
2.999935795555159004e-02
2.999935795555175658e-02
2.999935795555224577e-02
2.999935795555233597e-02
2.999935795555257190e-02
2.999935795555080595e-02
2.999935795555220761e-02
2.999935795555156576e-02
2.999935795555214169e-02
2.999935795555130902e-02
2.999935795555258924e-02
2.999935795555169760e-02
2.999935795555257537e-02
2.999935795555215209e-02
2.999935795555223883e-02
2.999935795555286333e-02
2.999935795555171147e-02
2.999935795555147208e-02
2.999935795555159698e-02
2.999935795555257537e-02
2.999935795555186760e-02
2.999935795555248169e-02
2.999935795555211740e-02
2.999935795555282170e-02
2.999935795555151719e-02
2.999935795555136453e-02
2.999935795555201679e-02
2.999935795555256496e-02
2.999935795555213128e-02
2.999935795555186413e-02
2.999935795555186066e-02
2.999935795555292231e-02
2.999935795555142004e-02
2.999935795555271414e-02
2.999935795555195434e-02
2.999935795555209311e-02
2.999935795555148943e-02
2.999935795555088228e-02
2.999935795555238802e-02
2.999935795555173923e-02
2.999935795555145474e-02
2.999935795555080595e-02
2.999935795555182250e-02
2.999935795555084064e-02
2.999935795555216944e-02
2.999935795555080248e-02
2.999935795555275231e-02
2.999935795555127085e-02
2.999935795555276619e-02
2.999935795555246434e-02
2.999935795555092738e-02
2.999935795555250251e-02
2.999935795555235679e-02
2.999935795555187454e-02
2.999935795555166984e-02
2.999935795555158657e-02
2.999935795555197862e-02
2.999935795555164902e-02
2.999935795555225271e-02
2.999935795555179474e-02
2.999935795555347742e-02
2.999935795555112861e-02
2.999935795555108003e-02
2.999935795555165943e-02
2.999935795555160045e-02
2.999935795555234638e-02
2.999935795555233251e-02
2.999935795555185372e-02
2.999935795555228740e-02
2.999935795555148596e-02
2.999935795555210352e-02
2.999935795555228046e-02
2.999935795555232904e-02
2.999935795555105922e-02
2.999935795555224230e-02
2.999935795555234985e-02
2.999935795555111473e-02
2.999935795555117718e-02
2.999935795555087881e-02
2.999935795555201679e-02
2.999935795555123963e-02
2.999935795555249557e-02
2.999935795555236720e-02
2.999935795555166637e-02
2.999935795555162821e-02
2.999935795555185719e-02
2.999935795555067758e-02
2.999935795555204454e-02
2.999935795555095513e-02
2.999935795555095513e-02
2.999935795555216597e-02
2.999935795555237761e-02
2.999935795555091003e-02
2.999935795555165596e-02
2.999935795555110779e-02
2.999935795555187107e-02
2.999935795555214862e-02
2.999935795555136800e-02
2.999935795555178433e-02
2.999935795555124657e-02
2.999935795555176699e-02
2.999935795555045553e-02
2.999935795555063595e-02
2.999935795555156576e-02
2.999935795555230128e-02
2.999935795555195781e-02
2.999935795555096554e-02
2.999935795555232210e-02
2.999935795555032023e-02
2.999935795555074697e-02
2.999935795555235679e-02
2.999935795555055962e-02
2.999935795555126739e-02
2.999935795555163515e-02
2.999935795555012247e-02
2.999935795555110085e-02
2.999935795555088228e-02
2.999935795555230822e-02
2.999935795555083717e-02
2.999935795555165596e-02
2.999935795555124310e-02
2.999935795555383478e-02
2.999935795555314089e-02
2.999935795555072615e-02
2.999935795555077472e-02
2.999935795555218679e-02
2.999935795555067064e-02
2.999935795555142004e-02
2.999935795555238455e-02
2.999935795555055962e-02
2.999935795555246781e-02
2.999935795555103493e-02
2.999935795555053880e-02
2.999935795555038615e-02
2.999935795555069146e-02
2.999935795555153800e-02
2.999935795555045553e-02
2.999935795555004614e-02
2.999935795555297088e-02
2.999935795555111473e-02
2.999935795555231516e-02
2.999935795555184331e-02
2.999935795555214862e-02
2.999935795555194046e-02
2.999935795555223883e-02
2.999935795555205495e-02
2.999935795555176005e-02
2.999935795555169413e-02
2.999935795555078513e-02
2.999935795555277313e-02
2.999935795555063248e-02
2.999935795555070880e-02
2.999935795555166984e-02
2.999935795555110085e-02
2.999935795555243659e-02
2.999935795555112167e-02
2.999935795555189535e-02
2.999935795555129167e-02
2.999935795555072962e-02
2.999935795555087881e-02
2.999935795554954654e-02
2.999935795555161433e-02
2.999935795555153800e-02
2.999935795555014675e-02
2.999935795555187801e-02
2.999935795555078860e-02
2.999935795555212087e-02
2.999935795554985185e-02
2.999935795555125698e-02
2.999935795555102105e-02
2.999935795555253720e-02
2.999935795555000798e-02
2.999935795555152412e-02
2.999935795554873816e-02
2.999935795554961593e-02
2.999935795554975124e-02
2.999935795555142698e-02
2.999935795554986226e-02
2.999935795555144780e-02
2.999935795554958123e-02
2.999935795555040002e-02
2.999935795555046941e-02
2.999935795555120494e-02
2.999935795555239842e-02
2.999935795555256843e-02
2.999935795555066370e-02
2.999935795555061513e-02
2.999935795554852652e-02
2.999935795554976165e-02
2.999935795555167678e-02
2.999935795554998369e-02
2.999935795555125351e-02
2.999935795555073309e-02
2.999935795555118412e-02
2.999935795554982410e-02
2.999935795554906429e-02
2.999935795555070533e-02
2.999935795555017798e-02
2.999935795554956389e-02
2.999935795555180515e-02
2.999935795554959511e-02
2.999935795555201679e-02
2.999935795555049370e-02
2.999935795555069146e-02
2.999935795555114249e-02
2.999935795555086146e-02
2.999935795555258577e-02
2.999935795554914061e-02
2.999935795554946327e-02
2.999935795555257190e-02
2.999935795555223189e-02
2.999935795555144780e-02
2.999935795554925164e-02
2.999935795555123269e-02
2.999935795555058043e-02
2.999935795555037227e-02
2.999935795555072962e-02
2.999935795555101065e-02
2.999935795555129861e-02
2.999935795554911633e-02
2.999935795554935572e-02
2.999935795555108003e-02
2.999935795555177392e-02
2.999935795555005308e-02
2.999935795555064635e-02
2.999935795554973389e-02
2.999935795555058043e-02
2.999935795555128820e-02
2.999935795554937307e-02
2.999935795554891510e-02
2.999935795555093432e-02
2.999935795554966450e-02
2.999935795555075044e-02
2.999935795555047635e-02
2.999935795555066023e-02
2.999935795555300905e-02
2.999935795555025431e-02
2.999935795555304374e-02
2.999935795555161433e-02
2.999935795555038615e-02
2.999935795555008777e-02
2.999935795555036533e-02
2.999935795554936613e-02
2.999935795554950144e-02
2.999935795554999757e-02
2.999935795554986573e-02
2.999935795554882489e-02
2.999935795554976511e-02
2.999935795555080248e-02
2.999935795555170107e-02
2.999935795554961246e-02
2.999935795555174270e-02
2.999935795555119800e-02
2.999935795554975818e-02
2.999935795554992124e-02
2.999935795555157964e-02
2.999935795554676751e-02
2.999935795554833223e-02
2.999935795555175311e-02
2.999935795555012247e-02
2.999935795555044166e-02
2.999935795554996634e-02
2.999935795555111126e-02
2.999935795555104534e-02
2.999935795554943205e-02
2.999935795555280088e-02
2.999935795554687507e-02
2.999935795555143392e-02
2.999935795554957429e-02
2.999935795554987961e-02
2.999935795554831836e-02
2.999935795554749263e-02
2.999935795555049717e-02
2.999935795554844326e-02
2.999935795555029594e-02
2.999935795554979287e-02
2.999935795554974430e-02
2.999935795554733303e-02
2.999935795554880408e-02
2.999935795555246781e-02
2.999935795554917184e-02
2.999935795554908163e-02
2.999935795555146861e-02
2.999935795555151025e-02
2.999935795555055962e-02
2.999935795555074697e-02
2.999935795554812407e-02
2.999935795555094126e-02
2.999935795555034451e-02
2.999935795554919613e-02
2.999935795554698262e-02
2.999935795555318946e-02
2.999935795554735732e-02
2.999935795555448009e-02
2.999935795554809284e-02
2.999935795555164209e-02
2.999935795554823856e-02
2.999935795554849183e-02
2.999935795554756549e-02
2.999935795554949797e-02
2.999935795554890469e-02
2.999935795554612220e-02
2.999935795555357457e-02
2.999935795555165249e-02
2.999935795554705548e-02
2.999935795554867224e-02
2.999935795555092391e-02
2.999935795555153800e-02
2.999935795555314783e-02
2.999935795555195434e-02
2.999935795554835305e-02
2.999935795555149984e-02
2.999935795555267251e-02
2.999935795555271068e-02
2.999935795555111820e-02
2.999935795555100718e-02
2.999935795554727752e-02
2.999935795554875551e-02
2.999935795555357457e-02
2.999935795555133330e-02
2.999935795554727058e-02
2.999935795555123616e-02
2.999935795554981716e-02
2.999935795555226659e-02
2.999935795555147902e-02
2.999935795554619505e-02
2.999935795554852999e-02
2.999935795555282517e-02
2.999935795554867224e-02
2.999935795555284251e-02
2.999935795555208964e-02
2.999935795554833223e-02
2.999935795555435519e-02
2.999935795554830101e-02
2.999935795555141657e-02
2.999935795555050064e-02
2.999935795555095167e-02
2.999935795554813447e-02
2.999935795555299517e-02
2.999935795554966797e-02
2.999935795554868265e-02
2.999935795555240189e-02
2.999935795554470666e-02
