2.999936014161722411e-02
2.999936014161696390e-02
2.999936014162286543e-02
2.999936014161524306e-02
2.999936014161832393e-02
2.999936014161835168e-02
2.999936014161837250e-02
2.999936014161554837e-02
2.999936014161712003e-02
2.999936014161704023e-02
2.999936014161486142e-02
2.999936014161789025e-02
2.999936014161628736e-02
2.999936014161779657e-02
2.999936014161596470e-02
2.999936014161962844e-02
2.999936014161977416e-02
2.999936014161781739e-02
2.999936014161794923e-02
2.999936014161689452e-02
2.999936014161781739e-02
2.999936014161573572e-02
2.999936014161606185e-02
2.999936014161698125e-02
2.999936014161640879e-02
2.999936014161973599e-02
2.999936014161838291e-02
2.999936014162090520e-02
2.999936014161924680e-02
2.999936014161596123e-02
2.999936014161928843e-02
2.999936014161861189e-02
2.999936014161363670e-02
2.999936014161777922e-02
2.999936014161693962e-02
2.999936014161908027e-02
2.999936014161673492e-02
2.999936014161741493e-02
2.999936014161375814e-02
2.999936014161800474e-02
2.999936014161794576e-02
2.999936014161815739e-02
2.999936014161824760e-02
2.999936014161625961e-02
2.999936014161990600e-02
2.999936014161862230e-02
2.999936014162049927e-02
2.999936014161644349e-02
2.999936014161738718e-02
2.999936014161807760e-02
2.999936014161661349e-02
2.999936014161704717e-02
2.999936014161602715e-02
2.999936014161239811e-02
2.999936014161696390e-02
2.999936014161763004e-02
2.999936014161675574e-02
2.999936014161804290e-02
2.999936014161501061e-02
2.999936014161632900e-02
2.999936014161957987e-02
2.999936014162037784e-02
2.999936014162169276e-02
2.999936014161427161e-02
2.999936014161549633e-02
2.999936014161846271e-02
2.999936014161688758e-02
2.999936014161821290e-02
2.999936014161596123e-02
2.999936014161699166e-02
2.999936014161617634e-02
2.999936014161743575e-02
2.999936014161839332e-02
2.999936014161767167e-02
2.999936014161555184e-02
2.999936014161536796e-02
2.999936014161496897e-02
2.999936014161417447e-02
2.999936014161530551e-02
2.999936014161926762e-02
2.999936014161927109e-02
2.999936014161809841e-02
2.999936014162021825e-02
2.999936014161934394e-02
2.999936014161706452e-02
2.999936014161699166e-02
2.999936014161752595e-02
2.999936014161871944e-02
2.999936014161857720e-02
2.999936014161996498e-02
2.999936014161696390e-02
2.999936014161702635e-02
2.999936014161479897e-02
2.999936014161701942e-02
2.999936014161366446e-02
2.999936014161725881e-02
2.999936014161631165e-02
2.999936014161825454e-02
2.999936014161537143e-02
2.999936014162115500e-02
2.999936014161800127e-02
2.999936014161685635e-02
2.999936014161850434e-02
2.999936014161912884e-02
2.999936014161678696e-02
2.999936014161526388e-02
2.999936014161771330e-02
2.999936014161853209e-02
2.999936014161766126e-02
2.999936014161787290e-02
2.999936014161767861e-02
2.999936014161789372e-02
2.999936014161642267e-02
2.999936014161715819e-02
2.999936014161680431e-02
2.999936014161803249e-02
2.999936014161848352e-02
2.999936014161736289e-02
2.999936014161710268e-02
2.999936014161925374e-02
2.999936014161740799e-02
2.999936014161683900e-02
2.999936014161600981e-02
2.999936014161769249e-02
2.999936014161832393e-02
2.999936014161740105e-02
2.999936014161715125e-02
2.999936014161717901e-02
2.999936014161889986e-02
2.999936014161685288e-02
2.999936014161787290e-02
2.999936014161719289e-02
2.999936014161775494e-02
2.999936014161615899e-02
2.999936014161806719e-02
2.999936014161750514e-02
2.999936014161744963e-02
2.999936014161797698e-02
2.999936014161713391e-02
2.999936014161926762e-02
2.999936014161585715e-02
2.999936014161746350e-02
2.999936014161600634e-02
2.999936014161616246e-02
2.999936014161537143e-02
2.999936014161684594e-02
2.999936014161787984e-02
2.999936014161880965e-02
2.999936014161747044e-02
2.999936014161694309e-02
2.999936014161659614e-02
2.999936014161879577e-02
2.999936014161805331e-02
2.999936014161785208e-02
2.999936014161750514e-02
2.999936014161702635e-02
2.999936014161920864e-02
2.999936014161827189e-02
2.999936014161657533e-02
2.999936014161640185e-02
2.999936014161772024e-02
2.999936014161644002e-02
2.999936014161677655e-02
2.999936014161807413e-02
2.999936014161775147e-02
2.999936014161582593e-02
2.999936014161729697e-02
2.999936014161714778e-02
2.999936014161854250e-02
2.999936014161663084e-02
2.999936014161759881e-02
2.999936014161732820e-02
2.999936014161677655e-02
2.999936014161882006e-02
2.999936014161620756e-02
2.999936014161929537e-02
2.999936014161666553e-02
2.999936014161730391e-02
2.999936014161573572e-02
2.999936014161602715e-02
2.999936014161656839e-02
2.999936014161607573e-02
2.999936014161664125e-02
2.999936014161840719e-02
2.999936014161610348e-02
2.999936014161781739e-02
2.999936014161969089e-02
2.999936014161770984e-02
2.999936014161675574e-02
2.999936014161753289e-02
2.999936014161717207e-02
2.999936014161766820e-02
2.999936014161689452e-02
2.999936014161824066e-02
2.999936014161586062e-02
2.999936014161799086e-02
2.999936014161648512e-02
2.999936014161581205e-02
2.999936014161611736e-02
2.999936014161700901e-02
2.999936014161778963e-02
2.999936014161666900e-02
2.999936014161794923e-02
2.999936014161704717e-02
2.999936014161755371e-02
2.999936014161690839e-02
2.999936014161671410e-02
2.999936014161701248e-02
2.999936014161751555e-02
2.999936014161646430e-02
2.999936014161746697e-02
2.999936014161672798e-02
2.999936014161832393e-02
2.999936014161805331e-02
2.999936014161777575e-02
2.999936014161810188e-02
2.999936014161883047e-02
2.999936014161754677e-02
2.999936014161647124e-02
2.999936014161627695e-02
2.999936014161710962e-02
2.999936014161706799e-02
2.999936014161727615e-02
2.999936014161712350e-02
2.999936014161774800e-02
2.999936014161749820e-02
2.999936014161838291e-02
2.999936014161781739e-02
2.999936014161635675e-02
2.999936014161663084e-02
2.999936014161802209e-02
2.999936014161755371e-02
2.999936014161650594e-02
2.999936014161790759e-02
2.999936014161634634e-02
2.999936014161733860e-02
2.999936014161813658e-02
2.999936014161726922e-02
2.999936014161722411e-02
2.999936014161795270e-02
2.999936014161734207e-02
2.999936014161646430e-02
2.999936014161787984e-02
2.999936014161735248e-02
2.999936014161766126e-02
2.999936014161739758e-02
2.999936014161728656e-02
2.999936014161619716e-02
2.999936014161770637e-02
2.999936014161756412e-02
2.999936014161767167e-02
2.999936014161812964e-02
2.999936014161681819e-02
2.999936014161698472e-02
2.999936014161674533e-02
2.999936014161626308e-02
2.999936014161679390e-02
2.999936014161602021e-02
2.999936014161797698e-02
2.999936014161668288e-02
2.999936014161640879e-02
2.999936014161648512e-02
2.999936014161691880e-02
2.999936014161767861e-02
2.999936014161709921e-02
2.999936014161682513e-02
2.999936014161601328e-02
2.999936014161657186e-02
2.999936014161599940e-02
2.999936014161817821e-02
2.999936014161771677e-02
2.999936014161603409e-02
2.999936014161551714e-02
2.999936014161794923e-02
2.999936014161722064e-02
2.999936014161650941e-02
2.999936014161753289e-02
2.999936014161592654e-02
2.999936014161614511e-02
2.999936014161715472e-02
2.999936014161825801e-02
2.999936014161629777e-02
2.999936014161766473e-02
2.999936014161779657e-02
2.999936014161714778e-02
2.999936014161766126e-02
2.999936014161806719e-02
2.999936014161745657e-02
2.999936014161775494e-02
2.999936014161701248e-02
2.999936014161784167e-02
2.999936014161670370e-02
2.999936014161603756e-02
2.999936014161823372e-02
2.999936014161595429e-02
2.999936014161770637e-02
2.999936014161721370e-02
2.999936014161791453e-02
2.999936014161780698e-02
2.999936014161679390e-02
2.999936014161774800e-02
2.999936014161707493e-02
2.999936014161688064e-02
2.999936014161659614e-02
2.999936014161806025e-02
2.999936014161673839e-02
2.999936014161692227e-02
2.999936014161647818e-02
2.999936014161731779e-02
2.999936014161586756e-02
2.999936014161672798e-02
2.999936014161769249e-02
2.999936014161570796e-02
2.999936014161817474e-02
2.999936014161704717e-02
2.999936014161663084e-02
2.999936014161702982e-02
2.999936014161716513e-02
2.999936014161749820e-02
2.999936014161727615e-02
2.999936014161798739e-02
2.999936014161672451e-02
2.999936014161793882e-02
2.999936014161742187e-02
2.999936014161778963e-02
2.999936014161735595e-02
2.999936014161748779e-02
2.999936014161785902e-02
2.999936014161602715e-02
2.999936014161751208e-02
2.999936014161738024e-02
2.999936014161625961e-02
2.999936014161757453e-02
2.999936014161708533e-02
2.999936014161744269e-02
2.999936014161761963e-02
2.999936014161757106e-02
2.999936014161704717e-02
2.999936014161754330e-02
2.999936014161752248e-02
2.999936014161795270e-02
2.999936014161736983e-02
2.999936014161689452e-02
2.999936014161733860e-02
2.999936014161730044e-02
2.999936014161686676e-02
2.999936014161657880e-02
2.999936014161740452e-02
2.999936014161790412e-02
2.999936014161702982e-02
2.999936014161636716e-02
2.999936014161645043e-02
2.999936014161700554e-02
2.999936014161724840e-02
2.999936014161656145e-02
2.999936014161636369e-02
2.999936014161701942e-02
2.999936014161723452e-02
2.999936014161787984e-02
2.999936014161795270e-02
2.999936014161657880e-02
2.999936014161720677e-02
2.999936014161658920e-02
2.999936014161624226e-02
2.999936014161715125e-02
2.999936014161721370e-02
2.999936014161711309e-02
2.999936014161691880e-02
2.999936014161620410e-02
2.999936014161729350e-02
2.999936014161748085e-02
2.999936014161750167e-02
2.999936014161680431e-02
2.999936014161787984e-02
2.999936014161700901e-02
2.999936014161688411e-02
2.999936014161762310e-02
2.999936014161631165e-02
2.999936014161786596e-02
2.999936014161723105e-02
2.999936014161655451e-02
2.999936014161738024e-02
2.999936014161717207e-02
2.999936014161703676e-02
2.999936014161652675e-02
2.999936014161692921e-02
2.999936014161737330e-02
2.999936014161725187e-02
2.999936014161682860e-02
2.999936014161741493e-02
2.999936014161721023e-02
2.999936014161687370e-02
2.999936014161706452e-02
2.999936014161682513e-02
2.999936014161663084e-02
2.999936014161715472e-02
2.999936014161681819e-02
2.999936014161706105e-02
2.999936014161703329e-02
2.999936014161688758e-02
2.999936014161688064e-02
2.999936014161654757e-02
2.999936014161707493e-02
2.999936014161706105e-02
2.999936014161685288e-02
2.999936014161697084e-02
2.999936014161704717e-02
2.999936014161680084e-02
2.999936014161701248e-02
2.999936014161657533e-02
2.999936014161679043e-02
2.999936014161683900e-02
2.999936014161692921e-02
2.999936014161714432e-02
2.999936014161681819e-02
2.999936014161669329e-02
2.999936014161697084e-02
2.999936014161665512e-02
2.999936014161676961e-02
2.999936014161698819e-02
2.999936014161683207e-02
2.999936014161674186e-02
2.999936014161691533e-02
2.999936014161689452e-02
2.999936014161665165e-02
2.999936014161675921e-02
2.999936014161673839e-02
2.999936014161625614e-02
2.999936014161680778e-02
2.999936014161692921e-02
2.999936014161649900e-02
2.999936014161648512e-02
2.999936014161679390e-02
2.999936014161663084e-02
2.999936014161671757e-02
2.999936014161666206e-02
2.999936014161672451e-02
2.999936014161677655e-02
2.999936014161672451e-02
2.999936014161669329e-02
2.999936014161689452e-02
2.999936014161664818e-02
2.999936014161655451e-02
2.999936014161662043e-02
2.999936014161688411e-02
2.999936014161665512e-02
2.999936014161656145e-02
2.999936014161684594e-02
2.999936014161671410e-02
2.999936014161663778e-02
2.999936014161680778e-02
2.999936014161670716e-02
2.999936014161683553e-02
2.999936014161663778e-02
2.999936014161658226e-02
2.999936014161665859e-02
2.999936014161669676e-02
2.999936014161673492e-02
2.999936014161658573e-02
2.999936014161673492e-02
2.999936014161674533e-02
2.999936014161658573e-02
2.999936014161659961e-02
2.999936014161659961e-02
2.999936014161666900e-02
2.999936014161649206e-02
2.999936014161661696e-02
2.999936014161656145e-02
2.999936014161651288e-02
2.999936014161659267e-02
2.999936014161655104e-02
2.999936014161643655e-02
2.999936014161660308e-02
2.999936014161661349e-02
2.999936014161658226e-02
2.999936014161654410e-02
2.999936014161653716e-02
2.999936014161658226e-02
2.999936014161653369e-02
2.999936014161653369e-02
2.999936014161650247e-02
2.999936014161651981e-02
2.999936014161651981e-02
2.999936014161653022e-02
2.999936014161651981e-02
2.999936014161651288e-02
2.999936014161650594e-02
2.999936014161648859e-02
2.999936014161650247e-02
2.999936014161648165e-02
2.999936014161646083e-02
2.999936014161645736e-02
2.999936014161645043e-02
2.999936014161645390e-02
2.999936014161644696e-02
2.999936014161644696e-02
2.999936014161642961e-02
2.999936014161642961e-02
2.999936014161642267e-02
2.999936014161641920e-02
2.999936014161641573e-02
2.999936014161641226e-02
2.999936014161641226e-02
2.999936014161639838e-02
2.999936014161639838e-02
2.999936014161639838e-02
2.999936014161638798e-02
2.999936014161639145e-02
2.999936014161637757e-02
2.999936014161638104e-02
2.999936014161637063e-02
2.999936014161634634e-02
2.999936014161634287e-02
2.999936014161633246e-02
2.999936014161632553e-02
2.999936014161630818e-02
2.999936014161630471e-02
2.999936014161631165e-02
2.999936014161630471e-02
2.999936014161632553e-02
2.999936014161631165e-02
2.999936014161631859e-02
2.999936014161633940e-02
2.999936014161632553e-02
2.999936014161629430e-02
2.999936014161629777e-02
2.999936014161630818e-02
2.999936014161629777e-02
2.999936014161627001e-02
2.999936014161630471e-02
2.999936014161621450e-02
2.999936014161623185e-02
2.999936014161620410e-02
2.999936014161616940e-02
2.999936014161629430e-02
2.999936014161616940e-02
2.999936014161616940e-02
2.999936014161620063e-02
2.999936014161620410e-02
2.999936014161617981e-02
2.999936014161616246e-02
2.999936014161622144e-02
2.999936014161615205e-02
2.999936014161621797e-02
2.999936014161611042e-02
2.999936014161617634e-02
2.999936014161612430e-02
2.999936014161608960e-02
2.999936014161619716e-02
2.999936014161622144e-02
2.999936014161610348e-02
2.999936014161613818e-02
2.999936014161619369e-02
2.999936014161619369e-02
2.999936014161619369e-02
2.999936014161610695e-02
2.999936014161615205e-02
2.999936014161609307e-02
2.999936014161632206e-02
2.999936014161599593e-02
2.999936014161621103e-02
2.999936014161607573e-02
2.999936014161601674e-02
2.999936014161617287e-02
2.999936014161607573e-02
2.999936014161600634e-02
2.999936014161606879e-02
2.999936014161623185e-02
2.999936014161624226e-02
2.999936014161600287e-02
2.999936014161604797e-02
2.999936014161583980e-02
2.999936014161579817e-02
2.999936014161601328e-02
2.999936014161598899e-02
2.999936014161597164e-02
2.999936014161599593e-02
2.999936014161606532e-02
2.999936014161580858e-02
2.999936014161570449e-02
2.999936014161585715e-02
2.999936014161620063e-02
2.999936014161608266e-02
2.999936014161566633e-02
2.999936014161605838e-02
2.999936014161586756e-02
2.999936014161608266e-02
2.999936014161585368e-02
2.999936014161613124e-02
2.999936014161611042e-02
2.999936014161615899e-02
2.999936014161593695e-02
2.999936014161611736e-02
2.999936014161582939e-02
2.999936014161592307e-02
2.999936014161621450e-02
2.999936014161635328e-02
2.999936014161628389e-02
2.999936014161581205e-02
2.999936014161567327e-02
2.999936014161594389e-02
2.999936014161594389e-02
2.999936014161604797e-02
2.999936014161582246e-02
2.999936014161563511e-02
2.999936014161604797e-02
2.999936014161582939e-02
2.999936014161619369e-02
2.999936014161570103e-02
2.999936014161583286e-02
2.999936014161563164e-02
2.999936014161569409e-02
2.999936014161581205e-02
2.999936014161633246e-02
2.999936014161584674e-02
2.999936014161547204e-02
2.999936014161600634e-02
2.999936014161597164e-02
2.999936014161586756e-02
2.999936014161634287e-02
2.999936014161547551e-02
2.999936014161563164e-02
2.999936014161635328e-02
2.999936014161549286e-02
2.999936014161620756e-02
2.999936014161617634e-02
2.999936014161552061e-02
2.999936014161586062e-02
2.999936014161566633e-02
2.999936014161527775e-02
2.999936014161559000e-02
2.999936014161494816e-02
2.999936014161537490e-02
2.999936014161537490e-02
2.999936014161573225e-02
2.999936014161498979e-02
2.999936014161564551e-02
2.999936014161582593e-02
2.999936014161570103e-02
2.999936014161441733e-02
2.999936014161576348e-02
2.999936014161522918e-02
2.999936014161613124e-02
2.999936014161531592e-02
2.999936014161592654e-02
2.999936014161541653e-02
2.999936014161642961e-02
2.999936014161571837e-02
2.999936014161548939e-02
2.999936014161564551e-02
2.999936014161411202e-02
2.999936014161489264e-02
2.999936014161545816e-02
2.999936014161557613e-02
2.999936014161542347e-02
2.999936014161492040e-02
2.999936014161538184e-02
2.999936014161615552e-02
2.999936014161545816e-02
2.999936014161502795e-02
2.999936014161592654e-02
2.999936014161479203e-02
2.999936014161502101e-02
2.999936014161623879e-02
2.999936014161650247e-02
2.999936014161527428e-02
2.999936014161485101e-02
2.999936014161533673e-02
2.999936014161484754e-02
2.999936014161588838e-02
2.999936014161487183e-02
2.999936014161627348e-02
2.999936014161578429e-02
2.999936014161515285e-02
2.999936014161543735e-02
2.999936014161462550e-02
2.999936014161593695e-02
2.999936014161566633e-02
2.999936014161477468e-02
2.999936014161433406e-02
2.999936014161540959e-02
2.999936014161599940e-02
2.999936014161517020e-02
2.999936014161526388e-02
2.999936014161512857e-02
2.999936014161583286e-02
2.999936014161667247e-02
2.999936014161657533e-02
2.999936014161545123e-02
2.999936014161516326e-02
2.999936014161492387e-02
2.999936014161510428e-02
2.999936014161518061e-02
2.999936014161505571e-02
2.999936014161457346e-02
2.999936014161464284e-02
2.999936014161681125e-02
2.999936014161527428e-02
2.999936014161665859e-02
2.999936014161590225e-02
2.999936014161535408e-02
2.999936014161523959e-02
2.999936014161603409e-02
2.999936014161611736e-02
2.999936014161620063e-02
2.999936014161504530e-02
2.999936014161444855e-02
2.999936014161458386e-02
2.999936014161468448e-02
2.999936014161412590e-02
2.999936014161556919e-02
2.999936014161600634e-02
2.999936014161636716e-02
2.999936014161551368e-02
2.999936014161618675e-02
2.999936014161513551e-02
2.999936014161447631e-02
2.999936014161479203e-02
2.999936014161556225e-02
2.999936014161615552e-02
2.999936014161546857e-02
2.999936014161483019e-02
2.999936014161478162e-02
2.999936014161564551e-02
2.999936014161593348e-02
2.999936014161532633e-02
2.999936014161498632e-02
2.999936014161642267e-02
2.999936014161519449e-02
2.999936014161529163e-02
2.999936014161672451e-02
2.999936014161564551e-02
2.999936014161470182e-02
2.999936014161531245e-02
2.999936014161667594e-02
2.999936014161489611e-02
2.999936014161532633e-02
2.999936014161491693e-02
2.999936014161514244e-02
2.999936014161488917e-02
2.999936014161569409e-02
2.999936014161588144e-02
2.999936014161597858e-02
2.999936014161591266e-02
2.999936014161422651e-02
2.999936014161481632e-02
2.999936014161461856e-02
2.999936014161549980e-02
2.999936014161541306e-02
2.999936014161325160e-02
2.999936014161552061e-02
2.999936014161578082e-02
2.999936014161419182e-02
2.999936014161509734e-02
2.999936014161553102e-02
2.999936014161411896e-02
2.999936014161515979e-02
2.999936014161543041e-02
2.999936014161515979e-02
2.999936014161505918e-02
2.999936014161415365e-02
2.999936014161400100e-02
2.999936014161527428e-02
2.999936014161560388e-02
2.999936014161459774e-02
2.999936014161495162e-02
2.999936014161429937e-02
2.999936014161566633e-02
2.999936014161528469e-02
2.999936014161540265e-02
2.999936014161652675e-02
2.999936014161521877e-02
2.999936014161438610e-02
2.999936014161418488e-02
2.999936014161447978e-02
2.999936014161474346e-02
2.999936014161420222e-02
2.999936014161505918e-02
2.999936014161530551e-02
2.999936014161527775e-02
2.999936014161621103e-02
2.999936014161530551e-02
2.999936014161491693e-02
2.999936014161514938e-02
2.999936014161498632e-02
2.999936014161598552e-02
2.999936014161491693e-02
2.999936014161467407e-02
2.999936014161739758e-02
2.999936014161461856e-02
2.999936014161566633e-02
2.999936014161557959e-02
2.999936014161486489e-02
2.999936014161451794e-02
2.999936014161511122e-02
2.999936014161490305e-02
2.999936014161330017e-02
2.999936014161641573e-02
2.999936014161529163e-02
2.999936014161497938e-02
2.999936014161311629e-02
2.999936014161549286e-02
2.999936014161525000e-02
2.999936014161497591e-02
2.999936014161434100e-02
2.999936014161502448e-02
2.999936014161507652e-02
2.999936014161513897e-02
2.999936014161614511e-02
2.999936014161671410e-02
2.999936014161500714e-02
2.999936014161682513e-02
2.999936014161460468e-02
2.999936014161309200e-02
2.999936014161468448e-02
2.999936014161437570e-02
2.999936014161555184e-02
2.999936014161573225e-02
2.999936014161434100e-02
2.999936014161490999e-02
2.999936014161472264e-02
2.999936014161462550e-02
2.999936014161534714e-02
2.999936014161487530e-02
2.999936014161392467e-02
2.999936014161569409e-02
2.999936014161628042e-02
2.999936014161454223e-02
2.999936014161431672e-02
2.999936014161533326e-02
2.999936014161462203e-02
2.999936014161379630e-02
2.999936014161534020e-02
2.999936014161518755e-02
2.999936014161506265e-02
2.999936014161407732e-02
2.999936014161604103e-02
2.999936014161368181e-02
2.999936014161620756e-02
2.999936014161461162e-02
2.999936014161657880e-02
2.999936014161366099e-02
2.999936014161586756e-02
2.999936014161442427e-02
2.999936014161591960e-02
2.999936014161552755e-02
2.999936014161516673e-02
2.999936014161357425e-02
2.999936014161323772e-02
2.999936014161507652e-02
2.999936014161346670e-02
2.999936014161407732e-02
2.999936014161534020e-02
2.999936014161378589e-02
2.999936014161485795e-02
2.999936014161502101e-02
2.999936014161616593e-02
2.999936014161514591e-02
2.999936014161308506e-02
2.999936014161515632e-02
2.999936014161516673e-02
2.999936014161583980e-02
2.999936014161619716e-02
2.999936014161417447e-02
2.999936014161667594e-02
2.999936014161416753e-02
2.999936014161586062e-02
2.999936014161417447e-02
2.999936014161571490e-02
2.999936014161489611e-02
2.999936014161177361e-02
2.999936014161589531e-02
2.999936014161540959e-02
2.999936014161461856e-02
2.999936014161600287e-02
2.999936014161613818e-02
2.999936014161622838e-02
2.999936014161395936e-02
2.999936014161498632e-02
2.999936014161484754e-02
2.999936014161493081e-02
2.999936014161320996e-02
2.999936014161481285e-02
2.999936014161491346e-02
2.999936014161393855e-02
2.999936014161538878e-02
2.999936014161337650e-02
2.999936014161545816e-02
2.999936014161547204e-02
2.999936014161337997e-02
2.999936014161387263e-02
2.999936014161401487e-02
2.999936014161461856e-02
2.999936014161495162e-02
2.999936014161480591e-02
2.999936014161481285e-02
2.999936014161613818e-02
2.999936014161359160e-02
2.999936014161536102e-02
2.999936014161641573e-02
2.999936014161685635e-02
2.999936014161337997e-02
2.999936014161340772e-02
2.999936014161686329e-02
2.999936014161724146e-02
2.999936014161327935e-02
2.999936014161417794e-02
2.999936014161521530e-02
2.999936014161616593e-02
2.999936014161232872e-02
2.999936014161669329e-02
2.999936014161508693e-02
2.999936014161644349e-02
2.999936014161546510e-02
2.999936014161519449e-02
2.999936014161491346e-02
2.999936014161526388e-02
2.999936014161473999e-02
2.999936014161292894e-02
2.999936014161300873e-02
2.999936014161442774e-02
2.999936014161365058e-02
2.999936014161341466e-02
2.999936014161853903e-02
2.999936014161201994e-02
2.999936014161360201e-02
2.999936014161758147e-02
2.999936014161304343e-02
2.999936014161519796e-02
2.999936014161228362e-02
2.999936014161418835e-02
2.999936014161454223e-02
2.999936014161532286e-02
2.999936014161193668e-02
2.999936014161415365e-02
2.999936014161543735e-02
2.999936014161507999e-02
2.999936014161391079e-02
2.999936014161490999e-02
2.999936014161505224e-02
2.999936014161714432e-02
2.999936014161424386e-02
2.999936014161626308e-02
2.999936014161448672e-02
2.999936014161658226e-02
2.999936014161371650e-02
2.999936014161229056e-02
2.999936014161391426e-02
2.999936014161540265e-02
2.999936014161387957e-02
2.999936014161780351e-02
2.999936014161641573e-02
2.999936014161278322e-02
2.999936014161497244e-02
2.999936014161657533e-02
2.999936014161481979e-02
2.999936014161778963e-02
2.999936014161453182e-02
2.999936014161819556e-02
2.999936014161527081e-02
2.999936014161565245e-02
2.999936014161289077e-02
2.999936014161631165e-02
2.999936014161113870e-02
2.999936014161576694e-02
2.999936014161546857e-02
2.999936014161118034e-02
2.999936014161535061e-02
2.999936014161520142e-02
2.999936014161290465e-02
2.999936014161289077e-02
2.999936014161595083e-02
2.999936014161381018e-02
2.999936014161782086e-02
2.999936014161460121e-02
2.999936014161475387e-02
2.999936014161237730e-02
2.999936014161311282e-02
2.999936014161551714e-02
2.999936014161245015e-02
2.999936014161463937e-02
2.999936014161456305e-02
2.999936014161770290e-02
2.999936014161344935e-02
2.999936014161528469e-02
2.999936014161181178e-02
2.999936014161207892e-02
2.999936014161532286e-02
2.999936014161329323e-02
2.999936014161539918e-02
2.999936014161656839e-02
2.999936014161616940e-02
2.999936014161516326e-02
2.999936014161415712e-02
2.999936014161850087e-02
2.999936014161586062e-02
2.999936014161241199e-02
2.999936014161573572e-02
