2.999936572681517755e-02
2.999936572681344282e-02
2.999936572681228750e-02
2.999936572681143748e-02
2.999936572681136462e-02
2.999936572681292934e-02
2.999936572681769983e-02
2.999936572681429631e-02
2.999936572681415059e-02
2.999936572681489999e-02
2.999936572681573960e-02
2.999936572681489652e-02
2.999936572681154504e-02
2.999936572681535102e-02
2.999936572681518795e-02
2.999936572681316874e-02
2.999936572681770330e-02
2.999936572681558000e-02
2.999936572681634328e-02
2.999936572681315139e-02
2.999936572681649594e-02
2.999936572681301261e-02
2.999936572681224586e-02
2.999936572681419222e-02
2.999936572681250607e-02
2.999936572681439692e-02
2.999936572681332833e-02
2.999936572681463284e-02
2.999936572681643349e-02
2.999936572681348446e-02
2.999936572681452876e-02
2.999936572681581246e-02
2.999936572681693309e-02
2.999936572681481672e-02
2.999936572681469529e-02
2.999936572681533367e-02
2.999936572681565633e-02
2.999936572681418528e-02
2.999936572681268301e-02
2.999936572681214525e-02
2.999936572681722452e-02
2.999936572681207586e-02
2.999936572681269342e-02
2.999936572681648553e-02
2.999936572681513938e-02
2.999936572681834862e-02
2.999936572681626001e-02
2.999936572681367181e-02
2.999936572681496938e-02
2.999936572681628083e-02
2.999936572681640573e-02
2.999936572681334915e-02
2.999936572681728697e-02
2.999936572681538571e-02
2.999936572681644389e-02
2.999936572681254771e-02
2.999936572681350874e-02
2.999936572681536490e-02
2.999936572681215913e-02
2.999936572681272465e-02
2.999936572681704411e-02
2.999936572681487224e-02
2.999936572681531632e-02
2.999936572681544122e-02
2.999936572681707880e-02
2.999936572681333527e-02
2.999936572681459815e-02
2.999936572681537530e-02
2.999936572681304037e-02
2.999936572681412283e-02
2.999936572681428243e-02
2.999936572681170116e-02
2.999936572681808147e-02
2.999936572681236729e-02
2.999936572681419916e-02
2.999936572681565633e-02
2.999936572681234648e-02
2.999936572681418182e-02
2.999936572681519142e-02
2.999936572681645777e-02
2.999936572681553490e-02
2.999936572681777269e-02
2.999936572681563898e-02
2.999936572681559041e-02
2.999936572681246444e-02
2.999936572681409855e-02
2.999936572681545163e-02
2.999936572681550714e-02
2.999936572681359895e-02
2.999936572681628430e-02
2.999936572681652369e-02
2.999936572681714819e-02
2.999936572681162136e-02
2.999936572681394936e-02
2.999936572681589919e-02
2.999936572681330404e-02
2.999936572681319649e-02
2.999936572681587837e-02
2.999936572681387650e-02
2.999936572681524694e-02
2.999936572681581592e-02
2.999936572681460509e-02
2.999936572681386610e-02
2.999936572681390079e-02
2.999936572681340119e-02
2.999936572681487224e-02
2.999936572681594776e-02
2.999936572681489999e-02
2.999936572681642655e-02
2.999936572681621144e-02
2.999936572681503877e-02
2.999936572681278363e-02
2.999936572681558000e-02
2.999936572681596164e-02
2.999936572681630165e-02
2.999936572681537184e-02
2.999936572681459121e-02
2.999936572681231178e-02
2.999936572681470917e-02
2.999936572681684288e-02
2.999936572681521918e-02
2.999936572681324853e-02
2.999936572681571878e-02
2.999936572681510122e-02
2.999936572681506305e-02
2.999936572681399100e-02
2.999936572681420957e-02
2.999936572681496591e-02
2.999936572681425467e-02
2.999936572681410202e-02
2.999936572681452876e-02
2.999936572681404304e-02
2.999936572681639532e-02
2.999936572681424427e-02
2.999936572681648900e-02
2.999936572681667635e-02
2.999936572681391467e-02
2.999936572681490693e-02
2.999936572681530245e-02
2.999936572681566327e-02
2.999936572681420610e-02
2.999936572681492428e-02
2.999936572681539959e-02
2.999936572681445590e-02
2.999936572681613511e-02
2.999936572681443508e-02
2.999936572681530592e-02
2.999936572681295016e-02
2.999936572681539265e-02
2.999936572681385916e-02
2.999936572681514979e-02
2.999936572681600327e-02
2.999936572681436570e-02
2.999936572681454611e-02
2.999936572681417141e-02
2.999936572681487224e-02
2.999936572681480978e-02
2.999936572681424773e-02
2.999936572681553143e-02
2.999936572681415059e-02
2.999936572681589919e-02
2.999936572681630165e-02
2.999936572681581246e-02
2.999936572681396324e-02
2.999936572681463284e-02
2.999936572681359548e-02
2.999936572681494856e-02
2.999936572681282526e-02
2.999936572681465713e-02
2.999936572681432406e-02
2.999936572681442121e-02
2.999936572681472652e-02
2.999936572681392508e-02
2.999936572681429284e-02
2.999936572681302649e-02
2.999936572681365793e-02
2.999936572681419569e-02
2.999936572681472652e-02
2.999936572681458774e-02
2.999936572681618369e-02
2.999936572681484448e-02
2.999936572681499714e-02
2.999936572681562164e-02
2.999936572681408467e-02
2.999936572681522265e-02
2.999936572681640226e-02
2.999936572681508734e-02
2.999936572681481672e-02
2.999936572681288771e-02
2.999936572681509428e-02
2.999936572681475774e-02
2.999936572681525387e-02
2.999936572681581592e-02
2.999936572681373426e-02
2.999936572681273506e-02
2.999936572681483754e-02
2.999936572681464672e-02
2.999936572681592695e-02
2.999936572681350874e-02
2.999936572681465019e-02
2.999936572681395977e-02
2.999936572681582980e-02
2.999936572681519489e-02
2.999936572681456345e-02
2.999936572681634675e-02
2.999936572681320690e-02
2.999936572681615593e-02
2.999936572681438998e-02
2.999936572681679778e-02
2.999936572681387650e-02
2.999936572681468835e-02
2.999936572681363711e-02
2.999936572681523306e-02
2.999936572681349486e-02
2.999936572681338037e-02
2.999936572681446284e-02
2.999936572681391814e-02
2.999936572681585756e-02
2.999936572681507346e-02
2.999936572681484795e-02
2.999936572681267261e-02
2.999936572681336650e-02
2.999936572681480978e-02
2.999936572681486530e-02
2.999936572681441427e-02
2.999936572681689145e-02
2.999936572681377589e-02
2.999936572681407773e-02
2.999936572681328323e-02
2.999936572681311669e-02
2.999936572681648553e-02
2.999936572681376895e-02
2.999936572681325200e-02
2.999936572681395630e-02
2.999936572681535102e-02
2.999936572681567368e-02
2.999936572681347752e-02
2.999936572681454958e-02
2.999936572681508040e-02
2.999936572681403957e-02
2.999936572681403263e-02
2.999936572681461550e-02
2.999936572681374813e-02
2.999936572681344282e-02
2.999936572681485489e-02
2.999936572681476121e-02
2.999936572681437610e-02
2.999936572681480285e-02
2.999936572681333180e-02
2.999936572681487917e-02
2.999936572681456692e-02
2.999936572681430672e-02
2.999936572681529204e-02
2.999936572681282526e-02
2.999936572681501101e-02
2.999936572681548633e-02
2.999936572681424080e-02
2.999936572681386956e-02
2.999936572681574654e-02
2.999936572681523653e-02
2.999936572681439692e-02
2.999936572681482366e-02
2.999936572681524694e-02
2.999936572681427202e-02
2.999936572681377589e-02
2.999936572681513244e-02
2.999936572681418528e-02
2.999936572681482366e-02
2.999936572681487917e-02
2.999936572681316874e-02
2.999936572681579858e-02
2.999936572681443162e-02
2.999936572681584021e-02
2.999936572681534408e-02
2.999936572681512550e-02
2.999936572681451141e-02
2.999936572681503183e-02
2.999936572681538224e-02
2.999936572681512550e-02
2.999936572681491734e-02
2.999936572681427202e-02
2.999936572681409508e-02
2.999936572681501795e-02
2.999936572681327629e-02
2.999936572681451141e-02
2.999936572681482019e-02
2.999936572681417141e-02
2.999936572681529204e-02
2.999936572681620450e-02
2.999936572681445937e-02
2.999936572681500407e-02
2.999936572681587144e-02
2.999936572681561123e-02
2.999936572681350527e-02
2.999936572681455998e-02
2.999936572681428937e-02
2.999936572681529551e-02
2.999936572681522612e-02
2.999936572681558694e-02
2.999936572681525734e-02
2.999936572681403263e-02
2.999936572681511510e-02
2.999936572681470570e-02
2.999936572681394936e-02
2.999936572681548633e-02
2.999936572681563551e-02
2.999936572681600674e-02
2.999936572681453917e-02
2.999936572681494162e-02
2.999936572681537877e-02
2.999936572681505959e-02
2.999936572681451835e-02
2.999936572681501101e-02
2.999936572681403957e-02
2.999936572681487570e-02
2.999936572681445937e-02
2.999936572681500407e-02
2.999936572681530939e-02
2.999936572681528857e-02
2.999936572681486530e-02
2.999936572681546551e-02
2.999936572681525387e-02
2.999936572681556612e-02
2.999936572681369609e-02
2.999936572681592695e-02
2.999936572681655145e-02
2.999936572681452529e-02
2.999936572681536490e-02
2.999936572681653410e-02
2.999936572681446284e-02
2.999936572681554531e-02
2.999936572681495897e-02
2.999936572681535796e-02
2.999936572681553143e-02
2.999936572681398406e-02
2.999936572681401875e-02
2.999936572681479591e-02
2.999936572681561817e-02
2.999936572681613858e-02
2.999936572681522612e-02
2.999936572681521571e-02
2.999936572681630512e-02
2.999936572681603797e-02
2.999936572681570837e-02
2.999936572681542735e-02
2.999936572681592695e-02
2.999936572681669369e-02
2.999936572681551061e-02
2.999936572681450100e-02
2.999936572681577429e-02
2.999936572681506305e-02
2.999936572681475080e-02
2.999936572681557306e-02
2.999936572681579164e-02
2.999936572681548633e-02
2.999936572681573266e-02
2.999936572681639185e-02
2.999936572681590960e-02
2.999936572681569102e-02
2.999936572681479244e-02
2.999936572681597205e-02
2.999936572681546204e-02
2.999936572681551061e-02
2.999936572681453223e-02
2.999936572681610736e-02
2.999936572681578123e-02
2.999936572681517755e-02
2.999936572681673533e-02
2.999936572681633287e-02
2.999936572681588531e-02
2.999936572681628083e-02
2.999936572681509775e-02
2.999936572681489999e-02
2.999936572681631899e-02
2.999936572681580552e-02
2.999936572681572572e-02
2.999936572681582286e-02
2.999936572681525387e-02
2.999936572681572919e-02
2.999936572681564245e-02
2.999936572681617675e-02
2.999936572681547592e-02
2.999936572681602409e-02
2.999936572681607266e-02
2.999936572681577776e-02
2.999936572681582286e-02
2.999936572681651675e-02
2.999936572681544816e-02
2.999936572681586103e-02
2.999936572681573960e-02
2.999936572681612817e-02
2.999936572681611430e-02
2.999936572681586450e-02
2.999936572681611083e-02
2.999936572681568409e-02
2.999936572681587837e-02
2.999936572681551061e-02
2.999936572681569796e-02
2.999936572681596858e-02
2.999936572681624614e-02
2.999936572681563551e-02
2.999936572681596858e-02
2.999936572681602756e-02
2.999936572681603797e-02
2.999936572681598246e-02
2.999936572681608654e-02
2.999936572681619756e-02
2.999936572681630859e-02
2.999936572681569796e-02
2.999936572681582286e-02
2.999936572681627389e-02
2.999936572681622532e-02
2.999936572681618716e-02
2.999936572681615246e-02
2.999936572681594429e-02
2.999936572681622185e-02
2.999936572681619409e-02
2.999936572681632246e-02
2.999936572681622185e-02
2.999936572681616287e-02
2.999936572681646124e-02
2.999936572681583327e-02
2.999936572681589225e-02
2.999936572681621838e-02
2.999936572681627389e-02
2.999936572681610736e-02
2.999936572681594082e-02
2.999936572681587144e-02
2.999936572681586450e-02
2.999936572681577429e-02
2.999936572681621144e-02
2.999936572681638491e-02
2.999936572681586450e-02
2.999936572681607960e-02
2.999936572681622532e-02
2.999936572681603450e-02
2.999936572681585756e-02
2.999936572681620797e-02
2.999936572681603797e-02
2.999936572681603103e-02
2.999936572681634675e-02
2.999936572681605879e-02
2.999936572681622879e-02
2.999936572681616634e-02
2.999936572681612471e-02
2.999936572681629818e-02
2.999936572681599634e-02
2.999936572681637797e-02
2.999936572681607960e-02
2.999936572681635716e-02
2.999936572681607266e-02
2.999936572681609348e-02
2.999936572681605532e-02
2.999936572681614205e-02
2.999936572681619756e-02
2.999936572681622532e-02
2.999936572681619756e-02
2.999936572681612124e-02
2.999936572681626695e-02
2.999936572681616287e-02
2.999936572681618369e-02
2.999936572681617675e-02
2.999936572681620103e-02
2.999936572681624267e-02
2.999936572681613858e-02
2.999936572681614205e-02
2.999936572681619062e-02
2.999936572681618022e-02
2.999936572681617675e-02
2.999936572681613511e-02
2.999936572681621838e-02
2.999936572681620103e-02
2.999936572681619062e-02
2.999936572681616634e-02
2.999936572681612817e-02
2.999936572681623920e-02
2.999936572681614552e-02
2.999936572681618369e-02
2.999936572681618716e-02
2.999936572681618369e-02
2.999936572681619062e-02
2.999936572681620797e-02
2.999936572681618022e-02
2.999936572681618369e-02
2.999936572681616287e-02
2.999936572681619409e-02
2.999936572681619062e-02
2.999936572681619062e-02
2.999936572681619409e-02
2.999936572681619062e-02
2.999936572681618716e-02
2.999936572681619062e-02
2.999936572681619409e-02
2.999936572681620450e-02
2.999936572681620450e-02
2.999936572681620797e-02
2.999936572681620797e-02
2.999936572681619756e-02
2.999936572681619062e-02
2.999936572681619756e-02
2.999936572681619062e-02
2.999936572681618369e-02
2.999936572681617675e-02
2.999936572681617675e-02
2.999936572681618022e-02
2.999936572681618369e-02
2.999936572681618022e-02
2.999936572681616287e-02
2.999936572681617675e-02
2.999936572681616981e-02
2.999936572681618022e-02
2.999936572681618022e-02
2.999936572681617675e-02
2.999936572681619062e-02
2.999936572681617675e-02
2.999936572681617328e-02
2.999936572681617328e-02
2.999936572681618369e-02
2.999936572681617328e-02
2.999936572681615593e-02
2.999936572681617675e-02
2.999936572681615246e-02
2.999936572681620103e-02
2.999936572681617675e-02
2.999936572681619062e-02
2.999936572681615593e-02
2.999936572681617675e-02
2.999936572681616287e-02
2.999936572681614205e-02
2.999936572681615246e-02
2.999936572681613858e-02
2.999936572681620103e-02
2.999936572681615940e-02
2.999936572681618369e-02
2.999936572681622879e-02
2.999936572681615940e-02
2.999936572681629471e-02
2.999936572681621144e-02
2.999936572681626695e-02
2.999936572681621144e-02
2.999936572681621838e-02
2.999936572681624267e-02
2.999936572681623920e-02
2.999936572681622185e-02
2.999936572681627389e-02
2.999936572681629471e-02
2.999936572681627042e-02
2.999936572681618022e-02
2.999936572681638838e-02
2.999936572681623226e-02
2.999936572681632593e-02
2.999936572681630512e-02
2.999936572681635022e-02
2.999936572681610389e-02
2.999936572681623573e-02
2.999936572681625654e-02
2.999936572681639185e-02
2.999936572681624267e-02
2.999936572681631552e-02
2.999936572681628777e-02
2.999936572681620450e-02
2.999936572681639185e-02
2.999936572681632246e-02
2.999936572681612817e-02
2.999936572681619409e-02
2.999936572681596858e-02
2.999936572681600674e-02
2.999936572681652022e-02
2.999936572681642655e-02
2.999936572681627389e-02
2.999936572681673533e-02
2.999936572681650288e-02
2.999936572681643349e-02
2.999936572681647859e-02
2.999936572681645430e-02
2.999936572681641267e-02
2.999936572681618369e-02
2.999936572681647512e-02
2.999936572681623226e-02
2.999936572681637797e-02
2.999936572681638491e-02
2.999936572681646818e-02
2.999936572681658267e-02
2.999936572681641267e-02
2.999936572681652716e-02
2.999936572681635022e-02
2.999936572681650288e-02
2.999936572681633634e-02
2.999936572681633981e-02
2.999936572681656533e-02
2.999936572681631206e-02
2.999936572681623573e-02
2.999936572681676655e-02
2.999936572681614552e-02
2.999936572681654451e-02
2.999936572681618022e-02
2.999936572681647512e-02
2.999936572681704411e-02
2.999936572681655145e-02
2.999936572681656533e-02
2.999936572681652369e-02
2.999936572681631552e-02
2.999936572681658961e-02
2.999936572681644736e-02
2.999936572681589572e-02
2.999936572681673533e-02
2.999936572681653063e-02
2.999936572681614899e-02
2.999936572681635022e-02
2.999936572681644736e-02
2.999936572681698166e-02
2.999936572681607266e-02
2.999936572681635716e-02
2.999936572681667635e-02
2.999936572681660696e-02
2.999936572681645430e-02
2.999936572681625307e-02
2.999936572681687758e-02
2.999936572681683594e-02
2.999936572681688451e-02
2.999936572681637451e-02
2.999936572681718636e-02
2.999936572681684635e-02
2.999936572681664512e-02
2.999936572681650981e-02
2.999936572681631552e-02
2.999936572681676655e-02
2.999936572681737024e-02
2.999936572681671798e-02
2.999936572681647165e-02
2.999936572681669716e-02
2.999936572681682900e-02
2.999936572681673880e-02
2.999936572681657573e-02
2.999936572681694003e-02
2.999936572681632246e-02
2.999936572681652369e-02
2.999936572681748820e-02
2.999936572681694696e-02
2.999936572681644389e-02
2.999936572681734595e-02
2.999936572681647165e-02
2.999936572681737024e-02
2.999936572681694349e-02
2.999936572681625307e-02
2.999936572681686717e-02
2.999936572681705799e-02
2.999936572681729391e-02
2.999936572681725575e-02
2.999936572681717595e-02
2.999936572681710656e-02
2.999936572681609348e-02
2.999936572681749514e-02
2.999936572681694003e-02
2.999936572681705105e-02
2.999936572681648900e-02
2.999936572681626695e-02
2.999936572681669023e-02
2.999936572681596164e-02
2.999936572681656533e-02
2.999936572681633981e-02
2.999936572681622532e-02
2.999936572681683594e-02
2.999936572681621144e-02
2.999936572681655145e-02
2.999936572681806760e-02
2.999936572681615940e-02
2.999936572681757146e-02
2.999936572681701982e-02
2.999936572681663471e-02
2.999936572681813005e-02
2.999936572681684288e-02
2.999936572681517061e-02
2.999936572681730779e-02
2.999936572681665553e-02
2.999936572681638491e-02
2.999936572681718289e-02
2.999936572681743616e-02
2.999936572681619756e-02
2.999936572681628777e-02
2.999936572681596858e-02
2.999936572681762698e-02
2.999936572681683941e-02
2.999936572681698860e-02
2.999936572681724187e-02
2.999936572681679084e-02
2.999936572681667288e-02
2.999936572681758534e-02
2.999936572681667635e-02
2.999936572681675268e-02
2.999936572681796351e-02
2.999936572681721758e-02
2.999936572681714819e-02
2.999936572681777269e-02
2.999936572681673880e-02
2.999936572681649594e-02
2.999936572681821678e-02
2.999936572681790800e-02
2.999936572681679431e-02
2.999936572681806413e-02
2.999936572681673186e-02
2.999936572681799474e-02
2.999936572681627736e-02
2.999936572681709268e-02
2.999936572681856720e-02
2.999936572681667635e-02
2.999936572681802249e-02
2.999936572681755065e-02
2.999936572681592001e-02
2.999936572681706839e-02
2.999936572681619062e-02
2.999936572681778657e-02
2.999936572681809882e-02
2.999936572681746391e-02
2.999936572681747432e-02
2.999936572681812658e-02
2.999936572681738065e-02
2.999936572681877189e-02
2.999936572681843189e-02
2.999936572681765473e-02
2.999936572681647512e-02
2.999936572681728003e-02
2.999936572681715860e-02
2.999936572681627389e-02
2.999936572681700594e-02
2.999936572681670063e-02
2.999936572681766167e-02
2.999936572681781433e-02
2.999936572681715513e-02
2.999936572681715513e-02
2.999936572681776922e-02
2.999936572681722799e-02
2.999936572681821678e-02
2.999936572681817862e-02
2.999936572681713431e-02
2.999936572681809188e-02
2.999936572681719330e-02
2.999936572681689145e-02
2.999936572681619756e-02
2.999936572681764779e-02
2.999936572681783167e-02
2.999936572681859148e-02
2.999936572681933394e-02
2.999936572681732860e-02
2.999936572681673880e-02
2.999936572681755065e-02
2.999936572681799474e-02
2.999936572681716207e-02
2.999936572681741881e-02
2.999936572681727309e-02
2.999936572681807453e-02
2.999936572681827923e-02
2.999936572681694696e-02
2.999936572681681166e-02
2.999936572681738758e-02
2.999936572681768249e-02
2.999936572681774494e-02
2.999936572681739799e-02
2.999936572681622879e-02
2.999936572681660696e-02
2.999936572681798086e-02
2.999936572681694696e-02
2.999936572681693309e-02
2.999936572681701635e-02
2.999936572681842495e-02
2.999936572681710656e-02
2.999936572681747432e-02
2.999936572681749514e-02
2.999936572681685676e-02
2.999936572681680125e-02
2.999936572681785596e-02
2.999936572681647165e-02
2.999936572681714125e-02
2.999936572681695390e-02
2.999936572681706493e-02
2.999936572681683941e-02
2.999936572681579511e-02
2.999936572681736677e-02
2.999936572681758534e-02
2.999936572681761657e-02
2.999936572681642655e-02
2.999936572681868169e-02
2.999936572681721411e-02
2.999936572681654451e-02
2.999936572681943109e-02
2.999936572681664859e-02
2.999936572681746738e-02
2.999936572681678737e-02
2.999936572681434488e-02
2.999936572681708921e-02
2.999936572681859842e-02
2.999936572681760963e-02
2.999936572681701635e-02
2.999936572681818903e-02
2.999936572681614205e-02
2.999936572681621838e-02
2.999936572681908414e-02
2.999936572681669716e-02
2.999936572681754371e-02
2.999936572681846658e-02
2.999936572681778310e-02
2.999936572681831393e-02
2.999936572681762004e-02
2.999936572681705105e-02
2.999936572681635022e-02
2.999936572681794270e-02
2.999936572681771024e-02
2.999936572681651328e-02
2.999936572681801208e-02
2.999936572681721064e-02
2.999936572681746044e-02
2.999936572681796351e-02
2.999936572681780739e-02
2.999936572681764779e-02
2.999936572681695737e-02
2.999936572681665553e-02
2.999936572681682206e-02
2.999936572681705799e-02
2.999936572681690186e-02
2.999936572681746044e-02
2.999936572681655839e-02
2.999936572681739799e-02
2.999936572681737718e-02
2.999936572681710656e-02
2.999936572681687758e-02
2.999936572681806760e-02
2.999936572681782820e-02
2.999936572681635022e-02
2.999936572681647512e-02
2.999936572681841801e-02
2.999936572681760269e-02
2.999936572681576735e-02
2.999936572681868516e-02
2.999936572681759922e-02
2.999936572681743269e-02
2.999936572681757840e-02
2.999936572681653757e-02
2.999936572681726615e-02
2.999936572681584021e-02
2.999936572681742575e-02
2.999936572681717595e-02
2.999936572681531632e-02
2.999936572681608654e-02
2.999936572681715513e-02
2.999936572681712738e-02
2.999936572681637104e-02
2.999936572681784208e-02
2.999936572681626001e-02
2.999936572681786290e-02
2.999936572681687411e-02
2.999936572681703717e-02
2.999936572681767555e-02
2.999936572681627042e-02
2.999936572681513591e-02
2.999936572681566674e-02
2.999936572681553490e-02
2.999936572681701635e-02
2.999936572681702329e-02
2.999936572681666594e-02
2.999936572681796004e-02
2.999936572681661390e-02
2.999936572681775188e-02
2.999936572681729391e-02
2.999936572681730779e-02
2.999936572681786984e-02
2.999936572681784555e-02
2.999936572681711350e-02
2.999936572681704064e-02
2.999936572681577776e-02
2.999936572681719676e-02
2.999936572681893149e-02
2.999936572681853597e-02
2.999936572681796698e-02
2.999936572681591307e-02
2.999936572681760616e-02
2.999936572681788371e-02
2.999936572681682900e-02
2.999936572681733554e-02
2.999936572681562164e-02
2.999936572681866781e-02
2.999936572681580899e-02
2.999936572681666247e-02
2.999936572681594776e-02
2.999936572681776228e-02
2.999936572681764779e-02
2.999936572681899047e-02
2.999936572681804331e-02
2.999936572681537877e-02
2.999936572681680125e-02
2.999936572681531632e-02
2.999936572681534408e-02
2.999936572681849087e-02
2.999936572681563551e-02
2.999936572681731473e-02
2.999936572681722799e-02
2.999936572681773800e-02
2.999936572681729391e-02
2.999936572681601715e-02
2.999936572681564939e-02
2.999936572681553837e-02
2.999936572681681513e-02
2.999936572681540306e-02
2.999936572681797392e-02
2.999936572681753677e-02
2.999936572681662778e-02
2.999936572681705105e-02
2.999936572681888985e-02
2.999936572681572572e-02
2.999936572681565633e-02
2.999936572681548286e-02
2.999936572681750208e-02
2.999936572681912578e-02
2.999936572681408120e-02
2.999936572681766861e-02
2.999936572681677349e-02
2.999936572681673533e-02
2.999936572681669369e-02
2.999936572681597205e-02
2.999936572681896271e-02
2.999936572681781433e-02
2.999936572681581592e-02
2.999936572681704411e-02
2.999936572681888292e-02
2.999936572681598940e-02
2.999936572681881006e-02
2.999936572681475427e-02
2.999936572681591654e-02
2.999936572681669023e-02
2.999936572681774841e-02
2.999936572681930272e-02
2.999936572681646818e-02
2.999936572681800168e-02
2.999936572681778657e-02
2.999936572681531632e-02
2.999936572681569102e-02
2.999936572681706146e-02
2.999936572681874414e-02
2.999936572681717595e-02
2.999936572682008334e-02
2.999936572681655492e-02
2.999936572681698513e-02
2.999936572681935823e-02
2.999936572681507346e-02
2.999936572681903557e-02
2.999936572681604491e-02
2.999936572681687411e-02
2.999936572681301261e-02
2.999936572681634675e-02
2.999936572681971905e-02
2.999936572681689839e-02
2.999936572681921251e-02
2.999936572681747085e-02
2.999936572681586450e-02
2.999936572681885516e-02
2.999936572681587837e-02
2.999936572681950048e-02
2.999936572681899741e-02
2.999936572681635716e-02
2.999936572681513244e-02
2.999936572681634328e-02
2.999936572681594082e-02
2.999936572681529551e-02
2.999936572681495550e-02
2.999936572681466060e-02
2.999936572681449060e-02
2.999936572681718289e-02
2.999936572681756106e-02
2.999936572682059335e-02
2.999936572682044070e-02
2.999936572681954211e-02
2.999936572681471611e-02
2.999936572681709268e-02
2.999936572681604491e-02
2.999936572681564592e-02
2.999936572682159949e-02
2.999936572681879965e-02
2.999936572681714125e-02
2.999936572681879965e-02
2.999936572681408120e-02
2.999936572681492428e-02
2.999936572681891761e-02
2.999936572681870597e-02
2.999936572681605879e-02
2.999936572681870250e-02
2.999936572681875455e-02
2.999936572681520877e-02
2.999936572681815086e-02
2.999936572681635022e-02
2.999936572681884475e-02
2.999936572682047886e-02
2.999936572681738411e-02
2.999936572681356772e-02
2.999936572681899394e-02
2.999936572681522959e-02
2.999936572681285302e-02
2.999936572681741187e-02
2.999936572681751942e-02
2.999936572682067662e-02
