2.999925691709683442e-02
2.999925691709868711e-02
2.999925691709894038e-02
2.999925691710123715e-02
2.999925691709921793e-02
2.999925691709900977e-02
2.999925691709558195e-02
2.999925691710199349e-02
2.999925691709856915e-02
2.999925691709499562e-02
2.999925691709726464e-02
2.999925691709898895e-02
2.999925691709664360e-02
2.999925691709803832e-02
2.999925691709327824e-02
2.999925691710010264e-02
2.999925691709489500e-02
2.999925691709838874e-02
2.999925691709966896e-02
2.999925691709846506e-02
2.999925691709909997e-02
2.999925691709964121e-02
2.999925691709706341e-02
2.999925691710013040e-02
2.999925691709972100e-02
2.999925691709904793e-02
2.999925691710236125e-02
2.999925691709543624e-02
2.999925691709767403e-02
2.999925691709867670e-02
2.999925691709929079e-02
2.999925691709747627e-02
2.999925691710134124e-02
2.999925691709937753e-02
2.999925691709547440e-02
2.999925691709963427e-02
2.999925691710044959e-02
2.999925691710005754e-02
2.999925691709726117e-02
2.999925691709769138e-02
2.999925691710089715e-02
2.999925691709851017e-02
2.999925691710155287e-02
2.999925691709825343e-02
2.999925691709616482e-02
2.999925691709879813e-02
2.999925691709808342e-02
2.999925691709758035e-02
2.999925691710125103e-02
2.999925691709945039e-02
2.999925691709760117e-02
2.999925691709827424e-02
2.999925691710025877e-02
2.999925691710095960e-02
2.999925691709972447e-02
2.999925691709991529e-02
2.999925691710080694e-02
2.999925691709694198e-02
2.999925691709736872e-02
2.999925691709559583e-02
2.999925691709509970e-02
2.999925691710136552e-02
2.999925691710121634e-02
2.999925691709883283e-02
2.999925691709915201e-02
2.999925691709848935e-02
2.999925691709886752e-02
2.999925691709754566e-02
2.999925691709852404e-02
2.999925691709754913e-02
2.999925691709906875e-02
2.999925691709992917e-02
2.999925691709643544e-02
2.999925691709789954e-02
2.999925691709854139e-02
2.999925691709656034e-02
2.999925691709786485e-02
2.999925691709759770e-02
2.999925691709866976e-02
2.999925691709509623e-02
2.999925691710112960e-02
2.999925691709479092e-02
2.999925691709638340e-02
2.999925691710090062e-02
2.999925691709624115e-02
2.999925691710026918e-02
2.999925691709896813e-02
2.999925691710185818e-02
2.999925691710121634e-02
2.999925691709931161e-02
2.999925691709713974e-02
2.999925691709653258e-02
2.999925691709750403e-02
2.999925691709835751e-02
2.999925691709957876e-02
2.999925691709817016e-02
2.999925691709973141e-02
2.999925691709812853e-02
2.999925691709916589e-02
2.999925691710031428e-02
2.999925691709779893e-02
2.999925691710076531e-02
2.999925691709748321e-02
2.999925691709879119e-02
2.999925691710043224e-02
2.999925691709851711e-02
2.999925691709865935e-02
2.999925691709955794e-02
2.999925691709872180e-02
2.999925691709906528e-02
2.999925691709742076e-02
2.999925691709724035e-02
2.999925691709932202e-02
2.999925691709869058e-02
2.999925691709889874e-02
2.999925691709879119e-02
2.999925691709754913e-02
2.999925691709894732e-02
2.999925691709777464e-02
2.999925691710058490e-02
2.999925691709860731e-02
2.999925691709915201e-02
2.999925691709691422e-02
2.999925691709710157e-02
2.999925691709847894e-02
2.999925691709838527e-02
2.999925691709908609e-02
2.999925691709808689e-02
2.999925691709844772e-02
2.999925691709867670e-02
2.999925691710032816e-02
2.999925691709957182e-02
2.999925691709860731e-02
2.999925691709868364e-02
2.999925691709951631e-02
2.999925691709789954e-02
2.999925691709844772e-02
2.999925691709875997e-02
2.999925691709885364e-02
2.999925691709923181e-02
2.999925691709783362e-02
2.999925691709698361e-02
2.999925691709874609e-02
2.999925691709891609e-02
2.999925691709933590e-02
2.999925691709783709e-02
2.999925691709889874e-02
2.999925691709783016e-02
2.999925691709867323e-02
2.999925691709741382e-02
2.999925691709941222e-02
2.999925691709923875e-02
2.999925691709828465e-02
2.999925691709848935e-02
2.999925691709858649e-02
2.999925691709933590e-02
2.999925691709754913e-02
2.999925691709872527e-02
2.999925691709733055e-02
2.999925691709894732e-02
2.999925691709697320e-02
2.999925691709735831e-02
2.999925691709953018e-02
2.999925691709818404e-02
2.999925691709866976e-02
2.999925691709807302e-02
2.999925691709935671e-02
2.999925691709958570e-02
2.999925691709794465e-02
2.999925691709747627e-02
2.999925691709875997e-02
2.999925691709895426e-02
2.999925691709762546e-02
2.999925691709845466e-02
2.999925691709987019e-02
2.999925691709824649e-02
2.999925691709898895e-02
2.999925691709957182e-02
2.999925691709888834e-02
2.999925691709881201e-02
2.999925691709913120e-02
2.999925691709823261e-02
2.999925691709798975e-02
2.999925691709895426e-02
2.999925691709796199e-02
2.999925691709764281e-02
2.999925691709766362e-02
2.999925691709795852e-02
2.999925691709905834e-02
2.999925691709721259e-02
2.999925691709894732e-02
2.999925691710006795e-02
2.999925691710025183e-02
2.999925691709866282e-02
2.999925691709837139e-02
2.999925691709779546e-02
2.999925691709937059e-02
2.999925691709811465e-02
2.999925691709893344e-02
2.999925691709865935e-02
2.999925691709812853e-02
2.999925691709831241e-02
2.999925691709804179e-02
2.999925691709826731e-02
2.999925691709968978e-02
2.999925691709884323e-02
2.999925691709805914e-02
2.999925691709866282e-02
2.999925691709834016e-02
2.999925691709820486e-02
2.999925691709930120e-02
2.999925691709812853e-02
2.999925691709903058e-02
2.999925691709821873e-02
2.999925691709920406e-02
2.999925691709925263e-02
2.999925691709924222e-02
2.999925691709820486e-02
2.999925691709855180e-02
2.999925691709825343e-02
2.999925691709836445e-02
2.999925691709808342e-02
2.999925691709820486e-02
2.999925691709773995e-02
2.999925691709769832e-02
2.999925691709875650e-02
2.999925691709891262e-02
2.999925691709830894e-02
2.999925691709808342e-02
2.999925691709858649e-02
2.999925691709984590e-02
2.999925691709869058e-02
2.999925691709851711e-02
2.999925691709912773e-02
2.999925691709779199e-02
2.999925691709885364e-02
2.999925691709681014e-02
2.999925691709875997e-02
2.999925691709798628e-02
2.999925691709869752e-02
2.999925691709805567e-02
2.999925691709815628e-02
2.999925691709913814e-02
2.999925691709823261e-02
2.999925691709812853e-02
2.999925691709898201e-02
2.999925691709871139e-02
2.999925691709892650e-02
2.999925691709852404e-02
2.999925691709843384e-02
2.999925691709905834e-02
2.999925691709777464e-02
2.999925691709870446e-02
2.999925691709734443e-02
2.999925691709792730e-02
2.999925691709763587e-02
2.999925691709802444e-02
2.999925691709673034e-02
2.999925691709897854e-02
2.999925691709779546e-02
2.999925691709783709e-02
2.999925691709810077e-02
2.999925691709877384e-02
2.999925691709794118e-02
2.999925691709949549e-02
2.999925691709782322e-02
2.999925691709827077e-02
2.999925691709914161e-02
2.999925691709791689e-02
2.999925691709887793e-02
2.999925691709754566e-02
2.999925691709933590e-02
2.999925691709842690e-02
2.999925691709773995e-02
2.999925691709750403e-02
2.999925691709786485e-02
2.999925691709766362e-02
2.999925691709818404e-02
2.999925691709822914e-02
2.999925691709733402e-02
2.999925691709721606e-02
2.999925691709841649e-02
2.999925691709822220e-02
2.999925691709746933e-02
2.999925691709972100e-02
2.999925691709894385e-02
2.999925691709861772e-02
2.999925691709833669e-02
2.999925691709774342e-02
2.999925691709731668e-02
2.999925691709778158e-02
2.999925691709744505e-02
2.999925691709935324e-02
2.999925691709871486e-02
2.999925691709805220e-02
2.999925691709844425e-02
2.999925691709790301e-02
2.999925691709787179e-02
2.999925691709806261e-02
2.999925691709887793e-02
2.999925691709817710e-02
2.999925691709793771e-02
2.999925691709763240e-02
2.999925691709789261e-02
2.999925691709819098e-02
2.999925691709812159e-02
2.999925691709748321e-02
2.999925691709727157e-02
2.999925691709772954e-02
2.999925691709827771e-02
2.999925691709894038e-02
2.999925691709949896e-02
2.999925691709751790e-02
2.999925691709937753e-02
2.999925691709798975e-02
2.999925691709861425e-02
2.999925691709738607e-02
2.999925691709838527e-02
2.999925691709853098e-02
2.999925691709739300e-02
2.999925691709742076e-02
2.999925691709820486e-02
2.999925691709727504e-02
2.999925691709879466e-02
2.999925691709710851e-02
2.999925691709731668e-02
2.999925691709923875e-02
2.999925691709834016e-02
2.999925691709867323e-02
2.999925691709721259e-02
2.999925691709823608e-02
2.999925691709795159e-02
2.999925691709831588e-02
2.999925691709807996e-02
2.999925691709838874e-02
2.999925691709728892e-02
2.999925691709788914e-02
2.999925691709857956e-02
2.999925691709791689e-02
2.999925691709840261e-02
2.999925691709844078e-02
2.999925691709773301e-02
2.999925691709793771e-02
2.999925691709789954e-02
2.999925691709713280e-02
2.999925691709716402e-02
2.999925691709779893e-02
2.999925691709792730e-02
2.999925691709787179e-02
2.999925691709682748e-02
2.999925691709711198e-02
2.999925691709799669e-02
2.999925691709842343e-02
2.999925691709809383e-02
2.999925691709852751e-02
2.999925691709929773e-02
2.999925691709823955e-02
2.999925691709777811e-02
2.999925691709752484e-02
2.999925691709858649e-02
2.999925691709741035e-02
2.999925691709796199e-02
2.999925691709746586e-02
2.999925691709774689e-02
2.999925691709768097e-02
2.999925691709762199e-02
2.999925691709855874e-02
2.999925691709740688e-02
2.999925691709673728e-02
2.999925691709720565e-02
2.999925691709843384e-02
2.999925691709800016e-02
2.999925691709768097e-02
2.999925691709717096e-02
2.999925691709756301e-02
2.999925691709794812e-02
2.999925691709825343e-02
2.999925691709824302e-02
2.999925691709783362e-02
2.999925691709734443e-02
2.999925691709834363e-02
2.999925691709789607e-02
2.999925691709764281e-02
2.999925691709809730e-02
2.999925691709777117e-02
2.999925691709776771e-02
2.999925691709769832e-02
2.999925691709789261e-02
2.999925691709805914e-02
2.999925691709795852e-02
2.999925691709844078e-02
2.999925691709797587e-02
2.999925691709749015e-02
2.999925691709758729e-02
2.999925691709783709e-02
2.999925691709758382e-02
2.999925691709798975e-02
2.999925691709783709e-02
2.999925691709752484e-02
2.999925691709798281e-02
2.999925691709799669e-02
2.999925691709798975e-02
2.999925691709756648e-02
2.999925691709746239e-02
2.999925691709762893e-02
2.999925691709721259e-02
2.999925691709756301e-02
2.999925691709769832e-02
2.999925691709832282e-02
2.999925691709749709e-02
2.999925691709783709e-02
2.999925691709770526e-02
2.999925691709773648e-02
2.999925691709798281e-02
2.999925691709778852e-02
2.999925691709749709e-02
2.999925691709784403e-02
2.999925691709812853e-02
2.999925691709802791e-02
2.999925691709769138e-02
2.999925691709754566e-02
2.999925691709777464e-02
2.999925691709812159e-02
2.999925691709762893e-02
2.999925691709800710e-02
2.999925691709766362e-02
2.999925691709812159e-02
2.999925691709773995e-02
2.999925691709776771e-02
2.999925691709747627e-02
2.999925691709744158e-02
2.999925691709774342e-02
2.999925691709758035e-02
2.999925691709776771e-02
2.999925691709776077e-02
2.999925691709784403e-02
2.999925691709781281e-02
2.999925691709797934e-02
2.999925691709803832e-02
2.999925691709793077e-02
2.999925691709785097e-02
2.999925691709786485e-02
2.999925691709786485e-02
2.999925691709786485e-02
2.999925691709772607e-02
2.999925691709791342e-02
2.999925691709762893e-02
2.999925691709797240e-02
2.999925691709801751e-02
2.999925691709765668e-02
2.999925691709780240e-02
2.999925691709785097e-02
2.999925691709791689e-02
2.999925691709794118e-02
2.999925691709795852e-02
2.999925691709790648e-02
2.999925691709794118e-02
2.999925691709787179e-02
2.999925691709787873e-02
2.999925691709791342e-02
2.999925691709801751e-02
2.999925691709791342e-02
2.999925691709801751e-02
2.999925691709798628e-02
2.999925691709803832e-02
2.999925691709800363e-02
2.999925691709792036e-02
2.999925691709795852e-02
2.999925691709805914e-02
2.999925691709797934e-02
2.999925691709803832e-02
2.999925691709797934e-02
2.999925691709802444e-02
2.999925691709800710e-02
2.999925691709805914e-02
2.999925691709810077e-02
2.999925691709809383e-02
2.999925691709804873e-02
2.999925691709804179e-02
2.999925691709809036e-02
2.999925691709805567e-02
2.999925691709806955e-02
2.999925691709807996e-02
2.999925691709806955e-02
2.999925691709809383e-02
2.999925691709809730e-02
2.999925691709812159e-02
2.999925691709812506e-02
2.999925691709810077e-02
2.999925691709812506e-02
2.999925691709811812e-02
2.999925691709812159e-02
2.999925691709812506e-02
2.999925691709813547e-02
2.999925691709813200e-02
2.999925691709814934e-02
2.999925691709814934e-02
2.999925691709815975e-02
2.999925691709816669e-02
2.999925691709817363e-02
2.999925691709817016e-02
2.999925691709818057e-02
2.999925691709818404e-02
2.999925691709818404e-02
2.999925691709819792e-02
2.999925691709820139e-02
2.999925691709820139e-02
2.999925691709821179e-02
2.999925691709821526e-02
2.999925691709821873e-02
2.999925691709822567e-02
2.999925691709823261e-02
2.999925691709823608e-02
2.999925691709824302e-02
2.999925691709825343e-02
2.999925691709825343e-02
2.999925691709826731e-02
2.999925691709827424e-02
2.999925691709828118e-02
2.999925691709828465e-02
2.999925691709827424e-02
2.999925691709827771e-02
2.999925691709830200e-02
2.999925691709830894e-02
2.999925691709830200e-02
2.999925691709830547e-02
2.999925691709830200e-02
2.999925691709834363e-02
2.999925691709831588e-02
2.999925691709839568e-02
2.999925691709836098e-02
2.999925691709842690e-02
2.999925691709835751e-02
2.999925691709843384e-02
2.999925691709843037e-02
2.999925691709845119e-02
2.999925691709836792e-02
2.999925691709840608e-02
2.999925691709832976e-02
2.999925691709837486e-02
2.999925691709836098e-02
2.999925691709843037e-02
2.999925691709849282e-02
2.999925691709845813e-02
2.999925691709836098e-02
2.999925691709853098e-02
2.999925691709843384e-02
2.999925691709847547e-02
2.999925691709842343e-02
2.999925691709856915e-02
2.999925691709861078e-02
2.999925691709838527e-02
2.999925691709853098e-02
2.999925691709851017e-02
2.999925691709856568e-02
2.999925691709851017e-02
2.999925691709860731e-02
2.999925691709875303e-02
2.999925691709857262e-02
2.999925691709838180e-02
2.999925691709853098e-02
2.999925691709863507e-02
2.999925691709848588e-02
2.999925691709852404e-02
2.999925691709843384e-02
2.999925691709859690e-02
2.999925691709857609e-02
2.999925691709880160e-02
2.999925691709828118e-02
2.999925691709873915e-02
2.999925691709866629e-02
2.999925691709867670e-02
2.999925691709855874e-02
2.999925691709875303e-02
2.999925691709870793e-02
2.999925691709837139e-02
2.999925691709884323e-02
2.999925691709853445e-02
2.999925691709829506e-02
2.999925691709860731e-02
2.999925691709877384e-02
2.999925691709844772e-02
2.999925691709891956e-02
2.999925691709897507e-02
2.999925691709897507e-02
2.999925691709891956e-02
2.999925691709909650e-02
2.999925691709883283e-02
2.999925691709918671e-02
2.999925691709892650e-02
2.999925691709901324e-02
2.999925691709867670e-02
2.999925691709868364e-02
2.999925691709905140e-02
2.999925691709917630e-02
2.999925691709847547e-02
2.999925691709928732e-02
2.999925691709892650e-02
2.999925691709889181e-02
2.999925691709902364e-02
2.999925691709882242e-02
2.999925691709838527e-02
2.999925691709917630e-02
2.999925691709907916e-02
2.999925691709895773e-02
2.999925691709878772e-02
2.999925691709830894e-02
2.999925691709862466e-02
2.999925691709849629e-02
2.999925691709893344e-02
2.999925691709937753e-02
2.999925691709874609e-02
2.999925691709858649e-02
2.999925691709881548e-02
2.999925691709847894e-02
2.999925691709888487e-02
2.999925691709908609e-02
2.999925691709880160e-02
2.999925691709886405e-02
2.999925691709853792e-02
2.999925691709921793e-02
2.999925691709936365e-02
2.999925691709879813e-02
2.999925691709876691e-02
2.999925691709889874e-02
2.999925691709837833e-02
2.999925691709878772e-02
2.999925691709855180e-02
2.999925691709882242e-02
2.999925691709841996e-02
2.999925691709895079e-02
2.999925691709886058e-02
2.999925691709988407e-02
2.999925691709919018e-02
2.999925691709828812e-02
2.999925691709854139e-02
2.999925691709836098e-02
2.999925691709907916e-02
2.999925691709917630e-02
2.999925691709877384e-02
2.999925691709813547e-02
2.999925691709884670e-02
2.999925691709895079e-02
2.999925691709917977e-02
2.999925691709856915e-02
2.999925691709855527e-02
2.999925691709993958e-02
2.999925691709986325e-02
2.999925691709835404e-02
2.999925691709954406e-02
2.999925691709890221e-02
2.999925691709896813e-02
2.999925691709881201e-02
2.999925691709938447e-02
2.999925691709941222e-02
2.999925691709878772e-02
2.999925691709950590e-02
2.999925691710009917e-02
2.999925691709900977e-02
2.999925691709883629e-02
2.999925691709818404e-02
2.999925691709873915e-02
2.999925691709997774e-02
2.999925691710012693e-02
2.999925691709916589e-02
2.999925691709948161e-02
2.999925691709916242e-02
2.999925691709885711e-02
2.999925691709914161e-02
2.999925691709791342e-02
2.999925691709971753e-02
2.999925691710093531e-02
2.999925691709931855e-02
2.999925691709977651e-02
2.999925691709994652e-02
2.999925691709881548e-02
2.999925691709976611e-02
2.999925691709958570e-02
2.999925691709950243e-02
2.999925691709867323e-02
2.999925691709859690e-02
2.999925691709853098e-02
2.999925691710086245e-02
2.999925691709973488e-02
2.999925691709989101e-02
2.999925691709930120e-02
2.999925691709937406e-02
2.999925691709954059e-02
2.999925691709977651e-02
2.999925691709972100e-02
2.999925691709877384e-02
2.999925691709818404e-02
2.999925691710007489e-02
2.999925691709910691e-02
2.999925691709903752e-02
2.999925691709968284e-02
2.999925691709825343e-02
2.999925691709854486e-02
2.999925691709912426e-02
2.999925691709969325e-02
2.999925691710043571e-02
2.999925691709994999e-02
2.999925691709990835e-02
2.999925691709977998e-02
2.999925691710051204e-02
2.999925691709902364e-02
2.999925691709972794e-02
2.999925691709897160e-02
2.999925691710002632e-02
2.999925691709855874e-02
2.999925691709927691e-02
2.999925691709945039e-02
2.999925691709887793e-02
2.999925691709958570e-02
2.999925691709919365e-02
2.999925691709994305e-02
2.999925691709892650e-02
2.999925691709949549e-02
2.999925691709921100e-02
2.999925691709970019e-02
2.999925691709875303e-02
2.999925691709939141e-02
2.999925691709947814e-02
2.999925691709971406e-02
2.999925691709987019e-02
2.999925691709889874e-02
2.999925691710051204e-02
2.999925691710049469e-02
2.999925691709893344e-02
2.999925691710008530e-02
2.999925691709940528e-02
2.999925691709963774e-02
2.999925691709985978e-02
2.999925691709962039e-02
2.999925691709919712e-02
2.999925691710034203e-02
2.999925691710085551e-02
2.999925691709928732e-02
2.999925691709987713e-02
2.999925691709976611e-02
2.999925691710069592e-02
2.999925691709938447e-02
2.999925691710108450e-02
2.999925691709965508e-02
2.999925691709898201e-02
2.999925691710099082e-02
2.999925691710045653e-02
2.999925691710034203e-02
2.999925691709874609e-02
2.999925691710043224e-02
2.999925691710043224e-02
2.999925691710020673e-02
2.999925691710072367e-02
2.999925691710054326e-02
2.999925691709983896e-02
2.999925691710111919e-02
2.999925691710067510e-02
2.999925691709987019e-02
2.999925691709992223e-02
2.999925691710040448e-02
2.999925691709962039e-02
2.999925691709955100e-02
2.999925691709991876e-02
2.999925691710018244e-02
2.999925691709992570e-02
2.999925691709936365e-02
2.999925691710104286e-02
2.999925691709929426e-02
2.999925691710026571e-02
2.999925691710005060e-02
2.999925691710055020e-02
2.999925691710080694e-02
2.999925691709985631e-02
2.999925691710116776e-02
2.999925691709987366e-02
2.999925691710123368e-02
2.999925691710004366e-02
2.999925691710038367e-02
2.999925691709978345e-02
2.999925691710028652e-02
2.999925691709966896e-02
2.999925691710059183e-02
2.999925691709976611e-02
2.999925691710002978e-02
2.999925691710000550e-02
2.999925691710020326e-02
2.999925691710088327e-02
2.999925691710050163e-02
2.999925691709955100e-02
2.999925691710072020e-02
2.999925691710156328e-02
2.999925691710002285e-02
2.999925691709956141e-02
2.999925691709918671e-02
2.999925691710057796e-02
2.999925691710091102e-02
2.999925691709962039e-02
2.999925691710041489e-02
2.999925691710001591e-02
2.999925691709993264e-02
2.999925691709984937e-02
2.999925691710153899e-02
2.999925691710055020e-02
2.999925691710134470e-02
2.999925691710181308e-02
2.999925691710087633e-02
2.999925691710007489e-02
2.999925691710098735e-02
2.999925691710016162e-02
2.999925691710041489e-02
2.999925691709980080e-02
2.999925691710221554e-02
2.999925691710047387e-02
2.999925691710104286e-02
2.999925691709934630e-02
2.999925691710129266e-02
2.999925691710141756e-02
2.999925691709948161e-02
2.999925691710067857e-02
2.999925691710163267e-02
2.999925691710171594e-02
2.999925691710066122e-02
2.999925691710025530e-02
2.999925691710101164e-02
2.999925691710314882e-02
2.999925691710009570e-02
2.999925691710240983e-02
2.999925691710097347e-02
2.999925691710141756e-02
2.999925691709921100e-02
2.999925691710108450e-02
2.999925691710081388e-02
2.999925691710133430e-02
2.999925691710130654e-02
2.999925691710080694e-02
2.999925691710163267e-02
2.999925691710164308e-02
2.999925691710063694e-02
2.999925691709932549e-02
2.999925691710036979e-02
2.999925691710291636e-02
2.999925691710104286e-02
2.999925691710009570e-02
2.999925691709920059e-02
2.999925691710020326e-02
2.999925691710045306e-02
2.999925691710130307e-02
2.999925691710134124e-02
2.999925691710158410e-02
2.999925691709946773e-02
2.999925691710125103e-02
2.999925691710071327e-02
2.999925691710114001e-02
2.999925691710143838e-02
2.999925691710094572e-02
2.999925691710267697e-02
2.999925691710091102e-02
2.999925691710184084e-02
2.999925691710227452e-02
2.999925691710195186e-02
2.999925691710106368e-02
2.999925691709958570e-02
2.999925691710149042e-02
2.999925691710307249e-02
2.999925691710275677e-02
2.999925691710205594e-02
2.999925691709958570e-02
2.999925691710075143e-02
2.999925691710046693e-02
2.999925691710285391e-02
2.999925691710281228e-02
2.999925691710214268e-02
2.999925691710016162e-02
2.999925691710099776e-02
2.999925691710255554e-02
2.999925691709986325e-02
2.999925691710093184e-02
2.999925691710098041e-02
2.999925691710054326e-02
2.999925691710195880e-02
2.999925691709972100e-02
2.999925691710179226e-02
2.999925691710077225e-02
2.999925691710257289e-02
2.999925691710098735e-02
2.999925691710278453e-02
2.999925691710163961e-02
2.999925691710009917e-02
2.999925691710254166e-02
2.999925691710340556e-02
2.999925691710012693e-02
2.999925691710258330e-02
2.999925691710324943e-02
2.999925691710183043e-02
2.999925691710081041e-02
2.999925691710206982e-02
2.999925691710086245e-02
2.999925691710089021e-02
2.999925691710204900e-02
2.999925691710112613e-02
2.999925691710063347e-02
2.999925691710002285e-02
2.999925691710225023e-02
2.999925691710223288e-02
2.999925691710247921e-02
2.999925691710306555e-02
2.999925691710419659e-02
2.999925691710208370e-02
2.999925691710285391e-02
2.999925691710052245e-02
2.999925691710189635e-02
2.999925691710181308e-02
2.999925691710170900e-02
2.999925691710156328e-02
2.999925691710131348e-02
2.999925691710539702e-02
2.999925691710149042e-02
2.999925691710083470e-02
2.999925691710262146e-02
2.999925691710115389e-02
2.999925691709995346e-02
2.999925691709940875e-02
2.999925691710133083e-02
2.999925691709735831e-02
2.999925691710140369e-02
2.999925691710333270e-02
2.999925691710256595e-02
2.999925691710306208e-02
2.999925691710450884e-02
2.999925691710153552e-02
2.999925691710145226e-02
2.999925691710127185e-02
2.999925691710182696e-02
2.999925691709929773e-02
2.999925691710063000e-02
2.999925691710335351e-02
2.999925691710415843e-02
2.999925691710453313e-02
2.999925691710278799e-02
2.999925691710100817e-02
2.999925691710151818e-02
2.999925691710014775e-02
2.999925691710410292e-02
2.999925691710307249e-02
2.999925691710489395e-02
2.999925691710102899e-02
2.999925691710286432e-02
2.999925691710166042e-02
2.999925691710386352e-02
2.999925691710188941e-02
2.999925691710061265e-02
2.999925691710207676e-02
2.999925691710651765e-02
2.999925691709857262e-02
2.999925691710017550e-02
2.999925691710149389e-02
2.999925691710558437e-02
2.999925691710040448e-02
2.999925691710264575e-02
2.999925691710150430e-02
2.999925691710013387e-02
2.999925691710680214e-02
2.999925691710367270e-02
2.999925691710258330e-02
2.999925691709857956e-02
2.999925691710227105e-02
2.999925691710296841e-02
2.999925691710407169e-02
2.999925691710448455e-02
2.999925691710698950e-02
2.999925691710572662e-02
2.999925691710280534e-02
2.999925691710418618e-02
2.999925691710390169e-02
2.999925691709923181e-02
2.999925691710279840e-02
2.999925691710036632e-02
2.999925691710452272e-02
2.999925691709942957e-02
2.999925691710024836e-02
2.999925691710035591e-02
2.999925691710329800e-02
2.999925691710140369e-02
2.999925691709843731e-02
2.999925691710334658e-02
2.999925691710365536e-02
2.999925691710384618e-02
2.999925691710360331e-02
2.999925691709895426e-02
2.999925691710450537e-02
2.999925691710397802e-02
2.999925691710073408e-02
2.999925691710395026e-02
2.999925691710194492e-02
2.999925691710322861e-02
2.999925691709946426e-02
2.999925691710065082e-02
2.999925691710080694e-02
