2.999935822731245386e-02
2.999935822730920992e-02
2.999935822731103485e-02
2.999935822730745091e-02
2.999935822731034790e-02
2.999935822731410878e-02
2.999935822731226651e-02
2.999935822731624249e-02
2.999935822731250937e-02
2.999935822730981708e-02
2.999935822731016055e-02
2.999935822731124302e-02
2.999935822731190568e-02
2.999935822731432042e-02
2.999935822731183629e-02
2.999935822731327958e-02
2.999935822730850216e-02
2.999935822731367163e-02
2.999935822731317203e-02
2.999935822731214508e-02
2.999935822730882828e-02
2.999935822731028198e-02
2.999935822731835539e-02
2.999935822731368898e-02
2.999935822731267590e-02
2.999935822731580881e-02
2.999935822731133322e-02
2.999935822731311652e-02
2.999935822731409144e-02
2.999935822731394225e-02
2.999935822731404633e-02
2.999935822730937646e-02
2.999935822731442797e-02
2.999935822731378612e-02
2.999935822731295346e-02
2.999935822731407756e-02
2.999935822731150670e-02
2.999935822731136792e-02
2.999935822731103485e-02
2.999935822731356755e-02
2.999935822731218671e-02
2.999935822731104179e-02
2.999935822731455634e-02
2.999935822731267590e-02
2.999935822731401858e-02
2.999935822731474022e-02
2.999935822731479226e-02
2.999935822731486512e-02
2.999935822731087179e-02
2.999935822731215895e-02
2.999935822731618004e-02
2.999935822731478186e-02
2.999935822731034443e-02
2.999935822731304713e-02
2.999935822731310958e-02
2.999935822731100710e-02
2.999935822731286325e-02
2.999935822731044505e-02
2.999935822731349816e-02
2.999935822731019525e-02
2.999935822730701723e-02
2.999935822731369939e-02
2.999935822731446614e-02
2.999935822731421634e-02
2.999935822730773888e-02
2.999935822730810664e-02
2.999935822731044158e-02
2.999935822731347040e-02
2.999935822731120832e-02
2.999935822731246426e-02
2.999935822731285978e-02
2.999935822731544452e-02
2.999935822731210691e-02
2.999935822731031321e-02
2.999935822731339408e-02
2.999935822731439328e-02
2.999935822731440715e-02
2.999935822730923421e-02
2.999935822731326224e-02
2.999935822731258223e-02
2.999935822731264121e-02
2.999935822731257876e-02
2.999935822731464308e-02
2.999935822731487900e-02
2.999935822731132629e-02
2.999935822731145812e-02
2.999935822731130547e-02
2.999935822731231855e-02
2.999935822731289795e-02
2.999935822731155527e-02
2.999935822731035484e-02
2.999935822731324142e-02
2.999935822731191956e-02
2.999935822731458757e-02
2.999935822731073648e-02
2.999935822731292917e-02
2.999935822731238100e-02
2.999935822731233589e-02
2.999935822731317203e-02
2.999935822731155527e-02
2.999935822731249202e-02
2.999935822731085444e-02
2.999935822731159690e-02
2.999935822731222834e-02
2.999935822731345653e-02
2.999935822731115975e-02
2.999935822731140955e-02
2.999935822731161772e-02
2.999935822731313734e-02
2.999935822731236712e-02
2.999935822731172874e-02
2.999935822730940421e-02
2.999935822731182589e-02
2.999935822731263774e-02
2.999935822731216589e-02
2.999935822731233936e-02
2.999935822731166629e-02
2.999935822731236712e-02
2.999935822731321020e-02
2.999935822731097240e-02
2.999935822731144425e-02
2.999935822731100710e-02
2.999935822731097240e-02
2.999935822731305407e-02
2.999935822731227691e-02
2.999935822731076770e-02
2.999935822731153445e-02
2.999935822731197507e-02
2.999935822731163854e-02
2.999935822731153445e-02
2.999935822731087873e-02
2.999935822731125690e-02
2.999935822731146506e-02
2.999935822731163160e-02
2.999935822731231161e-02
2.999935822731273488e-02
2.999935822731208263e-02
2.999935822731172874e-02
2.999935822731131935e-02
2.999935822731228038e-02
2.999935822731196119e-02
2.999935822731254406e-02
2.999935822731328999e-02
2.999935822731192997e-02
2.999935822731243651e-02
2.999935822731205140e-02
2.999935822731299509e-02
2.999935822731059423e-02
2.999935822731215201e-02
2.999935822731055954e-02
2.999935822731171486e-02
2.999935822731274876e-02
2.999935822731133322e-02
2.999935822731334550e-02
2.999935822731295346e-02
2.999935822731102791e-02
2.999935822731104179e-02
2.999935822731100710e-02
2.999935822731061158e-02
2.999935822731261692e-02
2.999935822731083016e-02
2.999935822731175650e-02
2.999935822731089607e-02
2.999935822731140955e-02
2.999935822731055954e-02
2.999935822731133322e-02
2.999935822731196466e-02
2.999935822731081975e-02
2.999935822731123261e-02
2.999935822731114241e-02
2.999935822731109730e-02
2.999935822731213814e-02
2.999935822731237753e-02
2.999935822731330387e-02
2.999935822731095852e-02
2.999935822731165241e-02
2.999935822730940421e-02
2.999935822731185364e-02
2.999935822731070872e-02
2.999935822731290141e-02
2.999935822731267243e-02
2.999935822731114587e-02
2.999935822731244692e-02
2.999935822731230467e-02
2.999935822731070179e-02
2.999935822731361612e-02
2.999935822731184323e-02
2.999935822731163160e-02
2.999935822731195773e-02
2.999935822731039647e-02
2.999935822731120139e-02
2.999935822731247814e-02
2.999935822731174262e-02
2.999935822731170099e-02
2.999935822731256835e-02
2.999935822731105567e-02
2.999935822731071566e-02
2.999935822731034096e-02
2.999935822731120832e-02
2.999935822731120139e-02
2.999935822731045892e-02
2.999935822731231161e-02
2.999935822731046586e-02
2.999935822730888380e-02
2.999935822731253018e-02
2.999935822731089607e-02
2.999935822731179466e-02
2.999935822731202018e-02
2.999935822731208263e-02
2.999935822731068097e-02
2.999935822731039647e-02
2.999935822730975116e-02
2.999935822731113200e-02
2.999935822731151364e-02
2.999935822731242957e-02
2.999935822731081975e-02
2.999935822731083709e-02
2.999935822730938340e-02
2.999935822731027157e-02
2.999935822731138180e-02
2.999935822731202018e-02
2.999935822731117363e-02
2.999935822731211038e-02
2.999935822731078505e-02
2.999935822731213814e-02
2.999935822731146853e-02
2.999935822730992463e-02
2.999935822731032709e-02
2.999935822731034790e-02
2.999935822730942156e-02
2.999935822731209650e-02
2.999935822731181895e-02
2.999935822731081975e-02
2.999935822731150670e-02
2.999935822731077117e-02
2.999935822731069832e-02
2.999935822731081628e-02
2.999935822731009116e-02
2.999935822731118751e-02
2.999935822730959156e-02
2.999935822731153098e-02
2.999935822730976157e-02
2.999935822731221446e-02
2.999935822731168017e-02
2.999935822731129506e-02
2.999935822731129853e-02
2.999935822731079199e-02
2.999935822731304019e-02
2.999935822731254059e-02
2.999935822731010504e-02
2.999935822731130547e-02
2.999935822730996626e-02
2.999935822731113200e-02
2.999935822731020565e-02
2.999935822731192997e-02
2.999935822731110424e-02
2.999935822731118057e-02
2.999935822731130547e-02
2.999935822731178425e-02
2.999935822731077117e-02
2.999935822731120486e-02
2.999935822731120139e-02
2.999935822731173568e-02
2.999935822731101057e-02
2.999935822731152057e-02
2.999935822730995932e-02
2.999935822731147547e-02
2.999935822731258223e-02
2.999935822731056301e-02
2.999935822731170099e-02
2.999935822731055607e-02
2.999935822731062546e-02
2.999935822731267937e-02
2.999935822731169405e-02
2.999935822731027851e-02
2.999935822731180507e-02
2.999935822731022994e-02
2.999935822731111118e-02
2.999935822731256488e-02
2.999935822731173915e-02
2.999935822731188834e-02
2.999935822731127077e-02
2.999935822731006688e-02
2.999935822731084750e-02
2.999935822731126384e-02
2.999935822731157609e-02
2.999935822730976503e-02
2.999935822731193344e-02
2.999935822731069138e-02
2.999935822731068097e-02
2.999935822731170793e-02
2.999935822731114587e-02
2.999935822731117363e-02
2.999935822731004953e-02
2.999935822730996626e-02
2.999935822731033055e-02
2.999935822731095852e-02
2.999935822731156221e-02
2.999935822731127424e-02
2.999935822731177731e-02
2.999935822731037566e-02
2.999935822731066709e-02
2.999935822731180507e-02
2.999935822731226304e-02
2.999935822731073995e-02
2.999935822731066015e-02
2.999935822731167670e-02
2.999935822731083709e-02
2.999935822731059770e-02
2.999935822731156568e-02
2.999935822731051444e-02
2.999935822731238447e-02
2.999935822731261345e-02
2.999935822731136098e-02
2.999935822731069485e-02
2.999935822731066015e-02
2.999935822731243651e-02
2.999935822731155874e-02
2.999935822731033055e-02
2.999935822730982402e-02
2.999935822731178425e-02
2.999935822731043117e-02
2.999935822731076424e-02
2.999935822731242263e-02
2.999935822731012586e-02
2.999935822731160731e-02
2.999935822731003565e-02
2.999935822731229079e-02
2.999935822731215548e-02
2.999935822731199589e-02
2.999935822730988300e-02
2.999935822731178425e-02
2.999935822731089261e-02
2.999935822731111812e-02
2.999935822731175997e-02
2.999935822731190568e-02
2.999935822731173568e-02
2.999935822731058729e-02
2.999935822731086138e-02
2.999935822731046586e-02
2.999935822731039647e-02
2.999935822731038954e-02
2.999935822731083709e-02
2.999935822731093077e-02
2.999935822731116669e-02
2.999935822731110771e-02
2.999935822731228038e-02
2.999935822731191956e-02
2.999935822731185364e-02
2.999935822731156915e-02
2.999935822731132976e-02
2.999935822731112853e-02
2.999935822731166282e-02
2.999935822731134016e-02
2.999935822731147894e-02
2.999935822731142343e-02
2.999935822731103832e-02
2.999935822731204446e-02
2.999935822731066709e-02
2.999935822731131588e-02
2.999935822731149282e-02
2.999935822731091689e-02
2.999935822731208263e-02
2.999935822731161078e-02
2.999935822731050056e-02
2.999935822731158303e-02
2.999935822731156221e-02
2.999935822731141996e-02
2.999935822731063934e-02
2.999935822731160731e-02
2.999935822731095159e-02
2.999935822731116669e-02
2.999935822731138180e-02
2.999935822731157956e-02
2.999935822731169058e-02
2.999935822731052484e-02
2.999935822731114587e-02
2.999935822731231855e-02
2.999935822731239488e-02
2.999935822731127077e-02
2.999935822731114934e-02
2.999935822731132976e-02
2.999935822731105220e-02
2.999935822731060811e-02
2.999935822731163854e-02
2.999935822731150670e-02
2.999935822731151017e-02
2.999935822731124649e-02
2.999935822731156915e-02
2.999935822731142690e-02
2.999935822731163854e-02
2.999935822731162466e-02
2.999935822731120832e-02
2.999935822731143731e-02
2.999935822731159690e-02
2.999935822731174956e-02
2.999935822731149976e-02
2.999935822731117710e-02
2.999935822731105567e-02
2.999935822731136792e-02
2.999935822731149282e-02
2.999935822731134710e-02
2.999935822731100016e-02
2.999935822731102791e-02
2.999935822731122567e-02
2.999935822731160384e-02
2.999935822731152751e-02
2.999935822731126384e-02
2.999935822731127771e-02
2.999935822731152404e-02
2.999935822731181548e-02
2.999935822731124302e-02
2.999935822731147894e-02
2.999935822731106608e-02
2.999935822731143731e-02
2.999935822731124302e-02
2.999935822731130547e-02
2.999935822731150670e-02
2.999935822731168711e-02
2.999935822731154139e-02
2.999935822731136098e-02
2.999935822731152751e-02
2.999935822731123261e-02
2.999935822731127077e-02
2.999935822731132629e-02
2.999935822731129159e-02
2.999935822731161078e-02
2.999935822731155180e-02
2.999935822731131241e-02
2.999935822731122914e-02
2.999935822731147547e-02
2.999935822731147200e-02
2.999935822731149629e-02
2.999935822731156221e-02
2.999935822731106261e-02
2.999935822731126384e-02
2.999935822731132629e-02
2.999935822731145812e-02
2.999935822731103485e-02
2.999935822731116669e-02
2.999935822731142343e-02
2.999935822731136098e-02
2.999935822731130894e-02
2.999935822731132976e-02
2.999935822731130200e-02
2.999935822731136445e-02
2.999935822731137139e-02
2.999935822731117710e-02
2.999935822731128465e-02
2.999935822731118057e-02
2.999935822731123955e-02
2.999935822731124996e-02
2.999935822731124302e-02
2.999935822731124302e-02
2.999935822731128118e-02
2.999935822731127424e-02
2.999935822731127424e-02
2.999935822731112506e-02
2.999935822731124996e-02
2.999935822731116669e-02
2.999935822731120486e-02
2.999935822731121526e-02
2.999935822731120139e-02
2.999935822731116322e-02
2.999935822731126037e-02
2.999935822731111812e-02
2.999935822731113200e-02
2.999935822731114587e-02
2.999935822731124996e-02
2.999935822731120486e-02
2.999935822731121526e-02
2.999935822731115281e-02
2.999935822731116322e-02
2.999935822731115281e-02
2.999935822731117363e-02
2.999935822731111465e-02
2.999935822731116322e-02
2.999935822731111812e-02
2.999935822731115281e-02
2.999935822731114587e-02
2.999935822731110771e-02
2.999935822731112506e-02
2.999935822731109730e-02
2.999935822731110077e-02
2.999935822731112159e-02
2.999935822731112506e-02
2.999935822731112159e-02
2.999935822731110771e-02
2.999935822731110424e-02
2.999935822731110077e-02
2.999935822731108689e-02
2.999935822731107649e-02
2.999935822731106955e-02
2.999935822731106261e-02
2.999935822731106261e-02
2.999935822731104873e-02
2.999935822731104873e-02
2.999935822731103832e-02
2.999935822731102791e-02
2.999935822731101404e-02
2.999935822731100363e-02
2.999935822731100710e-02
2.999935822731100710e-02
2.999935822731101057e-02
2.999935822731099669e-02
2.999935822731099669e-02
2.999935822731098975e-02
2.999935822731097240e-02
2.999935822731096546e-02
2.999935822731096199e-02
2.999935822731095506e-02
2.999935822731094465e-02
2.999935822731093771e-02
2.999935822731092730e-02
2.999935822731092036e-02
2.999935822731091342e-02
2.999935822731089954e-02
2.999935822731090995e-02
2.999935822731089954e-02
2.999935822731088220e-02
2.999935822731087179e-02
2.999935822731086485e-02
2.999935822731088567e-02
2.999935822731087873e-02
2.999935822731084750e-02
2.999935822731085444e-02
2.999935822731087526e-02
2.999935822731083016e-02
2.999935822731081975e-02
2.999935822731082669e-02
2.999935822731085791e-02
2.999935822731085097e-02
2.999935822731079893e-02
2.999935822731082322e-02
2.999935822731075383e-02
2.999935822731072954e-02
2.999935822731076424e-02
2.999935822731079893e-02
2.999935822731069485e-02
2.999935822731080587e-02
2.999935822731074342e-02
2.999935822731077811e-02
2.999935822731065321e-02
2.999935822731082669e-02
2.999935822731067750e-02
2.999935822731072607e-02
2.999935822731074689e-02
2.999935822731070179e-02
2.999935822731078158e-02
2.999935822731066709e-02
2.999935822731069485e-02
2.999935822731078852e-02
2.999935822731062199e-02
2.999935822731073648e-02
2.999935822731059423e-02
2.999935822731081628e-02
2.999935822731067750e-02
2.999935822731080240e-02
2.999935822731055607e-02
2.999935822731069138e-02
2.999935822731064974e-02
2.999935822731049362e-02
2.999935822731087179e-02
2.999935822731041035e-02
2.999935822731052137e-02
2.999935822731080587e-02
2.999935822731073301e-02
2.999935822731054566e-02
2.999935822731072260e-02
2.999935822731075036e-02
2.999935822731050056e-02
2.999935822731088567e-02
2.999935822731053525e-02
2.999935822731079546e-02
2.999935822731056995e-02
2.999935822731065321e-02
2.999935822731053178e-02
2.999935822731063587e-02
2.999935822731050750e-02
2.999935822731057689e-02
2.999935822731076424e-02
2.999935822731081281e-02
2.999935822731053525e-02
2.999935822731047280e-02
2.999935822731056995e-02
2.999935822731095506e-02
2.999935822731098281e-02
2.999935822731098628e-02
2.999935822731048321e-02
2.999935822731073301e-02
2.999935822731071566e-02
2.999935822731067056e-02
2.999935822731057689e-02
2.999935822731054913e-02
2.999935822731055954e-02
2.999935822731047974e-02
2.999935822731076770e-02
2.999935822731042423e-02
2.999935822731018137e-02
2.999935822731102791e-02
2.999935822731038954e-02
2.999935822731016749e-02
2.999935822731056995e-02
2.999935822731032709e-02
2.999935822731057689e-02
2.999935822731042423e-02
2.999935822731079546e-02
2.999935822731066015e-02
2.999935822731039647e-02
2.999935822731034790e-02
2.999935822731051444e-02
2.999935822731095159e-02
2.999935822731056995e-02
2.999935822731088914e-02
2.999935822731072954e-02
2.999935822731063587e-02
2.999935822731048668e-02
2.999935822731021259e-02
2.999935822731061158e-02
2.999935822731035484e-02
2.999935822731007729e-02
2.999935822731055260e-02
2.999935822731024382e-02
2.999935822731080934e-02
2.999935822731070179e-02
2.999935822731084056e-02
2.999935822730999055e-02
2.999935822731070525e-02
2.999935822731002177e-02
2.999935822731074342e-02
2.999935822731058382e-02
2.999935822731053525e-02
2.999935822731068791e-02
2.999935822731038260e-02
2.999935822731012586e-02
2.999935822731072954e-02
2.999935822731092730e-02
2.999935822731035484e-02
2.999935822731006688e-02
2.999935822731041729e-02
2.999935822731037566e-02
2.999935822731097934e-02
2.999935822731105914e-02
2.999935822731067750e-02
2.999935822731003912e-02
2.999935822730998014e-02
2.999935822731073301e-02
2.999935822731022647e-02
2.999935822730979626e-02
2.999935822731036178e-02
2.999935822730953605e-02
2.999935822731056995e-02
2.999935822731055954e-02
2.999935822730998014e-02
2.999935822731047280e-02
2.999935822731097240e-02
2.999935822731054913e-02
2.999935822731130894e-02
2.999935822730999402e-02
2.999935822731104179e-02
2.999935822731070872e-02
2.999935822731091689e-02
2.999935822731086832e-02
2.999935822731068444e-02
2.999935822731061852e-02
2.999935822731088914e-02
2.999935822730979973e-02
2.999935822730987259e-02
2.999935822731001830e-02
2.999935822730964013e-02
2.999935822730934176e-02
2.999935822731020565e-02
2.999935822731104179e-02
2.999935822731153792e-02
2.999935822731037566e-02
2.999935822731115975e-02
2.999935822730974422e-02
2.999935822730944932e-02
2.999935822731037566e-02
2.999935822730986565e-02
2.999935822731068097e-02
2.999935822730951523e-02
2.999935822731111118e-02
2.999935822731083362e-02
2.999935822731037913e-02
2.999935822731146506e-02
2.999935822730967483e-02
2.999935822730982055e-02
2.999935822731060464e-02
2.999935822731086485e-02
2.999935822730948054e-02
2.999935822731044158e-02
2.999935822731142343e-02
2.999935822731097240e-02
2.999935822731122567e-02
2.999935822731106261e-02
2.999935822731107996e-02
2.999935822731024035e-02
2.999935822731067750e-02
2.999935822731043117e-02
2.999935822731051444e-02
2.999935822730953605e-02
2.999935822730952217e-02
2.999935822730972340e-02
2.999935822731191956e-02
2.999935822730952911e-02
2.999935822730978585e-02
2.999935822731093077e-02
2.999935822731054913e-02
2.999935822731059770e-02
2.999935822731050403e-02
2.999935822731018137e-02
2.999935822731081975e-02
2.999935822731074689e-02
2.999935822731031321e-02
2.999935822731119792e-02
2.999935822731119792e-02
2.999935822731072954e-02
2.999935822731035484e-02
2.999935822731049709e-02
2.999935822730979279e-02
2.999935822730972687e-02
2.999935822731170446e-02
2.999935822730927931e-02
2.999935822730993851e-02
2.999935822731122220e-02
2.999935822731080240e-02
2.999935822731088220e-02
2.999935822730988993e-02
2.999935822731000443e-02
2.999935822731107649e-02
2.999935822731107649e-02
2.999935822731024382e-02
2.999935822731105914e-02
2.999935822730996973e-02
2.999935822731186405e-02
2.999935822731021953e-02
2.999935822730953605e-02
2.999935822730894971e-02
2.999935822731139567e-02
2.999935822730991422e-02
2.999935822730902604e-02
2.999935822731018831e-02
2.999935822730926196e-02
2.999935822731152751e-02
2.999935822730993157e-02
2.999935822731041035e-02
2.999935822731019525e-02
2.999935822730970258e-02
2.999935822730997320e-02
2.999935822730980667e-02
2.999935822731006341e-02
2.999935822731088220e-02
2.999935822731001137e-02
2.999935822730980667e-02
2.999935822730961932e-02
2.999935822731034443e-02
2.999935822730982055e-02
2.999935822730991075e-02
2.999935822730968524e-02
2.999935822730936258e-02
2.999935822731104179e-02
2.999935822731075036e-02
2.999935822731000096e-02
2.999935822730939727e-02
2.999935822730906074e-02
2.999935822730968871e-02
2.999935822730970258e-02
2.999935822730994198e-02
2.999935822731037566e-02
2.999935822731043811e-02
2.999935822731056995e-02
2.999935822730978238e-02
2.999935822731129159e-02
2.999935822731053525e-02
2.999935822730936952e-02
2.999935822730970258e-02
2.999935822731013280e-02
2.999935822731019525e-02
2.999935822730880400e-02
2.999935822730928625e-02
2.999935822731101751e-02
2.999935822731100016e-02
2.999935822730948748e-02
2.999935822731056995e-02
2.999935822731057342e-02
2.999935822730826623e-02
2.999935822730933482e-02
2.999935822730905033e-02
2.999935822730946319e-02
2.999935822731047974e-02
2.999935822730892543e-02
2.999935822731016055e-02
2.999935822731032709e-02
2.999935822730981361e-02
2.999935822731045892e-02
2.999935822731054219e-02
2.999935822731041729e-02
2.999935822730911972e-02
2.999935822730988993e-02
2.999935822730853338e-02
2.999935822731061852e-02
2.999935822731089607e-02
2.999935822731155180e-02
2.999935822731217977e-02
2.999935822730838419e-02
2.999935822730884216e-02
2.999935822731082669e-02
2.999935822730863400e-02
2.999935822730987259e-02
2.999935822730787766e-02
2.999935822731081281e-02
2.999935822731015361e-02
2.999935822730843277e-02
2.999935822730986218e-02
2.999935822731059770e-02
2.999935822730989687e-02
2.999935822731031321e-02
2.999935822730920992e-02
2.999935822730954299e-02
2.999935822730952911e-02
2.999935822731172874e-02
2.999935822731066015e-02
2.999935822730865481e-02
2.999935822730893931e-02
2.999935822730943197e-02
2.999935822730905727e-02
2.999935822731054219e-02
2.999935822731004259e-02
2.999935822730988993e-02
2.999935822730871032e-02
2.999935822730919605e-02
2.999935822731113894e-02
2.999935822730964360e-02
2.999935822730896012e-02
2.999935822731011198e-02
2.999935822731029239e-02
2.999935822730810664e-02
2.999935822731020219e-02
2.999935822731150670e-02
2.999935822731032362e-02
2.999935822730990381e-02
2.999935822730852991e-02
2.999935822730806501e-02
2.999935822730900870e-02
2.999935822731076424e-02
2.999935822730842236e-02
2.999935822730889767e-02
2.999935822730936952e-02
2.999935822731165588e-02
2.999935822731032015e-02
2.999935822730996626e-02
2.999935822730981361e-02
2.999935822731077117e-02
2.999935822730969912e-02
2.999935822730839460e-02
2.999935822730874502e-02
2.999935822731081975e-02
2.999935822731022300e-02
2.999935822730767990e-02
2.999935822730982055e-02
2.999935822730940074e-02
2.999935822730844664e-02
2.999935822731039647e-02
2.999935822730837379e-02
2.999935822730868951e-02
2.999935822730990728e-02
2.999935822731014667e-02
2.999935822730936258e-02
2.999935822730943891e-02
2.999935822730885257e-02
2.999935822730991422e-02
2.999935822731077117e-02
2.999935822730883522e-02
2.999935822730981361e-02
2.999935822731060117e-02
2.999935822730883522e-02
2.999935822730791235e-02
2.999935822730940421e-02
2.999935822730964707e-02
2.999935822730891849e-02
2.999935822731103832e-02
2.999935822730956381e-02
2.999935822730899482e-02
2.999935822730884216e-02
2.999935822730972340e-02
2.999935822730842583e-02
2.999935822730958462e-02
2.999935822731029586e-02
2.999935822730940421e-02
2.999935822730898441e-02
2.999935822731025076e-02
2.999935822730912666e-02
2.999935822731169058e-02
2.999935822730766255e-02
2.999935822730918564e-02
2.999935822730875543e-02
2.999935822730775969e-02
2.999935822731083362e-02
2.999935822731033055e-02
2.999935822730936605e-02
2.999935822731081281e-02
2.999935822730995238e-02
2.999935822730801990e-02
2.999935822730890461e-02
2.999935822730705887e-02
2.999935822730737806e-02
2.999935822730899829e-02
2.999935822731134363e-02
2.999935822730921686e-02
2.999935822731072260e-02
2.999935822731066015e-02
2.999935822730959503e-02
2.999935822730719071e-02
2.999935822731033055e-02
2.999935822730933482e-02
2.999935822731166976e-02
2.999935822730759316e-02
2.999935822730958809e-02
2.999935822730750989e-02
2.999935822730864093e-02
2.999935822730617069e-02
2.999935822730975810e-02
2.999935822730841195e-02
2.999935822731045199e-02
2.999935822730995585e-02
2.999935822730874502e-02
2.999935822730872420e-02
2.999935822730446719e-02
2.999935822730909890e-02
2.999935822731216589e-02
2.999935822730949442e-02
2.999935822730860971e-02
2.999935822730837032e-02
2.999935822730756541e-02
2.999935822731007729e-02
2.999935822730549762e-02
2.999935822730751683e-02
2.999935822731216936e-02
2.999935822730932095e-02
2.999935822730945278e-02
2.999935822730980320e-02
2.999935822730987606e-02
2.999935822731047280e-02
2.999935822730906421e-02
2.999935822731043117e-02
2.999935822730956381e-02
2.999935822730622620e-02
2.999935822730961238e-02
2.999935822731081281e-02
2.999935822730655927e-02
2.999935822731427532e-02
2.999935822730608048e-02
2.999935822731071566e-02
2.999935822731013974e-02
2.999935822730713172e-02
2.999935822731061852e-02
2.999935822731134016e-02
2.999935822731121526e-02
2.999935822730606660e-02
2.999935822730706927e-02
2.999935822730902604e-02
2.999935822730710050e-02
2.999935822730851256e-02
2.999935822731004953e-02
2.999935822730517496e-02
2.999935822731145466e-02
2.999935822730448107e-02
2.999935822731315815e-02
2.999935822731023688e-02
2.999935822730905380e-02
2.999935822731007729e-02
2.999935822730841195e-02
2.999935822730748908e-02
2.999935822731146159e-02
2.999935822731163854e-02
2.999935822730719071e-02
2.999935822730912666e-02
2.999935822731164201e-02
2.999935822730921339e-02
2.999935822731161772e-02
2.999935822731194385e-02
2.999935822730821072e-02
2.999935822731315122e-02
2.999935822731095506e-02
2.999935822730891155e-02
2.999935822731004259e-02
2.999935822730596599e-02
2.999935822730857501e-02
2.999935822730967136e-02
2.999935822731314428e-02
2.999935822731046586e-02
2.999935822731429613e-02
2.999935822730911972e-02
2.999935822730672927e-02
2.999935822730989340e-02
2.999935822731266549e-02
2.999935822731113547e-02
