2.999935661877571949e-02
2.999935661877395007e-02
2.999935661877021001e-02
2.999935661877269413e-02
2.999935661877212167e-02
2.999935661877475498e-02
2.999935661876861406e-02
2.999935661877135493e-02
2.999935661877179902e-02
2.999935661877054655e-02
2.999935661877272189e-02
2.999935661877285026e-02
2.999935661877315210e-02
2.999935661877196555e-02
2.999935661877302720e-02
2.999935661877226045e-02
2.999935661877258311e-02
2.999935661877025164e-02
2.999935661877383558e-02
2.999935661877220841e-02
2.999935661877020307e-02
2.999935661877261087e-02
2.999935661876976592e-02
2.999935661877285373e-02
2.999935661877164983e-02
2.999935661877282944e-02
2.999935661877330476e-02
2.999935661876692097e-02
2.999935661877213208e-02
2.999935661877164289e-02
2.999935661877348864e-02
2.999935661877282250e-02
2.999935661877264209e-02
2.999935661877157697e-02
2.999935661876793752e-02
2.999935661877239923e-02
2.999935661877365170e-02
2.999935661876920387e-02
2.999935661877078247e-02
2.999935661877185800e-02
2.999935661877047022e-02
2.999935661877298557e-02
2.999935661877174004e-02
2.999935661877165677e-02
2.999935661877396742e-02
2.999935661877221188e-02
2.999935661877072696e-02
2.999935661877421028e-02
2.999935661877259699e-02
2.999935661876826712e-02
2.999935661877230209e-02
2.999935661877030021e-02
2.999935661877182330e-02
2.999935661877234719e-02
2.999935661876792364e-02
2.999935661877396048e-02
2.999935661877521989e-02
2.999935661877384946e-02
2.999935661877443926e-02
2.999935661877099063e-02
2.999935661877400211e-02
2.999935661877007470e-02
2.999935661877554255e-02
2.999935661877585133e-02
2.999935661877116064e-02
2.999935661877519560e-02
2.999935661877056042e-02
2.999935661877182330e-02
2.999935661877416865e-02
2.999935661876926285e-02
2.999935661877201759e-02
2.999935661877113635e-02
2.999935661877349211e-02
2.999935661877129942e-02
2.999935661877284332e-02
2.999935661877334986e-02
2.999935661877412008e-02
2.999935661876659138e-02
2.999935661877284332e-02
2.999935661877352333e-02
2.999935661877015450e-02
2.999935661877290577e-02
2.999935661877329782e-02
2.999935661877216331e-02
2.999935661876941204e-02
2.999935661877151105e-02
2.999935661876983184e-02
2.999935661877117798e-02
2.999935661877251025e-02
2.999935661877184065e-02
2.999935661877332557e-02
2.999935661876906856e-02
2.999935661877454335e-02
2.999935661877356496e-02
2.999935661877451212e-02
2.999935661877200024e-02
2.999935661877091431e-02
2.999935661877369680e-02
2.999935661877149023e-02
2.999935661877305842e-02
2.999935661877278434e-02
2.999935661877387374e-02
2.999935661877252413e-02
2.999935661877287801e-02
2.999935661877287801e-02
2.999935661877164289e-02
2.999935661877226045e-02
2.999935661877143819e-02
2.999935661877218759e-02
2.999935661877297516e-02
2.999935661877287107e-02
2.999935661877329088e-02
2.999935661877282250e-02
2.999935661877174004e-02
2.999935661877111900e-02
2.999935661877418946e-02
2.999935661877149023e-02
2.999935661877248250e-02
2.999935661877111553e-02
2.999935661877185453e-02
2.999935661877063675e-02
2.999935661877239576e-02
2.999935661877187534e-02
2.999935661877434906e-02
2.999935661877225004e-02
2.999935661877313475e-02
2.999935661877378007e-02
2.999935661877135840e-02
2.999935661877334986e-02
2.999935661877324578e-02
2.999935661877217372e-02
2.999935661877239229e-02
2.999935661877431090e-02
2.999935661877189963e-02
2.999935661877204188e-02
2.999935661877319026e-02
2.999935661877221882e-02
2.999935661877212861e-02
2.999935661877293006e-02
2.999935661877045634e-02
2.999935661877129595e-02
2.999935661877206269e-02
2.999935661877457457e-02
2.999935661877233678e-02
2.999935661877240617e-02
2.999935661877034532e-02
2.999935661877242699e-02
2.999935661877297516e-02
2.999935661877223270e-02
2.999935661877222923e-02
2.999935661877015103e-02
2.999935661877070614e-02
2.999935661877179555e-02
2.999935661877316251e-02
2.999935661877320414e-02
2.999935661877067491e-02
2.999935661877132717e-02
2.999935661877182330e-02
2.999935661877192045e-02
2.999935661877215637e-02
2.999935661877333598e-02
2.999935661877342966e-02
2.999935661877391885e-02
2.999935661877092125e-02
2.999935661877274271e-02
2.999935661877120574e-02
2.999935661877258658e-02
2.999935661877103921e-02
2.999935661877112941e-02
2.999935661877086573e-02
2.999935661877191698e-02
2.999935661877167759e-02
2.999935661877236454e-02
2.999935661877060900e-02
2.999935661877019266e-02
2.999935661877311047e-02
2.999935661877247556e-02
2.999935661877056736e-02
2.999935661877144860e-02
2.999935661877404028e-02
2.999935661877359272e-02
2.999935661877251372e-02
2.999935661877349558e-02
2.999935661877205229e-02
2.999935661877222576e-02
2.999935661877300985e-02
2.999935661877161513e-02
2.999935661877231596e-02
2.999935661877245127e-02
2.999935661877161513e-02
2.999935661877026899e-02
2.999935661877292659e-02
2.999935661877336374e-02
2.999935661877215637e-02
2.999935661877186494e-02
2.999935661877271495e-02
2.999935661877111553e-02
2.999935661877267332e-02
2.999935661877053267e-02
2.999935661877273924e-02
2.999935661877185800e-02
2.999935661877296822e-02
2.999935661877238535e-02
2.999935661877059512e-02
2.999935661877230555e-02
2.999935661877022736e-02
2.999935661877183718e-02
2.999935661877096288e-02
2.999935661877268372e-02
2.999935661877190657e-02
2.999935661877182330e-02
2.999935661877209392e-02
2.999935661877077553e-02
2.999935661877344353e-02
2.999935661877105308e-02
2.999935661877159432e-02
2.999935661877131676e-02
2.999935661877334986e-02
2.999935661877167065e-02
2.999935661877079288e-02
2.999935661877081022e-02
2.999935661877124043e-02
2.999935661877133758e-02
2.999935661877265944e-02
2.999935661877187187e-02
2.999935661877195861e-02
2.999935661877242352e-02
2.999935661877330129e-02
2.999935661877140697e-02
2.999935661877136533e-02
2.999935661877225004e-02
2.999935661877207310e-02
2.999935661877391191e-02
2.999935661877103921e-02
2.999935661877254495e-02
2.999935661877215637e-02
2.999935661877169146e-02
2.999935661877213902e-02
2.999935661877122656e-02
2.999935661877381129e-02
2.999935661877267679e-02
2.999935661877253454e-02
2.999935661877300638e-02
2.999935661877159432e-02
2.999935661877168799e-02
2.999935661877192045e-02
2.999935661877259699e-02
2.999935661877230209e-02
2.999935661877246862e-02
2.999935661877220147e-02
2.999935661877126819e-02
2.999935661877112941e-02
2.999935661877247903e-02
2.999935661877208698e-02
2.999935661877213555e-02
2.999935661877206963e-02
2.999935661877177473e-02
2.999935661877175391e-02
2.999935661877079981e-02
2.999935661877190657e-02
2.999935661877059512e-02
2.999935661877137227e-02
2.999935661877186840e-02
2.999935661877168452e-02
2.999935661877157697e-02
2.999935661877246168e-02
2.999935661877072002e-02
2.999935661877096288e-02
2.999935661877219106e-02
2.999935661877190657e-02
2.999935661877199677e-02
2.999935661877159432e-02
2.999935661877250678e-02
2.999935661877150411e-02
2.999935661877229515e-02
2.999935661877136533e-02
2.999935661877096982e-02
2.999935661877148330e-02
2.999935661877156656e-02
2.999935661877040083e-02
2.999935661877197596e-02
2.999935661877096288e-02
2.999935661877044593e-02
2.999935661877177473e-02
2.999935661877174350e-02
2.999935661877153881e-02
2.999935661877172616e-02
2.999935661877112941e-02
2.999935661877134452e-02
2.999935661877172269e-02
2.999935661877086920e-02
2.999935661877159779e-02
2.999935661877105308e-02
2.999935661877081022e-02
2.999935661877170881e-02
2.999935661877216678e-02
2.999935661877141391e-02
2.999935661877246862e-02
2.999935661877126472e-02
2.999935661877240270e-02
2.999935661877218065e-02
2.999935661877184759e-02
2.999935661877136880e-02
2.999935661877117452e-02
2.999935661877097676e-02
2.999935661877157350e-02
2.999935661877199677e-02
2.999935661877057083e-02
2.999935661877117452e-02
2.999935661877304455e-02
2.999935661877135840e-02
2.999935661877070614e-02
2.999935661877165330e-02
2.999935661877161513e-02
2.999935661877177820e-02
2.999935661877146942e-02
2.999935661877061593e-02
2.999935661877088655e-02
2.999935661877274964e-02
2.999935661877151799e-02
2.999935661877176085e-02
2.999935661877221535e-02
2.999935661877174004e-02
2.999935661877161513e-02
2.999935661877132370e-02
2.999935661877169840e-02
2.999935661877260740e-02
2.999935661876992898e-02
2.999935661877143125e-02
2.999935661877085186e-02
2.999935661877328394e-02
2.999935661877101492e-02
2.999935661877030368e-02
2.999935661877314863e-02
2.999935661877257617e-02
2.999935661877171922e-02
2.999935661877131676e-02
2.999935661877092818e-02
2.999935661877229515e-02
2.999935661877156656e-02
2.999935661877078594e-02
2.999935661877180942e-02
2.999935661877238535e-02
2.999935661877183371e-02
2.999935661877150758e-02
2.999935661877099063e-02
2.999935661877143125e-02
2.999935661877140350e-02
2.999935661877061940e-02
2.999935661877235760e-02
2.999935661877113982e-02
2.999935661877228127e-02
2.999935661877102533e-02
2.999935661877085186e-02
2.999935661877202453e-02
2.999935661877125431e-02
2.999935661877141738e-02
2.999935661877151105e-02
2.999935661877170534e-02
2.999935661877116411e-02
2.999935661877134452e-02
2.999935661877152840e-02
2.999935661877149023e-02
2.999935661877058124e-02
2.999935661877135146e-02
2.999935661877089002e-02
2.999935661877201759e-02
2.999935661877110166e-02
2.999935661877163248e-02
2.999935661877158391e-02
2.999935661877181983e-02
2.999935661877115023e-02
2.999935661877113288e-02
2.999935661877105308e-02
2.999935661877149370e-02
2.999935661877182330e-02
2.999935661877132023e-02
2.999935661877051879e-02
2.999935661877151452e-02
2.999935661877082063e-02
2.999935661877144860e-02
2.999935661877112941e-02
2.999935661877140350e-02
2.999935661877092472e-02
2.999935661877146248e-02
2.999935661877109819e-02
2.999935661877139309e-02
2.999935661877162901e-02
2.999935661877156309e-02
2.999935661877152146e-02
2.999935661877153534e-02
2.999935661877172269e-02
2.999935661877122656e-02
2.999935661877146248e-02
2.999935661877147289e-02
2.999935661877142085e-02
2.999935661877090737e-02
2.999935661877133758e-02
2.999935661877127513e-02
2.999935661877145554e-02
2.999935661877103921e-02
2.999935661877145207e-02
2.999935661877142778e-02
2.999935661877181289e-02
2.999935661877109472e-02
2.999935661877151799e-02
2.999935661877168105e-02
2.999935661877148330e-02
2.999935661877171922e-02
2.999935661877153881e-02
2.999935661877160820e-02
2.999935661877126819e-02
2.999935661877145554e-02
2.999935661877146942e-02
2.999935661877145901e-02
2.999935661877167065e-02
2.999935661877145207e-02
2.999935661877178861e-02
2.999935661877131676e-02
2.999935661877128207e-02
2.999935661877157350e-02
2.999935661877116411e-02
2.999935661877152493e-02
2.999935661877151105e-02
2.999935661877157697e-02
2.999935661877120574e-02
2.999935661877148330e-02
2.999935661877135840e-02
2.999935661877154575e-02
2.999935661877166718e-02
2.999935661877144166e-02
2.999935661877160126e-02
2.999935661877130288e-02
2.999935661877135840e-02
2.999935661877148330e-02
2.999935661877158391e-02
2.999935661877138268e-02
2.999935661877112594e-02
2.999935661877147289e-02
2.999935661877146942e-02
2.999935661877135493e-02
2.999935661877161167e-02
2.999935661877140697e-02
2.999935661877130982e-02
2.999935661877136187e-02
2.999935661877141738e-02
2.999935661877140697e-02
2.999935661877157697e-02
2.999935661877160126e-02
2.999935661877138615e-02
2.999935661877155268e-02
2.999935661877151105e-02
2.999935661877165677e-02
2.999935661877157350e-02
2.999935661877153187e-02
2.999935661877160820e-02
2.999935661877145901e-02
2.999935661877148330e-02
2.999935661877161513e-02
2.999935661877169840e-02
2.999935661877164983e-02
2.999935661877158391e-02
2.999935661877157003e-02
2.999935661877170187e-02
2.999935661877161513e-02
2.999935661877154575e-02
2.999935661877169840e-02
2.999935661877155268e-02
2.999935661877163595e-02
2.999935661877175391e-02
2.999935661877165330e-02
2.999935661877163595e-02
2.999935661877166024e-02
2.999935661877168799e-02
2.999935661877171922e-02
2.999935661877166024e-02
2.999935661877169146e-02
2.999935661877174350e-02
2.999935661877172616e-02
2.999935661877172269e-02
2.999935661877172963e-02
2.999935661877174350e-02
2.999935661877174350e-02
2.999935661877175391e-02
2.999935661877175738e-02
2.999935661877175391e-02
2.999935661877176779e-02
2.999935661877178861e-02
2.999935661877177126e-02
2.999935661877178167e-02
2.999935661877178861e-02
2.999935661877180249e-02
2.999935661877180595e-02
2.999935661877181289e-02
2.999935661877183371e-02
2.999935661877184065e-02
2.999935661877185106e-02
2.999935661877185106e-02
2.999935661877185800e-02
2.999935661877186494e-02
2.999935661877187187e-02
2.999935661877187534e-02
2.999935661877186840e-02
2.999935661877187881e-02
2.999935661877188575e-02
2.999935661877188228e-02
2.999935661877188575e-02
2.999935661877189963e-02
2.999935661877191351e-02
2.999935661877191351e-02
2.999935661877191351e-02
2.999935661877192739e-02
2.999935661877194126e-02
2.999935661877193432e-02
2.999935661877195514e-02
2.999935661877196208e-02
2.999935661877195514e-02
2.999935661877195514e-02
2.999935661877196902e-02
2.999935661877197596e-02
2.999935661877196902e-02
2.999935661877196208e-02
2.999935661877201065e-02
2.999935661877197943e-02
2.999935661877198637e-02
2.999935661877198984e-02
2.999935661877199330e-02
2.999935661877201759e-02
2.999935661877200024e-02
2.999935661877201065e-02
2.999935661877194473e-02
2.999935661877197596e-02
2.999935661877200718e-02
2.999935661877200718e-02
2.999935661877200371e-02
2.999935661877201412e-02
2.999935661877204535e-02
2.999935661877204535e-02
2.999935661877207310e-02
2.999935661877204535e-02
2.999935661877208698e-02
2.999935661877216331e-02
2.999935661877205922e-02
2.999935661877217372e-02
2.999935661877207310e-02
2.999935661877217372e-02
2.999935661877218065e-02
2.999935661877219453e-02
2.999935661877223617e-02
2.999935661877210780e-02
2.999935661877207310e-02
2.999935661877207657e-02
2.999935661877217025e-02
2.999935661877213555e-02
2.999935661877215637e-02
2.999935661877204882e-02
2.999935661877220841e-02
2.999935661877229515e-02
2.999935661877205575e-02
2.999935661877205229e-02
2.999935661877217372e-02
2.999935661877209392e-02
2.999935661877217719e-02
2.999935661877225004e-02
2.999935661877241658e-02
2.999935661877214249e-02
2.999935661877230209e-02
2.999935661877225698e-02
2.999935661877233331e-02
2.999935661877222576e-02
2.999935661877221188e-02
2.999935661877209392e-02
2.999935661877226392e-02
2.999935661877250678e-02
2.999935661877223964e-02
2.999935661877237841e-02
2.999935661877227433e-02
2.999935661877229515e-02
2.999935661877218412e-02
2.999935661877232290e-02
2.999935661877249637e-02
2.999935661877235066e-02
2.999935661877232984e-02
2.999935661877212861e-02
2.999935661877219106e-02
2.999935661877232290e-02
2.999935661877231596e-02
2.999935661877273924e-02
2.999935661877247556e-02
2.999935661877301679e-02
2.999935661877257964e-02
2.999935661877232290e-02
2.999935661877237494e-02
2.999935661877236800e-02
2.999935661877248944e-02
2.999935661877260740e-02
2.999935661877255189e-02
2.999935661877217025e-02
2.999935661877251372e-02
2.999935661877271148e-02
2.999935661877253454e-02
2.999935661877250331e-02
2.999935661877240617e-02
2.999935661877270107e-02
2.999935661877236454e-02
2.999935661877274964e-02
2.999935661877212167e-02
2.999935661877270107e-02
2.999935661877214249e-02
2.999935661877286414e-02
2.999935661877277393e-02
2.999935661877254495e-02
2.999935661877250678e-02
2.999935661877299944e-02
2.999935661877251025e-02
2.999935661877242352e-02
2.999935661877238535e-02
2.999935661877274617e-02
2.999935661877238535e-02
2.999935661877253107e-02
2.999935661877268372e-02
2.999935661877269066e-02
2.999935661877273924e-02
2.999935661877242005e-02
2.999935661877215637e-02
2.999935661877281556e-02
2.999935661877310700e-02
2.999935661877227433e-02
2.999935661877227433e-02
2.999935661877306536e-02
2.999935661877235413e-02
2.999935661877232290e-02
2.999935661877271495e-02
2.999935661877254495e-02
2.999935661877298210e-02
2.999935661877315904e-02
2.999935661877186494e-02
2.999935661877190310e-02
2.999935661877239229e-02
2.999935661877333945e-02
2.999935661877248597e-02
2.999935661877273924e-02
2.999935661877285026e-02
2.999935661877244086e-02
2.999935661877361701e-02
2.999935661877288495e-02
2.999935661877379742e-02
2.999935661877280169e-02
2.999935661877207310e-02
2.999935661877376619e-02
2.999935661877229168e-02
2.999935661877267679e-02
2.999935661877313822e-02
2.999935661877243392e-02
2.999935661877278087e-02
2.999935661877232984e-02
2.999935661877187881e-02
2.999935661877277046e-02
2.999935661877376966e-02
2.999935661877247556e-02
2.999935661877220494e-02
2.999935661877256576e-02
2.999935661877197596e-02
2.999935661877233678e-02
2.999935661877283638e-02
2.999935661877343313e-02
2.999935661877370374e-02
2.999935661877345741e-02
2.999935661877376966e-02
2.999935661877391191e-02
2.999935661877376966e-02
2.999935661877246168e-02
2.999935661877227086e-02
2.999935661877344006e-02
2.999935661877230555e-02
2.999935661877278434e-02
2.999935661877335680e-02
2.999935661877381129e-02
2.999935661877240270e-02
2.999935661877233331e-02
2.999935661877387028e-02
2.999935661877289536e-02
2.999935661877365170e-02
2.999935661877210433e-02
2.999935661877379742e-02
2.999935661877328741e-02
2.999935661877301332e-02
2.999935661877344700e-02
2.999935661877342272e-02
2.999935661877285026e-02
2.999935661877325271e-02
2.999935661877347476e-02
2.999935661877205575e-02
2.999935661877331516e-02
2.999935661877424845e-02
2.999935661877274964e-02
2.999935661877289536e-02
2.999935661877350598e-02
2.999935661877344006e-02
2.999935661877314516e-02
2.999935661877379395e-02
2.999935661877255882e-02
2.999935661877367252e-02
2.999935661877322496e-02
2.999935661877359619e-02
2.999935661877311394e-02
2.999935661877266638e-02
2.999935661877321802e-02
2.999935661877304455e-02
2.999935661877218412e-02
2.999935661877334986e-02
2.999935661877381823e-02
2.999935661877430396e-02
2.999935661877232290e-02
2.999935661877420334e-02
2.999935661877321455e-02
2.999935661877482437e-02
2.999935661877348170e-02
2.999935661877351292e-02
2.999935661877294046e-02
2.999935661877277740e-02
2.999935661877320067e-02
2.999935661877259352e-02
2.999935661877387028e-02
2.999935661877346088e-02
2.999935661877320414e-02
2.999935661877350251e-02
2.999935661877428314e-02
2.999935661877241311e-02
2.999935661877397436e-02
2.999935661877433865e-02
2.999935661877390844e-02
2.999935661877291965e-02
2.999935661877391191e-02
2.999935661877337761e-02
2.999935661877390497e-02
2.999935661877340537e-02
2.999935661877346782e-02
2.999935661877244086e-02
2.999935661877378701e-02
2.999935661877387028e-02
2.999935661877363088e-02
2.999935661877382170e-02
2.999935661877432130e-02
2.999935661877474458e-02
2.999935661877286067e-02
2.999935661877338455e-02
2.999935661877408885e-02
2.999935661877317986e-02
2.999935661877395354e-02
2.999935661877391538e-02
2.999935661877463355e-02
2.999935661877395354e-02
2.999935661877493887e-02
2.999935661877190657e-02
2.999935661877329435e-02
2.999935661877346435e-02
2.999935661877454335e-02
2.999935661877397436e-02
2.999935661877284332e-02
2.999935661877321108e-02
2.999935661877449478e-02
2.999935661877459192e-02
2.999935661877324578e-02
2.999935661877398130e-02
2.999935661877414783e-02
2.999935661877438375e-02
2.999935661877458498e-02
2.999935661877276699e-02
2.999935661877336374e-02
2.999935661877475152e-02
2.999935661877436988e-02
2.999935661877444620e-02
2.999935661877397783e-02
2.999935661877409232e-02
2.999935661877472029e-02
2.999935661877389803e-02
2.999935661877481743e-02
2.999935661877385640e-02
2.999935661877443233e-02
2.999935661877355109e-02
2.999935661877352333e-02
2.999935661877381823e-02
2.999935661877394660e-02
2.999935661877362048e-02
2.999935661877387028e-02
2.999935661877420334e-02
2.999935661877371068e-02
2.999935661877329435e-02
2.999935661877405416e-02
2.999935661877407150e-02
2.999935661877439763e-02
2.999935661877388068e-02
2.999935661877463355e-02
2.999935661877363088e-02
2.999935661877389109e-02
2.999935661877548704e-02
2.999935661877439763e-02
2.999935661877402293e-02
2.999935661877430049e-02
2.999935661877466825e-02
2.999935661877552173e-02
2.999935661877351292e-02
2.999935661877506377e-02
2.999935661877322496e-02
2.999935661877582010e-02
2.999935661877416518e-02
2.999935661877423110e-02
2.999935661877370374e-02
2.999935661877470294e-02
2.999935661877364129e-02
2.999935661877466825e-02
2.999935661877642379e-02
2.999935661877437681e-02
2.999935661877423804e-02
2.999935661877265597e-02
2.999935661877576112e-02
2.999935661877368986e-02
2.999935661877406110e-02
2.999935661877486948e-02
2.999935661877502560e-02
2.999935661877493887e-02
2.999935661877399865e-02
2.999935661877448090e-02
2.999935661877585480e-02
2.999935661877581664e-02
2.999935661877409232e-02
2.999935661877520254e-02
2.999935661877500825e-02
2.999935661877561888e-02
2.999935661877494927e-02
2.999935661877472376e-02
2.999935661877319720e-02
2.999935661877531357e-02
2.999935661877452253e-02
2.999935661877481397e-02
2.999935661877423804e-02
2.999935661877598317e-02
2.999935661877489376e-02
2.999935661877514356e-02
2.999935661877470988e-02
2.999935661877513662e-02
2.999935661877536908e-02
2.999935661877484172e-02
2.999935661877550092e-02
2.999935661877501172e-02
2.999935661877506377e-02
2.999935661877452947e-02
2.999935661877546275e-02
2.999935661877434906e-02
2.999935661877602827e-02
2.999935661877504295e-02
2.999935661877498744e-02
2.999935661877592419e-02
2.999935661877537948e-02
2.999935661877423110e-02
2.999935661877439763e-02
2.999935661877405069e-02
2.999935661877495274e-02
2.999935661877535867e-02
2.999935661877616705e-02
2.999935661877437681e-02
2.999935661877480356e-02
2.999935661877430743e-02
2.999935661877519213e-02
2.999935661877409926e-02
2.999935661877435600e-02
2.999935661877457804e-02
2.999935661877551479e-02
2.999935661877416518e-02
2.999935661877557377e-02
2.999935661877367946e-02
2.999935661877498050e-02
2.999935661877470294e-02
2.999935661877615664e-02
2.999935661877498744e-02
2.999935661877616011e-02
2.999935661877587909e-02
2.999935661877548357e-02
2.999935661877427273e-02
2.999935661877443926e-02
2.999935661877611848e-02
2.999935661877791565e-02
2.999935661877672910e-02
2.999935661877471335e-02
2.999935661877411314e-02
2.999935661877384599e-02
2.999935661877571602e-02
2.999935661877414783e-02
2.999935661877580623e-02
2.999935661877719748e-02
2.999935661877648971e-02
2.999935661877733278e-02
2.999935661877605603e-02
2.999935661877503601e-02
2.999935661877444273e-02
2.999935661877529622e-02
2.999935661877592072e-02
2.999935661877504989e-02
2.999935661877581664e-02
2.999935661877287454e-02
2.999935661877529969e-02
2.999935661877635093e-02
2.999935661877389803e-02
2.999935661877639256e-02
2.999935661877597623e-02
2.999935661877603521e-02
2.999935661877343313e-02
2.999935661877498397e-02
2.999935661877834586e-02
2.999935661877571949e-02
2.999935661877418253e-02
2.999935661877478274e-02
2.999935661877637869e-02
2.999935661877262127e-02
2.999935661877930343e-02
2.999935661877520601e-02
2.999935661877440457e-02
2.999935661877785320e-02
2.999935661877758258e-02
2.999935661877869628e-02
2.999935661877523030e-02
2.999935661877624338e-02
2.999935661877622950e-02
2.999935661877731197e-02
2.999935661877753401e-02
2.999935661877644114e-02
2.999935661877597970e-02
2.999935661877664583e-02
2.999935661877625726e-02
2.999935661877664583e-02
2.999935661877640991e-02
2.999935661877683665e-02
2.999935661877245474e-02
2.999935661877080675e-02
2.999935661877645154e-02
2.999935661877359619e-02
2.999935661877699972e-02
2.999935661877809606e-02
2.999935661877440457e-02
2.999935661877622950e-02
2.999935661877669787e-02
2.999935661877641685e-02
2.999935661877501519e-02
2.999935661877523030e-02
2.999935661877653481e-02
2.999935661877484519e-02
2.999935661877461968e-02
2.999935661877652093e-02
2.999935661877447049e-02
2.999935661877620174e-02
2.999935661877453294e-02
2.999935661877690257e-02
2.999935661877720788e-02
2.999935661877285026e-02
2.999935661877197249e-02
2.999935661877875526e-02
2.999935661877515397e-02
2.999935661877619827e-02
2.999935661877758952e-02
2.999935661877390497e-02
2.999935661877778728e-02
2.999935661877634399e-02
2.999935661877329088e-02
2.999935661877390497e-02
2.999935661877456070e-02
2.999935661877634052e-02
2.999935661877758952e-02
2.999935661877585827e-02
2.999935661877318679e-02
2.999935661877838056e-02
2.999935661877362741e-02
2.999935661877443580e-02
2.999935661877397089e-02
2.999935661877040777e-02
2.999935661877304802e-02
2.999935661877554602e-02
2.999935661877995569e-02
2.999935661877747850e-02
2.999935661877377313e-02
2.999935661877587909e-02
2.999935661878088203e-02
2.999935661877977874e-02
2.999935661877608378e-02
2.999935661877082410e-02
2.999935661877501519e-02
2.999935661877662849e-02
2.999935661877762769e-02
2.999935661877426232e-02
2.999935661877571949e-02
2.999935661877721829e-02
2.999935661877844995e-02
2.999935661877566051e-02
2.999935661877294046e-02
2.999935661877429008e-02
2.999935661877614623e-02
2.999935661877435600e-02
2.999935661877631277e-02
