2.999935897431813686e-02
2.999935897431920198e-02
2.999935897431994791e-02
2.999935897432383369e-02
2.999935897431762338e-02
2.999935897431878565e-02
2.999935897432267490e-02
2.999935897431883075e-02
2.999935897431733195e-02
2.999935897432002771e-02
2.999935897431580539e-02
2.999935897431996179e-02
2.999935897432095058e-02
2.999935897432070425e-02
2.999935897432362900e-02
2.999935897432177978e-02
2.999935897432081874e-02
2.999935897431986465e-02
2.999935897432227938e-02
2.999935897431846646e-02
2.999935897431734930e-02
2.999935897431937198e-02
2.999935897431744644e-02
2.999935897431678031e-02
2.999935897431767196e-02
2.999935897431804666e-02
2.999935897432044404e-02
2.999935897431711337e-02
2.999935897431911871e-02
2.999935897431823748e-02
2.999935897431783849e-02
2.999935897431790788e-02
2.999935897432060364e-02
2.999935897431991322e-02
2.999935897431712725e-02
2.999935897431785237e-02
2.999935897431688439e-02
2.999935897431794257e-02
2.999935897431974322e-02
2.999935897432141202e-02
2.999935897431917770e-02
2.999935897432104079e-02
2.999935897431868850e-02
2.999935897431658255e-02
2.999935897432138773e-02
2.999935897431644724e-02
2.999935897432019077e-02
2.999935897432253265e-02
2.999935897431936505e-02
2.999935897432054466e-02
2.999935897431808829e-02
2.999935897432073201e-02
2.999935897431777604e-02
2.999935897431881340e-02
2.999935897431912912e-02
2.999935897432162712e-02
2.999935897432003812e-02
2.999935897431998261e-02
2.999935897431715848e-02
2.999935897432055854e-02
2.999935897432017343e-02
2.999935897431687398e-02
2.999935897431998608e-02
2.999935897431689827e-02
2.999935897431770318e-02
2.999935897431704745e-02
2.999935897431757481e-02
2.999935897431874054e-02
2.999935897431969117e-02
2.999935897431742909e-02
2.999935897432088813e-02
2.999935897431916382e-02
2.999935897431858095e-02
2.999935897432000342e-02
2.999935897431780726e-02
2.999935897431914300e-02
2.999935897432092283e-02
2.999935897431977791e-02
2.999935897431599274e-02
2.999935897431809523e-02
2.999935897431970505e-02
2.999935897431708909e-02
2.999935897431924361e-02
2.999935897432067650e-02
2.999935897432009710e-02
2.999935897431761644e-02
2.999935897431976750e-02
2.999935897431563192e-02
2.999935897431817849e-02
2.999935897431614193e-02
2.999935897431941362e-02
2.999935897431798767e-02
2.999935897431967036e-02
2.999935897432111365e-02
2.999935897431861911e-02
2.999935897431724868e-02
2.999935897431844564e-02
2.999935897431700582e-02
2.999935897431753318e-02
2.999935897431894524e-02
2.999935897431727644e-02
2.999935897431874054e-02
2.999935897431930260e-02
2.999935897431947260e-02
2.999935897431926096e-02
2.999935897431847687e-02
2.999935897431877524e-02
2.999935897431938586e-02
2.999935897432021853e-02
2.999935897431920545e-02
2.999935897432225163e-02
2.999935897431921239e-02
2.999935897431910137e-02
2.999935897431999302e-02
2.999935897432087772e-02
2.999935897431764767e-02
2.999935897431830339e-02
2.999935897431891402e-02
2.999935897432139814e-02
2.999935897431888626e-02
2.999935897431749848e-02
2.999935897431925402e-02
2.999935897431737358e-02
2.999935897431867809e-02
2.999935897431861564e-02
2.999935897431743603e-02
2.999935897431680112e-02
2.999935897431894871e-02
2.999935897431927484e-02
2.999935897431828952e-02
2.999935897431980913e-02
2.999935897431803278e-02
2.999935897432067303e-02
2.999935897431714460e-02
2.999935897431862258e-02
2.999935897431835891e-02
2.999935897431887238e-02
2.999935897432037812e-02
2.999935897431958015e-02
2.999935897431876483e-02
2.999935897431954893e-02
2.999935897431871973e-02
2.999935897431808829e-02
2.999935897431952464e-02
2.999935897431750195e-02
2.999935897432023935e-02
2.999935897431910484e-02
2.999935897431983689e-02
2.999935897431946219e-02
2.999935897431826870e-02
2.999935897431862952e-02
2.999935897432023935e-02
2.999935897431821319e-02
2.999935897432075976e-02
2.999935897431987852e-02
2.999935897431725215e-02
2.999935897431811258e-02
2.999935897432078058e-02
2.999935897431888973e-02
2.999935897431853932e-02
2.999935897431894177e-02
2.999935897431844911e-02
2.999935897431853932e-02
2.999935897431958015e-02
2.999935897431819931e-02
2.999935897431867809e-02
2.999935897431730766e-02
2.999935897431826176e-02
2.999935897431779339e-02
2.999935897431940321e-02
2.999935897431756093e-02
2.999935897431757828e-02
2.999935897431931647e-02
2.999935897431896953e-02
2.999935897431902157e-02
2.999935897431849768e-02
2.999935897431747073e-02
2.999935897431736664e-02
2.999935897431757828e-02
2.999935897431916382e-02
2.999935897431981260e-02
2.999935897431838319e-02
2.999935897431742909e-02
2.999935897432014914e-02
2.999935897431890708e-02
2.999935897431743950e-02
2.999935897431810564e-02
2.999935897431884463e-02
2.999935897431960444e-02
2.999935897432009363e-02
2.999935897431771359e-02
2.999935897431965648e-02
2.999935897431865381e-02
2.999935897431830339e-02
2.999935897431964954e-02
2.999935897431777604e-02
2.999935897431899035e-02
2.999935897432066956e-02
2.999935897431896259e-02
2.999935897431758869e-02
2.999935897431966689e-02
2.999935897431930953e-02
2.999935897431907361e-02
2.999935897431861564e-02
2.999935897431926790e-02
2.999935897431857748e-02
2.999935897431839707e-02
2.999935897431880646e-02
2.999935897432035037e-02
2.999935897431934770e-02
2.999935897431943443e-02
2.999935897431778298e-02
2.999935897431956974e-02
2.999935897431843523e-02
2.999935897431921239e-02
2.999935897431930260e-02
2.999935897431627724e-02
2.999935897431836584e-02
2.999935897431894177e-02
2.999935897431946913e-02
2.999935897431810564e-02
2.999935897431881340e-02
2.999935897431683929e-02
2.999935897431837972e-02
2.999935897431884463e-02
2.999935897431835891e-02
2.999935897431845258e-02
2.999935897431921239e-02
2.999935897431815768e-02
2.999935897431940668e-02
2.999935897431882728e-02
2.999935897431800502e-02
2.999935897431939974e-02
2.999935897431790788e-02
2.999935897431807094e-02
2.999935897431796339e-02
2.999935897431946219e-02
2.999935897431901116e-02
2.999935897431924708e-02
2.999935897431736664e-02
2.999935897432016996e-02
2.999935897431935117e-02
2.999935897431845605e-02
2.999935897431858442e-02
2.999935897431897647e-02
2.999935897431849074e-02
2.999935897431890361e-02
2.999935897431802931e-02
2.999935897431928872e-02
2.999935897431829646e-02
2.999935897431867116e-02
2.999935897431876830e-02
2.999935897431824094e-02
2.999935897431803278e-02
2.999935897431775869e-02
2.999935897431903198e-02
2.999935897431765114e-02
2.999935897432039200e-02
2.999935897431811604e-02
2.999935897431738052e-02
2.999935897431916035e-02
2.999935897431795992e-02
2.999935897431844911e-02
2.999935897431825482e-02
2.999935897431859483e-02
2.999935897431978485e-02
2.999935897431868503e-02
2.999935897431831727e-02
2.999935897431802237e-02
2.999935897431824788e-02
2.999935897432089507e-02
2.999935897431871626e-02
2.999935897431962178e-02
2.999935897431892790e-02
2.999935897431927484e-02
2.999935897431776216e-02
2.999935897431912218e-02
2.999935897431911525e-02
2.999935897431825135e-02
2.999935897431849074e-02
2.999935897432016302e-02
2.999935897431844911e-02
2.999935897431772400e-02
2.999935897431774134e-02
2.999935897431884810e-02
2.999935897431781420e-02
2.999935897431900769e-02
2.999935897431938586e-02
2.999935897431782461e-02
2.999935897431857748e-02
2.999935897431750542e-02
2.999935897431883769e-02
2.999935897431794257e-02
2.999935897431890014e-02
2.999935897431844911e-02
2.999935897431850809e-02
2.999935897431867116e-02
2.999935897431888973e-02
2.999935897431922627e-02
2.999935897431893136e-02
2.999935897431840748e-02
2.999935897431906667e-02
2.999935897431825482e-02
2.999935897431864340e-02
2.999935897431936851e-02
2.999935897431882381e-02
2.999935897431856013e-02
2.999935897431887932e-02
2.999935897431729726e-02
2.999935897431848728e-02
2.999935897431802931e-02
2.999935897431883075e-02
2.999935897431818890e-02
2.999935897431835544e-02
2.999935897431948301e-02
2.999935897431860871e-02
2.999935897431935117e-02
2.999935897431925402e-02
2.999935897431797380e-02
2.999935897431872320e-02
2.999935897431820625e-02
2.999935897431899728e-02
2.999935897431850462e-02
2.999935897431910831e-02
2.999935897431812992e-02
2.999935897431886891e-02
2.999935897431878912e-02
2.999935897431817156e-02
2.999935897431909443e-02
2.999935897431929566e-02
2.999935897431812645e-02
2.999935897431818890e-02
2.999935897431820625e-02
2.999935897431892443e-02
2.999935897431814727e-02
2.999935897431885157e-02
2.999935897431886891e-02
2.999935897431799808e-02
2.999935897431957668e-02
2.999935897431905280e-02
2.999935897431902504e-02
2.999935897431915688e-02
2.999935897431880993e-02
2.999935897431764420e-02
2.999935897431861564e-02
2.999935897431831033e-02
2.999935897431876136e-02
2.999935897431876483e-02
2.999935897431863646e-02
2.999935897431839360e-02
2.999935897431813686e-02
2.999935897431792869e-02
2.999935897431779686e-02
2.999935897431905626e-02
2.999935897431840054e-02
2.999935897431801890e-02
2.999935897431833462e-02
2.999935897431843870e-02
2.999935897431850115e-02
2.999935897431874054e-02
2.999935897431774828e-02
2.999935897431878565e-02
2.999935897431877524e-02
2.999935897431919851e-02
2.999935897431883422e-02
2.999935897431885157e-02
2.999935897431866075e-02
2.999935897431869891e-02
2.999935897431809523e-02
2.999935897431902504e-02
2.999935897431881340e-02
2.999935897431874401e-02
2.999935897431844911e-02
2.999935897431758175e-02
2.999935897431853238e-02
2.999935897431866075e-02
2.999935897431904586e-02
2.999935897431817849e-02
2.999935897431883422e-02
2.999935897431803278e-02
2.999935897431797727e-02
2.999935897431845952e-02
2.999935897431843176e-02
2.999935897431811604e-02
2.999935897431917770e-02
2.999935897431816462e-02
2.999935897431892443e-02
2.999935897431822013e-02
2.999935897431856013e-02
2.999935897431861911e-02
2.999935897431841442e-02
2.999935897431824441e-02
2.999935897431844911e-02
2.999935897431832421e-02
2.999935897431861564e-02
2.999935897431890014e-02
2.999935897431874401e-02
2.999935897431837278e-02
2.999935897431847687e-02
2.999935897431879953e-02
2.999935897431857748e-02
2.999935897431820625e-02
2.999935897431844911e-02
2.999935897431878218e-02
2.999935897431879606e-02
2.999935897431878912e-02
2.999935897431855319e-02
2.999935897431846299e-02
2.999935897431868503e-02
2.999935897431832768e-02
2.999935897431897647e-02
2.999935897431851503e-02
2.999935897431853585e-02
2.999935897431844564e-02
2.999935897431850462e-02
2.999935897431835197e-02
2.999935897431878565e-02
2.999935897431852544e-02
2.999935897431879606e-02
2.999935897431835544e-02
2.999935897431849421e-02
2.999935897431883769e-02
2.999935897431831380e-02
2.999935897431857401e-02
2.999935897431844911e-02
2.999935897431849768e-02
2.999935897431852544e-02
2.999935897431843523e-02
2.999935897431849074e-02
2.999935897431858095e-02
2.999935897431858789e-02
2.999935897431873014e-02
2.999935897431843523e-02
2.999935897431837278e-02
2.999935897431847340e-02
2.999935897431829993e-02
2.999935897431828258e-02
2.999935897431842483e-02
2.999935897431795645e-02
2.999935897431840054e-02
2.999935897431835197e-02
2.999935897431818543e-02
2.999935897431829299e-02
2.999935897431828605e-02
2.999935897431812298e-02
2.999935897431858789e-02
2.999935897431841095e-02
2.999935897431835891e-02
2.999935897431843523e-02
2.999935897431828258e-02
2.999935897431819931e-02
2.999935897431830686e-02
2.999935897431829299e-02
2.999935897431832421e-02
2.999935897431844217e-02
2.999935897431819931e-02
2.999935897431833462e-02
2.999935897431828605e-02
2.999935897431823748e-02
2.999935897431821319e-02
2.999935897431819931e-02
2.999935897431814380e-02
2.999935897431825829e-02
2.999935897431816462e-02
2.999935897431819584e-02
2.999935897431827564e-02
2.999935897431824094e-02
2.999935897431819237e-02
2.999935897431822013e-02
2.999935897431823748e-02
2.999935897431816462e-02
2.999935897431819237e-02
2.999935897431817156e-02
2.999935897431816462e-02
2.999935897431814380e-02
2.999935897431816115e-02
2.999935897431817156e-02
2.999935897431813339e-02
2.999935897431807441e-02
2.999935897431808829e-02
2.999935897431807441e-02
2.999935897431805013e-02
2.999935897431805359e-02
2.999935897431803972e-02
2.999935897431804666e-02
2.999935897431803278e-02
2.999935897431806400e-02
2.999935897431804319e-02
2.999935897431806400e-02
2.999935897431803625e-02
2.999935897431802931e-02
2.999935897431800849e-02
2.999935897431801543e-02
2.999935897431799808e-02
2.999935897431799114e-02
2.999935897431798421e-02
2.999935897431797727e-02
2.999935897431797380e-02
2.999935897431796339e-02
2.999935897431795992e-02
2.999935897431795645e-02
2.999935897431794604e-02
2.999935897431794604e-02
2.999935897431792869e-02
2.999935897431792522e-02
2.999935897431791482e-02
2.999935897431789747e-02
2.999935897431788359e-02
2.999935897431787665e-02
2.999935897431786971e-02
2.999935897431786624e-02
2.999935897431786624e-02
2.999935897431786624e-02
2.999935897431786277e-02
2.999935897431785584e-02
2.999935897431784890e-02
2.999935897431785931e-02
2.999935897431785584e-02
2.999935897431782808e-02
2.999935897431784890e-02
2.999935897431781420e-02
2.999935897431784196e-02
2.999935897431780726e-02
2.999935897431781767e-02
2.999935897431783155e-02
2.999935897431781420e-02
2.999935897431779686e-02
2.999935897431782808e-02
2.999935897431776563e-02
2.999935897431778645e-02
2.999935897431788706e-02
2.999935897431777951e-02
2.999935897431775175e-02
2.999935897431775522e-02
2.999935897431772747e-02
2.999935897431779686e-02
2.999935897431773787e-02
2.999935897431776910e-02
2.999935897431768583e-02
2.999935897431767542e-02
2.999935897431770318e-02
2.999935897431769277e-02
2.999935897431764420e-02
2.999935897431775869e-02
2.999935897431771359e-02
2.999935897431780032e-02
2.999935897431766502e-02
2.999935897431776563e-02
2.999935897431768583e-02
2.999935897431771706e-02
2.999935897431764073e-02
2.999935897431759216e-02
2.999935897431767196e-02
2.999935897431774481e-02
2.999935897431767542e-02
2.999935897431774134e-02
2.999935897431752624e-02
2.999935897431778298e-02
2.999935897431762338e-02
2.999935897431774134e-02
2.999935897431773094e-02
2.999935897431768583e-02
2.999935897431769277e-02
2.999935897431763032e-02
2.999935897431760257e-02
2.999935897431757481e-02
2.999935897431776910e-02
2.999935897431781073e-02
2.999935897431785584e-02
2.999935897431787318e-02
2.999935897431764420e-02
2.999935897431757134e-02
2.999935897431742216e-02
2.999935897431770665e-02
2.999935897431724174e-02
2.999935897431760951e-02
2.999935897431735277e-02
2.999935897431735277e-02
2.999935897431728338e-02
2.999935897431752624e-02
2.999935897431721746e-02
2.999935897431780032e-02
2.999935897431734236e-02
2.999935897431749501e-02
2.999935897431743603e-02
2.999935897431740828e-02
2.999935897431743256e-02
2.999935897431779339e-02
2.999935897431766155e-02
2.999935897431725215e-02
2.999935897431746379e-02
2.999935897431713072e-02
2.999935897431770665e-02
2.999935897431740134e-02
2.999935897431740134e-02
2.999935897431755052e-02
2.999935897431730072e-02
2.999935897431744297e-02
2.999935897431747420e-02
2.999935897431754706e-02
2.999935897431764420e-02
2.999935897431734583e-02
2.999935897431744297e-02
2.999935897431770318e-02
2.999935897431799461e-02
2.999935897431748461e-02
2.999935897431729726e-02
2.999935897431752277e-02
2.999935897431768583e-02
2.999935897431733889e-02
2.999935897431760257e-02
2.999935897431741522e-02
2.999935897431743603e-02
2.999935897431806053e-02
2.999935897431740481e-02
2.999935897431754706e-02
2.999935897431733889e-02
2.999935897431762685e-02
2.999935897431715848e-02
2.999935897431712031e-02
2.999935897431767196e-02
2.999935897431763379e-02
2.999935897431773787e-02
2.999935897431783155e-02
2.999935897431747073e-02
2.999935897431716195e-02
2.999935897431788706e-02
2.999935897431773441e-02
2.999935897431767889e-02
2.999935897431772053e-02
2.999935897431737358e-02
2.999935897431749501e-02
2.999935897431742909e-02
2.999935897431764420e-02
2.999935897431740481e-02
2.999935897431739440e-02
2.999935897431670051e-02
2.999935897431728338e-02
2.999935897431818543e-02
2.999935897431717235e-02
2.999935897431690174e-02
2.999935897431731807e-02
2.999935897431720011e-02
2.999935897431719317e-02
2.999935897431690868e-02
2.999935897431640214e-02
2.999935897431713766e-02
2.999935897431783502e-02
2.999935897431699194e-02
2.999935897431814380e-02
2.999935897431731460e-02
2.999935897431750542e-02
2.999935897431763379e-02
2.999935897431858789e-02
2.999935897431772053e-02
2.999935897431837972e-02
2.999935897431733889e-02
2.999935897431790094e-02
2.999935897431793910e-02
2.999935897431773441e-02
2.999935897431748807e-02
2.999935897431665194e-02
2.999935897431695725e-02
2.999935897431620091e-02
2.999935897431653745e-02
2.999935897431754706e-02
2.999935897431665888e-02
2.999935897431809523e-02
2.999935897431792869e-02
2.999935897431682888e-02
2.999935897431804666e-02
2.999935897431734930e-02
2.999935897431840054e-02
2.999935897431751930e-02
2.999935897431690174e-02
2.999935897431646112e-02
2.999935897431729379e-02
2.999935897431717929e-02
2.999935897431695031e-02
2.999935897431651316e-02
2.999935897431692255e-02
2.999935897431712031e-02
2.999935897431749501e-02
2.999935897431807788e-02
2.999935897431681153e-02
2.999935897431800502e-02
2.999935897431841442e-02
2.999935897431774481e-02
2.999935897431805013e-02
2.999935897431768236e-02
2.999935897431775869e-02
2.999935897431778992e-02
2.999935897431743603e-02
2.999935897431749848e-02
2.999935897431780726e-02
2.999935897431695031e-02
2.999935897431803278e-02
2.999935897431691909e-02
2.999935897431705439e-02
2.999935897431761644e-02
2.999935897431780379e-02
2.999935897431767542e-02
2.999935897431682194e-02
2.999935897431811951e-02
2.999935897431728338e-02
2.999935897431735277e-02
2.999935897431861218e-02
2.999935897431774481e-02
2.999935897431757828e-02
2.999935897431749501e-02
2.999935897431864340e-02
2.999935897431690868e-02
2.999935897431730419e-02
2.999935897431830686e-02
2.999935897431751930e-02
2.999935897431699194e-02
2.999935897431706133e-02
2.999935897431672827e-02
2.999935897431693643e-02
2.999935897431680806e-02
2.999935897431652357e-02
2.999935897431745685e-02
2.999935897431701276e-02
2.999935897431778298e-02
2.999935897431673867e-02
2.999935897431637438e-02
2.999935897431680806e-02
2.999935897431649928e-02
2.999935897431738052e-02
2.999935897431671439e-02
2.999935897431596499e-02
2.999935897431624254e-02
2.999935897431737358e-02
2.999935897431874748e-02
2.999935897431763726e-02
2.999935897431717929e-02
2.999935897431746379e-02
2.999935897431762338e-02
2.999935897431743950e-02
2.999935897431752971e-02
2.999935897431615581e-02
2.999935897431806400e-02
2.999935897431776216e-02
2.999935897431632234e-02
2.999935897431696419e-02
2.999935897431711684e-02
2.999935897431863299e-02
2.999935897431756787e-02
2.999935897431685664e-02
2.999935897431645765e-02
2.999935897431584009e-02
2.999935897431801196e-02
2.999935897431692255e-02
2.999935897431748114e-02
2.999935897431724521e-02
2.999935897431624254e-02
2.999935897431595805e-02
2.999935897431646459e-02
2.999935897431728338e-02
2.999935897431828952e-02
2.999935897431686704e-02
2.999935897431552784e-02
2.999935897431623560e-02
2.999935897431587478e-02
2.999935897431733889e-02
2.999935897431744644e-02
2.999935897431731807e-02
2.999935897431678725e-02
2.999935897431742216e-02
2.999935897431706133e-02
2.999935897431615234e-02
2.999935897431585397e-02
2.999935897431614540e-02
2.999935897431618009e-02
2.999935897431672480e-02
2.999935897431673867e-02
2.999935897431712378e-02
2.999935897431534396e-02
2.999935897431683235e-02
2.999935897431656867e-02
2.999935897431788706e-02
2.999935897431668663e-02
2.999935897431638826e-02
2.999935897431563886e-02
2.999935897431713072e-02
2.999935897431565968e-02
2.999935897431591642e-02
2.999935897431735624e-02
2.999935897431619397e-02
2.999935897431822707e-02
2.999935897431673520e-02
2.999935897431737358e-02
2.999935897431619397e-02
2.999935897431602050e-02
2.999935897431759563e-02
2.999935897431631193e-02
2.999935897431771359e-02
2.999935897431699888e-02
2.999935897431621132e-02
2.999935897431683929e-02
2.999935897431681847e-02
2.999935897431713072e-02
2.999935897431611764e-02
2.999935897431668316e-02
2.999935897431665194e-02
2.999935897431738052e-02
2.999935897431777951e-02
2.999935897431599968e-02
2.999935897431672827e-02
2.999935897431727644e-02
2.999935897431635010e-02
2.999935897431645765e-02
2.999935897431880993e-02
2.999935897431847687e-02
2.999935897431769971e-02
2.999935897431680459e-02
2.999935897431696766e-02
2.999935897431693296e-02
2.999935897431846299e-02
2.999935897431681153e-02
2.999935897431681847e-02
2.999935897431675602e-02
2.999935897431776910e-02
2.999935897431778992e-02
2.999935897431550008e-02
2.999935897431698500e-02
2.999935897431660337e-02
2.999935897431591642e-02
2.999935897431666235e-02
2.999935897431646806e-02
2.999935897431833115e-02
2.999935897431655479e-02
2.999935897431636744e-02
2.999935897431636744e-02
2.999935897431452170e-02
2.999935897431687398e-02
2.999935897431681153e-02
2.999935897431660684e-02
2.999935897431774481e-02
2.999935897431676296e-02
2.999935897431522946e-02
2.999935897431556600e-02
2.999935897431865728e-02
2.999935897431669357e-02
2.999935897431679765e-02
2.999935897431673867e-02
2.999935897431593723e-02
2.999935897431529885e-02
2.999935897431563192e-02
2.999935897431620091e-02
2.999935897431730072e-02
2.999935897431754012e-02
2.999935897431509069e-02
2.999935897431631887e-02
2.999935897431571519e-02
2.999935897431751236e-02
2.999935897431632581e-02
2.999935897431538212e-02
2.999935897431486864e-02
2.999935897431557641e-02
2.999935897431560416e-02
2.999935897431707521e-02
2.999935897431637438e-02
2.999935897431633969e-02
2.999935897431573947e-02
2.999935897431804666e-02
2.999935897431742909e-02
2.999935897431654785e-02
2.999935897431647153e-02
2.999935897431686357e-02
2.999935897431594417e-02
2.999935897431569437e-02
2.999935897431650275e-02
2.999935897431644377e-02
2.999935897431691215e-02
2.999935897431647847e-02
2.999935897431658255e-02
2.999935897431770665e-02
2.999935897431712378e-02
2.999935897431669357e-02
2.999935897431445231e-02
2.999935897431706133e-02
2.999935897431858789e-02
2.999935897431669704e-02
2.999935897431704052e-02
2.999935897431468129e-02
2.999935897431509069e-02
2.999935897431696766e-02
2.999935897431814727e-02
2.999935897431719317e-02
2.999935897431561804e-02
2.999935897431636050e-02
2.999935897431697807e-02
2.999935897431728685e-02
2.999935897431676990e-02
2.999935897431665194e-02
2.999935897431511150e-02
2.999935897431688092e-02
2.999935897431645765e-02
2.999935897431470905e-02
2.999935897431650622e-02
2.999935897431392495e-02
2.999935897431620438e-02
2.999935897431671092e-02
2.999935897431527804e-02
2.999935897431919851e-02
2.999935897431633275e-02
2.999935897431516701e-02
2.999935897431555906e-02
2.999935897431680459e-02
2.999935897431372372e-02
2.999935897431911178e-02
2.999935897431606213e-02
2.999935897431670051e-02
2.999935897431500048e-02
2.999935897431740481e-02
2.999935897431719664e-02
2.999935897431739093e-02
2.999935897431690868e-02
2.999935897431719664e-02
2.999935897431657908e-02
2.999935897431678031e-02
2.999935897431665888e-02
2.999935897431667969e-02
2.999935897431722093e-02
2.999935897431709950e-02
2.999935897431914994e-02
2.999935897431552090e-02
2.999935897431555559e-02
2.999935897431454598e-02
2.999935897431534049e-02
2.999935897431676990e-02
2.999935897431837625e-02
2.999935897431912218e-02
2.999935897431500048e-02
2.999935897431793563e-02
2.999935897431568743e-02
2.999935897431653398e-02
2.999935897431458068e-02
2.999935897431886545e-02
2.999935897431645418e-02
2.999935897431696072e-02
2.999935897431818196e-02
2.999935897431774828e-02
2.999935897431523987e-02
2.999935897431797033e-02
2.999935897431607948e-02
2.999935897431925749e-02
2.999935897431478884e-02
2.999935897431253023e-02
2.999935897431826176e-02
2.999935897431820625e-02
2.999935897431725562e-02
2.999935897431448353e-02
2.999935897431601009e-02
2.999935897431859483e-02
2.999935897431776216e-02
2.999935897431410536e-02
2.999935897431313045e-02
2.999935897431512885e-02
2.999935897431538906e-02
2.999935897431362658e-02
2.999935897431396312e-02
2.999935897431691562e-02
2.999935897431870585e-02
2.999935897431681153e-02
2.999935897431834156e-02
2.999935897431341494e-02
2.999935897431615234e-02
2.999935897431798421e-02
2.999935897431602397e-02
2.999935897431653398e-02
2.999935897431673174e-02
2.999935897431486517e-02
2.999935897431366127e-02
2.999935897431817849e-02
2.999935897431807788e-02
2.999935897431638826e-02
2.999935897431496232e-02
2.999935897431533702e-02
2.999935897431402904e-02
2.999935897431835544e-02
2.999935897431608989e-02
2.999935897431837625e-02
2.999935897431705786e-02
2.999935897431623213e-02
2.999935897431321372e-02
2.999935897431399087e-02
2.999935897431263432e-02
2.999935897431249207e-02
2.999935897431452517e-02
2.999935897431582621e-02
2.999935897431742909e-02
2.999935897431446619e-02
2.999935897431859136e-02
2.999935897431979526e-02
2.999935897431291187e-02
2.999935897431605519e-02
