2.999935733180992756e-02
2.999935733181102390e-02
2.999935733181243944e-02
2.999935733180844610e-02
2.999935733181171085e-02
2.999935733181328598e-02
2.999935733181332415e-02
2.999935733181042022e-02
2.999935733181246719e-02
2.999935733181081920e-02
2.999935733181497907e-02
2.999935733181310904e-02
2.999935733181407702e-02
2.999935733181548561e-02
2.999935733181172126e-02
2.999935733180979572e-02
2.999935733181134656e-02
2.999935733181116268e-02
2.999935733181248107e-02
2.999935733181448641e-02
2.999935733181682135e-02
2.999935733181295985e-02
2.999935733181290087e-02
2.999935733181249495e-02
2.999935733181174555e-02
2.999935733181195718e-02
2.999935733181075675e-02
2.999935733181237005e-02
2.999935733181446212e-02
2.999935733181236658e-02
2.999935733181500336e-02
2.999935733181295291e-02
2.999935733181634950e-02
2.999935733181201269e-02
2.999935733181013225e-02
2.999935733181337966e-02
2.999935733181277250e-02
2.999935733181371966e-02
2.999935733181335190e-02
2.999935733181197800e-02
2.999935733181373354e-02
2.999935733181031960e-02
2.999935733181056247e-02
2.999935733181023634e-02
2.999935733181073594e-02
2.999935733181400069e-02
2.999935733181227637e-02
2.999935733180897346e-02
2.999935733181260944e-02
2.999935733180957020e-02
2.999935733180997960e-02
2.999935733181260250e-02
2.999935733180793956e-02
2.999935733181022593e-02
2.999935733181320618e-02
2.999935733181319925e-02
2.999935733180788058e-02
2.999935733181408742e-02
2.999935733181080186e-02
2.999935733181099962e-02
2.999935733181106901e-02
2.999935733180953898e-02
2.999935733180956673e-02
2.999935733181333802e-02
2.999935733181238739e-02
2.999935733181201963e-02
2.999935733181332762e-02
2.999935733181230413e-02
2.999935733181004552e-02
2.999935733180882774e-02
2.999935733181301883e-02
2.999935733181263026e-02
2.999935733181163799e-02
2.999935733181148534e-02
2.999935733180863692e-02
2.999935733181167963e-02
2.999935733181335884e-02
2.999935733180936898e-02
2.999935733181043757e-02
2.999935733181213759e-02
2.999935733181251923e-02
2.999935733181420539e-02
2.999935733181354619e-02
2.999935733181180800e-02
2.999935733181033001e-02
2.999935733181063185e-02
2.999935733181367803e-02
2.999935733181169004e-02
2.999935733180937245e-02
2.999935733181238739e-02
2.999935733181251230e-02
2.999935733181237699e-02
2.999935733181204739e-02
2.999935733181148534e-02
2.999935733181129452e-02
2.999935733181361558e-02
2.999935733180966041e-02
2.999935733180975755e-02
2.999935733181084002e-02
2.999935733181174208e-02
2.999935733181103778e-02
2.999935733181238739e-02
2.999935733181111411e-02
2.999935733181052777e-02
2.999935733181242903e-02
2.999935733181108288e-02
2.999935733181233535e-02
2.999935733181082614e-02
2.999935733181207514e-02
2.999935733181190167e-02
2.999935733181079145e-02
2.999935733181228331e-02
2.999935733181161024e-02
2.999935733181206821e-02
2.999935733181184616e-02
2.999935733181022246e-02
2.999935733181297026e-02
2.999935733181208902e-02
2.999935733181196412e-02
2.999935733181247760e-02
2.999935733181054165e-02
2.999935733181167616e-02
2.999935733181303618e-02
2.999935733181331027e-02
2.999935733181269618e-02
2.999935733181167269e-02
2.999935733181330333e-02
2.999935733181192249e-02
2.999935733181332415e-02
2.999935733181120778e-02
2.999935733181172126e-02
2.999935733181126329e-02
2.999935733181208902e-02
2.999935733181175596e-02
2.999935733181106554e-02
2.999935733181264760e-02
2.999935733181299108e-02
2.999935733181322700e-02
2.999935733181223474e-02
2.999935733181115227e-02
2.999935733181014613e-02
2.999935733181093370e-02
2.999935733181061104e-02
2.999935733181142983e-02
2.999935733181207514e-02
2.999935733181214453e-02
2.999935733181307781e-02
2.999935733181198147e-02
2.999935733181102737e-02
2.999935733180992409e-02
2.999935733181238739e-02
2.999935733181140207e-02
2.999935733181371619e-02
2.999935733181181147e-02
2.999935733181164493e-02
2.999935733181216188e-02
2.999935733181150616e-02
2.999935733180963959e-02
2.999935733181269271e-02
2.999935733181051389e-02
2.999935733181185657e-02
2.999935733181068737e-02
2.999935733181143677e-02
2.999935733180969510e-02
2.999935733181204739e-02
2.999935733181126329e-02
2.999935733181111758e-02
2.999935733181290781e-02
2.999935733181085390e-02
2.999935733181171085e-02
2.999935733181242556e-02
2.999935733181222086e-02
2.999935733181363293e-02
2.999935733181226596e-02
2.999935733181244985e-02
2.999935733181195718e-02
2.999935733181162412e-02
2.999935733181243944e-02
2.999935733181129105e-02
2.999935733181308475e-02
2.999935733181030573e-02
2.999935733181137432e-02
2.999935733181130493e-02
2.999935733181112452e-02
2.999935733181095798e-02
2.999935733181250189e-02
2.999935733181244638e-02
2.999935733181332762e-02
2.999935733181052083e-02
2.999935733181050695e-02
2.999935733181025369e-02
2.999935733181094411e-02
2.999935733181207168e-02
2.999935733181315414e-02
2.999935733181106901e-02
2.999935733181169004e-02
2.999935733181069430e-02
2.999935733181192943e-02
2.999935733180989633e-02
2.999935733181201963e-02
2.999935733181122860e-02
2.999935733181283842e-02
2.999935733181140554e-02
2.999935733181280373e-02
2.999935733181269271e-02
2.999935733181251230e-02
2.999935733181065961e-02
2.999935733181154779e-02
2.999935733180951122e-02
2.999935733181027797e-02
2.999935733181299108e-02
2.999935733181225556e-02
2.999935733181190861e-02
2.999935733181123554e-02
2.999935733181028491e-02
2.999935733181129105e-02
2.999935733181095451e-02
2.999935733181188086e-02
2.999935733181137432e-02
2.999935733181104819e-02
2.999935733181025369e-02
2.999935733181176983e-02
2.999935733181095798e-02
2.999935733181175943e-02
2.999935733181216535e-02
2.999935733181083308e-02
2.999935733181294251e-02
2.999935733181179759e-02
2.999935733181207514e-02
2.999935733181114533e-02
2.999935733181059022e-02
2.999935733181176289e-02
2.999935733181156514e-02
2.999935733181156167e-02
2.999935733181062492e-02
2.999935733181227290e-02
2.999935733181023287e-02
2.999935733181138819e-02
2.999935733181101349e-02
2.999935733181156167e-02
2.999935733181176289e-02
2.999935733181243597e-02
2.999935733181149228e-02
2.999935733181132574e-02
2.999935733181094757e-02
2.999935733181074982e-02
2.999935733181173167e-02
2.999935733181128411e-02
2.999935733181318537e-02
2.999935733181094757e-02
2.999935733181040981e-02
2.999935733181104472e-02
2.999935733181105513e-02
2.999935733181188779e-02
2.999935733181222086e-02
2.999935733181081574e-02
2.999935733181271699e-02
2.999935733181032654e-02
2.999935733181179759e-02
2.999935733181232148e-02
2.999935733181075329e-02
2.999935733181089206e-02
2.999935733181125636e-02
2.999935733181194331e-02
2.999935733181149228e-02
2.999935733181107247e-02
2.999935733181064226e-02
2.999935733181277944e-02
2.999935733181157554e-02
2.999935733181197106e-02
2.999935733181175249e-02
2.999935733181151309e-02
2.999935733181158248e-02
2.999935733181089900e-02
2.999935733181122513e-02
2.999935733181101696e-02
2.999935733181090594e-02
2.999935733181054859e-02
2.999935733181024328e-02
2.999935733181029879e-02
2.999935733181136044e-02
2.999935733181000042e-02
2.999935733181101349e-02
2.999935733181052777e-02
2.999935733181204045e-02
2.999935733181137432e-02
2.999935733181150616e-02
2.999935733181122860e-02
2.999935733181073941e-02
2.999935733181176289e-02
2.999935733181072900e-02
2.999935733181167269e-02
2.999935733180989286e-02
2.999935733181084002e-02
2.999935733181126329e-02
2.999935733181097186e-02
2.999935733181127023e-02
2.999935733181221392e-02
2.999935733181114533e-02
2.999935733181066655e-02
2.999935733181127717e-02
2.999935733181030920e-02
2.999935733181115227e-02
2.999935733181142636e-02
2.999935733181101349e-02
2.999935733181169004e-02
2.999935733181069430e-02
2.999935733181149228e-02
2.999935733181095451e-02
2.999935733181234229e-02
2.999935733181146452e-02
2.999935733181010103e-02
2.999935733181148187e-02
2.999935733181116268e-02
2.999935733181138472e-02
2.999935733181145411e-02
2.999935733181039593e-02
2.999935733181068043e-02
2.999935733181149922e-02
2.999935733181242556e-02
2.999935733181189820e-02
2.999935733180979225e-02
2.999935733181098921e-02
2.999935733181234923e-02
2.999935733181115227e-02
2.999935733181145064e-02
2.999935733181197106e-02
2.999935733181098921e-02
2.999935733181145411e-02
2.999935733181027103e-02
2.999935733181140207e-02
2.999935733181123554e-02
2.999935733181132574e-02
2.999935733181046879e-02
2.999935733181133962e-02
2.999935733181284536e-02
2.999935733181142983e-02
2.999935733181139513e-02
2.999935733181045144e-02
2.999935733181152003e-02
2.999935733181099268e-02
2.999935733181033695e-02
2.999935733181099962e-02
2.999935733181079145e-02
2.999935733181059369e-02
2.999935733181043063e-02
2.999935733181142983e-02
2.999935733181163106e-02
2.999935733181124248e-02
2.999935733181184616e-02
2.999935733181198147e-02
2.999935733181165881e-02
2.999935733181158248e-02
2.999935733181036471e-02
2.999935733181021552e-02
2.999935733181174208e-02
2.999935733181106207e-02
2.999935733181159983e-02
2.999935733181064226e-02
2.999935733181132574e-02
2.999935733181072206e-02
2.999935733181054165e-02
2.999935733181107594e-02
2.999935733181059022e-02
2.999935733181022940e-02
2.999935733181037512e-02
2.999935733181045144e-02
2.999935733181115227e-02
2.999935733181068043e-02
2.999935733181118350e-02
2.999935733181135350e-02
2.999935733181083308e-02
2.999935733181118003e-02
2.999935733181100656e-02
2.999935733180977837e-02
2.999935733181104125e-02
2.999935733181130493e-02
2.999935733181103778e-02
2.999935733181141248e-02
2.999935733181086431e-02
2.999935733181101696e-02
2.999935733181005593e-02
2.999935733181054512e-02
2.999935733181041675e-02
2.999935733181093717e-02
2.999935733181089206e-02
2.999935733181088165e-02
2.999935733181107594e-02
2.999935733181108982e-02
2.999935733181096145e-02
2.999935733181093023e-02
2.999935733181078451e-02
2.999935733181084696e-02
2.999935733181097186e-02
2.999935733181125636e-02
2.999935733181047226e-02
2.999935733181069430e-02
2.999935733181086084e-02
2.999935733181106901e-02
2.999935733181097186e-02
2.999935733181096492e-02
2.999935733181090594e-02
2.999935733181116962e-02
2.999935733181081920e-02
2.999935733181101696e-02
2.999935733181119391e-02
2.999935733181094411e-02
2.999935733181096839e-02
2.999935733181107594e-02
2.999935733181114533e-02
2.999935733181094411e-02
2.999935733181102737e-02
2.999935733181078451e-02
2.999935733181065961e-02
2.999935733181103431e-02
2.999935733181095104e-02
2.999935733181079145e-02
2.999935733181111758e-02
2.999935733181106901e-02
2.999935733181079145e-02
2.999935733181100656e-02
2.999935733181053471e-02
2.999935733181104819e-02
2.999935733181090941e-02
2.999935733181111758e-02
2.999935733181157554e-02
2.999935733181094064e-02
2.999935733181108288e-02
2.999935733181107594e-02
2.999935733181102043e-02
2.999935733181134656e-02
2.999935733181084696e-02
2.999935733181115921e-02
2.999935733181089553e-02
2.999935733181097880e-02
2.999935733181106207e-02
2.999935733181088512e-02
2.999935733181098574e-02
2.999935733181110370e-02
2.999935733181107941e-02
2.999935733181089900e-02
2.999935733181098574e-02
2.999935733181099268e-02
2.999935733181091288e-02
2.999935733181094411e-02
2.999935733181095104e-02
2.999935733181107594e-02
2.999935733181098921e-02
2.999935733181099268e-02
2.999935733181115921e-02
2.999935733181103778e-02
2.999935733181106554e-02
2.999935733181113146e-02
2.999935733181104819e-02
2.999935733181112799e-02
2.999935733181118697e-02
2.999935733181114186e-02
2.999935733181110023e-02
2.999935733181114533e-02
2.999935733181119391e-02
2.999935733181115921e-02
2.999935733181115921e-02
2.999935733181113492e-02
2.999935733181109676e-02
2.999935733181116615e-02
2.999935733181116268e-02
2.999935733181111064e-02
2.999935733181120431e-02
2.999935733181110023e-02
2.999935733181116615e-02
2.999935733181119391e-02
2.999935733181111758e-02
2.999935733181118350e-02
2.999935733181113839e-02
2.999935733181117309e-02
2.999935733181117309e-02
2.999935733181119737e-02
2.999935733181121125e-02
2.999935733181122166e-02
2.999935733181119044e-02
2.999935733181119737e-02
2.999935733181120431e-02
2.999935733181124248e-02
2.999935733181123207e-02
2.999935733181121819e-02
2.999935733181121472e-02
2.999935733181121472e-02
2.999935733181122860e-02
2.999935733181123207e-02
2.999935733181123207e-02
2.999935733181123554e-02
2.999935733181124595e-02
2.999935733181124942e-02
2.999935733181123554e-02
2.999935733181123901e-02
2.999935733181125289e-02
2.999935733181125982e-02
2.999935733181126676e-02
2.999935733181127370e-02
2.999935733181128758e-02
2.999935733181129799e-02
2.999935733181130493e-02
2.999935733181130146e-02
2.999935733181130840e-02
2.999935733181131881e-02
2.999935733181132574e-02
2.999935733181132574e-02
2.999935733181134309e-02
2.999935733181134656e-02
2.999935733181135350e-02
2.999935733181136391e-02
2.999935733181136738e-02
2.999935733181138126e-02
2.999935733181139860e-02
2.999935733181139860e-02
2.999935733181139860e-02
2.999935733181139166e-02
2.999935733181141942e-02
2.999935733181143677e-02
2.999935733181141595e-02
2.999935733181143677e-02
2.999935733181143330e-02
2.999935733181145064e-02
2.999935733181147840e-02
2.999935733181146452e-02
2.999935733181146452e-02
2.999935733181149922e-02
2.999935733181148881e-02
2.999935733181148534e-02
2.999935733181150962e-02
2.999935733181149575e-02
2.999935733181154085e-02
2.999935733181154432e-02
2.999935733181155126e-02
2.999935733181152697e-02
2.999935733181158942e-02
2.999935733181151309e-02
2.999935733181170391e-02
2.999935733181155820e-02
2.999935733181161024e-02
2.999935733181158595e-02
2.999935733181146452e-02
2.999935733181148881e-02
2.999935733181159289e-02
2.999935733181162759e-02
2.999935733181153738e-02
2.999935733181149575e-02
2.999935733181149228e-02
2.999935733181156861e-02
2.999935733181153391e-02
2.999935733181169351e-02
2.999935733181166922e-02
2.999935733181163799e-02
2.999935733181164146e-02
2.999935733181163106e-02
2.999935733181165881e-02
2.999935733181149575e-02
2.999935733181177677e-02
2.999935733181172473e-02
2.999935733181177677e-02
2.999935733181177330e-02
2.999935733181178024e-02
2.999935733181157207e-02
2.999935733181179759e-02
2.999935733181183922e-02
2.999935733181173861e-02
2.999935733181180453e-02
2.999935733181187739e-02
2.999935733181151656e-02
2.999935733181193984e-02
2.999935733181198494e-02
2.999935733181177677e-02
2.999935733181181841e-02
2.999935733181163452e-02
2.999935733181172820e-02
2.999935733181169351e-02
2.999935733181177677e-02
2.999935733181204045e-02
2.999935733181189126e-02
2.999935733181185657e-02
2.999935733181170738e-02
2.999935733181131881e-02
2.999935733181158942e-02
2.999935733181147146e-02
2.999935733181186351e-02
2.999935733181171432e-02
2.999935733181225556e-02
2.999935733181234576e-02
2.999935733181167269e-02
2.999935733181185310e-02
2.999935733181157901e-02
2.999935733181165881e-02
2.999935733181195718e-02
2.999935733181201616e-02
2.999935733181203351e-02
2.999935733181169351e-02
2.999935733181188086e-02
2.999935733181178371e-02
2.999935733181178371e-02
2.999935733181158942e-02
2.999935733181196412e-02
2.999935733181197800e-02
2.999935733181210290e-02
2.999935733181207168e-02
2.999935733181220004e-02
2.999935733181190861e-02
2.999935733181199882e-02
2.999935733181231801e-02
2.999935733181155820e-02
2.999935733181176289e-02
2.999935733181230066e-02
2.999935733181211678e-02
2.999935733181187739e-02
2.999935733181142983e-02
2.999935733181203351e-02
2.999935733181190514e-02
2.999935733181218270e-02
2.999935733181175596e-02
2.999935733181209596e-02
2.999935733181238739e-02
2.999935733181167963e-02
2.999935733181160330e-02
2.999935733181212719e-02
2.999935733181268924e-02
2.999935733181226249e-02
2.999935733181201269e-02
2.999935733181176289e-02
2.999935733181242209e-02
2.999935733181192249e-02
2.999935733181218270e-02
2.999935733181197800e-02
2.999935733181237352e-02
2.999935733181271699e-02
2.999935733181225209e-02
2.999935733181213759e-02
2.999935733181163799e-02
2.999935733181233188e-02
2.999935733181259209e-02
2.999935733181251230e-02
2.999935733181264066e-02
2.999935733181180453e-02
2.999935733181287312e-02
2.999935733181204392e-02
2.999935733181240127e-02
2.999935733181154085e-02
2.999935733181184963e-02
2.999935733181255393e-02
2.999935733181190514e-02
2.999935733181186698e-02
2.999935733181244985e-02
2.999935733181290781e-02
2.999935733181089206e-02
2.999935733181195718e-02
2.999935733181238393e-02
2.999935733181258862e-02
2.999935733181261985e-02
2.999935733181231454e-02
2.999935733181309516e-02
2.999935733181280026e-02
2.999935733181179412e-02
2.999935733181272046e-02
2.999935733181194331e-02
2.999935733181327557e-02
2.999935733181327210e-02
2.999935733181230760e-02
2.999935733181136044e-02
2.999935733181279679e-02
2.999935733181217229e-02
2.999935733181249842e-02
2.999935733181292516e-02
2.999935733181270658e-02
2.999935733181199188e-02
2.999935733181131881e-02
2.999935733181222086e-02
2.999935733181283842e-02
2.999935733181298067e-02
2.999935733181222433e-02
2.999935733181283148e-02
2.999935733181247760e-02
2.999935733181299108e-02
2.999935733181149228e-02
2.999935733181225209e-02
2.999935733181411171e-02
2.999935733181209249e-02
2.999935733181227637e-02
2.999935733181274475e-02
2.999935733181299455e-02
2.999935733181300496e-02
2.999935733181253658e-02
2.999935733181318884e-02
2.999935733181223474e-02
2.999935733181237352e-02
2.999935733181330333e-02
2.999935733181300149e-02
2.999935733181186004e-02
2.999935733181077757e-02
2.999935733181310557e-02
2.999935733181278985e-02
2.999935733181346292e-02
2.999935733181208902e-02
2.999935733181324435e-02
2.999935733181278291e-02
2.999935733181291822e-02
2.999935733181397987e-02
2.999935733181379252e-02
2.999935733181337272e-02
2.999935733181208902e-02
2.999935733181229372e-02
2.999935733181267883e-02
2.999935733181207168e-02
2.999935733181139513e-02
2.999935733181233188e-02
2.999935733181287659e-02
2.999935733181302577e-02
2.999935733181248454e-02
2.999935733181351497e-02
2.999935733181255393e-02
2.999935733181326517e-02
2.999935733181292169e-02
2.999935733181322353e-02
2.999935733181368497e-02
2.999935733181139166e-02
2.999935733181376477e-02
2.999935733181278638e-02
2.999935733181239086e-02
2.999935733181288353e-02
2.999935733181258168e-02
2.999935733181321312e-02
2.999935733181344211e-02
2.999935733181154085e-02
2.999935733181327557e-02
2.999935733181375783e-02
2.999935733181224168e-02
2.999935733181248107e-02
2.999935733181241862e-02
2.999935733181251923e-02
2.999935733181265801e-02
2.999935733181361211e-02
2.999935733181310210e-02
2.999935733181329986e-02
2.999935733181242903e-02
2.999935733181363640e-02
2.999935733181304659e-02
2.999935733181374395e-02
2.999935733181386538e-02
2.999935733181299455e-02
2.999935733181367109e-02
2.999935733181159636e-02
2.999935733181272393e-02
2.999935733181265454e-02
2.999935733181350456e-02
2.999935733181230066e-02
2.999935733181370578e-02
2.999935733181375783e-02
2.999935733181394865e-02
2.999935733181308822e-02
2.999935733181450723e-02
2.999935733181287312e-02
2.999935733181235270e-02
2.999935733181396946e-02
2.999935733181460090e-02
2.999935733181179759e-02
2.999935733181319231e-02
2.999935733181361558e-02
2.999935733181318537e-02
2.999935733181475356e-02
2.999935733181387926e-02
2.999935733181414294e-02
2.999935733181417416e-02
2.999935733181248801e-02
2.999935733181330680e-02
2.999935733181387232e-02
2.999935733181383762e-02
2.999935733181407355e-02
2.999935733181257475e-02
2.999935733181327557e-02
2.999935733181301190e-02
2.999935733181315761e-02
2.999935733181267883e-02
2.999935733181370925e-02
2.999935733181328251e-02
2.999935733181332415e-02
2.999935733181477437e-02
2.999935733181517683e-02
2.999935733181237699e-02
2.999935733181397987e-02
2.999935733181363640e-02
2.999935733181302230e-02
2.999935733181478825e-02
2.999935733181390701e-02
2.999935733181265801e-02
2.999935733181259209e-02
2.999935733181332415e-02
2.999935733181397640e-02
2.999935733181331027e-02
2.999935733181317843e-02
2.999935733181418804e-02
2.999935733181298761e-02
2.999935733181297373e-02
2.999935733181356007e-02
2.999935733181311945e-02
2.999935733181277597e-02
2.999935733181185657e-02
2.999935733181397293e-02
2.999935733181453151e-02
2.999935733181343517e-02
2.999935733181287312e-02
2.999935733181467029e-02
2.999935733181372313e-02
2.999935733181406661e-02
2.999935733181364333e-02
2.999935733181461478e-02
2.999935733181473274e-02
2.999935733181355313e-02
2.999935733181386538e-02
2.999935733181410824e-02
2.999935733181382375e-02
2.999935733181402497e-02
2.999935733181367109e-02
2.999935733181489927e-02
2.999935733181373007e-02
2.999935733181477437e-02
2.999935733181355313e-02
2.999935733181482989e-02
2.999935733181366415e-02
2.999935733181601297e-02
2.999935733181290087e-02
2.999935733181226943e-02
2.999935733181448294e-02
2.999935733181399375e-02
2.999935733181418457e-02
2.999935733181381681e-02
2.999935733181315761e-02
2.999935733181437192e-02
2.999935733181274128e-02
2.999935733181454539e-02
2.999935733181447600e-02
2.999935733181518030e-02
2.999935733181542316e-02
2.999935733181428171e-02
2.999935733181426090e-02
2.999935733181390701e-02
2.999935733181475356e-02
2.999935733181411518e-02
2.999935733181452110e-02
2.999935733181557929e-02
2.999935733181532949e-02
2.999935733181476050e-02
2.999935733181479519e-02
2.999935733181299108e-02
2.999935733181205433e-02
2.999935733181436498e-02
2.999935733181396946e-02
2.999935733181684216e-02
2.999935733181402150e-02
2.999935733181440661e-02
2.999935733181496866e-02
2.999935733181506581e-02
2.999935733181502417e-02
2.999935733181536418e-02
2.999935733181494785e-02
2.999935733181475356e-02
2.999935733181519765e-02
2.999935733181419845e-02
2.999935733181343170e-02
2.999935733181473621e-02
2.999935733181340047e-02
2.999935733181492703e-02
2.999935733181552378e-02
2.999935733181661665e-02
2.999935733181545439e-02
2.999935733181519418e-02
2.999935733181346986e-02
2.999935733181741462e-02
2.999935733181524622e-02
2.999935733181435110e-02
2.999935733181549602e-02
2.999935733181459396e-02
2.999935733181557235e-02
2.999935733181425743e-02
2.999935733181557582e-02
2.999935733181396599e-02
2.999935733181489234e-02
2.999935733181615521e-02
2.999935733181445172e-02
2.999935733181513520e-02
2.999935733181493397e-02
2.999935733181376130e-02
2.999935733181538500e-02
2.999935733181566255e-02
2.999935733181344905e-02
2.999935733181496172e-02
2.999935733181541969e-02
2.999935733181563133e-02
2.999935733181409089e-02
2.999935733181589154e-02
2.999935733181529826e-02
2.999935733181512826e-02
2.999935733181546826e-02
2.999935733181472580e-02
2.999935733181656114e-02
2.999935733181377864e-02
2.999935733181569378e-02
2.999935733181430600e-02
2.999935733181350109e-02
2.999935733181441008e-02
2.999935733181343170e-02
2.999935733181578051e-02
2.999935733181524622e-02
2.999935733181428518e-02
2.999935733181781014e-02
2.999935733181401457e-02
2.999935733181605113e-02
2.999935733181386538e-02
2.999935733181255393e-02
2.999935733181523928e-02
2.999935733181672073e-02
2.999935733181600256e-02
2.999935733181582215e-02
2.999935733181397640e-02
2.999935733181805647e-02
2.999935733181310210e-02
2.999935733181584296e-02
2.999935733181663053e-02
2.999935733181342823e-02
2.999935733181247413e-02
2.999935733181506234e-02
2.999935733181524275e-02
2.999935733181631481e-02
2.999935733181509356e-02
2.999935733181376130e-02
2.999935733181437192e-02
2.999935733181424008e-02
2.999935733181589154e-02
2.999935733181708850e-02
2.999935733181706421e-02
2.999935733181678665e-02
2.999935733181340394e-02
2.999935733181289393e-02
2.999935733181252617e-02
2.999935733181643277e-02
2.999935733182005834e-02
2.999935733181646746e-02
2.999935733181880934e-02
2.999935733181424702e-02
2.999935733181509356e-02
2.999935733181307435e-02
2.999935733181128411e-02
2.999935733181811198e-02
2.999935733181421579e-02
2.999935733181418804e-02
2.999935733181801484e-02
2.999935733181459743e-02
2.999935733181286618e-02
2.999935733181689768e-02
2.999935733181905914e-02
2.999935733182022488e-02
2.999935733181444478e-02
2.999935733181472233e-02
2.999935733181867403e-02
2.999935733181417416e-02
2.999935733181763320e-02
2.999935733181454192e-02
2.999935733181292169e-02
2.999935733181442743e-02
2.999935733181383762e-02
2.999935733181898975e-02
2.999935733181858383e-02
2.999935733181585684e-02
2.999935733181489234e-02
2.999935733181835484e-02
2.999935733181402497e-02
2.999935733181709543e-02
2.999935733181594358e-02
2.999935733181657502e-02
2.999935733181665481e-02
2.999935733181408742e-02
2.999935733181503111e-02
2.999935733181466335e-02
2.999935733181891342e-02
2.999935733181392436e-02
2.999935733181395905e-02
2.999935733181325129e-02
2.999935733181866709e-02
2.999935733181727932e-02
2.999935733181720299e-02
2.999935733181689421e-02
2.999935733181252964e-02
2.999935733181258515e-02
2.999935733181579786e-02
2.999935733181500336e-02
2.999935733181749789e-02
2.999935733181342129e-02
2.999935733181858383e-02
2.999935733181931241e-02
2.999935733181922221e-02
2.999935733181476744e-02
2.999935733181254352e-02
