2.999571957017058838e-02
2.999571957016962387e-02
2.999571957016750057e-02
2.999571957017148002e-02
2.999571957016951285e-02
2.999571957017161533e-02
2.999571957017204554e-02
2.999571957016922488e-02
2.999571957017104634e-02
2.999571957017202473e-02
2.999571957017135512e-02
2.999571957017443946e-02
2.999571957016852058e-02
2.999571957016877038e-02
2.999571957016773649e-02
2.999571957016992224e-02
2.999571957017100471e-02
2.999571957017203513e-02
2.999571957017042878e-02
2.999571957016988755e-02
2.999571957017152166e-02
2.999571957017034551e-02
2.999571957016947121e-02
2.999571957017012347e-02
2.999571957016927345e-02
2.999571957017059184e-02
2.999571957017118165e-02
2.999571957017088328e-02
2.999571957017137594e-02
2.999571957017085899e-02
2.999571957017191023e-02
2.999571957016924223e-02
2.999571957017006796e-02
2.999571957017121288e-02
2.999571957016996387e-02
2.999571957017065083e-02
2.999571957016778506e-02
2.999571957016919366e-02
2.999571957016900631e-02
2.999571957017001245e-02
2.999571957016921447e-02
2.999571957017279147e-02
2.999571957017196575e-02
2.999571957016747975e-02
2.999571957016858650e-02
2.999571957016802792e-02
2.999571957017110879e-02
2.999571957017082430e-02
2.999571957016917978e-02
2.999571957016874263e-02
2.999571957016766016e-02
2.999571957017100124e-02
2.999571957017112961e-02
2.999571957017131696e-02
2.999571957016907223e-02
2.999571957016778853e-02
2.999571957016994653e-02
2.999571957016817017e-02
2.999571957016934631e-02
2.999571957016742077e-02
2.999571957016762547e-02
2.999571957017007837e-02
2.999571957016923876e-02
2.999571957016937407e-02
2.999571957017119900e-02
2.999571957016856569e-02
2.999571957017172635e-02
2.999571957016927345e-02
2.999571957016931856e-02
2.999571957016676158e-02
2.999571957017015122e-02
2.999571957016757690e-02
2.999571957016852752e-02
2.999571957017094573e-02
2.999571957016988061e-02
2.999571957016886059e-02
2.999571957016885365e-02
2.999571957016957183e-02
2.999571957016965162e-02
2.999571957016746240e-02
2.999571957017086940e-02
2.999571957016813548e-02
2.999571957017054674e-02
2.999571957017058144e-02
2.999571957016908264e-02
2.999571957016928386e-02
2.999571957016879814e-02
2.999571957016791690e-02
2.999571957016771220e-02
2.999571957016959611e-02
2.999571957016937407e-02
2.999571957017237167e-02
2.999571957017155288e-02
2.999571957016973489e-02
2.999571957017110185e-02
2.999571957016711199e-02
2.999571957016864548e-02
2.999571957016892998e-02
2.999571957017010612e-02
2.999571957017005408e-02
2.999571957017087287e-02
2.999571957016928386e-02
2.999571957017166737e-02
2.999571957016986673e-02
2.999571957016999857e-02
2.999571957016940876e-02
2.999571957016908610e-02
2.999571957016886059e-02
2.999571957017002286e-02
2.999571957017020674e-02
2.999571957016976959e-02
2.999571957017020674e-02
2.999571957016954060e-02
2.999571957016963428e-02
2.999571957017017204e-02
2.999571957016936019e-02
2.999571957016889528e-02
2.999571957016838875e-02
2.999571957017011653e-02
2.999571957016996387e-02
2.999571957016975571e-02
2.999571957016961693e-02
2.999571957017097001e-02
2.999571957016847201e-02
2.999571957016849283e-02
2.999571957017141410e-02
2.999571957016947815e-02
2.999571957016963081e-02
2.999571957017007490e-02
2.999571957016847895e-02
2.999571957017062307e-02
2.999571957016942958e-02
2.999571957017022061e-02
2.999571957016931162e-02
2.999571957016968979e-02
2.999571957017011653e-02
2.999571957017155982e-02
2.999571957016984244e-02
2.999571957016972101e-02
2.999571957016913121e-02
2.999571957016789608e-02
2.999571957016908957e-02
2.999571957016947815e-02
2.999571957016906876e-02
2.999571957016899243e-02
2.999571957017032817e-02
2.999571957017003673e-02
2.999571957016981122e-02
2.999571957016891610e-02
2.999571957017036980e-02
2.999571957017032123e-02
2.999571957016770180e-02
2.999571957016839568e-02
2.999571957017004020e-02
2.999571957017209412e-02
2.999571957016863161e-02
2.999571957016896467e-02
2.999571957016958224e-02
2.999571957017027266e-02
2.999571957016956142e-02
2.999571957017044960e-02
2.999571957016928733e-02
2.999571957017112961e-02
2.999571957017129614e-02
2.999571957016838875e-02
2.999571957017041143e-02
2.999571957017050511e-02
2.999571957017004020e-02
2.999571957017010265e-02
2.999571957016907223e-02
2.999571957016900631e-02
2.999571957017007490e-02
2.999571957017037327e-02
2.999571957017045654e-02
2.999571957016930815e-02
2.999571957017037674e-02
2.999571957017141410e-02
2.999571957017031082e-02
2.999571957016959611e-02
2.999571957016900631e-02
2.999571957016774343e-02
2.999571957017029694e-02
2.999571957016913815e-02
2.999571957016970020e-02
2.999571957016942264e-02
2.999571957016920060e-02
2.999571957016913121e-02
2.999571957016939835e-02
2.999571957017077919e-02
2.999571957016950591e-02
2.999571957017041490e-02
2.999571957017010959e-02
2.999571957016980428e-02
2.999571957016870100e-02
2.999571957016838875e-02
2.999571957016990142e-02
2.999571957016982510e-02
2.999571957016979734e-02
2.999571957017050164e-02
2.999571957016919019e-02
2.999571957016796547e-02
2.999571957016984591e-02
2.999571957016909651e-02
2.999571957016899243e-02
2.999571957016906529e-02
2.999571957017070634e-02
2.999571957016975918e-02
2.999571957016912427e-02
2.999571957017036633e-02
2.999571957016934631e-02
2.999571957016921447e-02
2.999571957017011653e-02
2.999571957016973142e-02
2.999571957016950591e-02
2.999571957017119206e-02
2.999571957017036633e-02
2.999571957016980081e-02
2.999571957017128920e-02
2.999571957016888488e-02
2.999571957016982510e-02
2.999571957016953366e-02
2.999571957016962387e-02
2.999571957016989449e-02
2.999571957016958917e-02
2.999571957016903406e-02
2.999571957017104634e-02
2.999571957016926999e-02
2.999571957016912427e-02
2.999571957016910692e-02
2.999571957017073756e-02
2.999571957016919713e-02
2.999571957016997428e-02
2.999571957016891957e-02
2.999571957016979734e-02
2.999571957016954754e-02
2.999571957017018939e-02
2.999571957016840262e-02
2.999571957016936019e-02
2.999571957016974877e-02
2.999571957017015122e-02
2.999571957016978346e-02
2.999571957016778853e-02
2.999571957016811813e-02
2.999571957016991530e-02
2.999571957016988755e-02
2.999571957016920754e-02
2.999571957016953366e-02
2.999571957017020327e-02
2.999571957016988755e-02
2.999571957016893692e-02
2.999571957016867324e-02
2.999571957016866630e-02
2.999571957016994306e-02
2.999571957016947121e-02
2.999571957016966897e-02
2.999571957016902712e-02
2.999571957016883977e-02
2.999571957016968979e-02
2.999571957016956489e-02
2.999571957016926999e-02
2.999571957016852058e-02
2.999571957017048082e-02
2.999571957016928386e-02
2.999571957016876345e-02
2.999571957016965509e-02
2.999571957016997081e-02
2.999571957016909651e-02
2.999571957016932550e-02
2.999571957017080695e-02
2.999571957017023796e-02
2.999571957016789608e-02
2.999571957016973836e-02
2.999571957016797935e-02
2.999571957016921794e-02
2.999571957016889182e-02
2.999571957017084858e-02
2.999571957016978346e-02
2.999571957016921100e-02
2.999571957016985285e-02
2.999571957016905141e-02
2.999571957016810425e-02
2.999571957016937407e-02
2.999571957017030041e-02
2.999571957016866977e-02
2.999571957016926999e-02
2.999571957016795853e-02
2.999571957016989449e-02
2.999571957017011306e-02
2.999571957016938795e-02
2.999571957016896814e-02
2.999571957016963775e-02
2.999571957016997775e-02
2.999571957016955101e-02
2.999571957016820140e-02
2.999571957016846507e-02
2.999571957016885365e-02
2.999571957017001939e-02
2.999571957016830201e-02
2.999571957016838181e-02
2.999571957016926652e-02
2.999571957016962040e-02
2.999571957016990489e-02
2.999571957016979734e-02
2.999571957016976959e-02
2.999571957016989102e-02
2.999571957016932897e-02
2.999571957016863855e-02
2.999571957016943652e-02
2.999571957016914509e-02
2.999571957016816323e-02
2.999571957016894039e-02
2.999571957016807650e-02
2.999571957016950591e-02
2.999571957016995000e-02
2.999571957017006796e-02
2.999571957016934978e-02
2.999571957016977305e-02
2.999571957016899937e-02
2.999571957016945040e-02
2.999571957016841997e-02
2.999571957016990836e-02
2.999571957016942264e-02
2.999571957016983897e-02
2.999571957016949897e-02
2.999571957017008531e-02
2.999571957016938101e-02
2.999571957016829507e-02
2.999571957016894386e-02
2.999571957016961693e-02
2.999571957016987714e-02
2.999571957016894386e-02
2.999571957016993265e-02
2.999571957016834364e-02
2.999571957016759424e-02
2.999571957016904100e-02
2.999571957016935325e-02
2.999571957016922488e-02
2.999571957016902712e-02
2.999571957016886059e-02
2.999571957016873569e-02
2.999571957016886406e-02
2.999571957016895427e-02
2.999571957016912427e-02
2.999571957016923529e-02
2.999571957016808690e-02
2.999571957016891610e-02
2.999571957016916937e-02
2.999571957016852058e-02
2.999571957016902019e-02
2.999571957016948856e-02
2.999571957016936019e-02
2.999571957016870447e-02
2.999571957016852058e-02
2.999571957016787180e-02
2.999571957016936713e-02
2.999571957016924917e-02
2.999571957016842344e-02
2.999571957016892998e-02
2.999571957016944346e-02
2.999571957016906182e-02
2.999571957016882937e-02
2.999571957016941917e-02
2.999571957016846160e-02
2.999571957016999163e-02
2.999571957016845120e-02
2.999571957016854140e-02
2.999571957016829160e-02
2.999571957016779200e-02
2.999571957016814935e-02
2.999571957016882243e-02
2.999571957016890916e-02
2.999571957016877385e-02
2.999571957016898202e-02
2.999571957016865589e-02
2.999571957016905835e-02
2.999571957016828466e-02
2.999571957016799670e-02
2.999571957016918325e-02
2.999571957016906876e-02
2.999571957016818752e-02
2.999571957016884671e-02
2.999571957016899243e-02
2.999571957016871140e-02
2.999571957016861079e-02
2.999571957016895773e-02
2.999571957016853446e-02
2.999571957016869059e-02
2.999571957016857610e-02
2.999571957016939489e-02
2.999571957016877732e-02
2.999571957016864548e-02
2.999571957016904100e-02
2.999571957016907570e-02
2.999571957016857610e-02
2.999571957016877038e-02
2.999571957016877385e-02
2.999571957016888835e-02
2.999571957016839568e-02
2.999571957016892651e-02
2.999571957016870793e-02
2.999571957016873916e-02
2.999571957016877732e-02
2.999571957016865936e-02
2.999571957016884671e-02
2.999571957016863855e-02
2.999571957016903406e-02
2.999571957016906876e-02
2.999571957016857610e-02
2.999571957016915896e-02
2.999571957016891610e-02
2.999571957016877038e-02
2.999571957016893692e-02
2.999571957016895773e-02
2.999571957016922835e-02
2.999571957016904794e-02
2.999571957016940876e-02
2.999571957016895773e-02
2.999571957016883630e-02
2.999571957016907570e-02
2.999571957016862120e-02
2.999571957016922141e-02
2.999571957016889528e-02
2.999571957016902019e-02
2.999571957016908957e-02
2.999571957016899243e-02
2.999571957016900631e-02
2.999571957016923182e-02
2.999571957016882937e-02
2.999571957016875651e-02
2.999571957016922488e-02
2.999571957016913815e-02
2.999571957016904794e-02
2.999571957016885018e-02
2.999571957016911039e-02
2.999571957016897508e-02
2.999571957016905488e-02
2.999571957016895427e-02
2.999571957016895773e-02
2.999571957016890916e-02
2.999571957016878079e-02
2.999571957016915202e-02
2.999571957016892998e-02
2.999571957016893692e-02
2.999571957016911733e-02
2.999571957016881549e-02
2.999571957016907917e-02
2.999571957016920407e-02
2.999571957016896814e-02
2.999571957016920060e-02
2.999571957016902712e-02
2.999571957016902019e-02
2.999571957016911733e-02
2.999571957016911733e-02
2.999571957016923529e-02
2.999571957016900631e-02
2.999571957016893692e-02
2.999571957016906182e-02
2.999571957016906182e-02
2.999571957016910692e-02
2.999571957016916590e-02
2.999571957016914855e-02
2.999571957016912427e-02
2.999571957016912774e-02
2.999571957016903753e-02
2.999571957016912427e-02
2.999571957016909651e-02
2.999571957016912080e-02
2.999571957016914509e-02
2.999571957016918672e-02
2.999571957016917284e-02
2.999571957016915896e-02
2.999571957016921100e-02
2.999571957016919713e-02
2.999571957016917631e-02
2.999571957016919713e-02
2.999571957016916590e-02
2.999571957016916590e-02
2.999571957016915202e-02
2.999571957016920060e-02
2.999571957016918672e-02
2.999571957016920407e-02
2.999571957016919366e-02
2.999571957016922835e-02
2.999571957016923529e-02
2.999571957016922835e-02
2.999571957016924223e-02
2.999571957016924570e-02
2.999571957016925611e-02
2.999571957016925264e-02
2.999571957016925611e-02
2.999571957016926652e-02
2.999571957016927692e-02
2.999571957016928733e-02
2.999571957016929080e-02
2.999571957016929427e-02
2.999571957016930121e-02
2.999571957016931162e-02
2.999571957016931856e-02
2.999571957016932897e-02
2.999571957016933937e-02
2.999571957016934631e-02
2.999571957016935672e-02
2.999571957016936019e-02
2.999571957016936713e-02
2.999571957016937754e-02
2.999571957016938448e-02
2.999571957016939142e-02
2.999571957016940182e-02
2.999571957016939835e-02
2.999571957016940529e-02
2.999571957016942264e-02
2.999571957016941570e-02
2.999571957016942611e-02
2.999571957016943999e-02
2.999571957016945734e-02
2.999571957016945387e-02
2.999571957016946427e-02
2.999571957016947468e-02
2.999571957016948162e-02
2.999571957016946774e-02
2.999571957016949203e-02
2.999571957016951979e-02
2.999571957016950938e-02
2.999571957016953019e-02
2.999571957016954060e-02
2.999571957016955101e-02
2.999571957016954754e-02
2.999571957016956836e-02
2.999571957016957877e-02
2.999571957016954754e-02
2.999571957016962734e-02
2.999571957016958224e-02
2.999571957016962040e-02
2.999571957016957530e-02
2.999571957016962387e-02
2.999571957016958570e-02
2.999571957016960305e-02
2.999571957016960305e-02
2.999571957016968979e-02
2.999571957016963775e-02
2.999571957016959264e-02
2.999571957016965162e-02
2.999571957016970367e-02
2.999571957016976265e-02
2.999571957016972101e-02
2.999571957016976265e-02
2.999571957016975224e-02
2.999571957016971060e-02
2.999571957016967244e-02
2.999571957016974877e-02
2.999571957016975571e-02
2.999571957016972101e-02
2.999571957016962734e-02
2.999571957016992571e-02
2.999571957016974530e-02
2.999571957016981122e-02
2.999571957016985632e-02
2.999571957016979734e-02
2.999571957016988755e-02
2.999571957016972795e-02
2.999571957016974530e-02
2.999571957016987367e-02
2.999571957016973489e-02
2.999571957016982510e-02
2.999571957017005408e-02
2.999571957016975918e-02
2.999571957016985285e-02
2.999571957017008184e-02
2.999571957017010612e-02
2.999571957016988061e-02
2.999571957016982857e-02
2.999571957016999163e-02
2.999571957016954060e-02
2.999571957017015816e-02
2.999571957016976959e-02
2.999571957017001939e-02
2.999571957016983204e-02
2.999571957017000204e-02
2.999571957016971754e-02
2.999571957016995694e-02
2.999571957016988755e-02
2.999571957016981816e-02
2.999571957017003326e-02
2.999571957017017204e-02
2.999571957017001939e-02
2.999571957016992224e-02
2.999571957017019980e-02
2.999571957016999163e-02
2.999571957017025531e-02
2.999571957016998816e-02
2.999571957017022408e-02
2.999571957016989449e-02
2.999571957017007490e-02
2.999571957017004020e-02
2.999571957017015122e-02
2.999571957016995347e-02
2.999571957016998816e-02
2.999571957016985979e-02
2.999571957017006102e-02
2.999571957017026919e-02
2.999571957016985632e-02
2.999571957017012347e-02
2.999571957017040449e-02
2.999571957017012347e-02
2.999571957016991530e-02
2.999571957017025531e-02
2.999571957016970714e-02
2.999571957016996387e-02
2.999571957016969326e-02
2.999571957017036633e-02
2.999571957017019286e-02
2.999571957016988755e-02
2.999571957017072715e-02
2.999571957017076879e-02
2.999571957017016510e-02
2.999571957017001245e-02
2.999571957016996041e-02
2.999571957017005755e-02
2.999571957016969326e-02
2.999571957017028306e-02
2.999571957017029000e-02
2.999571957017006796e-02
2.999571957017026919e-02
2.999571957017030388e-02
2.999571957017031776e-02
2.999571957017046347e-02
2.999571957016996734e-02
2.999571957017039409e-02
2.999571957017023102e-02
2.999571957017009918e-02
2.999571957016926999e-02
2.999571957017039756e-02
2.999571957017020327e-02
2.999571957017122675e-02
2.999571957017029694e-02
2.999571957017091797e-02
2.999571957017050511e-02
2.999571957017032470e-02
2.999571957017042184e-02
2.999571957017012000e-02
2.999571957017078960e-02
2.999571957016957183e-02
2.999571957016985979e-02
2.999571957016966203e-02
2.999571957017144186e-02
2.999571957016968285e-02
2.999571957017023449e-02
2.999571957017049817e-02
2.999571957016985285e-02
2.999571957017061266e-02
2.999571957017067164e-02
2.999571957017001245e-02
2.999571957017072715e-02
2.999571957017017898e-02
2.999571957017006796e-02
2.999571957017119206e-02
2.999571957016970714e-02
2.999571957017039756e-02
2.999571957017081042e-02
2.999571957016978346e-02
2.999571957017047041e-02
2.999571957017064042e-02
2.999571957017019286e-02
2.999571957017057103e-02
2.999571957017051205e-02
2.999571957016989449e-02
2.999571957016980081e-02
2.999571957017085205e-02
2.999571957017103246e-02
2.999571957016962387e-02
2.999571957016991877e-02
2.999571957017066470e-02
2.999571957017033164e-02
2.999571957017183044e-02
2.999571957017103246e-02
2.999571957017085205e-02
2.999571957017040102e-02
2.999571957016958224e-02
2.999571957017076532e-02
2.999571957016977999e-02
2.999571957017035245e-02
2.999571957017008184e-02
2.999571957017070981e-02
2.999571957017122328e-02
2.999571957017133084e-02
2.999571957017026225e-02
2.999571957017133778e-02
2.999571957017166043e-02
2.999571957017072021e-02
2.999571957017081389e-02
2.999571957017085205e-02
2.999571957016985285e-02
2.999571957017065083e-02
2.999571957017027266e-02
2.999571957017012694e-02
2.999571957017027959e-02
2.999571957017135512e-02
2.999571957017022061e-02
2.999571957017135165e-02
2.999571957017164309e-02
2.999571957017068899e-02
2.999571957017159451e-02
2.999571957017074797e-02
2.999571957017104981e-02
2.999571957016985632e-02
2.999571957017063001e-02
2.999571957017079654e-02
2.999571957017074797e-02
2.999571957017213228e-02
2.999571957017118859e-02
2.999571957017107063e-02
2.999571957016994306e-02
2.999571957017023449e-02
2.999571957017127186e-02
2.999571957017103940e-02
2.999571957017050511e-02
2.999571957017081389e-02
2.999571957017153553e-02
2.999571957017213922e-02
2.999571957016971754e-02
2.999571957017110879e-02
2.999571957017085552e-02
2.999571957017151819e-02
2.999571957017102553e-02
2.999571957017099083e-02
2.999571957017101859e-02
2.999571957017203513e-02
2.999571957017056062e-02
2.999571957017035592e-02
2.999571957017142451e-02
2.999571957017013041e-02
2.999571957017129614e-02
2.999571957017167778e-02
2.999571957017019980e-02
2.999571957017083818e-02
2.999571957017143145e-02
2.999571957016943652e-02
2.999571957017150084e-02
2.999571957017194840e-02
2.999571957017092144e-02
2.999571957017080001e-02
2.999571957017074797e-02
2.999571957017056062e-02
2.999571957017090409e-02
2.999571957017158064e-02
2.999571957017167084e-02
2.999571957017064389e-02
2.999571957017198656e-02
2.999571957017225718e-02
2.999571957017076532e-02
2.999571957017103246e-02
2.999571957017079654e-02
2.999571957017097695e-02
2.999571957017254514e-02
2.999571957017016510e-02
2.999571957017150778e-02
2.999571957017092838e-02
2.999571957017155288e-02
2.999571957017003326e-02
2.999571957017160492e-02
2.999571957017214963e-02
2.999571957016992571e-02
2.999571957017153900e-02
2.999571957017287821e-02
2.999571957017132390e-02
2.999571957017247575e-02
2.999571957017127186e-02
2.999571957017067164e-02
2.999571957017198309e-02
2.999571957017092491e-02
2.999571957017024837e-02
2.999571957017177493e-02
2.999571957017186166e-02
2.999571957017165696e-02
2.999571957017138635e-02
2.999571957017144186e-02
2.999571957017097001e-02
2.999571957017059184e-02
2.999571957017163615e-02
2.999571957017117818e-02
2.999571957017118512e-02
2.999571957017213228e-02
2.999571957017137594e-02
2.999571957017117818e-02
2.999571957017185819e-02
2.999571957017106022e-02
2.999571957017137941e-02
2.999571957017348883e-02
2.999571957017158064e-02
2.999571957017195881e-02
2.999571957017054674e-02
2.999571957017121981e-02
2.999571957017186513e-02
2.999571957017131002e-02
2.999571957017163962e-02
2.999571957017212881e-02
2.999571957017112961e-02
2.999571957017112267e-02
2.999571957017155635e-02
2.999571957017018245e-02
2.999571957017109491e-02
2.999571957017125104e-02
2.999571957017128226e-02
2.999571957017289209e-02
2.999571957017171595e-02
2.999571957017109838e-02
2.999571957017199697e-02
2.999571957017255208e-02
2.999571957017088675e-02
2.999571957017262147e-02
2.999571957017249310e-02
2.999571957017149043e-02
2.999571957017263535e-02
2.999571957017213575e-02
2.999571957017255208e-02
2.999571957017209065e-02
2.999571957017247575e-02
2.999571957017198309e-02
2.999571957017303780e-02
2.999571957017166390e-02
2.999571957017186513e-02
2.999571957017136900e-02
2.999571957017151125e-02
2.999571957017146268e-02
2.999571957017144533e-02
2.999571957017400231e-02
2.999571957017146268e-02
2.999571957017236473e-02
2.999571957017359292e-02
2.999571957017119553e-02
2.999571957017259372e-02
2.999571957017162227e-02
2.999571957017301005e-02
2.999571957016967938e-02
2.999571957017406129e-02
2.999571957017218432e-02
2.999571957017328067e-02
2.999571957017195534e-02
2.999571957017323209e-02
2.999571957017242718e-02
2.999571957017352353e-02
2.999571957017089022e-02
2.999571957017186513e-02
2.999571957017256596e-02
2.999571957017279841e-02
2.999571957017219126e-02
2.999571957017321128e-02
2.999571957017286086e-02
2.999571957017149390e-02
2.999571957017218779e-02
2.999571957017266310e-02
2.999571957017278800e-02
2.999571957017213575e-02
2.999571957017287821e-02
2.999571957017312454e-02
2.999571957017152860e-02
2.999571957017285392e-02
2.999571957017343679e-02
2.999571957017317658e-02
2.999571957017168819e-02
2.999571957017227453e-02
2.999571957017170901e-02
2.999571957017286433e-02
2.999571957017286433e-02
2.999571957017244800e-02
2.999571957017357210e-02
2.999571957017313495e-02
2.999571957017258678e-02
2.999571957017273943e-02
2.999571957017276719e-02
2.999571957017298229e-02
2.999571957017273943e-02
2.999571957017325291e-02
2.999571957017430762e-02
2.999571957017204554e-02
2.999571957017177146e-02
2.999571957017407170e-02
2.999571957017279841e-02
2.999571957017244800e-02
2.999571957017314189e-02
2.999571957017354434e-02
2.999571957017258678e-02
2.999571957017351659e-02
2.999571957017313148e-02
2.999571957017395374e-02
2.999571957017192758e-02
2.999571957017461293e-02
2.999571957017238555e-02
2.999571957017471008e-02
2.999571957017241677e-02
2.999571957017228840e-02
2.999571957017332924e-02
2.999571957017230228e-02
2.999571957017415497e-02
2.999571957017253820e-02
2.999571957017347842e-02
2.999571957017274637e-02
2.999571957017246882e-02
2.999571957017403007e-02
2.999571957017253820e-02
2.999571957017680562e-02
2.999571957017358598e-02
2.999571957017359292e-02
2.999571957017409252e-02
2.999571957017613255e-02
2.999571957017366924e-02
2.999571957017285739e-02
2.999571957017301005e-02
2.999571957017294760e-02
2.999571957017406476e-02
2.999571957017375251e-02
2.999571957017453661e-02
2.999571957017501539e-02
2.999571957017383231e-02
2.999571957017086593e-02
2.999571957017310372e-02
2.999571957017498069e-02
2.999571957017431456e-02
2.999571957017027612e-02
2.999571957017148002e-02
2.999571957017262147e-02
2.999571957017444640e-02
2.999571957017609786e-02
2.999571957017527907e-02
2.999571957017396068e-02
2.999571957017181309e-02
2.999571957017305168e-02
2.999571957017462334e-02
2.999571957017362761e-02
2.999571957017357904e-02
2.999571957017162921e-02
2.999571957017471702e-02
2.999571957017206289e-02
2.999571957017388435e-02
2.999571957017666685e-02
2.999571957017337434e-02
2.999571957017406476e-02
2.999571957017285045e-02
2.999571957017427640e-02
2.999571957017238555e-02
2.999571957017288168e-02
2.999571957017450538e-02
2.999571957017391211e-02
2.999571957017485579e-02
2.999571957017727053e-02
2.999571957017564683e-02
2.999571957017223636e-02
2.999571957017175758e-02
2.999571957017588969e-02
2.999571957017264229e-02
2.999571957017528254e-02
2.999571957016819446e-02
2.999571957017565724e-02
2.999571957017169860e-02
2.999571957017384272e-02
2.999571957017473783e-02
2.999571957017560520e-02
2.999571957017202473e-02
2.999571957017370394e-02
2.999571957017379067e-02
2.999571957017458171e-02
2.999571957017080001e-02
2.999571957017393292e-02
2.999571957017518192e-02
2.999571957017277066e-02
2.999571957017361026e-02
2.999571957017437701e-02
2.999571957017717339e-02
2.999571957017658705e-02
2.999571957017491131e-02
2.999571957017508131e-02
2.999571957017005408e-02
2.999571957017497723e-02
2.999571957017586540e-02
2.999571957017129614e-02
2.999571957017327373e-02
2.999571957017327720e-02
2.999571957017364149e-02
2.999571957017481763e-02
2.999571957017418966e-02
2.999571957017187207e-02
2.999571957017635460e-02
2.999571957017371088e-02
2.999571957017318699e-02
2.999571957017473436e-02
2.999571957017420354e-02
2.999571957017142451e-02
2.999571957017116777e-02
2.999571957017232310e-02
2.999571957016940876e-02
2.999571957017271862e-02
2.999571957017171248e-02
2.999571957017172982e-02
2.999571957017271515e-02
2.999571957017707277e-02
2.999571957017021714e-02
2.999571957017246535e-02
2.999571957017425905e-02
