2.999935703545821009e-02
2.999935703545835927e-02
2.999935703545573984e-02
2.999935703545627066e-02
2.999935703545824131e-02
2.999935703545360266e-02
2.999935703545633311e-02
2.999935703545436594e-02
2.999935703545533391e-02
2.999935703545568780e-02
2.999935703545773130e-02
2.999935703545364429e-02
2.999935703545541024e-02
2.999935703545706864e-02
2.999935703545708252e-02
2.999935703545770008e-02
2.999935703545915724e-02
2.999935703545566351e-02
2.999935703545566698e-02
2.999935703545791518e-02
2.999935703545448390e-02
2.999935703545298510e-02
2.999935703545674945e-02
2.999935703545420287e-02
2.999935703545665230e-02
2.999935703545500432e-02
2.999935703545582658e-02
2.999935703545356797e-02
2.999935703545751273e-02
2.999935703545492105e-02
2.999935703545696108e-02
2.999935703545427573e-02
2.999935703545891091e-02
2.999935703545798110e-02
2.999935703545733579e-02
2.999935703545707905e-02
2.999935703545640944e-02
2.999935703545475105e-02
2.999935703545469207e-02
2.999935703545516044e-02
2.999935703545706170e-02
2.999935703545881030e-02
2.999935703545390103e-02
2.999935703545645455e-02
2.999935703545323490e-02
2.999935703545427226e-02
2.999935703545603821e-02
2.999935703545679455e-02
2.999935703545686394e-02
2.999935703545534779e-02
2.999935703545657251e-02
2.999935703545533738e-02
2.999935703545833499e-02
2.999935703545592719e-02
2.999935703545767926e-02
2.999935703545458104e-02
2.999935703545407450e-02
2.999935703545473370e-02
2.999935703545603821e-02
2.999935703545460186e-02
2.999935703545639556e-02
2.999935703545645801e-02
2.999935703545560800e-02
2.999935703545848417e-02
2.999935703545597229e-02
2.999935703545871316e-02
2.999935703545456717e-02
2.999935703545511187e-02
2.999935703545669394e-02
2.999935703545280469e-02
2.999935703545464002e-02
2.999935703545598964e-02
2.999935703545913990e-02
2.999935703545413002e-02
2.999935703545779722e-02
2.999935703545567739e-02
2.999935703545671822e-02
2.999935703545277346e-02
2.999935703545496962e-02
2.999935703545448390e-02
2.999935703545798804e-02
2.999935703545677027e-02
2.999935703545698884e-02
2.999935703545682578e-02
2.999935703545619087e-02
2.999935703545411614e-02
2.999935703545524024e-02
2.999935703545136140e-02
2.999935703545605903e-02
2.999935703545579535e-02
2.999935703545442145e-02
2.999935703545568780e-02
2.999935703545478227e-02
2.999935703545596535e-02
2.999935703545447696e-02
2.999935703545567045e-02
2.999935703545602433e-02
2.999935703545793253e-02
2.999935703545762028e-02
2.999935703545550045e-02
2.999935703545474758e-02
2.999935703545580576e-02
2.999935703545813376e-02
2.999935703545610760e-02
2.999935703545562882e-02
2.999935703545437982e-02
2.999935703545668353e-02
2.999935703545694721e-02
2.999935703545414042e-02
2.999935703545651353e-02
2.999935703545560800e-02
2.999935703545586474e-02
2.999935703545665924e-02
2.999935703545517779e-02
2.999935703545689863e-02
2.999935703545696455e-02
2.999935703545529228e-02
2.999935703545613536e-02
2.999935703545577453e-02
2.999935703545414042e-02
2.999935703545549004e-02
2.999935703545600352e-02
2.999935703545452553e-02
2.999935703545592719e-02
2.999935703545580229e-02
2.999935703545571208e-02
2.999935703545453594e-02
2.999935703545698190e-02
2.999935703545532351e-02
2.999935703545596188e-02
2.999935703545544841e-02
2.999935703545549351e-02
2.999935703545746415e-02
2.999935703545503901e-02
2.999935703545621515e-02
2.999935703545587862e-02
2.999935703545540677e-02
2.999935703545549698e-02
2.999935703545529575e-02
2.999935703545645108e-02
2.999935703545459839e-02
2.999935703545335980e-02
2.999935703545550392e-02
2.999935703545505289e-02
2.999935703545764804e-02
2.999935703545709986e-02
2.999935703545449778e-02
2.999935703545570514e-02
2.999935703545648230e-02
2.999935703545679455e-02
2.999935703545771049e-02
2.999935703545648230e-02
2.999935703545494187e-02
2.999935703545430349e-02
2.999935703545674598e-02
2.999935703545677720e-02
2.999935703545600352e-02
2.999935703545427573e-02
2.999935703545567045e-02
2.999935703545543453e-02
2.999935703545705129e-02
2.999935703545597576e-02
2.999935703545487942e-02
2.999935703545627413e-02
2.999935703545487248e-02
2.999935703545466431e-02
2.999935703545751620e-02
2.999935703545587515e-02
2.999935703545394267e-02
2.999935703545499738e-02
2.999935703545612842e-02
2.999935703545555943e-02
2.999935703545712762e-02
2.999935703545582658e-02
2.999935703545565310e-02
2.999935703545521595e-02
2.999935703545720395e-02
2.999935703545546922e-02
2.999935703545709292e-02
2.999935703545635740e-02
2.999935703545513616e-02
2.999935703545592025e-02
2.999935703545572596e-02
2.999935703545392879e-02
2.999935703545691251e-02
2.999935703545654475e-02
2.999935703545395654e-02
2.999935703545575372e-02
2.999935703545614576e-02
2.999935703545519861e-02
2.999935703545627760e-02
2.999935703545496268e-02
2.999935703545682925e-02
2.999935703545660720e-02
2.999935703545610413e-02
2.999935703545655169e-02
2.999935703545734272e-02
2.999935703545614230e-02
2.999935703545623944e-02
2.999935703545565310e-02
2.999935703545524024e-02
2.999935703545726640e-02
2.999935703545721782e-02
2.999935703545574678e-02
2.999935703545507024e-02
2.999935703545666271e-02
2.999935703545614923e-02
2.999935703545482391e-02
2.999935703545562188e-02
2.999935703545724905e-02
2.999935703545603474e-02
2.999935703545659679e-02
2.999935703545591331e-02
2.999935703545565657e-02
2.999935703545621862e-02
2.999935703545760640e-02
2.999935703545547963e-02
2.999935703545776600e-02
2.999935703545555249e-02
2.999935703545466431e-02
2.999935703545492799e-02
2.999935703545626720e-02
2.999935703545532004e-02
2.999935703545485860e-02
2.999935703545490717e-02
2.999935703545512922e-02
2.999935703545408144e-02
2.999935703545605556e-02
2.999935703545486554e-02
2.999935703545578841e-02
2.999935703545634005e-02
2.999935703545490023e-02
2.999935703545606597e-02
2.999935703545513616e-02
2.999935703545531657e-02
2.999935703545625679e-02
2.999935703545618393e-02
2.999935703545687782e-02
2.999935703545585780e-02
2.999935703545443533e-02
2.999935703545469554e-02
2.999935703545528187e-02
2.999935703545567045e-02
2.999935703545442839e-02
2.999935703545403287e-02
2.999935703545669741e-02
2.999935703545602086e-02
2.999935703545532004e-02
2.999935703545461574e-02
2.999935703545552473e-02
2.999935703545427573e-02
2.999935703545552473e-02
2.999935703545507371e-02
2.999935703545489329e-02
2.999935703545453594e-02
2.999935703545481697e-02
2.999935703545536514e-02
2.999935703545488289e-02
2.999935703545447002e-02
2.999935703545549004e-02
2.999935703545498350e-02
2.999935703545597229e-02
2.999935703545550045e-02
2.999935703545512922e-02
2.999935703545655863e-02
2.999935703545509105e-02
2.999935703545490717e-02
2.999935703545521942e-02
2.999935703545584392e-02
2.999935703545524024e-02
2.999935703545492105e-02
2.999935703545487248e-02
2.999935703545695415e-02
2.999935703545532351e-02
2.999935703545501126e-02
2.999935703545619087e-02
2.999935703545540330e-02
2.999935703545418553e-02
2.999935703545528534e-02
2.999935703545598964e-02
2.999935703545505289e-02
2.999935703545349858e-02
2.999935703545418206e-02
2.999935703545560453e-02
2.999935703545642332e-02
2.999935703545526106e-02
2.999935703545595148e-02
2.999935703545489676e-02
2.999935703545562188e-02
2.999935703545470247e-02
2.999935703545510840e-02
2.999935703545513269e-02
2.999935703545494881e-02
2.999935703545464696e-02
2.999935703545456023e-02
2.999935703545498697e-02
2.999935703545514656e-02
2.999935703545505289e-02
2.999935703545478574e-02
2.999935703545509799e-02
2.999935703545482391e-02
2.999935703545546228e-02
2.999935703545528881e-02
2.999935703545442492e-02
2.999935703545609025e-02
2.999935703545600352e-02
2.999935703545696108e-02
2.999935703545494187e-02
2.999935703545368940e-02
2.999935703545583698e-02
2.999935703545481697e-02
2.999935703545466778e-02
2.999935703545414042e-02
2.999935703545465737e-02
2.999935703545485860e-02
2.999935703545504595e-02
2.999935703545410573e-02
2.999935703545633311e-02
2.999935703545515003e-02
2.999935703545469901e-02
2.999935703545588556e-02
2.999935703545462615e-02
2.999935703545557678e-02
2.999935703545578494e-02
2.999935703545510840e-02
2.999935703545390103e-02
2.999935703545458798e-02
2.999935703545567739e-02
2.999935703545497656e-02
2.999935703545559065e-02
2.999935703545581617e-02
2.999935703545544494e-02
2.999935703545523330e-02
2.999935703545445961e-02
2.999935703545453247e-02
2.999935703545461227e-02
2.999935703545520901e-02
2.999935703545543453e-02
2.999935703545405369e-02
2.999935703545504595e-02
2.999935703545549351e-02
2.999935703545487942e-02
2.999935703545484819e-02
2.999935703545478921e-02
2.999935703545500085e-02
2.999935703545506330e-02
2.999935703545553514e-02
2.999935703545432777e-02
2.999935703545512922e-02
2.999935703545505289e-02
2.999935703545454288e-02
2.999935703545563923e-02
2.999935703545586821e-02
2.999935703545446308e-02
2.999935703545507718e-02
2.999935703545528881e-02
2.999935703545432431e-02
2.999935703545515697e-02
2.999935703545526106e-02
2.999935703545481350e-02
2.999935703545505289e-02
2.999935703545546922e-02
2.999935703545605903e-02
2.999935703545509452e-02
2.999935703545518473e-02
2.999935703545455329e-02
2.999935703545455676e-02
2.999935703545393573e-02
2.999935703545503207e-02
2.999935703545492105e-02
2.999935703545561147e-02
2.999935703545502860e-02
2.999935703545466778e-02
2.999935703545467125e-02
2.999935703545515003e-02
2.999935703545447002e-02
2.999935703545544494e-02
2.999935703545529228e-02
2.999935703545496615e-02
2.999935703545460186e-02
2.999935703545471288e-02
2.999935703545450819e-02
2.999935703545543453e-02
2.999935703545536514e-02
2.999935703545510146e-02
2.999935703545491758e-02
2.999935703545490023e-02
2.999935703545440063e-02
2.999935703545479962e-02
2.999935703545509799e-02
2.999935703545501473e-02
2.999935703545501126e-02
2.999935703545507024e-02
2.999935703545469207e-02
2.999935703545475452e-02
2.999935703545519861e-02
2.999935703545486901e-02
2.999935703545492799e-02
2.999935703545415777e-02
2.999935703545501126e-02
2.999935703545460186e-02
2.999935703545483431e-02
2.999935703545528187e-02
2.999935703545473370e-02
2.999935703545486554e-02
2.999935703545512228e-02
2.999935703545499044e-02
2.999935703545460880e-02
2.999935703545498350e-02
2.999935703545495574e-02
2.999935703545509452e-02
2.999935703545480656e-02
2.999935703545506677e-02
2.999935703545521942e-02
2.999935703545509105e-02
2.999935703545507371e-02
2.999935703545504595e-02
2.999935703545527840e-02
2.999935703545513616e-02
2.999935703545491758e-02
2.999935703545477186e-02
2.999935703545506677e-02
2.999935703545490023e-02
2.999935703545490023e-02
2.999935703545522636e-02
2.999935703545531310e-02
2.999935703545487942e-02
2.999935703545526106e-02
2.999935703545508758e-02
2.999935703545528881e-02
2.999935703545516391e-02
2.999935703545527146e-02
2.999935703545515697e-02
2.999935703545519861e-02
2.999935703545498350e-02
2.999935703545484472e-02
2.999935703545507371e-02
2.999935703545506677e-02
2.999935703545485166e-02
2.999935703545506677e-02
2.999935703545506677e-02
2.999935703545536861e-02
2.999935703545509452e-02
2.999935703545496962e-02
2.999935703545516391e-02
2.999935703545508064e-02
2.999935703545506330e-02
2.999935703545514309e-02
2.999935703545499738e-02
2.999935703545522636e-02
2.999935703545506677e-02
2.999935703545513616e-02
2.999935703545504248e-02
2.999935703545504248e-02
2.999935703545508411e-02
2.999935703545516044e-02
2.999935703545521595e-02
2.999935703545517085e-02
2.999935703545509105e-02
2.999935703545524371e-02
2.999935703545521942e-02
2.999935703545511187e-02
2.999935703545514656e-02
2.999935703545514309e-02
2.999935703545507024e-02
2.999935703545512575e-02
2.999935703545517085e-02
2.999935703545510840e-02
2.999935703545513963e-02
2.999935703545512922e-02
2.999935703545518473e-02
2.999935703545510493e-02
2.999935703545518473e-02
2.999935703545521248e-02
2.999935703545516738e-02
2.999935703545521942e-02
2.999935703545520208e-02
2.999935703545519514e-02
2.999935703545520208e-02
2.999935703545519514e-02
2.999935703545522289e-02
2.999935703545521248e-02
2.999935703545521942e-02
2.999935703545522289e-02
2.999935703545521248e-02
2.999935703545522983e-02
2.999935703545522289e-02
2.999935703545524371e-02
2.999935703545522636e-02
2.999935703545524718e-02
2.999935703545524371e-02
2.999935703545524371e-02
2.999935703545525065e-02
2.999935703545524718e-02
2.999935703545525412e-02
2.999935703545526453e-02
2.999935703545527146e-02
2.999935703545527493e-02
2.999935703545528534e-02
2.999935703545529228e-02
2.999935703545530616e-02
2.999935703545531657e-02
2.999935703545532004e-02
2.999935703545533044e-02
2.999935703545534085e-02
2.999935703545534085e-02
2.999935703545536861e-02
2.999935703545536861e-02
2.999935703545537208e-02
2.999935703545537902e-02
2.999935703545538596e-02
2.999935703545539983e-02
2.999935703545541718e-02
2.999935703545541718e-02
2.999935703545542065e-02
2.999935703545542065e-02
2.999935703545543453e-02
2.999935703545544494e-02
2.999935703545543800e-02
2.999935703545545881e-02
2.999935703545545188e-02
2.999935703545544147e-02
2.999935703545546228e-02
2.999935703545547963e-02
2.999935703545546575e-02
2.999935703545549351e-02
2.999935703545549351e-02
2.999935703545545188e-02
2.999935703545550045e-02
2.999935703545548657e-02
2.999935703545547616e-02
2.999935703545551086e-02
2.999935703545555249e-02
2.999935703545559412e-02
2.999935703545553167e-02
2.999935703545546575e-02
2.999935703545555249e-02
2.999935703545550045e-02
2.999935703545556290e-02
2.999935703545551779e-02
2.999935703545555596e-02
2.999935703545551433e-02
2.999935703545551433e-02
2.999935703545561494e-02
2.999935703545567045e-02
2.999935703545557678e-02
2.999935703545562882e-02
2.999935703545558718e-02
2.999935703545564616e-02
2.999935703545557678e-02
2.999935703545559412e-02
2.999935703545564963e-02
2.999935703545562188e-02
2.999935703545563576e-02
2.999935703545561147e-02
2.999935703545567045e-02
2.999935703545576413e-02
2.999935703545564616e-02
2.999935703545565310e-02
2.999935703545570514e-02
2.999935703545574331e-02
2.999935703545562188e-02
2.999935703545559412e-02
2.999935703545567045e-02
2.999935703545591331e-02
2.999935703545574678e-02
2.999935703545583005e-02
2.999935703545552473e-02
2.999935703545590637e-02
2.999935703545573290e-02
2.999935703545590637e-02
2.999935703545576066e-02
2.999935703545593413e-02
2.999935703545589250e-02
2.999935703545571902e-02
2.999935703545561494e-02
2.999935703545593760e-02
2.999935703545572596e-02
2.999935703545558718e-02
2.999935703545563923e-02
2.999935703545585433e-02
2.999935703545574678e-02
2.999935703545579535e-02
2.999935703545589250e-02
2.999935703545554208e-02
2.999935703545596188e-02
2.999935703545582311e-02
2.999935703545581617e-02
2.999935703545598270e-02
2.999935703545607985e-02
2.999935703545610760e-02
2.999935703545595495e-02
2.999935703545577453e-02
2.999935703545587862e-02
2.999935703545594801e-02
2.999935703545562188e-02
2.999935703545585780e-02
2.999935703545655863e-02
2.999935703545601740e-02
2.999935703545611454e-02
2.999935703545592719e-02
2.999935703545601740e-02
2.999935703545566698e-02
2.999935703545634005e-02
2.999935703545618046e-02
2.999935703545639903e-02
2.999935703545639903e-02
2.999935703545625679e-02
2.999935703545606597e-02
2.999935703545602433e-02
2.999935703545602433e-02
2.999935703545621168e-02
2.999935703545609372e-02
2.999935703545569821e-02
2.999935703545608331e-02
2.999935703545601046e-02
2.999935703545617352e-02
2.999935703545625679e-02
2.999935703545608678e-02
2.999935703545625679e-02
2.999935703545577800e-02
2.999935703545653087e-02
2.999935703545574331e-02
2.999935703545564269e-02
2.999935703545627413e-02
2.999935703545618393e-02
2.999935703545638516e-02
2.999935703545636434e-02
2.999935703545594801e-02
2.999935703545609372e-02
2.999935703545582311e-02
2.999935703545690557e-02
2.999935703545636434e-02
2.999935703545673210e-02
2.999935703545563576e-02
2.999935703545542759e-02
2.999935703545634005e-02
2.999935703545560106e-02
2.999935703545584392e-02
2.999935703545547269e-02
2.999935703545654475e-02
2.999935703545576759e-02
2.999935703545601046e-02
2.999935703545547269e-02
2.999935703545581617e-02
2.999935703545518820e-02
2.999935703545622903e-02
2.999935703545550739e-02
2.999935703545676680e-02
2.999935703545646842e-02
2.999935703545670435e-02
2.999935703545636087e-02
2.999935703545687782e-02
2.999935703545576066e-02
2.999935703545643026e-02
2.999935703545591678e-02
2.999935703545670088e-02
2.999935703545582658e-02
2.999935703545556290e-02
2.999935703545664883e-02
2.999935703545527840e-02
2.999935703545596188e-02
2.999935703545708598e-02
2.999935703545719701e-02
2.999935703545610066e-02
2.999935703545691945e-02
2.999935703545702700e-02
2.999935703545722823e-02
2.999935703545666965e-02
2.999935703545730109e-02
2.999935703545614576e-02
2.999935703545651700e-02
2.999935703545637128e-02
2.999935703545656210e-02
2.999935703545559759e-02
2.999935703545815457e-02
2.999935703545685006e-02
2.999935703545671128e-02
2.999935703545646842e-02
2.999935703545716578e-02
2.999935703545615964e-02
2.999935703545654128e-02
2.999935703545768620e-02
2.999935703545686047e-02
2.999935703545746069e-02
2.999935703545673904e-02
2.999935703545636087e-02
2.999935703545620475e-02
2.999935703545594107e-02
2.999935703545562188e-02
2.999935703545684312e-02
2.999935703545656904e-02
2.999935703545568433e-02
2.999935703545682578e-02
2.999935703545608678e-02
2.999935703545641985e-02
2.999935703545584045e-02
2.999935703545707905e-02
2.999935703545634352e-02
2.999935703545651006e-02
2.999935703545719007e-02
2.999935703545608678e-02
2.999935703545786661e-02
2.999935703545664537e-02
2.999935703545748844e-02
2.999935703545644414e-02
2.999935703545649965e-02
2.999935703545572249e-02
2.999935703545682925e-02
2.999935703545770355e-02
2.999935703545632965e-02
2.999935703545644414e-02
2.999935703545617699e-02
2.999935703545697149e-02
2.999935703545662802e-02
2.999935703545843213e-02
2.999935703545722823e-02
2.999935703545773824e-02
2.999935703545578147e-02
2.999935703545705476e-02
2.999935703545745375e-02
2.999935703545614923e-02
2.999935703545709986e-02
2.999935703545543453e-02
2.999935703545724905e-02
2.999935703545698190e-02
2.999935703545791518e-02
2.999935703545746762e-02
2.999935703545738436e-02
2.999935703545664883e-02
2.999935703545630883e-02
2.999935703545670088e-02
2.999935703545783539e-02
2.999935703545774518e-02
2.999935703545692292e-02
2.999935703545788396e-02
2.999935703545762722e-02
2.999935703545616311e-02
2.999935703545664190e-02
2.999935703545723170e-02
2.999935703545734619e-02
2.999935703545750232e-02
2.999935703545597923e-02
2.999935703545712068e-02
2.999935703545613536e-02
2.999935703545721782e-02
2.999935703545779722e-02
2.999935703545718313e-02
2.999935703545723517e-02
2.999935703545614576e-02
2.999935703545689863e-02
2.999935703545687782e-02
2.999935703545617699e-02
2.999935703545656557e-02
2.999935703545692292e-02
2.999935703545784579e-02
2.999935703545553861e-02
2.999935703545709639e-02
2.999935703545743293e-02
2.999935703545776253e-02
2.999935703545727333e-02
2.999935703545637822e-02
2.999935703545707211e-02
2.999935703545675292e-02
2.999935703545720395e-02
2.999935703545635393e-02
2.999935703545822396e-02
2.999935703545812682e-02
2.999935703545660373e-02
2.999935703545777294e-02
2.999935703545807825e-02
2.999935703545617005e-02
2.999935703545687088e-02
2.999935703545675292e-02
2.999935703545806090e-02
2.999935703545719007e-02
2.999935703545764110e-02
2.999935703545799498e-02
2.999935703545739130e-02
2.999935703545707558e-02
2.999935703545784926e-02
2.999935703545641985e-02
2.999935703545572249e-02
2.999935703545558024e-02
2.999935703545777294e-02
2.999935703545826560e-02
2.999935703545881377e-02
2.999935703545682231e-02
2.999935703545858479e-02
2.999935703545712762e-02
2.999935703545808519e-02
2.999935703545717619e-02
2.999935703545923010e-02
2.999935703545902888e-02
2.999935703545715190e-02
2.999935703545724558e-02
2.999935703545822396e-02
2.999935703545726293e-02
2.999935703545784579e-02
2.999935703545787702e-02
2.999935703545804702e-02
2.999935703545800192e-02
2.999935703545766538e-02
2.999935703545757171e-02
2.999935703545805743e-02
2.999935703545590290e-02
2.999935703545729415e-02
2.999935703545772089e-02
2.999935703545801580e-02
2.999935703545862642e-02
2.999935703545797416e-02
2.999935703545789437e-02
2.999935703545841825e-02
2.999935703545787008e-02
2.999935703545684312e-02
2.999935703545826907e-02
2.999935703545753007e-02
2.999935703545754395e-02
2.999935703545648924e-02
2.999935703546026053e-02
2.999935703545735660e-02
2.999935703545788743e-02
2.999935703545858479e-02
2.999935703545729415e-02
2.999935703545673904e-02
2.999935703545927174e-02
2.999935703545754395e-02
2.999935703545724905e-02
2.999935703545870969e-02
2.999935703545746762e-02
2.999935703545861948e-02
2.999935703545772783e-02
2.999935703545812335e-02
2.999935703545872356e-02
2.999935703545949031e-02
2.999935703545781457e-02
2.999935703545828988e-02
2.999935703545855703e-02
2.999935703545790477e-02
2.999935703545890744e-02
2.999935703545905663e-02
2.999935703545877214e-02
2.999935703545728027e-02
2.999935703546012522e-02
2.999935703545894908e-02
2.999935703545847376e-02
2.999935703545798804e-02
2.999935703545890398e-02
2.999935703545897336e-02
2.999935703545711374e-02
2.999935703545852234e-02
2.999935703545913990e-02
2.999935703545945562e-02
2.999935703545912949e-02
2.999935703545887622e-02
2.999935703545988583e-02
2.999935703546089891e-02
2.999935703545931337e-02
2.999935703545854315e-02
2.999935703545740170e-02
2.999935703545823437e-02
2.999935703545698190e-02
2.999935703545796722e-02
2.999935703545924398e-02
2.999935703545831417e-02
2.999935703545858826e-02
2.999935703545869581e-02
2.999935703545889357e-02
2.999935703545801927e-02
2.999935703546072197e-02
2.999935703545784579e-02
2.999935703545691945e-02
2.999935703545940011e-02
2.999935703545866805e-02
2.999935703546017379e-02
2.999935703545703394e-02
2.999935703545864030e-02
2.999935703545827947e-02
2.999935703545960827e-02
2.999935703545882071e-02
2.999935703545696802e-02
2.999935703545848764e-02
2.999935703545919541e-02
2.999935703545610066e-02
2.999935703545881377e-02
2.999935703545955623e-02
2.999935703545926827e-02
2.999935703545898724e-02
2.999935703545895602e-02
2.999935703545763416e-02
2.999935703545864724e-02
2.999935703545903234e-02
2.999935703545935847e-02
2.999935703545829335e-02
2.999935703545861601e-02
2.999935703545966031e-02
2.999935703546013216e-02
2.999935703546101687e-02
2.999935703545887969e-02
2.999935703545637822e-02
2.999935703545990318e-02
2.999935703545803314e-02
2.999935703545789784e-02
2.999935703545913296e-02
2.999935703545887622e-02
2.999935703545771742e-02
2.999935703545777294e-02
2.999935703545873050e-02
2.999935703545944174e-02
2.999935703545960827e-02
2.999935703546103075e-02
2.999935703545842866e-02
2.999935703545725599e-02
2.999935703545713456e-02
2.999935703545725252e-02
2.999935703545964991e-02
2.999935703545882071e-02
2.999935703545812682e-02
2.999935703545551086e-02
2.999935703546103768e-02
2.999935703545875479e-02
2.999935703545957011e-02
2.999935703546120769e-02
2.999935703545884846e-02
2.999935703545511534e-02
2.999935703545753007e-02
2.999935703546210627e-02
2.999935703545970195e-02
2.999935703546095095e-02
2.999935703545733232e-02
2.999935703545745375e-02
2.999935703545877907e-02
2.999935703546113483e-02
2.999935703546008359e-02
2.999935703545845989e-02
2.999935703546191545e-02
2.999935703546017726e-02
2.999935703546020849e-02
2.999935703546108279e-02
2.999935703545808519e-02
2.999935703546071850e-02
2.999935703546095789e-02
2.999935703545955623e-02
2.999935703546017379e-02
2.999935703545780763e-02
2.999935703545959786e-02
2.999935703545757171e-02
2.999935703546314017e-02
2.999935703546124238e-02
2.999935703546164137e-02
2.999935703545756824e-02
2.999935703546159974e-02
2.999935703545922663e-02
2.999935703545772089e-02
2.999935703546121116e-02
2.999935703546047910e-02
2.999935703546166912e-02
2.999935703545656557e-02
2.999935703546155810e-02
2.999935703545938623e-02
2.999935703545500779e-02
2.999935703546163096e-02
2.999935703545897336e-02
2.999935703545839050e-02
2.999935703545974011e-02
2.999935703546094054e-02
2.999935703545975746e-02
2.999935703545769661e-02
2.999935703545439022e-02
2.999935703545949378e-02
2.999935703545835580e-02
2.999935703546129789e-02
2.999935703546104462e-02
2.999935703546004542e-02
2.999935703546275853e-02
2.999935703545770702e-02
2.999935703545710680e-02
2.999935703546469448e-02
2.999935703546084687e-02
2.999935703545608331e-02
2.999935703545825866e-02
2.999935703545479962e-02
2.999935703545913296e-02
2.999935703546231097e-02
2.999935703545853621e-02
2.999935703545937929e-02
2.999935703545932378e-02
2.999935703546404570e-02
2.999935703546026053e-02
2.999935703546029869e-02
2.999935703545861254e-02
2.999935703545962909e-02
2.999935703545845989e-02
2.999935703545806784e-02
2.999935703545630189e-02
2.999935703545521595e-02
2.999935703546033339e-02
2.999935703545713109e-02
