2.999933778246476057e-02
2.999933778246977739e-02
2.999933778246828206e-02
2.999933778246798369e-02
2.999933778246456628e-02
2.999933778246910779e-02
2.999933778246765062e-02
2.999933778246707816e-02
2.999933778246713020e-02
2.999933778246435118e-02
2.999933778246696367e-02
2.999933778246644672e-02
2.999933778246800103e-02
2.999933778247162661e-02
2.999933778246849370e-02
2.999933778247170640e-02
2.999933778246850063e-02
2.999933778246830635e-02
2.999933778246699490e-02
2.999933778246387239e-02
2.999933778246464608e-02
2.999933778246962127e-02
2.999933778246388627e-02
2.999933778246697061e-02
2.999933778246668958e-02
2.999933778246862207e-02
2.999933778246505894e-02
2.999933778246307442e-02
2.999933778246910085e-02
2.999933778246692204e-02
2.999933778246453506e-02
2.999933778246921881e-02
2.999933778246536079e-02
2.999933778246690469e-02
2.999933778246510058e-02
2.999933778246764021e-02
2.999933778246471200e-02
2.999933778246755348e-02
2.999933778246603733e-02
2.999933778246396260e-02
2.999933778246751878e-02
2.999933778246629407e-02
2.999933778246822308e-02
2.999933778246853880e-02
2.999933778247051291e-02
2.999933778246605121e-02
2.999933778246644672e-02
2.999933778246384811e-02
2.999933778246466690e-02
2.999933778246612059e-02
2.999933778246630101e-02
2.999933778246515262e-02
2.999933778246875390e-02
2.999933778246571814e-02
2.999933778246637733e-02
2.999933778246910085e-02
2.999933778246970106e-02
2.999933778246738347e-02
2.999933778246793165e-02
2.999933778246618998e-02
2.999933778246675203e-02
2.999933778246573202e-02
2.999933778246895860e-02
2.999933778246580834e-02
2.999933778246819532e-02
2.999933778246686999e-02
2.999933778246541630e-02
2.999933778246966637e-02
2.999933778246871574e-02
2.999933778246414301e-02
2.999933778246908003e-02
2.999933778246806348e-02
2.999933778246552038e-02
2.999933778246716143e-02
2.999933778246601998e-02
2.999933778246553079e-02
2.999933778246668958e-02
2.999933778246647448e-02
2.999933778246496874e-02
2.999933778246835492e-02
2.999933778246764021e-02
2.999933778246912860e-02
2.999933778246840349e-02
2.999933778246785185e-02
2.999933778246506935e-02
2.999933778246683877e-02
2.999933778246759164e-02
2.999933778246963167e-02
2.999933778246707816e-02
2.999933778246866370e-02
2.999933778246539548e-02
2.999933778246629407e-02
2.999933778246522548e-02
2.999933778246370586e-02
2.999933778246376831e-02
2.999933778246858737e-02
2.999933778246659591e-02
2.999933778246768185e-02
2.999933778246521160e-02
2.999933778246545793e-02
2.999933778246312993e-02
2.999933778246658550e-02
2.999933778246496527e-02
2.999933778246601998e-02
2.999933778246657162e-02
2.999933778246666183e-02
2.999933778246605814e-02
2.999933778246719959e-02
2.999933778246767491e-02
2.999933778246571120e-02
2.999933778246755348e-02
2.999933778246768878e-02
2.999933778246636346e-02
2.999933778246785532e-02
2.999933778246605814e-02
2.999933778246740429e-02
2.999933778246540589e-02
2.999933778246621774e-02
2.999933778246599569e-02
2.999933778246712673e-02
2.999933778246668264e-02
2.999933778246797675e-02
2.999933778246593324e-02
2.999933778246701571e-02
2.999933778246714755e-02
2.999933778246586732e-02
2.999933778246563487e-02
2.999933778246554814e-02
2.999933778246779634e-02
2.999933778246584998e-02
2.999933778246672428e-02
2.999933778246740776e-02
2.999933778246700877e-02
2.999933778246580141e-02
2.999933778246609978e-02
2.999933778246682836e-02
2.999933778246690469e-02
2.999933778246624549e-02
2.999933778246687693e-02
2.999933778246654387e-02
2.999933778246660632e-02
2.999933778246625937e-02
2.999933778246682142e-02
2.999933778246638427e-02
2.999933778246759511e-02
2.999933778246622121e-02
2.999933778246725857e-02
2.999933778246365035e-02
2.999933778246532609e-02
2.999933778246699143e-02
2.999933778246790042e-02
2.999933778246777899e-02
2.999933778246741817e-02
2.999933778246693244e-02
2.999933778246776164e-02
2.999933778246678673e-02
2.999933778246598182e-02
2.999933778246737653e-02
2.999933778246505894e-02
2.999933778246742164e-02
2.999933778246556548e-02
2.999933778246661326e-02
2.999933778246594018e-02
2.999933778246519078e-02
2.999933778246517690e-02
2.999933778246757776e-02
2.999933778246554467e-02
2.999933778246616917e-02
2.999933778246543017e-02
2.999933778246615529e-02
2.999933778246622815e-02
2.999933778246575283e-02
2.999933778246611366e-02
2.999933778246609978e-02
2.999933778246578753e-02
2.999933778246750143e-02
2.999933778246620386e-02
2.999933778246616570e-02
2.999933778246532956e-02
2.999933778246599569e-02
2.999933778246736266e-02
2.999933778246621774e-02
2.999933778246593324e-02
2.999933778246648836e-02
2.999933778246727939e-02
2.999933778246573896e-02
2.999933778246471200e-02
2.999933778246431648e-02
2.999933778246629407e-02
2.999933778246731408e-02
2.999933778246563834e-02
2.999933778246609284e-02
2.999933778246621774e-02
2.999933778246537466e-02
2.999933778246618304e-02
2.999933778246505200e-02
2.999933778246731408e-02
2.999933778246734184e-02
2.999933778246665489e-02
2.999933778246625590e-02
2.999933778246661326e-02
2.999933778246578753e-02
2.999933778246543364e-02
2.999933778246667571e-02
2.999933778246601651e-02
2.999933778246615876e-02
2.999933778246596794e-02
2.999933778246616570e-02
2.999933778246595059e-02
2.999933778246620733e-02
2.999933778246629407e-02
2.999933778246617611e-02
2.999933778246620733e-02
2.999933778246732796e-02
2.999933778246482649e-02
2.999933778246607896e-02
2.999933778246650570e-02
2.999933778246533997e-02
2.999933778246650223e-02
2.999933778246624896e-02
2.999933778246599569e-02
2.999933778246664795e-02
2.999933778246751531e-02
2.999933778246596794e-02
2.999933778246846247e-02
2.999933778246560018e-02
2.999933778246523242e-02
2.999933778246619692e-02
2.999933778246566263e-02
2.999933778246573202e-02
2.999933778246604427e-02
2.999933778246610672e-02
2.999933778246441363e-02
2.999933778246670346e-02
2.999933778246680754e-02
2.999933778246645019e-02
2.999933778246642244e-02
2.999933778246553773e-02
2.999933778246584304e-02
2.999933778246557936e-02
2.999933778246598182e-02
2.999933778246567997e-02
2.999933778246589508e-02
2.999933778246599916e-02
2.999933778246601304e-02
2.999933778246603039e-02
2.999933778246707816e-02
2.999933778246567651e-02
2.999933778246681448e-02
2.999933778246451424e-02
2.999933778246594018e-02
2.999933778246622815e-02
2.999933778246549609e-02
2.999933778246713367e-02
2.999933778246579447e-02
2.999933778246527752e-02
2.999933778246661326e-02
2.999933778246677285e-02
2.999933778246685959e-02
2.999933778246632182e-02
2.999933778246635999e-02
2.999933778246692551e-02
2.999933778246625937e-02
2.999933778246605467e-02
2.999933778246652999e-02
2.999933778246674163e-02
2.999933778246651611e-02
2.999933778246642244e-02
2.999933778246591243e-02
2.999933778246509364e-02
2.999933778246628019e-02
2.999933778246668264e-02
2.999933778246642591e-02
2.999933778246619345e-02
2.999933778246646060e-02
2.999933778246555854e-02
2.999933778246535732e-02
2.999933778246683877e-02
2.999933778246584304e-02
2.999933778246624896e-02
2.999933778246584998e-02
2.999933778246673122e-02
2.999933778246526017e-02
2.999933778246649876e-02
2.999933778246603733e-02
2.999933778246597488e-02
2.999933778246548916e-02
2.999933778246548222e-02
2.999933778246520813e-02
2.999933778246649183e-02
2.999933778246550997e-02
2.999933778246573896e-02
2.999933778246589508e-02
2.999933778246434077e-02
2.999933778246641203e-02
2.999933778246665142e-02
2.999933778246563834e-02
2.999933778246475363e-02
2.999933778246610325e-02
2.999933778246624896e-02
2.999933778246501037e-02
2.999933778246518384e-02
2.999933778246587426e-02
2.999933778246587773e-02
2.999933778246608243e-02
2.999933778246494445e-02
2.999933778246500690e-02
2.999933778246558630e-02
2.999933778246584998e-02
2.999933778246657856e-02
2.999933778246582916e-02
2.999933778246528446e-02
2.999933778246542670e-02
2.999933778246613447e-02
2.999933778246588467e-02
2.999933778246521160e-02
2.999933778246612059e-02
2.999933778246659591e-02
2.999933778246528793e-02
2.999933778246603733e-02
2.999933778246510058e-02
2.999933778246646060e-02
2.999933778246609284e-02
2.999933778246476057e-02
2.999933778246676244e-02
2.999933778246597488e-02
2.999933778246571120e-02
2.999933778246620386e-02
2.999933778246493057e-02
2.999933778246579447e-02
2.999933778246397648e-02
2.999933778246608937e-02
2.999933778246563487e-02
2.999933778246691857e-02
2.999933778246550997e-02
2.999933778246482649e-02
2.999933778246455240e-02
2.999933778246570773e-02
2.999933778246753613e-02
2.999933778246610672e-02
2.999933778246557589e-02
2.999933778246544405e-02
2.999933778246555854e-02
2.999933778246560712e-02
2.999933778246511792e-02
2.999933778246561406e-02
2.999933778246506588e-02
2.999933778246494098e-02
2.999933778246462526e-02
2.999933778246540936e-02
2.999933778246553079e-02
2.999933778246601651e-02
2.999933778246532262e-02
2.999933778246548916e-02
2.999933778246606855e-02
2.999933778246480914e-02
2.999933778246544752e-02
2.999933778246503119e-02
2.999933778246576671e-02
2.999933778246682489e-02
2.999933778246584998e-02
2.999933778246624896e-02
2.999933778246557589e-02
2.999933778246472241e-02
2.999933778246503119e-02
2.999933778246496874e-02
2.999933778246539895e-02
2.999933778246519078e-02
2.999933778246503813e-02
2.999933778246510058e-02
2.999933778246505894e-02
2.999933778246566263e-02
2.999933778246539548e-02
2.999933778246496180e-02
2.999933778246596794e-02
2.999933778246514915e-02
2.999933778246603733e-02
2.999933778246571120e-02
2.999933778246526711e-02
2.999933778246596794e-02
2.999933778246489588e-02
2.999933778246541283e-02
2.999933778246556548e-02
2.999933778246524629e-02
2.999933778246557936e-02
2.999933778246525323e-02
2.999933778246549609e-02
2.999933778246566263e-02
2.999933778246558283e-02
2.999933778246496874e-02
2.999933778246536772e-02
2.999933778246532262e-02
2.999933778246531221e-02
2.999933778246595406e-02
2.999933778246527752e-02
2.999933778246553079e-02
2.999933778246558977e-02
2.999933778246539548e-02
2.999933778246555854e-02
2.999933778246525323e-02
2.999933778246528099e-02
2.999933778246533650e-02
2.999933778246584304e-02
2.999933778246542670e-02
2.999933778246571467e-02
2.999933778246524629e-02
2.999933778246508670e-02
2.999933778246572508e-02
2.999933778246537466e-02
2.999933778246528793e-02
2.999933778246526017e-02
2.999933778246558283e-02
2.999933778246605121e-02
2.999933778246546487e-02
2.999933778246579447e-02
2.999933778246546834e-02
2.999933778246565569e-02
2.999933778246561406e-02
2.999933778246519772e-02
2.999933778246521507e-02
2.999933778246537466e-02
2.999933778246572508e-02
2.999933778246506935e-02
2.999933778246530180e-02
2.999933778246567997e-02
2.999933778246573202e-02
2.999933778246570426e-02
2.999933778246553773e-02
2.999933778246571120e-02
2.999933778246541283e-02
2.999933778246552385e-02
2.999933778246565569e-02
2.999933778246546834e-02
2.999933778246577365e-02
2.999933778246527405e-02
2.999933778246541283e-02
2.999933778246532609e-02
2.999933778246560018e-02
2.999933778246555161e-02
2.999933778246560365e-02
2.999933778246532262e-02
2.999933778246542324e-02
2.999933778246580141e-02
2.999933778246567651e-02
2.999933778246553079e-02
2.999933778246555161e-02
2.999933778246557242e-02
2.999933778246559324e-02
2.999933778246565569e-02
2.999933778246554467e-02
2.999933778246560365e-02
2.999933778246563834e-02
2.999933778246560365e-02
2.999933778246553773e-02
2.999933778246558630e-02
2.999933778246556548e-02
2.999933778246558630e-02
2.999933778246558283e-02
2.999933778246557936e-02
2.999933778246564875e-02
2.999933778246565569e-02
2.999933778246566610e-02
2.999933778246566263e-02
2.999933778246559324e-02
2.999933778246567651e-02
2.999933778246572508e-02
2.999933778246574589e-02
2.999933778246563834e-02
2.999933778246573896e-02
2.999933778246573202e-02
2.999933778246570426e-02
2.999933778246567651e-02
2.999933778246569038e-02
2.999933778246570773e-02
2.999933778246566957e-02
2.999933778246572508e-02
2.999933778246577018e-02
2.999933778246574589e-02
2.999933778246573896e-02
2.999933778246574589e-02
2.999933778246577365e-02
2.999933778246578059e-02
2.999933778246577712e-02
2.999933778246581181e-02
2.999933778246578059e-02
2.999933778246577365e-02
2.999933778246577712e-02
2.999933778246579447e-02
2.999933778246581875e-02
2.999933778246582916e-02
2.999933778246581875e-02
2.999933778246582222e-02
2.999933778246583263e-02
2.999933778246584651e-02
2.999933778246584304e-02
2.999933778246584998e-02
2.999933778246586732e-02
2.999933778246587426e-02
2.999933778246587773e-02
2.999933778246589161e-02
2.999933778246591243e-02
2.999933778246592284e-02
2.999933778246593324e-02
2.999933778246595059e-02
2.999933778246595406e-02
2.999933778246595753e-02
2.999933778246598182e-02
2.999933778246598876e-02
2.999933778246599916e-02
2.999933778246599916e-02
2.999933778246601304e-02
2.999933778246601304e-02
2.999933778246603386e-02
2.999933778246602345e-02
2.999933778246604427e-02
2.999933778246604774e-02
2.999933778246603386e-02
2.999933778246605121e-02
2.999933778246604080e-02
2.999933778246606508e-02
2.999933778246607202e-02
2.999933778246608243e-02
2.999933778246606855e-02
2.999933778246605467e-02
2.999933778246608243e-02
2.999933778246611019e-02
2.999933778246609284e-02
2.999933778246609631e-02
2.999933778246607549e-02
2.999933778246613447e-02
2.999933778246612059e-02
2.999933778246605121e-02
2.999933778246612406e-02
2.999933778246615876e-02
2.999933778246616917e-02
2.999933778246617611e-02
2.999933778246622121e-02
2.999933778246614835e-02
2.999933778246612753e-02
2.999933778246622121e-02
2.999933778246621080e-02
2.999933778246612753e-02
2.999933778246620386e-02
2.999933778246622121e-02
2.999933778246609284e-02
2.999933778246609978e-02
2.999933778246608937e-02
2.999933778246620733e-02
2.999933778246624896e-02
2.999933778246625243e-02
2.999933778246619692e-02
2.999933778246628019e-02
2.999933778246625243e-02
2.999933778246632182e-02
2.999933778246621080e-02
2.999933778246635652e-02
2.999933778246650223e-02
2.999933778246625243e-02
2.999933778246635652e-02
2.999933778246623162e-02
2.999933778246641897e-02
2.999933778246616570e-02
2.999933778246645366e-02
2.999933778246646060e-02
2.999933778246631141e-02
2.999933778246634264e-02
2.999933778246630101e-02
2.999933778246625243e-02
2.999933778246639468e-02
2.999933778246616223e-02
2.999933778246624549e-02
2.999933778246607549e-02
2.999933778246628713e-02
2.999933778246616917e-02
2.999933778246652652e-02
2.999933778246648836e-02
2.999933778246638080e-02
2.999933778246627325e-02
2.999933778246655774e-02
2.999933778246661326e-02
2.999933778246657856e-02
2.999933778246662019e-02
2.999933778246651611e-02
2.999933778246662019e-02
2.999933778246615182e-02
2.999933778246651611e-02
2.999933778246647795e-02
2.999933778246639815e-02
2.999933778246666877e-02
2.999933778246633223e-02
2.999933778246635305e-02
2.999933778246647448e-02
2.999933778246611019e-02
2.999933778246681448e-02
2.999933778246646754e-02
2.999933778246663754e-02
2.999933778246652305e-02
2.999933778246675203e-02
2.999933778246658550e-02
2.999933778246648836e-02
2.999933778246722388e-02
2.999933778246700877e-02
2.999933778246641550e-02
2.999933778246643284e-02
2.999933778246682836e-02
2.999933778246650570e-02
2.999933778246658550e-02
2.999933778246645366e-02
2.999933778246676591e-02
2.999933778246661326e-02
2.999933778246675203e-02
2.999933778246661326e-02
2.999933778246684571e-02
2.999933778246708510e-02
2.999933778246691857e-02
2.999933778246643284e-02
2.999933778246677285e-02
2.999933778246699490e-02
2.999933778246639815e-02
2.999933778246626978e-02
2.999933778246652999e-02
2.999933778246605814e-02
2.999933778246637039e-02
2.999933778246654387e-02
2.999933778246708163e-02
2.999933778246709204e-02
2.999933778246688734e-02
2.999933778246705041e-02
2.999933778246630448e-02
2.999933778246611019e-02
2.999933778246618304e-02
2.999933778246683530e-02
2.999933778246663060e-02
2.999933778246654734e-02
2.999933778246738694e-02
2.999933778246793858e-02
2.999933778246656468e-02
2.999933778246696714e-02
2.999933778246692551e-02
2.999933778246646754e-02
2.999933778246680061e-02
2.999933778246727592e-02
2.999933778246661673e-02
2.999933778246609631e-02
2.999933778246617611e-02
2.999933778246702959e-02
2.999933778246647101e-02
2.999933778246733143e-02
2.999933778246723082e-02
2.999933778246640856e-02
2.999933778246714755e-02
2.999933778246759511e-02
2.999933778246693938e-02
2.999933778246657856e-02
2.999933778246696714e-02
2.999933778246730715e-02
2.999933778246684224e-02
2.999933778246705041e-02
2.999933778246729327e-02
2.999933778246751531e-02
2.999933778246722735e-02
2.999933778246750837e-02
2.999933778246696020e-02
2.999933778246703653e-02
2.999933778246656815e-02
2.999933778246712673e-02
2.999933778246741123e-02
2.999933778246698102e-02
2.999933778246681795e-02
2.999933778246670693e-02
2.999933778246693591e-02
2.999933778246773042e-02
2.999933778246684224e-02
2.999933778246716837e-02
2.999933778246710939e-02
2.999933778246732102e-02
2.999933778246777899e-02
2.999933778246639468e-02
2.999933778246626284e-02
2.999933778246734184e-02
2.999933778246750143e-02
2.999933778246684224e-02
2.999933778246676938e-02
2.999933778246672081e-02
2.999933778246730715e-02
2.999933778246681448e-02
2.999933778246680754e-02
2.999933778246645366e-02
2.999933778246795246e-02
2.999933778246750143e-02
2.999933778246726204e-02
2.999933778246696020e-02
2.999933778246550997e-02
2.999933778246750837e-02
2.999933778246750837e-02
2.999933778246807042e-02
2.999933778246868799e-02
2.999933778246589161e-02
2.999933778246779287e-02
2.999933778246773736e-02
2.999933778246841737e-02
2.999933778246787960e-02
2.999933778246791083e-02
2.999933778246714408e-02
2.999933778246753613e-02
2.999933778246730715e-02
2.999933778246752572e-02
2.999933778246759858e-02
2.999933778246719612e-02
2.999933778246909391e-02
2.999933778246646060e-02
2.999933778246650223e-02
2.999933778246772001e-02
2.999933778246757082e-02
2.999933778246820226e-02
2.999933778246624203e-02
2.999933778246738347e-02
2.999933778246692898e-02
2.999933778246741817e-02
2.999933778246800450e-02
2.999933778246762286e-02
2.999933778246643631e-02
2.999933778246714755e-02
2.999933778246738347e-02
2.999933778246764021e-02
2.999933778246712673e-02
2.999933778246723082e-02
2.999933778246766797e-02
2.999933778246783450e-02
2.999933778246617264e-02
2.999933778246813634e-02
2.999933778246858390e-02
2.999933778246734184e-02
2.999933778246641550e-02
2.999933778246667571e-02
2.999933778246649529e-02
2.999933778246852145e-02
2.999933778246800103e-02
2.999933778246776511e-02
2.999933778246755001e-02
2.999933778246770266e-02
2.999933778246739735e-02
2.999933778246809818e-02
2.999933778246870880e-02
2.999933778246889962e-02
2.999933778246892738e-02
2.999933778246826471e-02
2.999933778246728980e-02
2.999933778246678326e-02
2.999933778246750143e-02
2.999933778246754307e-02
2.999933778246743898e-02
2.999933778246794552e-02
2.999933778246765062e-02
2.999933778246700183e-02
2.999933778246778246e-02
2.999933778246747715e-02
2.999933778246800103e-02
2.999933778246760205e-02
2.999933778246878513e-02
2.999933778246783103e-02
2.999933778246862554e-02
2.999933778246707816e-02
2.999933778246672428e-02
2.999933778246803920e-02
2.999933778246826471e-02
2.999933778246729327e-02
2.999933778246876431e-02
2.999933778246692551e-02
2.999933778246810512e-02
2.999933778246795246e-02
2.999933778246826818e-02
2.999933778246813287e-02
2.999933778246777899e-02
2.999933778246834798e-02
2.999933778246931249e-02
2.999933778246787267e-02
2.999933778246761940e-02
2.999933778246844859e-02
2.999933778246790736e-02
2.999933778247021454e-02
2.999933778246777552e-02
2.999933778246938187e-02
2.999933778246700183e-02
2.999933778246896554e-02
2.999933778246893779e-02
2.999933778246843818e-02
2.999933778246881982e-02
2.999933778246759164e-02
2.999933778246837573e-02
2.999933778246792124e-02
2.999933778246847982e-02
2.999933778246934024e-02
2.999933778246836880e-02
2.999933778246794552e-02
2.999933778246807736e-02
2.999933778246789695e-02
2.999933778246851104e-02
2.999933778246884758e-02
2.999933778246735572e-02
2.999933778246898636e-02
2.999933778246959004e-02
2.999933778246759858e-02
2.999933778246825083e-02
2.999933778246834451e-02
2.999933778246768878e-02
2.999933778246918065e-02
2.999933778246959004e-02
2.999933778246919799e-02
2.999933778246624549e-02
2.999933778246851451e-02
2.999933778246920840e-02
2.999933778246954147e-02
2.999933778246774083e-02
2.999933778246821267e-02
2.999933778246715449e-02
2.999933778246691510e-02
2.999933778246771654e-02
2.999933778246902452e-02
2.999933778247084251e-02
2.999933778246823002e-02
2.999933778246770613e-02
2.999933778246785532e-02
2.999933778246874003e-02
2.999933778246768185e-02
2.999933778246868105e-02
2.999933778246901411e-02
2.999933778246877819e-02
2.999933778246931942e-02
2.999933778246923269e-02
2.999933778246949984e-02
2.999933778246868799e-02
2.999933778246805655e-02
2.999933778246877125e-02
2.999933778246844512e-02
2.999933778246860125e-02
2.999933778246848676e-02
2.999933778246942351e-02
2.999933778246863247e-02
2.999933778247070720e-02
2.999933778246834451e-02
2.999933778246951024e-02
2.999933778246779981e-02
2.999933778246727245e-02
2.999933778246850063e-02
2.999933778246844165e-02
2.999933778246965249e-02
2.999933778246940963e-02
2.999933778246987454e-02
2.999933778246725510e-02
2.999933778247008270e-02
2.999933778246828553e-02
2.999933778246915983e-02
2.999933778246875390e-02
2.999933778247062394e-02
2.999933778246888227e-02
2.999933778246999944e-02
2.999933778246807042e-02
2.999933778246858043e-02
2.999933778246792471e-02
2.999933778246835145e-02
2.999933778246965249e-02
2.999933778247101251e-02
2.999933778246702265e-02
2.999933778246855268e-02
2.999933778247005842e-02
2.999933778247065863e-02
2.999933778246874350e-02
2.999933778246628713e-02
2.999933778247099170e-02
2.999933778246911126e-02
2.999933778246671040e-02
2.999933778247115823e-02
2.999933778246995780e-02
2.999933778246848676e-02
2.999933778246641203e-02
2.999933778246928473e-02
2.999933778247057189e-02
2.999933778246926044e-02
2.999933778247015209e-02
2.999933778246789001e-02
2.999933778246904534e-02
2.999933778247117905e-02
2.999933778246922228e-02
2.999933778246830982e-02
2.999933778246923963e-02
2.999933778247117905e-02
2.999933778246966984e-02
2.999933778247081129e-02
2.999933778246874350e-02
2.999933778247041230e-02
2.999933778246846594e-02
2.999933778246880248e-02
2.999933778246930555e-02
2.999933778247051291e-02
2.999933778246813287e-02
2.999933778246943045e-02
2.999933778246836880e-02
2.999933778247099864e-02
2.999933778247033944e-02
2.999933778246986760e-02
2.999933778246967331e-02
2.999933778246669652e-02
2.999933778247015209e-02
2.999933778247009311e-02
2.999933778247010005e-02
2.999933778247162314e-02
2.999933778247193192e-02
2.999933778246757082e-02
2.999933778246968719e-02
2.999933778247274377e-02
2.999933778246744245e-02
2.999933778246958657e-02
2.999933778246705388e-02
2.999933778247231703e-02
2.999933778247003413e-02
2.999933778247151905e-02
2.999933778246848676e-02
2.999933778246863247e-02
2.999933778247016597e-02
2.999933778246807736e-02
2.999933778246628019e-02
2.999933778246853533e-02
2.999933778246689775e-02
2.999933778247232050e-02
2.999933778247257030e-02
2.999933778246865676e-02
2.999933778247199090e-02
2.999933778246933677e-02
2.999933778246750837e-02
2.999933778247012434e-02
2.999933778246959004e-02
2.999933778247136987e-02
2.999933778247074190e-02
2.999933778247177926e-02
2.999933778246953106e-02
2.999933778246906269e-02
2.999933778246651264e-02
2.999933778246968719e-02
2.999933778247070373e-02
2.999933778247134558e-02
2.999933778247030475e-02
2.999933778246756735e-02
2.999933778246972535e-02
2.999933778247007923e-02
2.999933778246903840e-02
2.999933778246879554e-02
2.999933778246928126e-02
2.999933778246794552e-02
2.999933778247047822e-02
2.999933778247029087e-02
2.999933778246936800e-02
2.999933778247032209e-02
2.999933778247002025e-02
2.999933778247273336e-02
2.999933778247026311e-02
2.999933778246878513e-02
2.999933778246762633e-02
2.999933778247040189e-02
2.999933778246938881e-02
2.999933778246546487e-02
2.999933778247379501e-02
2.999933778247133864e-02
2.999933778246949984e-02
2.999933778246799410e-02
2.999933778247017985e-02
2.999933778247388522e-02
2.999933778247563729e-02
2.999933778246826124e-02
2.999933778246995086e-02
2.999933778247056149e-02
2.999933778247388175e-02
2.999933778246911473e-02
2.999933778247008270e-02
2.999933778246799757e-02
2.999933778247000291e-02
2.999933778247000637e-02
2.999933778246794205e-02
2.999933778246706775e-02
2.999933778247206029e-02
2.999933778247102292e-02
2.999933778246860125e-02
2.999933778247122068e-02
2.999933778247284091e-02
2.999933778247188682e-02
2.999933778246943739e-02
2.999933778246815022e-02
2.999933778246705041e-02
2.999933778246977392e-02
2.999933778246851798e-02
2.999933778247198743e-02
2.999933778247153640e-02
2.999933778247033944e-02
2.999933778247144966e-02
2.999933778246808430e-02
2.999933778247193886e-02
2.999933778247239335e-02
2.999933778246850063e-02
